HEADER_1;HEADER_2;HEADER_3;HEADER_4;HEADER_5;HEADER_6;HEADER_7;HEADER_8;HEADER_9;HEADER_10;HEADER_11;HEADER_12;HEADER_13;HEADER_14;HEADER_15;HEADER_16;HEADER_17;HEADER_18;HEADER_19;HEADER_20;HEADER_21;HEADER_22;HEADER_23;HEADER_24;HEADER_25;HEADER_26;HEADER_27;HEADER_28;HEADER_29;HEADER_30;HEADER_31;HEADER_32;HEADER_33;HEADER_34;HEADER_35;HEADER_36;HEADER_37;HEADER_38;HEADER_39;HEADER_40;HEADER_41;HEADER_42;HEADER_43;HEADER_44;HEADER_45;HEADER_46;HEADER_47;HEADER_48;HEADER_49;HEADER_50;HEADER_51;HEADER_52;HEADER_53;HEADER_54;HEADER_55;HEADER_56;HEADER_57;HEADER_58;HEADER_59;HEADER_60;HEADER_61;HEADER_62;HEADER_63;HEADER_64;HEADER_65;HEADER_66;HEADER_67;HEADER_68;HEADER_69;HEADER_70;HEADER_71;HEADER_72;HEADER_73;HEADER_74;HEADER_75;HEADER_76;HEADER_77;HEADER_78;HEADER_79;HEADER_80;HEADER_81;HEADER_82;HEADER_83;HEADER_84;HEADER_85;HEADER_86;HEADER_87;HEADER_88;HEADER_89;HEADER_90;HEADER_91;HEADER_92;HEADER_93;HEADER_94;HEADER_95;HEADER_96;HEADER_97;HEADER_98;HEADER_99;HEADER_100;
28592;23631;22653;17920;7878;6711;6536;32218;17544;1599;28099;10095;1841;26954;2006;17116;24124;13682;18371;19749;15214;6906;19473;7369;17686;27011;7723;27801;1428;4483;32259;2249;13336;23028;4346;21064;31404;7753;30724;3149;23925;10406;4359;10291;10037;31824;26501;902;32533;9315;6267;19550;2978;23235;11657;32747;18197;6996;13138;14162;26839;30574;3878;14007;2116;15755;22495;29339;23728;18755;13832;32617;16039;3963;3909;8011;20089;15065;238;25154;25590;27771;28158;3190;11127;29928;9260;14027;5150;6470;23639;23988;29534;14542;6695;21068;445;26238;12018;16803;
5336;19213;25564;18005;15016;25380;3907;14434;6661;28107;6490;12089;15464;7970;13331;27158;9461;27473;19011;4750;22713;32193;27137;3433;15408;12429;11854;19887;27146;6195;27644;24069;26414;30608;9672;5178;22528;12299;3018;8990;6879;528;2575;32403;27634;12736;10884;17894;30245;25574;19989;10335;30062;18221;279;30742;20053;23953;28387;24329;16051;31252;14532;27244;3002;18098;13332;24640;20789;26262;21409;4903;22033;2190;16470;10359;2589;32189;25879;1165;4366;10384;29164;20836;32454;22515;6754;21350;10454;25284;4910;129;12609;6023;4884;3454;11907;21596;23303;25998;
5329;23343;2450;16422;17571;13871;15734;18701;25200;16513;19349;3764;23480;10037;3086;10949;15688;30329;682;22782;16058;1804;26231;28736;10043;24566;19634;29155;28561;24695;31466;9037;17756;17981;9315;26051;21403;25561;5817;16510;29811;7028;6597;20738;12332;29118;1732;5547;11645;19752;23222;18057;30473;13651;18437;12398;14889;9928;2919;17988;25324;20201;2053;23716;14684;17448;28381;17317;25603;3702;30053;13042;29614;5118;24433;15392;23665;15892;24662;14142;32747;27240;5968;23981;11467;31872;11041;1842;14227;9061;18683;15689;4253;10140;2720;6332;31579;21847;1992;7541;
19170;22253;5827;2192;18346;5000;95;17589;8847;26141;11020;30885;6428;16546;318;25618;12041;3963;5907;32436;8450;28981;21302;3481;29867;5750;7939;8893;18912;24116;25068;15066;20801;550;19483;28033;3054;26488;13400;25450;14479;26563;3374;1801;4504;9788;13641;9057;16587;17708;10019;25885;11262;4000;19424;29149;32542;27489;30070;2510;6004;10022;17424;26493;13351;30985;31413;20973;4098;16696;1828;5351;18552;25837;16643;21393;13797;21920;9273;26946;6423;6267;2713;19605;16909;25102;10432;10428;5118;6724;21056;8471;2718;23701;18686;29445;9372;18558;7128;27131;
22383;13870;22667;22995;28754;9091;5332;4966;1677;27956;4822;1884;25335;10320;1212;2883;185;12263;13215;29919;2900;15110;3498;32705;32230;3817;24444;12571;18345;8557;15565;11731;6588;16324;23637;14038;16934;3436;27369;16303;14360;28514;6632;21336;15730;14227;27861;15184;14729;9363;2629;7405;12583;2449;5116;244;32724;12939;19027;31079;13908;22718;32477;22942;17009;15201;6729;13465;17403;12434;14730;5525;13068;17041;9782;9949;15248;11564;11820;15075;29189;20346;7802;27535;17792;26060;25982;17367;21233;8161;8267;10128;32167;26457;5965;28036;28951;27244;28209;24516;
28633;16092;2815;5696;5107;12584;30857;24468;25690;5123;18441;11301;25526;9220;13830;12141;31846;21407;5751;11155;28100;4948;19499;6975;7850;27174;20328;11692;31029;29263;2003;18687;13256;3634;32143;1751;11092;27025;9641;24357;13015;6912;19892;30014;31779;31130;27312;15150;32225;31474;20273;24399;31445;11597;3261;14363;3684;8718;1141;8767;25171;23665;27383;1264;29137;6268;17284;28802;32184;32307;5726;2871;5648;5388;26228;16469;23765;2978;10817;25979;26105;10157;19442;18996;22701;29234;29895;26061;13789;29687;10171;5988;26617;5690;28519;11330;32763;31650;8996;8299;
17318;25974;1904;19826;28939;30989;19859;31634;23378;31110;13954;2299;17591;18873;23811;7018;6611;19052;27410;4092;29213;26827;16003;7492;31152;28946;16618;23451;10319;31117;30392;10167;27046;31170;2470;4992;6866;25069;21079;22814;292;18092;9528;1111;7714;29948;26284;17944;1231;612;10854;9809;5165;11632;25109;2054;15103;8801;24391;13220;10451;30755;11399;23441;4160;31103;457;20230;24173;3730;22537;20257;3026;23166;24622;14902;27203;24927;24884;359;5162;19073;16778;7284;24852;4816;16313;28628;879;17295;7751;22788;13201;333;18139;21791;3069;1813;10401;30127;
31458;25062;22000;6082;27877;98;9515;4417;5408;27338;22757;18558;30315;14122;4936;27148;4570;3537;6327;12499;24199;20996;9650;29795;28305;17140;23546;29065;25956;10477;2806;288;9019;25295;22358;12586;18916;26562;1526;29728;32451;4390;28165;23174;3610;16585;22118;2753;21384;14173;16982;27437;3023;12073;29008;12907;29658;3838;5677;20984;22782;18797;2448;28420;32384;15415;31617;23937;31831;9221;26712;20858;31540;30809;21725;15014;29120;17349;5549;32317;18212;19547;9696;778;32463;8292;20712;17346;20851;23381;13244;23444;22353;14078;22839;16641;10167;15621;30138;8942;
4551;11411;1561;7159;21113;26701;21941;12295;27620;134;12261;18469;441;11698;16539;8337;24336;20254;26692;23824;2407;16863;1775;14212;1255;9225;690;31935;11754;22561;3401;19353;19387;23764;27905;19008;16540;19688;19669;17872;31502;7028;22486;28708;3148;24652;9168;12267;2073;18624;12074;14078;4539;134;30222;21233;14920;9972;25290;11239;5152;9330;7542;26027;8123;29744;32471;22269;30117;13844;10884;19242;20934;7415;5191;480;25575;3344;29894;24895;2418;32432;29027;3635;21625;31024;31584;24322;1018;14888;10823;23585;20834;23778;5513;17228;14159;5647;29029;16597;
5530;22456;29451;21309;22165;29047;16386;3329;31121;230;27847;10422;9892;18008;20151;9048;12201;12743;9518;20704;8839;15374;24049;7956;20663;24664;30921;31395;28672;18905;20081;2673;14469;2492;16050;13616;9218;26972;2509;9520;12883;11446;22809;15992;22326;22815;15085;15125;30033;21554;5568;25010;2679;28429;22159;2665;28967;12733;24192;26073;23381;31478;29636;14969;27245;18439;14785;3115;2198;14606;29809;25109;26420;9576;6917;7852;18096;21612;32207;7697;27515;11865;862;3745;25680;31116;16619;14280;1466;30711;29172;8981;16087;30926;4902;23444;11099;12931;9344;14168;
1751;30965;22198;24407;25916;9189;10195;2427;21659;14761;13091;6389;19502;12836;14416;6357;3228;26101;7627;17623;21881;32239;29293;5248;5132;30409;12895;31850;28502;3351;21303;23005;21839;9593;23395;15518;28019;1299;2251;780;5245;28221;19122;31848;17779;30075;4829;1397;5090;8879;16888;21313;7019;12941;13109;24642;2174;3152;11062;12196;7782;16299;11821;23266;24198;7939;322;7572;13538;18907;23349;21384;19937;15248;2116;7443;31057;12870;1359;7593;16043;546;22074;2220;1688;10426;7059;28802;32181;13513;11124;3050;5267;22056;12715;26000;16643;10745;6937;10719;
25744;5925;20568;1814;31820;20234;929;21406;32208;18029;5612;28315;1406;15030;22360;3777;14857;5980;9934;29544;2360;20382;13537;11235;8678;116;28153;26894;20302;28357;20401;3367;6533;13786;11645;28127;20296;14867;10384;31920;23800;13272;24317;18800;5347;26323;5660;4903;19653;22876;25647;23326;29839;8245;7493;11832;2662;4728;1887;6277;4079;31181;6610;30485;25802;4832;19436;7178;10844;29203;14042;30961;5330;8304;3785;17235;19810;1249;14156;18310;18900;28067;30462;24009;15682;19960;3688;13713;1564;1052;13861;27421;15726;15227;18499;6992;19302;16161;6381;27072;
9489;20594;16967;11531;5989;22043;26522;13674;17284;30536;13233;24968;12351;30488;5763;30100;5337;25677;1554;26772;16654;29001;18066;7165;18004;2102;32206;12673;18017;28548;5576;29481;2797;4760;12959;419;19129;17090;16310;15581;16336;1136;22547;6867;29453;15522;3589;24741;24797;21150;22026;29164;23366;6629;6383;10830;19753;6245;12601;30032;17092;31984;22468;6252;23418;23021;17322;25444;2263;30798;358;15061;16079;22210;17722;12559;31046;10539;15566;8484;15062;27730;9241;63;26828;25049;8580;22839;10355;2162;11597;9828;8598;25679;2090;32178;19008;11226;1328;17139;
8134;11429;10994;21626;28935;31908;28653;26085;7667;19354;5668;32058;28746;26833;27143;17974;29094;20750;26777;12257;25276;22724;4306;2150;14303;18056;25666;2850;16070;29125;23288;5371;20878;14769;20130;29427;15106;26751;8438;32508;12315;22231;8528;32527;707;25475;30108;31352;29150;4971;2678;31092;14987;28099;20112;25341;20135;26755;15700;27877;21652;30999;31947;21026;21560;7512;4798;17257;13640;28860;29979;17918;29382;8649;31129;29898;10184;23504;26783;22446;22908;30935;14179;17687;8809;4055;11599;466;8951;13096;30888;4898;23346;29497;30321;30480;20939;31108;12685;14083;
11359;20417;23845;2192;7420;10074;20041;28819;18658;13600;14554;7295;3206;30012;13223;26098;16605;27496;18390;13453;26070;13151;3974;12802;22057;30097;10162;1134;26703;5148;31064;746;8401;9208;7643;6236;22982;1649;25255;18580;919;14043;12307;2964;25350;8321;22411;29486;28783;4318;3310;20181;15437;6672;3893;16813;31999;31113;17494;32484;10701;22280;19559;8261;18214;28615;20487;19210;18475;502;3578;5874;10610;3177;27667;27540;10499;13966;3927;18419;16295;29857;16223;10322;16227;15395;6398;32330;15167;23688;21540;28441;7243;20528;8450;19517;2020;6552;24687;31298;
31540;210;15243;14808;16376;17714;24226;1832;7814;5963;23379;872;28942;28441;30193;7341;31776;4736;25129;26625;12398;24565;13029;25014;14804;12668;369;2042;32661;27602;4060;939;31208;3563;27298;21356;179;21663;19847;11512;30614;18080;20422;2230;31531;15535;7019;2958;29580;14863;13310;17148;12310;10554;4193;26466;28781;20692;3067;6307;32448;5341;29463;18669;16207;22570;11910;18902;22826;4630;21132;12203;23611;27765;5370;32516;2182;32201;28311;22684;6832;29625;27588;5984;16830;16830;28768;5318;8736;10272;29418;1888;2542;10017;29413;12209;14961;12919;11905;18239;
27365;14592;23415;26089;26749;21682;26421;20859;30632;14033;571;27520;23187;9316;31429;12632;8431;5865;10922;650;9460;21832;31876;8539;22950;6406;19473;8607;20055;5051;9689;14799;2925;26822;10769;10844;11365;28479;5824;12099;23320;20525;15648;12258;4157;21753;26183;8457;15664;31267;27398;19797;17138;6708;786;30649;23152;17652;3937;3166;21000;5852;25559;21421;17481;9422;21538;23466;11258;20484;2019;2947;31070;5703;23054;5480;3255;12897;18323;15006;14857;8404;12606;5583;14880;23756;29915;24485;11476;26963;8607;24983;4236;31428;19395;2818;21249;21634;17266;23675;
24389;12009;13029;7524;19715;14725;26573;4029;5384;3458;19441;5693;28418;9316;20760;161;15496;9977;21545;29253;9563;10379;15249;5873;18668;8793;21733;6645;10526;17225;13768;4984;12876;26583;9232;24589;1166;20049;18724;5767;25144;23366;13480;4111;26532;572;29277;13939;28722;9889;14146;3265;19596;2308;27136;9749;11823;5253;2692;32431;27687;8330;15598;27464;1305;31412;31658;4774;647;19730;13532;9583;8528;13460;22274;18491;25462;7106;4309;25580;28452;11693;18543;20546;24304;29990;3507;3242;26461;31791;3050;31575;30116;32687;16042;21140;11188;2922;28156;14425;
23927;4655;13757;15388;29527;22099;7237;8937;22017;13919;31815;14773;18280;12806;17912;8688;19725;15194;23412;19545;3967;10303;3165;5654;21277;22559;29893;15364;28195;25055;17230;6220;24549;24082;10895;24119;27989;8557;442;18499;26315;31611;22652;27766;31494;19858;549;10994;15214;3590;23561;27338;13723;2972;21286;6420;17947;1346;27911;7743;2160;27133;22504;15783;2137;21794;17946;4967;6227;6857;6313;9326;29022;30847;7485;13526;4;15931;25406;22641;664;916;27707;29092;23740;15664;15245;4728;17445;18048;2359;29678;10915;13226;7185;30611;2395;32711;3878;26453;
29015;27471;1626;26517;1346;7889;5712;20349;16492;26088;25482;23444;12053;5738;15570;28303;31719;30690;13529;21611;30404;16193;32543;15288;30914;29392;5138;22840;18804;19049;24698;27048;26988;24551;1044;1502;26109;17371;25469;32020;6726;19073;4434;10628;363;9458;21142;29493;32294;6810;16980;29972;15231;30445;22661;30790;2775;32598;22579;14781;25387;1392;26847;11785;26007;27001;24353;14193;2841;8452;30862;579;24472;5613;3806;31592;28197;29074;1615;5435;17024;10304;31556;20124;9182;22764;29490;12351;27881;21796;5308;13386;9481;25925;11037;19488;16098;7405;30919;30839;
8222;21427;7497;10161;22124;5654;4726;20073;7624;8884;1220;28236;7166;18365;2802;32554;30057;13478;238;28236;7937;5154;2549;10249;4501;590;32252;24468;16980;13099;17999;2328;1170;23890;28024;14855;14537;15587;26210;25519;27870;17087;20158;7182;20902;17399;12454;26855;10665;15748;1920;16661;5414;56;3110;14368;24407;22772;3140;2062;12533;2332;20737;28027;19455;9032;22753;2540;13496;8252;26857;16481;27631;16411;14597;16425;7810;3031;16296;12794;28197;2796;24754;15169;14176;334;918;19383;30935;18847;21692;26933;16334;8102;13860;28105;15852;28413;9037;27657;
27711;31241;3157;11687;24449;27951;27745;70;12698;12869;7999;17548;9317;6215;14922;29561;25015;9036;27790;3575;31902;6328;10797;10930;6118;7090;9986;5673;21986;28121;25731;14598;30057;10290;22252;14506;16414;101;26010;1549;11764;28202;19124;20165;25074;17662;5649;1124;25652;5658;22358;28167;15667;28325;13151;30764;22086;17961;26849;14020;17256;12612;2125;19850;23099;11424;25335;12946;14925;5156;30071;32549;10906;6764;20815;17100;28755;21623;18895;3243;734;11680;26678;7952;16670;22480;27418;332;3060;3057;21770;25538;27142;11942;20081;2621;6335;11577;24253;12423;
11927;9941;16577;7479;12948;13813;22104;22218;19728;28188;32588;12021;30142;25031;22390;6202;17128;17567;8230;31162;15866;32244;22725;30026;24900;16231;19128;21448;8956;29670;3208;2992;12674;6878;16448;5610;17640;25515;4375;1254;10674;7508;13391;4587;26842;20085;29021;5292;12568;2428;30026;6429;25952;20760;30041;1924;29867;8431;25834;4819;24314;28304;17054;24885;2968;13992;16572;8935;21664;27256;19668;2889;27584;20870;15010;24629;31804;13203;5684;5007;11830;24270;24911;6941;28460;24135;16400;31385;9154;29862;22735;13317;9922;12061;27464;4671;14689;9371;25341;469;
18628;13635;26838;27674;11458;24092;14347;18554;17388;29962;14915;22538;4298;24829;12030;16227;15464;8808;25136;29361;8721;16373;13870;10247;18523;27511;1230;17398;27492;29471;7114;29789;31834;21236;22630;28034;14913;31357;9811;32098;18416;6848;26066;26950;25437;4209;32029;18839;8731;15971;6402;22515;22305;27714;24785;25472;1485;32132;8568;24449;1577;5277;13293;16423;15980;30322;8908;6569;5572;16913;21314;13719;1106;20639;13609;4715;25718;20881;15988;353;26958;30496;13774;22152;24185;18166;4222;24345;5409;25390;26510;4616;8760;24443;18476;11994;20993;30375;25424;16054;
29907;13376;24735;11198;26906;26254;22672;25248;1694;27847;14797;12903;20232;13702;7644;24216;1954;378;20734;6010;8286;15963;4439;19637;3098;3619;18768;3614;28194;20090;18746;28370;16630;13426;17460;7810;23118;20596;5198;11533;28764;3707;2542;11348;1105;1663;19059;9290;22050;12597;537;3402;17804;21749;27932;17582;17494;16123;31777;12189;15830;7379;6097;36;6070;2575;18375;20616;12280;9787;16556;2267;31800;18195;7584;17102;11825;6899;18652;8134;387;20366;22422;17714;5812;4323;23845;29467;32628;29805;31078;26876;24613;9370;9822;3285;19098;24703;2337;2171;
13855;9162;18930;20786;14522;2808;14251;19837;26033;18376;14944;3381;30028;14831;22847;18393;6620;13;22458;5413;9724;5344;11753;5094;26647;19639;24617;29452;24363;18218;31242;4353;11468;10505;12392;9529;26731;12946;28375;10251;14296;1511;21573;27839;20742;12735;25306;8680;18703;21595;26403;11252;21623;27324;23152;3585;23733;8211;17530;21746;3823;12665;24649;14530;18438;14816;2133;26649;466;31305;11756;12829;9647;29240;24531;651;26680;23653;9264;25606;4690;25525;10663;31919;23405;9320;5060;14581;14598;19860;26265;6319;18288;30418;21928;21096;12245;32311;31235;16633;
12152;646;13233;20318;9276;19875;14932;22210;17002;17227;8457;8924;22447;10243;20880;4222;16228;21582;17069;31339;27666;10275;28109;26730;10806;21150;18413;13464;65;16886;16824;6914;20451;20399;4847;26483;7305;32017;21774;13707;6949;21464;12589;30481;28461;16173;9508;13450;14566;28885;9202;15371;22754;9897;5472;12875;3271;25670;30945;14844;18771;29957;12221;9564;30109;18990;12910;26119;27550;2408;13642;12047;25071;24436;99;32078;8916;27419;32428;31227;13434;21605;18525;27516;22141;25612;11416;10363;30893;12080;32332;16700;3858;11084;10330;21294;26414;15977;19702;15040;
25217;8082;29776;6005;14931;7047;3700;22075;12461;4534;19567;13817;21161;15718;5300;31335;12267;7990;5822;16674;11120;6854;16886;11520;18823;7348;9174;23456;7964;23754;29007;22854;17980;4213;16232;1766;31702;8569;12073;9855;19135;15588;4279;427;26617;20032;16832;24179;9269;15117;19225;13927;5782;29295;422;25583;25784;9507;11899;14812;19441;14775;576;14658;20439;20731;22490;22922;12802;28339;2632;5827;5907;6798;25034;14905;31988;3420;23625;4425;26210;15995;21747;1651;24489;26002;20262;20657;16559;17538;26767;11527;20532;19866;13971;22108;11352;31243;4845;12168;
7262;25755;7065;21422;12207;31901;27121;204;20002;25888;17687;4240;7546;21607;21394;29550;24625;1945;4156;25071;12660;7866;1627;14412;17006;29914;6414;12347;31945;18572;23019;27913;11890;18586;13030;3561;8861;22775;26484;14988;19466;9205;12529;24049;25734;19384;31295;895;9652;20459;32433;2641;32525;31665;20519;8913;27942;28639;2170;19080;22065;7528;10778;14900;4039;17433;29685;31259;29157;18822;11419;4256;6964;31812;10400;32532;19085;5976;4162;206;29116;6640;10316;16510;25988;18257;8763;30654;20196;25361;14238;11498;16793;32134;5315;818;7140;25726;22159;20717;
5005;3120;8110;28720;5160;1139;2285;32160;21143;20014;28899;31108;14800;9488;28375;32543;5345;4481;27870;1596;6705;22232;11588;25354;15368;4558;16173;30762;25169;6962;9852;20231;29087;735;15092;2662;17263;14060;669;26430;29613;11042;2922;16329;10105;5299;2072;17627;12586;3624;13401;24947;13715;14236;17458;31887;13958;10024;25250;3397;9879;15774;900;13584;27170;13178;3254;21608;27024;29205;6779;19861;6357;3356;25374;27076;6205;28737;32217;5211;21097;5424;4340;24714;15252;21957;11057;3362;5660;11900;19560;31403;24637;1321;24943;18353;20255;18409;14140;1886;
31507;30808;10574;17998;8473;30468;3913;20894;7591;8994;11744;29766;1189;8832;12023;7849;31420;26043;25865;11371;13264;15538;24008;15491;15051;3898;2052;20369;26269;3604;28878;8305;8321;28700;23517;27408;24449;4034;15153;5502;32060;31934;18933;28485;18407;22016;20138;31482;30098;32742;18562;30225;23724;2738;3082;4853;5578;23867;4876;6489;27300;30691;948;24776;13920;25544;13041;22916;6932;8767;9758;6029;12422;12414;22498;5120;4150;29592;17493;6306;25246;8367;100;2493;20920;30052;24694;555;1217;21651;29264;30128;2365;6974;20021;19853;19771;16838;850;13137;
3802;7521;9050;32243;25868;21960;12654;29982;17818;25392;30783;24268;11368;10364;2934;2838;18427;32177;30804;21066;20280;16042;27029;14655;25710;12813;17051;12261;10647;23677;30152;7712;27099;5137;6700;13015;31830;26629;1120;10568;17435;12464;26289;30878;29049;23478;15489;8645;26749;18559;1259;3965;28855;18664;4262;15533;4673;6712;26412;5370;17406;27221;1819;17305;20256;15672;1499;25697;3053;18078;21121;19237;23490;3072;8179;21824;1112;25286;14925;31089;20550;7864;19332;2538;6343;1205;21322;23715;7358;21927;22065;19956;18679;1462;2066;20835;21936;29628;30128;1211;
23896;13561;29081;31070;20630;18697;18509;10203;27533;18962;32674;16835;4191;27970;9575;21945;10991;26489;29000;31177;492;2626;15857;28667;6411;11528;7543;31015;2195;13959;3315;18954;28191;23168;2928;22170;23199;24497;6151;26519;24993;516;23368;11875;11727;17671;32732;19219;16056;19100;32361;30918;13267;498;24758;21557;18624;17075;16400;28812;26322;10367;748;11897;28619;17050;7629;2434;9702;27617;23400;20379;21787;24323;28678;30456;8606;23277;23595;1568;8105;27526;25205;16963;6267;10909;5318;6093;8353;3359;15526;28987;25460;4238;8930;28717;18403;23726;31353;15549;
21106;11650;29369;24336;26755;6518;13478;22314;22740;2014;20379;26375;19786;27551;22836;17127;2541;5676;17514;7145;7475;14005;13312;14555;25985;22939;19487;4433;4079;31782;18237;7924;29772;2170;21059;22813;29282;19911;29678;3747;13434;18625;885;4593;31523;20560;29293;27483;22064;31368;28138;1458;28416;19931;6888;2325;18434;4749;29161;22539;5495;22633;32223;25295;4986;1203;587;17643;32062;31837;19623;24840;2456;15997;13570;28421;4285;767;4586;12358;16204;12695;9102;15951;31375;17658;14884;10129;23038;28238;7049;20099;23044;3295;27687;16117;11270;19987;7964;28066;
18338;2464;12697;5636;8500;11772;13703;10860;10655;20758;28529;2641;31562;14659;2974;29416;22632;29307;11901;24054;24189;17349;25671;17123;4893;6384;13279;28175;11767;13444;22781;25193;17427;15864;27019;31037;14424;37;27215;13389;5457;27643;5835;30244;13361;13171;24673;5287;21780;4292;26811;31213;3207;3546;31594;18256;10827;24580;19149;11972;32086;11245;29749;30312;6427;17869;3910;23131;11;16864;19617;16593;22364;26904;26560;29798;2057;26127;28704;22706;28954;15935;11686;19741;3877;27509;9276;12788;15637;10627;31419;17341;29226;19509;18701;16584;8513;12679;4499;3335;
7510;9237;27076;18463;10055;16851;5655;2495;2266;15102;7459;14385;24834;32083;5637;11567;1374;8062;13827;7415;7427;8405;24943;29602;22651;20806;17357;7345;27405;30094;13112;26857;10559;31660;25345;1633;28826;21398;10650;16089;15533;16426;23986;28749;3413;13415;3746;29642;571;4317;7176;26241;20381;21858;28849;2330;28754;6919;25789;10570;14600;27211;2813;18856;12497;16782;28064;31676;21214;24520;32271;8281;7561;10106;15381;557;4761;11749;22595;32407;3266;19067;21907;12472;3692;14995;28235;21197;28086;11616;16420;18876;441;19492;940;3820;13585;4769;21225;27738;
8602;3024;17215;16106;6519;18134;22163;13051;16729;6196;1969;12093;8189;31550;30187;25031;18167;10190;29699;9060;30895;12345;32332;9518;28585;15234;23563;7263;11017;12238;28707;24675;25686;24856;31986;12082;4734;6182;24438;3036;7706;1468;1460;27493;10996;30223;9306;9172;6854;22652;28579;20871;11589;28538;23419;9929;24926;15566;9956;22951;31680;32254;13976;9215;22170;19719;751;2521;24230;14674;7428;23034;24934;27877;3859;7351;4270;12759;7206;25864;24418;27654;8945;14301;7041;23308;10234;32181;26978;14446;19197;12908;1086;1559;11150;18260;26607;8453;256;27528;
18423;27715;27014;11901;30660;10263;13464;12506;10291;18812;11416;22410;7762;26066;9142;13583;18282;1749;18449;7449;20029;31436;798;5719;5516;29954;26702;7821;15324;4730;30443;29927;3194;5855;13123;24205;445;30138;23305;6519;15499;31720;14584;29059;5406;11594;23481;11204;10504;10942;13319;15389;2677;13390;24081;30991;29873;7080;6688;16848;10730;15054;14457;19101;24118;17167;31877;848;21464;30774;15151;19509;3263;11265;14478;27930;13647;3541;2244;677;11364;8879;30758;21995;19604;31070;16029;21053;23221;28400;587;3397;15775;5994;28018;5459;25395;7868;23442;31217;
30365;13811;25042;17085;19413;24753;13985;18552;9324;14042;15517;9306;12677;28305;13492;10664;30498;16995;23433;7561;29857;1985;30233;8470;13958;2484;4510;432;13690;31692;31412;25494;9876;6490;12218;31414;8408;17630;21115;17860;15357;15299;23821;32650;3188;12874;7674;14975;8357;27589;16286;23194;25468;8965;24272;24936;2084;22293;29893;16477;25362;20521;6192;9576;21574;28881;22958;30153;9933;10098;16226;27431;2443;5111;9180;1757;1335;13764;31808;20374;5031;13803;18852;3353;15438;8611;14777;30310;23043;10486;15022;1537;28163;13753;1617;26766;9274;28353;26744;14750;
27838;31572;17567;713;20125;6878;7890;12541;22488;25829;11214;29717;20143;17727;11363;15533;2079;2179;6172;19509;1962;3261;23330;2885;19542;27238;11102;6704;28408;10643;14558;20444;30130;22380;15738;6865;187;4064;12215;30863;13406;20375;7403;30501;1094;8744;28322;29951;17400;141;8001;4864;8353;29652;8681;3281;26642;20502;414;27512;16649;7085;31657;17964;14514;30370;6458;1383;18797;5733;3154;23614;16082;10689;21472;27630;6898;14606;27435;17847;24800;22185;2159;16109;26737;13217;11979;19276;7999;27827;5978;20876;23284;9081;13729;11829;8389;14302;23337;22709;
1596;13781;15980;24239;3899;19275;26870;10647;11582;23129;20676;17020;17376;31679;8432;2084;22177;1422;30096;2910;17382;27172;3803;1428;12609;861;16269;7584;3315;7688;6797;28384;18607;22936;9165;1677;12705;12316;2162;19272;2479;14962;8758;758;17919;1207;18954;27342;5817;1793;15871;5552;7182;5713;7782;1209;27769;25027;17974;11796;20548;20488;687;26131;22095;20758;28221;24190;9741;30750;29343;12331;13007;29119;13896;8910;13381;10873;30982;10003;2113;14692;9185;14058;25023;25378;4166;4130;26915;18706;19045;32058;12737;6342;21207;8308;10402;20408;9092;29994;
24709;26424;31684;31589;24357;31913;14276;16812;20410;18925;14124;16666;16066;542;5886;16308;17153;26239;17089;11513;14279;10162;8416;11450;27761;26411;24141;17451;27954;27876;7529;23867;18708;25938;3112;5153;31033;15257;9584;823;19815;25596;8643;268;452;10903;23326;1204;25053;23120;10273;9315;7405;20491;29295;25147;12125;19997;3160;15201;1415;9219;2486;11606;15295;32341;8212;9605;8084;29429;21014;3864;22099;7564;27157;29456;19661;24631;2057;24213;21594;7293;18092;906;4382;30853;15324;18277;7563;1157;22593;13374;1831;21630;27185;37;2192;25127;18384;7865;
9405;19238;25724;4343;1926;16262;21864;26447;20327;13414;2438;10749;9345;12014;14507;7062;16609;15240;19950;2529;19973;25932;20817;8425;15260;16827;5283;29776;29582;25777;10148;13030;3900;20629;22379;14458;29193;14035;15621;29169;27929;7308;8031;18325;20569;14220;11365;431;3263;6012;19820;23383;19411;28504;6861;14219;8302;4900;13011;11391;13505;32219;30680;22836;6554;29609;31146;14668;6883;5209;3636;27421;15723;29201;23898;7172;18922;61;25636;3835;2367;28361;13087;29038;5627;17811;27648;29259;26403;21536;17035;20313;30770;18830;1203;19658;12894;2249;28163;19219;
31516;3330;19004;28411;3046;29277;11072;4082;30524;30442;13870;24741;32489;2007;19407;1487;8071;12004;4145;3922;30021;29718;5521;1926;24040;1968;11902;3281;31760;18527;11068;10616;32701;31157;1639;23988;22545;16088;17624;4105;12888;11644;3277;22483;27205;3342;14403;22050;20350;5682;26279;4295;25692;18032;20910;943;31211;7210;27010;23664;19769;20178;31774;5154;2509;22362;27643;23408;21877;23787;14828;3310;18757;23001;26182;6574;31708;3287;27973;9230;233;2663;25259;15571;494;661;28842;30332;21572;3813;15876;17104;12384;7306;32625;20154;28244;18136;14401;20566;
27544;13820;28226;31564;32267;21995;21732;3933;6197;31128;13211;13627;719;15978;2949;7582;20357;17389;16461;5780;26874;3016;18511;2840;25613;5615;10237;8423;30299;3353;15489;26767;13828;6005;6564;21449;1715;8088;32494;26120;22488;10682;10254;21330;6200;2339;31869;335;680;2528;25183;7840;10261;25274;14506;17521;23240;873;15497;22098;24296;4868;24067;5186;1089;12988;18392;4877;3395;22730;7851;3801;1870;22438;15206;19451;30765;25978;25819;31247;1248;14294;19623;19783;30110;1957;21340;16899;15130;4448;22495;16034;22790;25985;5646;1944;22997;7483;22694;14785;
12230;18280;612;16118;10014;8643;12907;28893;19892;29271;2022;24069;29619;5431;18670;25906;10652;4720;28846;6901;24458;20540;26821;11648;2490;13688;29163;15033;28234;20568;32728;19597;65;21850;3170;28551;27600;2680;9701;6049;14296;29346;15591;18266;8363;19819;29948;11528;4119;16131;31976;10864;22177;13413;12804;31380;2574;22481;4835;27084;11560;10621;17716;21528;1214;4232;13034;23989;15853;30767;667;6638;18846;19779;28454;5173;4432;28634;17049;28530;26904;27974;30802;3995;25317;5699;19044;389;26377;17780;11836;5370;13813;27153;1156;23819;14148;10970;71;2727;
14844;13647;2390;21869;2576;3362;7659;26303;32553;28653;30605;31512;26789;8481;30515;11679;31456;12862;7340;8700;8627;6986;3390;106;23611;14204;28046;30733;1500;31288;4799;15239;12421;28736;20190;11206;29749;24872;23678;9503;22462;9482;11679;8865;14025;636;8661;11171;18714;10431;26534;16288;12053;6713;3379;13381;10113;6949;1051;14791;21133;30858;7324;31098;9744;15209;15355;672;30485;7227;21030;31102;15511;19099;21145;15542;28553;23871;13438;29904;11290;32300;15896;16922;30774;10026;8033;31922;21328;630;8178;15073;29535;17336;25636;4522;21286;3380;3445;17315;
30137;13636;14893;20996;829;6;10305;9214;8943;8530;32631;14414;13928;6895;1739;5393;23071;19206;18705;27098;20271;16086;27869;6146;12890;7594;17312;5439;9294;16392;21523;23672;18216;18220;25561;24792;13623;18613;17504;14114;21762;25245;26376;26948;11916;19310;31879;10286;9686;12979;9100;20452;16038;1453;27298;29138;19847;27720;10583;22881;14865;4685;29854;16071;13930;4313;12915;7203;4109;3086;4285;22729;32202;22792;25464;16090;3854;16403;11795;28441;8293;12059;23575;18169;31037;28772;27914;27899;30445;14715;6035;30518;26870;9836;10207;24631;648;30005;7490;15884;
1352;5499;19234;28572;2384;24700;273;13370;1655;3397;32313;24953;723;13604;13309;11073;2685;31841;7133;12834;21652;13097;9370;19433;14725;715;31387;14961;24201;31527;12176;17596;14959;5218;1365;26178;22427;30943;24601;2185;30543;11115;9151;31478;31273;23992;132;7395;12781;2829;29411;28146;133;11067;31414;30880;26694;4563;19869;19229;29045;19862;2211;29275;2314;7213;9503;11108;15539;17947;13529;16114;30748;30447;10606;15161;10094;26046;10998;8;25366;25040;16867;20752;2247;6042;22572;25219;26050;8684;21932;5090;22101;15212;23493;19728;32417;9283;25672;12714;
161;4118;18329;7835;21352;12344;28174;9706;8106;11806;12441;31959;17790;10771;11431;4135;28514;4652;3911;12988;22144;25983;7055;6760;7216;14224;28731;7939;23741;2060;20632;28603;24428;17082;29857;12972;1978;31662;9319;17073;27622;15296;8886;32633;13487;28988;10997;25565;10847;22747;1614;22128;4872;29426;31759;26712;17934;22762;8528;30301;6373;1776;19415;24640;2332;28141;11320;19022;18331;25017;21312;7476;2345;14220;9876;14357;16433;10421;2198;2266;9157;19854;14216;32458;10211;17583;10228;2906;19191;23138;24139;9542;23714;17495;3020;480;8634;17817;29351;30888;
31122;20161;21859;17694;26747;28266;30077;6868;11146;9700;25938;16327;14748;30253;12606;8431;21912;14620;9222;5397;5620;6880;10867;16869;1403;18345;6720;22340;16717;8613;24631;5348;14375;4910;22934;19989;28388;20802;23735;24542;28228;8755;13552;19788;15853;31903;5561;30218;4271;4771;18700;6962;1548;7500;7442;9827;9464;31822;21755;26388;29661;32249;8493;14887;20962;25448;25250;20417;30061;29948;15755;858;13286;15113;16186;31248;30399;11982;6974;31553;433;30635;17360;14168;28232;2190;24942;28903;161;12719;28101;15351;14707;31357;30164;18332;18764;22487;18255;26060;
18717;4736;3393;17776;23545;29133;8182;4796;7706;32417;3096;29116;1317;29339;5400;1840;5550;10126;14031;922;4607;6962;27238;25749;1557;23321;12915;24680;21740;27876;12900;12251;11005;1718;21793;10826;31236;11241;18157;26615;25094;512;18061;24228;11155;29149;4525;11362;14153;26933;28799;1188;1689;20544;9381;29591;16846;1973;16209;27574;24394;757;8875;20889;20499;21126;12915;31245;21903;12996;30695;20074;25740;29395;15591;2849;14723;18392;25175;19605;542;24681;30149;24108;16375;19522;19019;32677;18595;3129;6327;5292;1775;24180;27370;29355;24937;6873;22142;16612;
27171;13254;19116;7869;15283;12034;30060;1114;10110;10996;989;4465;6455;17427;16872;15962;21410;28318;23840;9062;27294;6285;20205;19058;7778;10183;12778;16060;31751;10389;1675;20213;26439;16471;11011;13719;29060;14454;2661;7032;8715;13721;18185;10400;5019;28444;25649;5975;2849;31422;13036;32131;27590;153;1595;16433;11307;27480;29299;25970;12531;26788;7138;14440;12419;19935;22709;29600;1029;13589;10777;26018;2483;26159;20641;17351;31826;24682;32744;8011;25596;6152;30071;12451;1059;15430;30441;27921;27347;6541;31565;6773;1335;27628;971;21862;23903;13766;26507;15745;
25920;28360;5842;15361;29437;7966;6510;6289;21093;15079;19541;20574;4028;20966;8841;25455;24510;26490;27966;3129;18657;1744;28479;5486;29147;26455;16270;16919;14692;13684;16202;31714;31549;21368;9942;15293;9841;9935;28216;24739;2267;17785;5311;26806;29672;6079;3049;16527;7838;16926;18819;7378;26845;27528;17682;4613;25573;13260;25714;24226;17433;28242;7101;7018;8195;29963;17519;17917;8343;10152;28615;22952;1724;27402;14448;27262;10760;15610;22368;30378;21707;12315;1;25091;8528;25628;18318;20449;15455;20018;7104;20271;12550;26054;3243;3266;8602;2411;28130;32745;
4600;12306;4834;17734;10000;14977;10926;7132;32677;30977;32438;14440;2638;14679;6397;25333;31937;28918;5499;4779;20560;22387;8897;31720;26548;1337;30171;17554;16906;27262;13690;21163;24347;12918;8275;26917;14560;26310;29378;1784;30278;26427;20403;15475;15150;2492;12482;27343;14776;30333;8609;8714;26817;5238;19130;4339;938;6676;3862;15233;14171;5678;16766;27496;8328;1338;13536;3822;32563;18113;11252;31227;17267;1808;27678;15728;22387;28977;30615;2234;19133;15641;13000;18855;17081;28195;30966;32376;21616;21949;25636;28215;11158;11873;19509;15179;8904;25288;16722;1097;
12562;21850;1419;1805;20660;15336;18881;31242;17190;25501;12739;4062;22105;28978;25527;22825;3904;29026;9916;30880;23951;19870;21709;23901;15555;30977;9192;30585;26210;27014;2672;6877;31108;12665;17105;1109;15250;19755;12898;13543;22094;30954;14223;5986;14099;9008;9015;9273;29534;20251;24915;30610;22158;31517;5337;3483;31976;24565;10976;6429;8158;7134;10500;10323;30609;7686;15116;3068;21908;26177;17354;13487;23795;27903;30019;31343;31604;18300;13328;639;2076;23606;18948;14199;10997;15268;11279;1944;29199;28965;22370;23901;14277;24631;2516;1618;15937;489;22917;31785;
9283;5779;28609;17419;5917;8132;27431;22572;26115;13948;11530;20386;23169;4507;5655;14455;31309;20634;30264;22525;5695;24185;13241;17761;19102;248;28074;4739;21661;26634;7556;30469;24869;20871;31759;12707;14549;5409;11650;5058;27976;11417;30956;27467;27542;3123;3796;16057;6173;24423;8988;3953;22401;32217;24108;5714;10481;11403;26956;11918;13740;32593;6736;25272;31172;28294;635;20510;27170;29950;25758;21592;15307;19003;22144;14625;12386;3300;4482;21094;3053;29042;13955;17053;6108;18733;2306;22872;22343;30039;25986;16410;20599;6823;30515;26985;4008;10489;28878;30244;
18189;2883;19649;1303;12309;5067;22668;8397;4589;30871;3947;16293;4422;29733;2101;2600;11608;24157;31364;23450;3622;20932;7958;12495;2052;12530;28531;31041;30807;8262;2256;32351;24477;18392;13876;21799;23725;29103;26073;3574;27967;22581;3541;5791;6062;14567;17401;699;25085;32593;3322;11841;14873;7226;9934;28247;13149;23836;21081;17511;15707;22487;24649;18292;14298;16037;1343;14255;2075;12369;14639;28741;4961;22692;9737;11132;17071;29985;27033;19710;29652;4594;11948;9844;31653;4897;24948;27223;7562;24075;813;16643;7228;14098;24833;13326;18380;10131;12841;25559;
11496;24;24918;15202;18778;19150;1359;5731;27089;16953;19675;3480;5348;8230;25057;23900;10068;22753;1998;6778;1425;5801;31031;10559;1664;2401;18624;10963;31612;24200;18748;21705;31131;30059;16661;26356;18482;9113;27886;13180;6299;7576;5512;27954;27445;22486;15586;12321;17837;29666;9893;30821;7804;3548;16318;31553;8625;32299;10573;5739;13041;25453;27326;18858;20668;2228;3893;28323;15601;31727;12848;8944;3733;26790;16232;6259;4304;2795;27128;16362;4920;20109;7872;451;3923;28302;30220;31025;18262;10455;26737;25983;16947;23083;19192;17829;18643;5722;22143;21017;
18592;4279;15963;18663;16199;26827;6722;16388;5052;12107;10089;29151;126;14152;9449;14394;29468;1958;20327;10552;1272;207;16372;2743;29003;2728;12850;4063;11369;24261;30136;5371;71;17113;3768;19848;21050;18288;18911;6284;30209;24288;18301;28458;12806;24700;16870;8562;22753;19468;4888;21886;7198;24954;15774;31930;31808;24782;31924;13187;31237;1628;8107;16116;27884;5948;13455;7420;8949;4603;17928;23220;11688;22416;12414;9456;88;24722;21120;18197;17321;21160;7271;3114;592;2624;17206;13873;4890;27780;6853;32695;25648;5513;23327;23466;2969;14026;21800;26475;
16640;14806;23171;17188;9400;31557;23730;17500;30717;12784;1919;14024;10877;22114;23195;8036;24855;7817;1670;13763;23010;25009;4270;1955;20849;30900;731;31429;19797;28266;10698;8444;28644;5223;10008;4739;14649;20454;23139;17043;22908;13056;26027;565;30820;13858;20734;9558;5625;9661;4436;32281;26783;6207;30392;8817;23632;67;17832;12270;5929;12036;32703;471;10024;23320;8081;3450;15668;32603;19415;22720;6493;9769;17868;16132;3174;29904;5846;30757;12928;2884;16745;5594;19289;3093;31016;27462;21333;24735;9806;4813;16923;3457;14413;1573;4692;11088;2997;31920;
30383;22412;26454;1033;24617;12754;21673;1757;14731;14676;22380;13820;31796;7815;18573;1967;536;23835;22601;16717;14601;12848;31637;16137;6966;17095;18621;28174;4337;1654;1867;11470;8117;19041;30506;1430;2663;24677;4875;30566;18140;20118;21000;16641;27804;4844;11399;25152;229;20281;26722;18347;17395;29022;28741;21578;25471;11199;14935;15801;13958;20980;540;28283;26187;28098;22938;25232;10399;8265;21946;12874;28512;9086;23026;16220;12608;32732;18209;14388;12231;19031;4538;25995;24220;32402;805;30266;20480;18769;10850;15695;19099;22321;16368;5728;27771;31639;237;25631;
32602;17382;17790;23855;25119;19189;22129;6966;11176;24768;17953;8244;27335;23133;20634;17939;10122;7730;1790;19583;2496;16486;18984;30967;18616;17301;22670;32036;18508;20936;29548;5994;1822;420;24351;8638;16930;31713;17102;695;29021;5374;11088;13543;492;12083;13642;22635;28999;30888;8856;705;11719;23012;24303;16602;24678;10376;14272;32624;967;29245;19295;19866;27766;29675;29540;11678;9840;4396;11858;26630;19430;24576;19574;5366;14654;7362;25618;20412;16987;6746;20667;18601;19742;693;16896;10527;29996;31602;7500;32236;7410;734;14094;7126;4071;6435;10006;12919;
6673;2492;15426;332;14539;26924;21339;25352;18629;6896;5434;9006;21836;29618;24623;20958;27852;19391;24739;2543;7827;5563;7419;23871;1495;19860;30912;23367;1531;21428;29437;26099;7182;2171;9193;18608;27029;15340;15814;17862;23690;17830;5385;3560;6308;22806;29627;22025;1497;27116;15391;32626;10274;13515;7829;1554;9342;16453;26302;10517;5945;27142;9185;440;8046;21583;12430;31835;17355;18343;23937;26583;5268;23757;17352;3859;12010;752;553;4306;1358;13858;27070;27087;4449;31243;24034;25868;21229;27866;27473;26215;16425;1665;23178;17262;2873;22562;16760;7796;
24821;24516;22610;30693;1259;17483;5568;27094;28327;3495;22079;16864;19506;11595;4806;27951;3544;27361;27306;27350;24366;2364;1215;14437;12628;14222;3008;27838;14968;8923;18928;29988;3739;15277;10242;10389;13720;1034;4918;9562;25186;31139;3782;11484;12173;28750;29824;29113;1296;28854;10420;3095;2889;28497;17744;2105;20289;28563;74;17232;31794;26466;20798;2707;20038;30409;6745;12433;8866;18416;22645;3270;18595;11084;7813;6509;30823;17427;24628;9110;4752;22771;20425;16760;3396;7427;21326;776;12920;1274;21745;4299;4975;31903;29354;11496;21885;4224;20766;19073;
15377;24551;5572;12099;5107;27402;19526;21308;25545;4482;15146;29421;1504;21758;27569;1953;3881;13369;26879;6653;10114;12841;31357;8919;14135;23930;23932;28236;3529;27706;16923;13580;26094;16342;3946;24569;27352;25925;13007;10737;8890;25987;32425;5095;25225;31297;23604;24377;12032;31451;21677;573;12006;5514;13750;19229;4755;10459;21755;9446;5297;20831;14102;13019;30784;32676;7600;13839;10204;10853;16617;28979;23107;28926;14330;32428;24594;16930;21785;19689;32463;23248;30878;13555;32044;12675;8035;24389;17546;8618;12400;27359;15293;27479;19928;2710;16143;23355;11486;3246;
22919;11986;14684;170;9067;2267;2150;28515;27139;2571;24106;22872;1184;25090;19226;28485;31453;27774;9294;14583;24613;11983;23331;7774;2165;18827;30761;1764;31331;12930;15676;765;16992;19188;13040;13311;2874;9730;9523;26165;8165;4963;21293;4398;14970;16984;22123;12891;17536;4322;1341;13786;27755;23346;21596;24972;13410;24417;31696;30317;24133;2401;25361;31781;22767;15156;6253;27354;4792;25947;22441;10057;21822;914;25579;1301;3686;20922;14552;17246;10909;19735;22265;14230;25700;21947;12131;6800;11531;1090;29335;11226;4796;1984;18087;8013;18364;8184;10394;2274;
12014;1999;32018;15048;4505;25600;5164;18867;25194;2576;9384;11126;12733;13189;586;9172;14104;29011;4991;29587;5112;29591;19012;32211;13265;31111;9284;22430;27984;32169;30272;30144;18659;29252;1716;27865;4219;8725;15288;30640;3217;2370;24612;14282;4711;14996;17399;25660;18320;9440;15354;23229;16050;19654;17568;18175;20875;20126;19505;21568;23602;15536;26663;7452;15775;11683;31193;19877;16750;3897;1622;11189;22240;4409;17812;31107;14627;15532;11466;26229;27859;2891;30746;565;14016;4921;30579;26119;28658;6894;8886;2138;23274;10611;14615;28316;24107;26325;28615;12627;
18425;24788;29648;1642;32609;2011;17216;17864;18041;30773;8585;7208;29161;25469;11048;24612;14762;11862;19589;15762;1806;5725;8218;11028;25601;29788;30680;24043;28558;28353;5574;12300;31653;12366;22508;11382;14363;30481;23407;13762;3826;3991;23293;31484;5595;4189;19563;11953;14585;27015;413;13385;744;7380;20647;14231;9726;12754;1841;25263;10960;14926;11552;9720;26616;31503;23155;18050;10006;3268;9322;9881;6933;2362;26094;31898;2992;6354;26413;27653;23092;29747;10373;13524;17287;11836;21667;27915;873;23100;7660;30865;15610;25190;2843;13118;19580;8831;30508;309;
26203;6874;18554;14708;10090;20358;8996;7849;31344;10182;6836;23111;30435;25025;9987;11738;7411;28283;24663;20120;4811;18948;18127;7992;18195;9200;6401;15367;7353;27654;32225;3384;1009;5949;1509;21371;9338;12516;18278;25298;32035;3104;6730;32672;7311;10651;14048;4611;22325;9595;15371;9060;7850;16785;24739;23117;24099;24531;21528;26746;54;269;4696;7986;480;7123;12019;7640;14028;24506;23421;20157;8914;14536;11573;9784;3263;10024;26083;22521;11860;16162;17415;30362;9617;25931;7727;12663;2867;6905;19881;9408;21115;28410;11354;28620;22065;26246;10734;1456;
14057;29297;15410;27665;28293;17573;11965;23606;15611;6608;5590;31329;21080;19290;26770;5984;23045;15770;1597;12383;19273;32329;11003;8448;8976;10039;6063;15278;27371;22844;28956;15406;12631;25458;6731;18550;22338;27297;3628;29635;22219;9467;31871;30694;26442;32266;11765;6366;8848;14054;29587;26284;3952;22187;9560;20835;13694;32554;29727;17279;7702;31199;4807;13943;26272;4388;31376;30102;18451;2467;20168;774;14264;20497;9128;21294;1329;12058;11385;21054;6585;8599;5370;26631;15533;5383;2566;28177;332;12349;13682;19431;16827;29270;12597;11702;19275;15854;13771;2326;
8191;9364;2011;25640;29001;1658;26903;4833;14357;23153;4195;24229;3592;12821;27962;19480;11274;20037;14926;29489;12802;22487;9071;7568;7136;4233;686;7953;2017;4154;30914;7329;12814;25178;25771;13648;18695;6047;32405;16808;32766;8185;6654;7485;518;201;21275;11910;10894;15182;11128;8427;10024;30559;23008;1311;26256;18016;20860;19376;30953;4719;17470;19933;17737;3550;9345;22695;14456;14054;27113;28203;20725;17305;7569;12590;11322;2585;29029;12026;31041;14600;26316;31593;29767;29759;18571;21311;20432;10691;31718;14524;12011;13044;27911;15986;5303;5640;6820;29781;
27942;31672;1245;11025;4865;11577;867;416;30509;11886;18143;28955;19756;18524;2450;19152;24806;6110;13112;23702;31146;29850;29747;12125;28272;17459;7141;5129;20321;3521;11870;29313;18585;24958;32055;3842;8747;26817;18365;14778;357;12849;9811;7314;20310;3634;17681;6987;26766;4004;12721;31180;31269;1229;16556;15546;12287;31891;19872;30794;6221;11247;23285;339;24663;18334;21696;13480;20090;9754;31463;18596;7532;15816;13959;23814;7368;21363;24210;15615;15046;27897;12221;1930;23369;23620;31641;12796;8224;30332;21247;6364;1669;19323;12210;4852;32234;29058;24896;15016;
23542;14634;16681;24967;20938;23965;29251;25120;18056;1285;12125;17431;15126;9541;27939;26232;6943;8424;21314;9290;8027;12374;20684;10088;9489;27470;20445;23948;7898;1680;19583;17325;679;6618;21195;31627;22789;534;10321;24456;20896;13266;9402;2233;262;4592;32172;31549;11182;7327;2542;27853;16953;3210;16333;22933;29431;11855;29374;23362;29869;4658;5188;30301;28310;25619;31764;20951;8615;32669;31608;3301;14103;5313;16369;9998;22559;28770;18720;11905;29439;15698;30182;10413;20801;20862;27851;26892;25409;23397;25500;19007;25837;975;2648;32096;16330;22459;7502;25492;
20024;3737;25215;9695;25590;185;5705;32573;16360;25092;2887;27886;19224;5354;371;14609;18684;10651;30861;4980;23799;23930;449;11435;2337;11982;21636;1887;2635;22715;10943;29673;13630;19314;10287;27167;14660;29860;20747;13678;27626;27708;21480;10026;515;22861;10971;17185;23024;9033;22493;6774;15135;17269;16499;18605;11986;19097;27790;18178;22050;28412;11439;2559;24899;13967;27472;7501;3081;4457;11648;12747;17323;30835;1741;20957;22984;25701;1126;12295;26791;12529;21377;17338;19651;16445;9979;10349;22407;29335;8254;29424;8022;18021;16232;28925;4302;13402;7850;1809;
9550;7152;31981;8313;25269;21522;23484;26032;2157;13336;13406;11496;3497;10489;2114;22759;21738;10940;20641;6676;14536;9776;4446;17874;21999;11997;4913;14348;13928;3386;2308;29457;16922;32033;9373;29091;6288;12415;24190;24394;14332;27216;29961;10991;5500;17867;26344;10149;2717;32217;27820;12234;15390;18636;13748;32335;24054;7246;27729;12884;30871;28055;17703;12536;4981;16868;7639;22895;26818;8996;28379;16213;1660;19700;5297;24385;170;9677;13371;414;6371;22652;15974;16310;32527;8659;22282;24336;3954;9887;8977;30460;12774;26074;16860;5228;15975;6945;30178;20485;
2773;9576;16538;2678;1526;17900;30108;17161;955;19305;2307;15479;7876;32141;7445;25601;21285;23725;4902;11964;13931;2488;9145;24877;28890;27241;16873;29973;23545;24000;19975;4494;27217;5298;23429;18775;15473;25376;3602;4973;1845;7430;20999;12763;12104;21493;29698;31442;15848;2243;23504;14332;4841;9601;28305;4110;30717;21421;23574;11933;31026;681;23438;7730;9916;12908;7010;2208;9205;22136;26717;20885;10146;25867;20496;16240;20856;26266;17013;9810;30943;6523;30418;18808;22773;32226;6112;26312;15830;24078;31533;8361;5915;9924;26559;14872;5024;9213;12282;22777;
10891;30172;8900;17066;13705;20962;6118;18142;91;25701;7093;19625;29074;26174;32243;13783;12438;15043;18416;3202;27885;10741;24052;12004;10938;2810;20449;28009;14468;29389;7445;20232;12857;15156;28558;28628;13683;30194;4689;11726;11001;8254;9996;6142;18825;10869;24314;21442;13781;10252;15111;27749;25547;15304;5941;16627;7449;5169;1342;1100;20721;3140;14971;888;4361;17512;5380;9786;24551;18339;31769;24040;13403;4366;8128;30329;22093;1414;23472;32224;30904;13733;16750;13721;13559;31728;3510;17025;19264;19282;3356;3818;19566;16842;13299;4847;4355;21344;28014;30469;
8557;8541;26117;17619;29576;20923;21786;6724;8549;31451;2525;4826;32074;30582;16237;23365;9977;14038;31808;9012;1589;23878;196;24939;20099;18631;2374;7701;28718;19972;26388;14172;6797;16776;13534;21560;13192;8495;10850;31108;26713;29146;21321;30039;15248;9575;11595;5265;13402;7393;29082;22196;4866;6899;3454;5110;11960;15011;3644;18836;24722;15933;1085;104;8144;19084;8556;446;13156;25168;5856;20068;7346;13805;30139;3072;8084;7009;5970;23718;2977;17016;20622;21674;10927;31043;29842;691;30870;5318;27293;15889;2103;20977;23346;12113;14781;17106;14455;18190;
9763;7176;9692;5898;25591;30331;764;16765;2397;22858;7624;29356;3926;8197;20450;6334;31298;4381;2887;19915;27556;14488;6705;10295;294;23305;5692;25918;9437;5312;23239;8655;13005;31038;30365;5534;6064;18156;24789;1141;19699;780;29942;22986;22018;4591;31327;8855;8901;8040;15078;22886;31594;27522;27840;14507;22886;20334;29601;1879;20918;3775;15651;5034;29803;18650;15468;20553;17765;7847;18699;18320;12895;24717;25892;22825;10796;22686;11981;30174;14655;1294;183;19883;20337;22250;1553;9240;4863;18694;17833;16070;25810;25400;26709;8775;31236;32195;16017;4402;
11935;22806;18793;375;30120;23991;19098;31729;2652;6266;8180;6714;18105;18166;28162;5827;17216;2105;24045;8996;9210;1467;29342;30896;14009;10385;14627;22349;18080;12003;22612;26243;18661;13728;17334;11474;18134;2672;5535;4425;10522;23019;21659;6996;18490;3592;10255;25814;26208;28888;16412;29303;30302;26484;29894;26176;21489;22836;24662;16485;20807;5921;30972;8801;15808;22445;28089;18504;18930;6818;19068;11353;27887;2393;10124;2259;11978;10028;26661;11275;31831;26157;19558;21178;26675;29721;23147;31899;32004;21383;25270;28470;1282;5477;9171;23286;27319;18085;20795;22146;
5890;26164;378;9290;28770;30508;18317;30304;24433;842;31630;9354;31919;8610;30355;2197;19329;21905;17875;29932;9850;23028;6410;31081;16600;11415;28703;27242;24914;28145;19460;24104;14865;26894;26335;5188;508;22476;14183;31651;13112;14154;17296;19068;4847;16542;1642;23727;26193;22982;27974;19545;30937;4833;12316;30885;22482;928;2345;28389;26393;7415;4060;27105;13092;17176;15091;23406;9283;17313;19938;13379;30502;31764;13684;24073;7840;17545;6068;7089;29354;29343;6926;17418;20651;2232;10418;2707;4343;25958;11833;19086;30101;1824;8843;2133;30277;14394;20992;7409;
3521;14100;13765;16361;27716;11921;23170;25432;13129;4810;6713;5698;7829;13828;11634;24872;15991;10720;22421;20698;10063;16594;12951;9101;14925;17364;24024;19501;27515;12380;5196;16373;10494;4747;28122;16956;18329;20391;20481;8850;6258;29899;20929;8459;3097;24029;5817;27867;1734;18625;25997;28963;18914;10444;32138;25611;5833;20092;28557;19473;28367;14182;32288;28577;5249;6767;18663;25317;12845;1087;18235;10206;18852;6131;22036;5300;20798;18450;23852;29770;8735;7107;20321;5398;7097;21565;2651;14896;8338;1662;22896;8872;20551;32064;8132;6941;8914;30505;28085;19851;
18696;5442;1398;17253;30309;3498;4857;19940;30732;30348;6931;18590;15626;15694;26075;27226;13275;7691;26707;6179;8495;12100;29002;28315;21486;21970;7552;30098;23161;13599;22284;12759;7475;28566;25595;2382;576;19288;18490;11587;32396;3889;32438;32510;14351;11210;19905;8856;7504;1312;15032;13325;5672;28724;24802;21137;12745;14597;12188;30248;30206;17595;21427;17265;13237;9253;20498;20930;1210;10853;2461;6010;22213;23530;19036;28819;10167;18847;32732;29559;22305;11362;14546;2069;12550;21688;9730;30003;5602;17087;8799;22534;25578;31332;1652;14848;1430;26581;19202;14569;
18781;26682;16107;30001;26303;19104;21582;14981;21641;23861;18676;5792;21589;23227;11755;21092;22352;19511;4720;297;8256;13033;22035;6741;18117;3713;26133;20780;32734;5008;27157;7914;20400;9789;9195;13071;2179;27961;1749;15867;15118;4341;18897;18874;31732;31506;31049;5409;8846;10777;19445;9498;25835;28012;16126;60;29973;7548;15711;18591;918;9277;22161;10222;19259;27095;18535;16829;2584;31135;24631;8221;3020;29509;30522;20078;10503;7246;3637;5749;24649;9669;19545;5039;27628;31278;25960;4324;31076;10172;11034;25598;26054;15044;19903;15388;9095;7280;4133;5603;
11654;18872;29372;18964;11085;30350;6648;27236;10900;29017;29687;24712;4615;23205;24932;911;12618;1305;26011;6004;4665;4521;8718;27380;28532;7181;8423;1949;29723;2929;13039;10280;10454;23406;25774;26888;12825;28985;20180;26435;17318;20762;17879;16769;27987;18464;11486;12130;9485;24084;28638;8981;12829;9131;26882;10535;23978;12543;13649;31384;3199;26688;15499;30004;9743;20647;28755;28192;27830;7596;1683;4788;11074;13945;13085;19336;23474;20894;9358;21970;11070;30982;18552;1775;32663;2602;6848;28223;24943;1668;1092;18742;28732;18503;3265;32176;17209;28493;25589;3717;
23470;6737;1536;15966;3186;16478;32528;21703;31406;16007;4669;14725;7139;28121;18354;23081;21807;21902;9742;3557;8140;19843;6922;27551;22233;9453;22363;17988;4701;8519;8666;17247;13193;27023;26082;16362;1597;12721;249;30563;7118;14916;5043;8483;17159;30836;22996;30700;16749;31295;19893;24513;12743;23269;6889;7674;11230;23449;9247;22423;6530;29821;8266;18901;23757;29133;4864;28927;11180;29018;9248;4487;17562;21563;6840;22357;24751;30911;32550;32607;1754;20646;10365;16250;9323;10128;14634;24687;3796;11701;20183;15954;21168;6871;27023;8975;29700;32117;20003;12102;
965;2626;26573;17753;11931;32725;27924;10947;10469;29346;19439;21419;7165;5417;8493;3256;30909;20589;16148;30504;21314;16552;1865;2844;11247;27197;7152;5174;18869;15086;11283;23654;2450;11087;24392;30977;18264;5242;9358;28180;17328;3589;26745;7159;11102;26673;30351;11045;9159;5732;2545;27210;176;7642;20798;21150;1864;23703;27060;9842;25193;15520;5528;24072;11291;10090;12760;22184;12378;19859;12016;30704;19737;5840;4362;17260;4998;20007;15209;615;3728;24158;2823;1536;21158;12979;1149;11648;15042;4045;6436;9962;30375;30963;18298;7636;20071;30076;6855;19574;
16167;19078;19968;8961;21798;31979;5611;31026;26364;12145;22148;32294;5664;12609;18336;23152;14509;20635;19664;14441;4198;17863;1160;9927;29431;19023;21120;2417;18302;12395;26971;3218;32073;3773;6023;19948;24545;21566;23396;12400;27720;22649;680;3595;2944;15351;22786;15298;22092;11514;10749;5121;17979;25710;6696;31536;30689;28444;7028;4744;25192;5921;221;3365;10312;414;30028;23388;25938;21682;22972;8270;7667;31141;20124;9661;13239;20326;27765;16927;780;24888;28621;25841;3657;30120;23627;15694;23022;2498;23324;11968;24109;3204;22676;2134;12714;28307;9497;12791;
20864;23085;7485;17397;10884;10079;7466;15589;18381;24696;17219;18863;19060;27325;17928;21473;3736;10078;24890;19017;8613;8361;7744;22466;28118;6014;31690;31822;16121;1283;14516;15461;1139;25752;17965;23181;29827;23054;9496;20267;29899;2067;12978;29337;27660;10993;10358;3448;24881;19321;21310;17224;2959;7737;17834;2870;14443;25334;2501;11060;10684;22614;5606;26959;21043;6108;2261;26429;4729;28185;28975;23606;23480;801;9228;8454;23388;26429;26334;16991;5147;22495;28829;3443;2098;20699;1569;19138;22770;15827;13775;6961;32636;24563;30327;11101;713;15327;11645;12590;
20205;9194;24631;26543;4508;12937;5271;32029;16365;18695;9482;10046;10590;26234;2975;20979;15384;27381;26732;7185;24181;6911;18222;5741;448;30532;26671;31030;21052;15499;4205;17288;10343;8168;9464;31037;8063;6963;5532;29447;30022;23992;23232;29884;5891;13616;2702;32240;32713;753;18772;2249;19451;4449;6442;11023;9744;23984;19670;19843;28820;10695;8684;28018;20847;27259;17978;7305;618;26119;19554;13035;2799;5817;21449;26497;18192;9707;26544;17041;24524;4917;22945;7827;6285;23521;6925;11072;5620;13983;23091;9963;473;14202;26179;16916;12430;28683;7876;24891;
11108;24557;29235;12530;17521;18801;12269;16438;6032;16018;12623;5375;7336;31275;7707;28438;12082;22887;20509;11559;12021;2425;6671;2071;7700;15758;30139;6295;24651;256;23903;23290;32630;31181;21589;9539;6483;12103;25331;17283;23176;10509;2481;11874;10984;31289;28553;4091;28402;3291;20388;2797;666;16807;27186;30638;20813;14314;31898;3107;12079;20931;1235;8558;22439;18575;21521;3080;13597;26021;13477;14863;22018;13124;10014;3041;13073;14793;31413;6889;10965;7461;17640;25273;22124;11919;31844;89;7050;18038;15144;31711;8129;31418;27624;20544;255;1307;26287;9574;
30552;28146;16585;28803;17413;20255;21472;28324;4525;17218;16485;11657;10724;21806;28466;5812;9202;922;22125;12480;28885;11546;1455;2804;26761;30798;15717;1816;15494;3161;5495;30087;29579;11669;30504;14214;21146;4742;28222;23508;22339;1292;5474;27011;10022;9180;8649;19717;6324;22576;21012;7050;14645;21438;17525;8330;29711;10983;30740;27037;16197;24370;32177;17555;28990;28152;7050;25537;9160;14177;26751;7321;18524;20879;8820;29822;20900;7192;17399;28630;5690;10170;7458;22368;20659;17994;29635;26567;24796;22254;28347;8056;12867;8844;20644;7857;27641;23682;17847;19931;
19863;7064;18668;15898;23935;24370;25698;30754;19556;29899;20738;11596;12813;20894;14688;32489;1877;13478;9185;20438;375;9417;18467;21585;12936;8017;21401;21514;4933;2715;24950;21117;23055;16659;10701;4480;17204;18528;11254;8728;11888;2267;22579;30609;13748;6470;31891;12494;8485;29371;30999;3037;23656;8418;32532;14286;20765;16999;24536;30918;19113;28075;11920;21071;18233;19898;14698;11250;23044;2942;7670;9224;720;22322;31954;1229;7863;9752;4230;4022;22059;30831;11181;4869;11320;15264;25174;32154;4873;7352;25257;25868;10670;24346;16590;12792;1820;2934;14858;26265;
13941;2805;13099;13209;18570;694;30247;20263;7839;894;29440;16970;21102;25003;2026;8309;24430;18794;5296;23899;29012;25386;23892;13572;31706;7249;32758;23073;32704;26669;502;24221;8465;3373;14429;2676;29352;21073;3961;5320;6898;8415;30152;29490;13814;28248;28184;13142;6290;682;3307;4794;22791;28327;25888;18648;16568;18102;10192;14193;2862;30152;31607;29989;5728;15502;20052;26177;26673;12522;10258;22488;11579;20899;16039;20757;5323;604;21117;3791;11820;967;5583;23902;11049;15382;9047;17581;11213;25522;18470;14993;30573;27184;9427;20313;18153;10113;27095;2215;
1070;11624;13112;24190;8959;19761;18277;3739;30454;9633;15713;14857;10949;19753;20004;240;15554;27742;21823;4270;9379;23726;17598;22568;1669;8011;4178;22114;5940;16492;21424;14158;5542;31413;14388;13026;32200;12019;24010;25197;22654;1037;19214;43;19684;17208;10418;17687;22235;17513;19488;22784;18113;32528;21857;2271;28287;4867;25662;14184;8137;23992;10405;15327;24481;28600;21070;9005;29469;30288;9117;1843;10603;28042;11211;28766;1810;11868;27713;30076;13946;11550;27972;3534;25007;31809;1495;18782;22882;26431;23261;25490;11569;14798;22911;25602;6440;1881;12493;16775;
27783;1712;3752;15252;19909;22015;9183;24010;32726;15101;13208;25030;3242;13157;12786;25406;30966;27050;13800;6732;25910;25063;17017;4105;16371;29460;11013;350;27969;24704;5883;25623;1933;10107;26801;16953;7573;21843;2963;24470;4536;31107;28032;23966;32368;2086;10097;20856;17437;16562;6492;82;9220;27874;32088;13813;3223;3060;13825;27036;31479;15893;23582;9478;5559;1050;20353;25034;25827;10096;20271;20715;19264;24150;23745;16556;9430;73;28426;5285;11948;24256;14330;1047;7123;5658;450;4733;31653;27349;26425;30307;21839;1792;27519;25211;7309;11251;13536;25838;
25525;11325;28411;20720;28407;16862;6179;26263;3299;5303;15877;11501;22571;1342;28043;12868;18091;3958;23041;9929;10662;23071;32631;1372;851;17961;17510;16031;21912;4719;24214;6733;19989;26530;32574;17102;29540;24707;2670;12040;14239;25174;23978;24183;5155;22931;27095;7040;4756;11998;9308;14338;26402;2105;4993;30767;10;10873;31258;8090;11871;3830;26218;21648;19466;391;10306;19884;784;23214;29289;32166;6675;10767;11072;12652;27164;25895;12454;21620;24983;28218;4890;20304;14495;1933;3103;13443;14972;1750;13285;12179;18538;23793;14885;27231;31132;17876;9805;23731;
31873;13509;25309;14874;7494;20683;6161;29171;5532;5474;6592;30151;2491;27506;27780;14810;22183;20098;9755;9216;5554;21033;11533;23730;31042;7110;7055;13921;26324;9329;18856;7946;29249;22322;17042;20491;7744;24432;10595;12341;1581;15276;20717;7202;21769;26735;2786;2249;11713;14208;29244;13391;26803;10075;13531;22817;19054;20191;8304;5951;6073;12615;30363;2011;10968;3675;19536;12066;28170;743;30847;16474;24406;3437;22004;26669;391;19223;23676;4420;24182;239;21833;22296;32391;17746;11927;6917;31094;23970;12944;28577;1108;9276;9581;20043;8396;2730;3807;19207;
20907;3097;12973;14985;30880;9229;31902;32399;16703;7507;25497;27764;15692;19768;2059;514;5687;3832;4489;23689;30691;4985;4023;9773;6315;22841;25192;28036;679;24709;27910;7009;555;28653;6453;31466;23953;31988;27827;2033;14905;3340;13954;30593;21197;8897;5962;11958;25290;2868;26873;7122;27452;8139;18860;9614;13513;20519;19922;9390;13040;2134;7566;7128;11411;18250;350;8614;19891;31114;8699;12538;1660;27688;32640;21394;23425;27635;25549;23260;2888;25837;21550;6923;11529;5632;17976;23658;11443;11500;7156;30448;18480;24196;11072;19477;29162;20250;21617;4837;
15502;24376;27709;10835;13328;12433;31961;26063;18415;30518;8798;2075;10938;27405;1649;24666;19155;28032;16163;15722;18547;14194;5398;11123;3310;9079;29922;12224;26424;26692;4022;30414;20904;22372;28483;10403;17661;29741;213;22369;15519;30451;23491;15387;20519;4219;18186;13799;1568;434;16949;16181;17423;23455;5504;19807;32690;31639;11580;20097;5510;6064;17525;14730;26763;28536;8915;25747;12107;29926;29118;5488;4633;400;27845;133;32407;27679;28993;10715;21627;4608;12597;23668;20370;10589;3449;11227;21253;28492;23320;13310;31195;1606;6134;2880;4287;6362;21174;6859;
23811;5282;18906;20771;21734;4471;1580;25345;11538;14561;29789;3678;24425;16849;16877;5070;3841;21651;330;23055;28013;27390;22844;28642;1343;238;17280;24601;3530;10484;7860;3058;11309;22859;6003;32675;17805;1294;11456;30006;18081;21929;21416;31127;1140;6286;32291;26604;6758;13609;2364;12068;26996;16149;22129;5587;7354;30864;5213;28733;22326;22828;31380;31920;28367;27848;31951;23064;22678;7871;14665;19661;10827;17759;9832;17839;21795;413;17312;24437;32200;18182;20885;17986;5538;8185;21887;15737;6485;532;27603;14291;6283;18156;11808;13743;27379;7425;12342;23977;
13962;1265;22670;877;11033;12011;6118;4302;5886;19559;17452;1298;14640;10772;6813;32400;29822;9746;11566;638;18455;22114;16171;30468;12623;29595;21790;916;23200;23518;31730;19326;15343;16907;2904;14015;4113;23861;26474;15642;17294;11348;1422;26475;16549;8762;14494;31543;15504;19913;2118;1159;27145;21090;6061;12791;13580;17568;24407;14090;27615;16199;15946;10432;31056;17527;9839;2155;5182;16166;26684;28862;2138;14541;24976;6439;31791;5984;5086;9055;22624;30596;25998;26431;13361;30461;4768;12501;27465;869;4243;9399;16567;292;27013;16023;13106;24220;21147;7704;
26277;26532;419;5600;18155;27960;1528;12526;18390;5486;10406;8750;26231;26540;6095;21067;20377;26905;24910;32709;20367;23889;153;9539;28464;32605;1004;6698;25119;18146;3236;8558;10832;3480;12009;23209;5319;10494;29839;18794;29603;19533;1854;26319;14684;18090;17873;29014;22857;29087;18685;28400;4453;25548;6963;5463;338;15322;10183;3234;12958;6065;9553;16407;30278;3051;32596;12608;15224;12168;797;321;17309;4067;21486;9320;22423;8420;27228;29702;25159;32120;8950;4733;5203;3134;8231;21915;29990;23684;862;11046;1336;20337;16747;11192;21903;24963;5677;20429;
14470;10301;23402;31515;28621;22553;18174;21026;31665;26308;21560;3587;28573;7562;23681;17045;28641;12303;9022;19126;15539;11073;22776;20191;28275;20618;22970;6652;18228;12618;10939;12410;15735;7812;31549;23969;9273;16600;11445;11044;5169;27825;9772;30454;31315;1727;30437;7008;28568;3240;3136;23889;15873;5626;32478;5365;14042;24933;15110;17544;15932;16935;2120;4461;12245;455;13408;21370;235;2566;25949;11927;17311;27411;22274;27271;28527;4606;1900;32005;4863;17263;5877;31251;21273;11928;24409;24207;23282;11368;1559;26887;8623;32513;3610;29902;10535;9581;11417;2895;
6635;6028;25916;8098;24708;32337;12672;10333;12283;15406;14172;2989;3487;22989;21285;4517;18946;11009;30895;20693;2885;16380;12213;18719;19605;30402;12154;8390;30454;16606;23985;14280;30527;29011;13466;1390;30054;9941;21615;29729;4350;9785;17406;12159;18174;14635;9367;6318;25796;25887;23848;21744;11354;3722;167;10872;3575;23633;29616;8061;6857;28545;5488;3980;5361;17218;28609;11042;16592;18694;12950;5498;23425;5382;32410;5284;23206;12015;17172;2007;22888;23256;13070;6152;22201;28280;5558;22203;10460;1686;30212;16154;18984;12480;30109;19780;25353;23872;18168;8167;
13639;11596;4799;22545;19595;29053;19576;11075;6175;27779;14948;23496;20981;11798;13479;2884;22251;6703;24490;7056;21581;28793;26046;4549;28315;26626;29698;12183;17805;13111;32390;14053;31061;15;4016;2957;5412;18566;9951;10117;751;1869;27215;5416;27763;9408;12349;25549;11639;12312;9035;19102;15185;14562;1573;28072;9643;23728;23141;31022;5255;23822;28340;1859;26497;20919;6194;920;23124;19209;6937;402;21152;30903;1693;14495;15083;10430;2070;6859;3813;12954;31072;14734;31984;8889;11906;27880;16607;14896;18063;28848;7166;5805;970;27690;3667;5804;28429;6103;
13604;19950;19052;30097;29370;7719;5909;20183;17252;18424;12922;28005;25534;2076;20147;16903;11314;5350;18973;28080;17856;4075;10824;24774;7163;16380;15888;1217;12372;10071;11017;9204;12955;18973;27169;938;707;14599;30592;25717;32742;13397;14771;23747;18568;31496;25610;16818;20512;6737;22590;4646;28117;20809;19287;6168;18565;23778;12749;13361;17419;16414;14062;1943;21442;23679;17279;28679;22085;28350;22438;2596;24185;17344;15368;11790;3534;14789;20014;6711;25537;25059;27693;16498;9894;21939;17286;26957;18852;5450;1867;8609;29697;362;20867;9831;3487;17914;13264;17101;
29895;18612;15183;21642;16678;28702;27584;27246;14357;22203;30183;12605;22046;16002;11569;8893;4539;22671;155;11022;15200;13593;31440;14394;7868;28580;3473;26637;18749;27511;11354;18471;6610;13393;31299;23631;32244;22360;3876;24330;32743;18514;6140;28780;2621;10007;22164;10031;1181;31046;17503;14338;11714;11320;23717;10019;22214;29490;20960;14384;25505;21983;12903;4155;13549;765;16457;15900;24300;15190;124;7435;20939;26866;17719;17774;22312;13963;14236;32751;2259;15169;9370;28370;9425;3727;4370;24965;25255;22654;22840;1657;11733;12824;24381;28465;27040;27168;3371;6809;
8724;512;11792;31128;20042;30467;25182;8680;2023;11204;13202;8998;23525;1511;2836;12837;6294;5126;4190;7816;15589;20462;12897;18064;27872;20748;24612;32050;3955;802;13487;5741;31094;13630;6695;3546;18923;5357;10298;31621;23424;27052;16830;19195;28508;9375;13716;26788;29975;6278;26323;22867;5130;28140;16418;28700;22986;10145;30310;5734;12783;19307;24222;23104;2842;761;23306;14073;19766;18712;9107;19434;1277;30506;28007;30103;26814;18131;13796;31991;6750;7157;13495;20751;19102;10975;14661;32454;8603;20161;30538;23284;4251;9315;1727;4796;28934;15639;6914;5660;
5299;32237;13617;4290;11109;32549;21974;25889;8598;32746;29130;24005;23667;16957;11859;2275;30503;25391;10384;29237;25948;851;19479;12036;7935;21363;31964;28807;14660;22914;6229;4203;4331;466;4571;19379;27073;20615;11860;8130;10089;18252;8975;32182;860;21316;7151;18424;25647;22339;27852;19985;14869;9791;29206;15040;1188;513;25787;10313;26076;29216;9547;20239;26213;1840;16987;613;20248;24119;15911;28578;15297;30816;22395;21363;19235;15092;22995;6518;4157;11141;14529;6660;10444;15469;31375;27214;7441;15735;13861;29355;27860;17627;10286;16176;28073;9328;9079;16002;
24178;16157;24727;25320;21541;21136;28885;22948;25552;2355;22598;19588;11738;26716;4918;25012;11915;28357;2761;28118;30670;30523;15586;3156;14390;13210;6980;4597;13120;21496;26104;3503;3800;11809;1262;19389;6686;31044;9447;3825;29033;29163;7057;29770;9100;31280;22260;13513;15449;2606;23566;14721;22628;1207;6330;13806;9738;17477;3287;15495;30641;29746;3749;406;19280;2603;11890;16456;27443;29666;32119;30208;3064;19715;15357;26609;3038;12650;12996;9964;14143;32659;15268;1398;13914;8017;15733;13342;2134;8387;7981;30734;12164;18308;30280;12255;29413;22051;29805;6834;
22764;11731;22606;5500;16260;5731;26064;17057;13653;17008;10604;20421;30787;25561;2772;19934;15672;25715;29402;20366;9508;5886;2190;16817;834;29784;18855;12850;22684;14577;549;31010;10449;30335;26420;30731;3094;28147;22866;25473;8827;17835;4532;19195;19568;28649;16102;21217;19591;21892;21683;21734;13947;6365;4932;23192;20338;1301;2444;9781;17279;32125;5859;15809;21611;334;12272;11349;26037;6043;27341;28090;2519;14211;5734;14391;29899;171;24866;6310;30670;22508;21190;5325;27236;15432;7574;18412;9372;26659;2749;11667;28309;4783;1518;3766;2369;26025;3148;17667;
13417;31555;647;18547;22001;30817;13896;15136;9822;5895;3792;26454;1685;13586;12508;25580;25317;15143;6603;21205;18248;28650;30210;28146;2278;2928;13968;22058;10459;7926;10766;22717;21562;9427;7369;7893;9554;19627;17444;31583;2608;22502;31031;19224;29797;6752;1724;6891;13833;29538;3628;2170;12287;21202;18469;4347;13691;7846;9231;16965;18626;3230;2815;554;5425;17459;18907;24584;19073;23755;26304;9371;15689;3118;26016;5141;28868;6461;16432;5745;28117;26338;5377;14852;2888;11075;20972;17493;2907;10043;23988;17710;12925;29194;1255;24563;15189;11595;11781;16179;
19462;13607;6372;26237;20658;8393;11603;22133;24381;10001;7422;14118;2131;15245;23698;31898;14764;30629;14369;14760;5518;9237;1735;5390;25492;30369;16782;5312;32431;22531;399;13183;25706;17961;10586;29868;18802;9885;15768;27231;22357;7493;12527;25012;30602;15180;10022;10597;20402;6752;29578;9886;21277;14366;22160;11276;3472;9674;16059;18232;2885;24644;4288;30739;564;25655;15081;1745;8337;21140;6071;27643;9366;14655;25547;32448;8578;21512;19206;23949;5602;23004;20720;17629;14095;10812;6230;18513;5624;28399;20024;8707;289;1524;15330;3096;18412;18363;17496;22676;
17176;32149;20727;15218;18055;7272;29018;31477;24644;6055;12923;31289;2244;24705;28954;21005;10348;25945;11107;27653;5716;9591;5579;21450;29771;11517;30523;12981;3099;3356;4208;10652;4622;9351;4770;31980;28848;19496;26979;18168;471;15379;23499;9361;22753;15544;18642;4055;573;30812;765;23886;23597;202;3901;3893;27849;23877;19220;29459;22856;13506;15865;15762;25211;26708;6654;6288;2714;12776;12208;22388;18499;6962;22846;17854;27328;24807;8414;17379;5001;5677;9837;9815;26889;7248;2133;2795;26277;17078;21428;6233;28155;8981;16315;23581;32103;3555;14420;14983;
12236;6926;31751;9487;27025;13038;20766;2792;22249;9080;5639;14296;8024;5556;12539;5446;29299;30577;8925;405;20967;11575;16741;12720;15548;8317;23677;20710;8155;32284;21227;21241;12238;14596;23089;11377;4040;9517;32177;25910;27109;16081;6421;14686;23730;29145;20974;15428;25072;30101;21659;12762;4757;4271;22637;4672;27668;22882;12041;27541;31454;17895;25357;5645;3625;8496;10742;28227;22768;14297;11585;2513;9275;20828;28368;6687;30368;18820;19600;29048;21770;24100;26457;24163;185;1288;28949;20784;22154;24108;9765;32721;13177;5676;30208;31723;612;19708;7965;28461;
22290;21721;16916;29153;14963;23935;12288;12224;3113;24477;30759;20235;7496;23686;30941;19927;26714;17961;30629;18857;2727;9027;1178;25922;25267;17363;11533;16572;30727;6607;16752;14294;4148;2581;12914;23181;5398;18852;18796;21484;12374;6924;16380;13092;16434;35;31471;19167;2433;13306;27749;6866;19185;271;24879;30609;5524;18372;15740;25768;3739;18704;27829;21735;32353;2421;2213;17661;20651;24626;31709;25673;27182;1721;9047;16364;30545;15459;13145;9251;6197;21091;25500;10196;3570;13305;9902;5734;19748;16104;28821;11222;6567;41;20661;22279;3998;10465;25332;30298;
15802;20369;23579;17023;13497;20876;13695;23435;12332;26799;15330;11338;15486;18764;1428;6102;32306;23655;5085;9576;32364;27173;9120;7791;8371;18561;28984;21215;9717;25153;29606;30668;24779;10792;21230;21559;32511;20078;7614;12328;3148;16493;593;14845;4708;25757;3731;22017;31288;32450;15238;3136;4723;11876;18404;2202;24391;3968;9734;24855;5997;21373;260;5754;29287;26209;7454;793;11273;29765;5978;11243;24887;25351;18543;10211;10736;5182;20194;4476;5260;883;1135;13974;26177;5262;25258;31360;17644;9870;6886;7766;11790;15997;25942;25485;24341;24227;19314;15564;
4830;24059;29084;253;14455;21475;9220;21669;1833;27671;10953;15728;5046;14048;10593;5137;19167;18825;3386;18504;29993;17171;20385;11076;10209;2346;3812;13356;18270;20823;17075;29433;32390;19062;4044;9606;20372;31339;32472;8938;8728;9233;6799;4357;29246;18803;14627;6233;1364;7743;29916;2587;18311;32375;6143;11402;14061;15722;32757;8576;32713;24803;15273;6983;11786;7328;26930;21421;6164;8709;5810;31067;26307;6162;10878;1890;24237;20371;5759;15127;20136;1942;23256;7201;18317;22050;7112;19152;315;2342;20178;2225;4318;5040;17180;12127;21617;23391;2326;2459;
14209;31259;32091;17055;13620;18435;31452;24496;15243;16807;30779;30707;21476;7800;5237;7809;13507;11133;22212;12989;8401;15943;9668;2790;14117;21542;14804;11496;6339;12701;3775;2424;1890;5652;6300;27999;24947;22477;16370;7446;8030;31769;26912;20116;13839;8140;2812;30052;689;17390;6331;5370;9145;21171;17169;3399;25383;28845;21656;5515;5640;28225;11638;22891;5440;27992;8763;27715;13190;3926;16904;1725;21680;16208;18422;17059;2609;27770;15285;18673;22752;18654;1396;9775;3067;24660;30977;14589;14699;7086;7218;28400;23369;1075;11395;17308;8866;23375;10240;13810;
26487;23176;23910;10189;23048;12212;18309;23495;22867;2409;14312;1361;4823;18358;5304;7939;20381;9488;11742;31536;4729;27535;28008;17086;27534;2651;26414;22068;9488;8033;2997;17685;11598;18762;595;20333;25071;21933;28308;9641;8315;8067;9437;23211;16414;12764;4687;15390;22697;721;23534;1287;31450;23226;30979;7837;15837;15265;19647;25435;17938;23798;800;6227;10513;3971;13593;4293;21228;7587;6125;12272;20660;31663;15324;15656;9278;23738;7681;15913;1318;32638;4475;19371;13077;18325;17355;5175;15680;30445;24701;312;25393;7030;6155;12885;29386;1309;3582;17150;
18311;22526;29270;3653;20227;3797;18988;25840;14014;438;11158;27084;10013;17663;28875;2116;12210;29834;9863;14641;18622;16167;14769;2548;3572;17993;10300;6595;5760;9727;14667;320;3656;14630;152;22608;29810;28126;12566;20010;8998;15930;725;1966;1173;8508;12326;14329;6458;2048;19969;10038;13151;15159;931;7094;3044;11479;25979;22852;5180;4625;30535;10930;10680;22916;6523;10680;3592;20912;26082;14591;18687;5037;16263;25720;22422;1564;6614;7154;19508;3167;15103;31724;17452;13829;32155;6311;22151;648;21906;32640;24581;3387;7228;25213;20574;13694;26566;8742;
23757;5940;29144;10646;15311;26487;20852;20689;20009;2442;3106;14680;22824;28686;16970;22779;13868;7801;31457;9967;7016;24261;21063;7968;25059;32613;4208;4040;27842;11645;27203;25921;5578;16210;29247;26648;17185;768;31844;8546;2644;25963;31057;22867;1182;1399;3242;25612;14440;1916;25276;12469;15372;15604;2404;20172;30174;29815;20524;23996;7533;1514;29624;6834;25094;28403;6241;172;23162;5039;22559;11987;8737;30632;26540;2314;18207;769;5862;18119;28134;10228;12406;25633;19965;31871;31919;10539;27647;7257;27576;15233;13542;26411;10990;28192;24201;28413;10628;17275;
12644;10990;20588;21963;8088;16937;29051;6566;19762;788;12744;11987;28080;23243;29525;13149;6850;24780;497;19686;2125;19188;1884;23614;14773;23978;2733;3892;7260;11354;32497;17580;11110;15909;9493;30450;192;27350;17670;8270;30560;1048;534;19929;17102;7911;20130;21646;8163;4421;17137;23716;720;30766;23392;14108;26211;22989;25020;12694;8326;14320;1520;23656;24585;9914;27104;30449;14241;15255;9364;30251;23088;26741;153;22912;27718;5938;31140;16863;3816;6480;15737;32526;1937;16368;13323;1858;10615;12286;21221;3309;25615;18089;16328;9943;6867;8726;1686;15984;
10819;8789;26222;14437;15914;30356;31257;2929;23842;2706;16293;14710;19802;26711;17231;24268;13975;25123;29095;19416;9593;6308;21742;23777;21504;12651;16835;1056;23374;20897;14079;14870;12975;12534;29917;18467;8150;22747;3934;8531;31850;25585;32747;15739;29889;20929;31292;10885;9195;17069;2170;18440;12530;12326;12960;24860;20832;29984;13607;6252;21762;15043;2786;23180;7916;7524;20007;19085;12221;7603;13615;23759;9508;12854;11711;5143;21155;3318;23560;5345;22419;27000;205;760;22121;30446;2755;23875;12599;12975;22333;19426;28534;18149;26120;5242;12546;16773;1172;10444;
21094;14213;13397;909;9818;10313;20585;18289;26762;13662;13947;21642;19865;618;30439;18384;21606;20835;20511;6401;15502;12032;31053;19115;17970;17261;58;24710;7930;6979;15982;4104;8281;31927;10649;24372;17171;7442;817;9651;27645;19041;11101;9253;30212;23917;6930;9657;7537;2029;18811;24571;12396;21243;159;1262;10430;25029;25918;15195;4827;19589;13819;29032;26143;10163;1473;15724;12888;2936;30047;16642;18053;12135;12405;16989;13533;28264;12692;28635;22547;18164;4513;476;15833;11144;26234;11988;6819;14163;29916;9631;10925;6962;14725;533;9279;22239;3477;28639;
7984;4710;27194;28553;5545;11224;3980;29143;25131;19778;4790;15709;24275;7904;5975;21066;2525;27023;14376;16517;21352;15745;25310;9211;30840;28980;11090;15159;3905;3237;23007;19507;10403;29889;14603;19309;10993;27420;26218;31038;18934;13797;10944;26983;16442;1050;7526;10477;11649;25080;5871;30248;16021;20918;14090;16150;581;23666;426;23029;4014;12140;22373;11280;25017;6514;19738;13017;3045;31899;9943;9016;11335;2104;31226;4899;16079;20232;14998;24943;13772;3499;14360;20453;31666;13657;19754;921;16923;3796;18135;24439;16909;2459;18160;27935;20859;2913;9647;18419;
29198;21437;5787;15981;15653;18467;5291;7607;20762;15379;22958;23413;9159;2448;25834;4581;24136;3540;21764;555;9731;24130;6432;4326;30438;18844;15688;28935;29424;31094;22034;28899;19187;18411;20349;7559;9368;7566;8989;12363;8611;27555;14712;31402;27768;5776;31407;17488;28126;25742;21089;20341;4100;17572;10956;30570;12994;470;9013;7537;13600;13978;1418;22482;14364;5259;16199;5931;32424;21601;24982;13832;3827;25121;27834;9907;30953;6545;27309;13134;26109;9967;7432;1054;22054;24546;16932;24618;11815;10417;13695;23557;31508;14771;28513;27368;3858;22791;10175;1539;
23390;23684;8287;24085;11153;2035;23101;19259;9762;7036;14894;28421;13868;9823;24771;15567;17009;29157;14704;23631;21920;6293;1261;6762;7123;7594;25309;23628;22876;6341;7854;18615;16065;18912;17344;7067;15877;10627;15561;22504;17705;18746;632;19360;499;6214;7512;6704;4846;24723;32504;16640;18866;4074;30281;19017;25189;8552;17223;8743;21634;15151;3547;16879;8409;21595;17408;9666;16600;30520;8998;16482;6920;29618;28883;24901;8410;5644;9872;16616;31140;13781;5379;10086;24295;12568;16985;24905;3539;10196;2023;30368;29197;2987;13072;22610;28079;22494;11625;30641;
25233;1401;28699;31826;24775;4043;18057;3101;7786;7449;9267;22944;7324;8084;4570;27816;7622;647;30182;22803;20772;14293;15364;22496;22404;14755;8211;30344;1354;21586;8257;20625;1464;19632;23153;1888;17260;13935;22753;27727;14890;3798;4617;4351;5596;28598;8134;12784;17111;28320;29111;12110;21344;31829;32487;2062;24175;22654;15021;2874;15283;28061;20689;13193;16597;10564;27888;24883;25601;9349;4386;26115;26531;12457;16345;6062;29550;7204;32013;23651;16035;17353;27286;26019;12176;17467;985;3411;5207;24484;15526;2320;22768;27561;1889;26562;24177;23453;1632;3444;
22413;15092;27797;8547;20059;11259;20845;8788;14169;16071;31735;5419;13745;13419;26953;442;29883;623;4640;12759;15042;10877;13254;26289;6411;14940;8249;30820;23827;2083;22921;5066;10009;32422;31874;2708;18908;3637;16011;27034;22438;5510;718;18800;137;22255;19097;3386;9705;19928;1284;961;18235;30833;469;7878;11275;27040;2976;13462;28484;14142;27955;32734;20396;6274;26161;20929;27054;18621;21244;10792;15964;584;3032;10841;11188;9659;16206;5580;14882;24928;19407;21817;25415;27880;23706;12278;13817;11612;19936;12160;31627;21846;7205;24920;16974;21872;25321;27408;
29015;12541;11912;9381;18819;2807;9567;11535;30649;32569;19504;11543;7279;7150;27079;15465;27760;3914;19934;7402;20188;23928;32575;16459;7280;13011;5416;19423;25607;9816;16371;3753;22625;91;17654;7610;19236;22906;29097;2746;22816;9680;18950;26820;11223;107;30262;4983;29757;19199;13161;27721;700;30171;19462;543;8315;1053;23300;22299;3552;8226;24215;14517;19028;21569;24080;24078;2374;15289;9982;16512;30834;16359;26010;25210;15203;13757;7266;30859;16438;28527;16131;10428;20898;5743;29820;21539;2613;24988;17537;7861;3296;31671;13341;10588;9910;11798;5532;12874;
15857;9116;4008;3980;12854;22504;8114;14306;4634;1741;7060;19918;18916;12290;30324;24811;12180;795;19691;22912;4133;18360;31846;16981;8720;5629;18893;25797;273;29506;23395;27413;5933;9995;2542;32004;5876;23610;19735;2723;27396;25219;18195;14695;16078;9249;13187;10109;1181;9159;15769;31069;7380;5850;381;26018;630;28637;15599;13081;8428;27949;29485;23832;14083;32750;2071;21009;27445;8005;5777;102;29993;23495;1577;9599;125;18226;9210;4891;11458;1115;17103;24291;20168;4968;9868;12357;22300;11839;16074;8319;464;18751;29890;24826;13178;3117;4204;7130;
10111;22385;30952;17107;21394;10626;21532;16446;9335;30879;18847;15980;30733;21696;27861;31034;30859;26060;4700;19941;15626;6668;5287;32032;21316;6368;19433;21348;5787;19888;15669;11144;30813;7974;17635;32657;7494;9882;16437;31691;29766;31694;31291;18457;10885;26844;24563;31625;8357;6764;16309;28203;17735;8234;6094;23844;30928;20856;14444;5374;24173;27231;15546;5698;15956;29900;8011;26697;23885;20985;28092;3663;28017;30761;24469;21193;31794;14488;21617;23800;412;8626;32095;17599;29915;20867;13703;6322;2556;19567;19985;2671;31992;11299;20802;13617;3566;15051;232;12962;
4784;20101;5113;29169;16769;30998;30583;1317;6429;24541;5782;22705;2554;20485;28193;2376;17614;25342;28442;19442;21073;18221;29857;7264;22596;226;20758;9596;12210;14219;13954;6213;12406;25384;32307;25818;22013;28159;5031;2516;8525;7825;1708;28121;23622;24012;2244;30575;8744;11650;22990;22285;20822;25370;26595;14200;19034;31366;9855;18509;8232;5493;24801;22233;7591;31433;2996;26929;17517;10827;23022;3967;10442;22685;6393;24475;20233;26481;6161;20187;28146;11769;7917;24107;14996;9630;14241;19552;8513;20213;20419;17097;4057;25327;29900;12295;13644;9296;12226;17695;
23130;25954;17428;18638;14237;5610;21958;13597;27850;27995;15053;21300;32052;1354;31677;18803;30097;30754;18337;20415;7937;22553;24362;32282;25420;4706;15117;26999;18027;4772;29094;716;6475;15020;8161;27752;18893;607;22874;14727;29713;21490;25539;19492;6388;30813;16775;17678;7639;10252;20396;14910;31139;5080;31486;10088;13065;31287;20586;19664;5135;7343;27816;28767;14024;10641;3869;13558;20322;28131;21503;31746;22375;25502;22970;1361;32316;28698;21906;16676;750;26310;23434;2181;23341;9244;23941;12250;19353;21716;9644;10171;21821;15704;20495;8193;7257;5497;1935;24863;
11365;19552;2555;20406;15698;18631;14201;20067;24083;31081;12584;29148;10332;18870;19203;15163;25002;20172;21769;19609;11651;16547;32667;19423;13567;4999;24357;26585;26503;17868;21248;13196;14557;13757;21399;19402;92;5077;27593;31491;23938;17714;24975;20318;17835;19014;20959;22280;7967;32208;17360;30412;3407;16394;30462;3813;21084;25124;28976;25104;27097;26098;3896;29413;16594;26082;7451;19302;12045;14640;14706;25305;5519;10333;2064;5587;18018;17885;30693;25750;6550;16144;8226;27548;21382;14707;30878;19060;16477;4120;29049;27853;10456;1363;11775;27089;1101;15543;26319;28084;
3052;4416;14140;24972;4933;7122;23027;17763;18954;32226;6366;28810;19222;17523;29769;11313;7343;30533;17732;23605;1544;10313;24392;10809;24074;5975;29981;26360;14164;15907;17658;5593;3457;22638;20463;22213;22441;15481;8320;8757;9258;6079;25747;2959;8616;25571;24204;32178;14674;10216;29110;9679;7783;22944;19941;124;30457;29543;32345;15619;498;4625;24550;27392;24148;12064;16978;9771;22469;19258;14591;13426;23626;7387;24265;19019;32595;5960;4402;26952;11768;24004;26301;3307;30850;30469;25751;6589;5421;21737;14204;17050;44;1126;29657;22607;23790;6591;8494;14183;
31904;11518;5303;18497;11763;31390;24395;17766;14879;31880;21124;15386;13096;3905;24864;31537;30559;30561;24231;25636;3629;23367;25166;21092;16908;1291;20764;3310;7126;180;21323;30240;9026;27307;14577;28107;2219;624;4576;6537;7188;21900;31946;1873;13674;5831;29097;24136;29192;30106;2909;4570;27521;2535;5271;19210;19353;10216;23543;31750;24980;12390;4977;20991;7348;12587;16117;31031;4093;27065;30287;26460;25403;2108;32332;8212;21830;12990;32030;10201;13189;12442;19969;6407;27313;18483;14367;3891;5339;9445;3249;23743;10417;22844;28776;16043;11773;20836;21515;686;
7022;18913;24673;21382;16795;7808;22865;8076;26437;1422;15432;19851;31452;2887;7643;13266;32069;24977;2734;1416;2523;22507;28564;10816;8116;4000;19703;13261;4133;16448;14715;26200;13960;8272;30686;1712;23868;17985;9251;25312;29678;5535;15343;18695;31511;3211;1587;24676;18630;1387;7691;6321;2720;16608;9446;9138;10533;19449;24552;11533;28725;5798;17548;17500;8402;20079;14478;11649;20519;20837;2312;2873;14281;19801;23771;6133;23358;24397;9808;24805;9916;18216;22527;14165;27442;942;24816;19516;23437;27310;13313;10770;28468;4477;24199;227;19924;6564;29240;30882;
10339;13782;17993;32191;9055;31525;21459;15355;13911;21109;12667;15228;9389;7728;29266;21532;29594;26683;27642;27399;370;11305;10251;11909;8746;4527;1204;17428;25879;11096;18598;7354;26616;3450;11821;25497;23351;20841;10656;15044;7020;22762;28412;14929;1059;26091;31436;26032;24543;23153;8780;2875;6495;13521;28365;16909;4639;7203;18523;31256;16930;4340;13214;21106;1263;5691;9982;10736;14298;26254;15114;7670;3460;2454;14875;27533;15013;24001;21300;26294;24585;27190;29741;31743;21977;3342;3857;28755;15388;22977;20164;21270;29821;15326;32489;22130;26959;12800;11010;491;
17870;13565;14553;29498;936;8032;544;8536;29116;10522;12628;21977;6177;19316;26087;20603;7530;8520;25501;18687;4392;6001;20791;17207;16305;384;19023;26977;29472;26288;18563;24755;17821;6941;10197;19511;26847;31024;19026;29145;1774;20318;7922;13759;8238;22034;4032;24536;2713;16871;6970;24504;30284;17947;7419;675;6981;6977;2455;20455;29803;24117;8647;32623;11214;23381;24774;16022;7217;6638;10746;14137;3014;15349;31191;3344;1080;1528;7681;17726;27630;9043;14512;19494;17551;31399;4953;3457;12993;9864;1163;21165;13111;26230;27927;23368;8426;7183;4211;25598;
28838;10370;19552;3999;17865;15943;29643;26229;17480;31502;20721;24532;17394;24053;4807;10738;18681;28157;10649;9209;26030;9407;22257;15963;27020;29019;29882;13670;376;26546;14245;23064;11591;28629;28876;23860;11905;2492;4758;20629;21604;31036;31962;21187;18732;28211;21575;6340;17554;32006;26883;18997;18323;31565;28818;25497;17778;5324;5882;4848;24064;11430;11044;17036;3355;24269;27270;17952;29557;13757;12287;24090;7319;26730;2562;1330;26149;13430;31735;15427;27747;10408;28382;18522;8184;29594;5430;5901;26866;2737;17949;15631;31499;15698;5048;17153;16170;2131;8405;13450;
30253;15792;31183;9641;30950;21632;29874;8778;14691;29991;23712;15384;26995;5580;27764;10899;27237;15118;23716;12642;27155;12530;2156;16618;20768;20512;28201;1311;26237;9040;3843;22170;19506;255;29134;16877;14683;28006;19762;6451;5488;22700;7434;17387;22730;3419;9995;16646;22115;25361;12966;3902;21214;2424;30767;28586;3271;32631;2878;13967;6683;2730;17494;7802;16139;17168;28100;20875;8701;1796;14282;7444;212;27503;14333;867;19313;31803;30700;8155;18297;24843;22274;4426;8537;14889;17326;24182;3720;18879;4032;2297;25868;15691;25623;16975;19520;11085;6009;30510;
27348;6466;27842;9493;13845;7638;31809;11816;18031;29526;19551;7995;21808;3684;23937;7213;18318;3310;11568;26231;27372;4449;29816;12804;18009;24089;9613;15428;9562;17693;27829;22908;16361;16393;14433;27744;9149;17483;3229;31715;17100;10130;9643;23374;19215;10372;11755;6287;11141;28592;2815;9428;27258;7363;1579;27481;12553;13310;21506;19070;12256;32743;16191;8989;16707;15167;31473;29210;27732;5941;24539;10300;11665;29145;6426;13371;10398;20691;1032;29466;10053;29781;18273;31414;2491;5710;26020;29344;3108;10721;20156;28456;1370;12053;13536;698;746;28366;10424;31086;
26208;13052;16577;29402;26565;20242;20466;20011;8549;3258;28576;7284;2262;20678;24735;3397;31029;3178;1962;2432;12979;20137;2308;28776;29520;2574;18272;11003;3303;25244;18943;2434;7275;6151;19992;8038;18032;24613;1916;4421;7405;17823;21626;2373;4672;24300;26880;17832;7538;29056;13572;30113;29629;21824;2594;22630;31563;11322;17543;21127;23361;17043;31501;28030;19708;10944;31399;30087;4762;27129;4352;10674;14013;18667;27231;12854;31115;7342;1742;20744;3834;7158;2683;172;4682;5261;27998;30028;21203;5377;19996;13319;24064;24218;27692;13451;27292;13198;3384;16614;
2380;21880;20934;1945;15965;18439;15639;5102;26816;11251;29775;8332;6739;17974;30935;30793;17763;1912;25088;22847;25454;10187;23017;3618;31021;10904;24994;12753;7121;24281;8337;20778;23438;12169;17173;24355;14166;22617;11370;12054;32231;21157;32717;26973;16391;3750;17632;11807;14350;19689;11087;23145;19110;11264;12724;9089;1231;15991;13240;31863;15142;15626;9083;31228;11878;10516;29239;10359;22831;29515;27680;2134;19206;31403;2958;9378;13470;30640;1885;30679;2389;10184;8340;4850;23042;19720;29510;15051;19694;22046;20150;28581;22304;17031;22718;4868;6878;5890;114;8127;
3952;30276;1024;10325;22055;12781;3547;3972;24734;26555;11544;12056;19520;32509;11544;24834;5898;6731;4199;7849;4498;20853;13028;10885;12873;18361;22306;30697;11773;29241;8975;17696;31138;8876;20435;7100;6481;10835;4347;11051;24721;10542;30423;12683;2006;23921;20512;26303;15175;1842;20190;7619;1732;13412;29833;4156;17192;2312;2415;2132;26827;22434;9045;23748;27468;7658;32609;29490;653;14789;13112;15550;1278;27251;31075;24792;14111;29194;7415;2644;13376;27427;18549;2752;21643;9939;15343;18421;13381;9949;11884;10220;16465;2085;24206;28371;27638;29032;5746;17248;
29666;23083;9944;19814;21102;15857;7556;8870;18723;4017;15076;30183;9085;391;27378;15433;5872;29866;17756;15574;25641;9630;22754;15962;7574;26795;17920;18292;14120;2701;27854;9454;17240;10605;12836;10826;360;6672;8193;24733;8427;11599;25902;6049;24199;27079;30750;3333;24058;3537;24857;7687;25947;28085;28570;14149;23970;538;24309;30416;15467;15041;11836;13443;15095;26995;12132;25747;32372;22840;4516;2150;5502;26058;27422;8617;28389;10057;1473;23453;11697;1584;29550;24241;32355;19336;11609;598;20862;348;17075;20751;8006;14188;23174;4807;6344;37;3296;20840;
27162;14801;22323;2985;29156;30732;12284;2600;4639;8567;32163;2744;32285;5552;29858;13820;10698;28545;8426;4917;15921;14167;7810;28248;14146;6646;17778;25700;3794;30572;19679;2546;6371;24131;10615;24589;29990;18171;11024;2885;14782;9144;7563;255;15175;6199;28927;7951;5655;28166;11540;24969;23747;6389;13228;10963;4069;24520;5833;20991;17181;32046;1451;27480;4950;19703;5432;32571;21067;22913;26529;9001;2889;23923;30531;10521;17718;3502;2251;22803;9682;16257;2206;26874;23101;16156;22392;9898;26810;27208;19026;2115;20402;25429;24970;5827;5628;28755;31550;26331;
12379;23173;1272;5115;24648;25106;28817;29104;28658;6654;28751;26415;28548;16473;15953;10546;22438;26294;29485;17922;13638;32479;12247;14293;17048;8135;7877;29019;4443;5824;4176;6292;10847;6382;13918;25572;17988;10492;17214;19817;900;1293;28627;4236;15796;12534;11509;9686;27142;28842;1044;12550;7443;18165;27422;5472;7639;19566;4003;9287;10749;29351;23864;6670;20317;1958;17177;23820;32452;3481;32018;13038;15347;15045;25503;24657;3818;13760;1874;26257;6758;25056;7029;21467;31656;20467;29681;22922;22392;10032;6766;7344;14442;6766;16060;29938;8800;15764;1649;3482;
32592;20305;32724;7399;18759;19213;15354;9639;5550;22303;21551;30472;26061;25408;24216;24236;24717;2879;5654;16635;22914;4599;14700;3005;18728;2175;26021;14056;6765;30112;28592;18358;29040;4492;334;2555;20361;27084;32046;29622;14473;379;28245;26342;15683;16818;1732;17823;3915;20035;29013;3164;509;4778;31463;26263;7361;6976;22202;29079;8846;3762;540;8586;12973;23474;2886;31955;26304;28396;16257;8613;4610;1340;1165;18897;1488;28190;24898;16604;32617;21094;31096;85;8946;21297;293;26213;10173;5403;27333;15016;6602;2994;21759;30011;21646;6443;31621;31767;
6900;22100;12092;19101;28834;5834;6557;14193;6269;32108;20315;19596;23663;13583;30277;25997;616;8564;623;2128;4770;7287;20108;11202;21290;5000;5023;24820;7324;6495;979;4718;27693;16364;3238;19909;22255;20109;1101;19312;16977;10372;18004;10455;1509;30632;902;2221;23143;28506;18700;3456;14842;15291;729;25230;5556;28957;32069;18139;1117;4023;10743;20096;20084;28572;11273;20038;31603;10478;28519;9587;17493;19534;20344;23012;3924;32664;4353;14940;22775;21197;13126;31516;11852;24913;23666;180;7282;4951;25912;19736;14683;5017;18363;17142;10704;19788;30123;13127;
18614;1619;22961;26917;21391;27059;2062;10204;16452;5703;25215;20291;8225;1461;13155;6733;13345;24480;1055;11227;5740;3359;12994;24020;7454;8302;2789;1656;23114;25828;26070;10225;23871;11045;5621;15915;6409;9625;8541;7910;5179;26909;4039;8202;17900;26104;20396;30778;17408;27920;30378;3499;9897;5470;24873;10039;17708;5535;30014;13229;12265;26188;3280;7020;2966;16333;19193;20528;12747;18666;24750;3883;15043;2434;1187;2392;21601;30079;8809;26124;2673;9225;1241;21454;25649;1786;32694;7016;31503;13970;23694;26942;28341;9581;3809;16607;23107;20657;29574;20186;
11995;16524;8009;3283;5987;27870;217;27605;18822;23090;23010;30954;26620;755;21366;12265;23052;24797;12721;28816;15439;10929;27293;18898;20150;6701;9299;3954;974;20027;24163;28113;5443;7529;19062;28677;16804;27801;6194;11306;5989;24057;14430;2557;28970;27702;23367;22439;1859;17901;11874;8406;14962;32099;7474;31762;31733;24693;6508;16975;30400;3282;11866;25790;24075;5223;25469;21737;1292;17947;12918;13055;9222;28349;5159;13932;28290;9786;26901;1197;24284;32020;16656;27235;23298;7695;17943;10918;5753;14382;20086;22683;21921;17629;23089;28489;30265;32368;32677;7080;
24869;6860;2925;27899;18799;7780;22403;24416;23693;23400;7591;29862;18402;28984;18693;20318;14215;24607;2834;1077;12874;1342;14263;5505;30455;4806;11441;19737;16087;22635;18488;26730;2423;28693;13022;19143;21930;8920;187;10753;27601;6694;28103;26936;7514;12611;14727;5616;7559;31482;26092;15207;22385;20367;23928;39;25932;30452;17570;16855;3308;17215;31356;9046;25992;12124;3219;16651;2751;22015;8726;32630;216;21725;8763;10251;11854;28700;6623;18497;3724;2568;9325;1766;501;17159;23552;25525;24359;21967;5324;5418;10625;982;26554;30869;4323;9738;20562;18542;
7860;13763;25054;3304;13354;25078;22476;31432;15813;1195;1365;13432;16413;3249;26716;8535;8670;12176;25497;20308;22289;30655;25590;4795;20893;791;30009;22606;23309;1416;2532;23960;15251;25611;31321;17278;21069;31703;32578;12055;712;27096;11056;27838;7107;26205;10114;18789;6965;2321;14473;5676;29585;2348;19690;2610;13896;19946;7235;30378;18319;25405;6417;306;32612;9918;14801;22625;23499;16618;23909;5791;10334;16011;20154;18234;16132;24180;11176;16822;17921;26481;13081;20324;3887;6782;15982;20278;31882;5431;27166;19409;3570;14480;12704;14308;31789;26566;652;17592;
1324;13206;2813;1801;19855;17836;18233;24085;31595;8286;4756;20722;28234;1690;16273;22052;14451;8221;31563;14703;15724;11750;19;5098;6590;25323;23387;2645;14328;13578;19155;17836;14070;14914;29905;23036;1379;26147;32758;3958;22141;15235;19983;16834;21528;18035;24121;18838;12774;29298;6729;9350;1525;4320;4970;20254;2681;9141;29192;1326;11468;16498;7405;23653;3507;8024;23466;27937;22243;10968;30777;32134;2500;9036;9184;25294;11124;10980;9048;3295;29199;19939;1583;28707;22318;23307;28011;16788;13229;8277;9584;14614;18610;24550;5924;19978;23018;4415;21584;8736;
15638;17076;17226;3692;711;12063;11729;1725;7269;23509;14136;18218;9078;21209;32199;32749;9757;19792;27486;29557;7393;25141;31067;15030;28080;3406;27582;9156;8228;8799;18315;24224;9989;157;2160;27729;25358;6757;22952;1079;17140;9518;22047;25501;9380;1469;5079;15245;23500;19608;32394;12520;414;22204;17809;8886;29137;26258;24836;10938;6376;18720;29219;3145;30646;23420;756;1373;34;1159;26926;13798;12072;30423;20566;4448;2080;20213;12072;3754;21827;25033;11320;2582;20843;20306;13785;3517;7962;11675;20798;29717;12478;24554;25823;6341;1587;28218;542;2999;
25482;28907;29227;31343;25865;25785;2597;17308;5234;31467;2690;26861;25481;14796;3504;21286;12240;351;18940;7283;13205;18511;10932;21756;2094;9509;1160;30137;7556;30653;26934;30088;19150;18171;24167;13437;23711;9914;31699;12665;17443;14853;13484;15870;19365;9610;20538;9281;29781;1611;21955;29569;24905;16535;28589;26264;29633;15161;2534;6352;31919;23279;12164;31991;10103;21022;27561;19126;499;6339;12714;22046;17850;8365;4208;1412;18082;6634;13598;22927;10883;23423;243;15247;20030;17500;13939;1552;31742;10382;449;31664;22206;7863;24656;8237;7948;16827;11194;10178;
13580;15037;19440;28852;31679;10058;21652;15144;389;12243;4515;4919;4577;25185;18263;8516;5245;9604;10572;21645;23918;22412;19681;7169;21176;28156;6881;8530;2837;10556;1123;14922;18930;12430;32494;1122;31931;10819;3041;24209;7512;9263;20242;13666;7672;24666;30902;21833;16909;23032;1665;14135;2199;5788;8206;31596;2982;6056;4736;1677;31002;8;12138;29942;2222;16928;4844;22609;4917;27138;5407;29543;12067;22501;27315;26679;30286;32467;14551;3141;22774;31649;8281;22325;8707;6180;1039;8088;4239;3746;3701;6662;10916;8583;14999;20077;11591;23385;25650;30632;
15797;2798;8982;340;16364;20445;30158;6111;30317;19250;32643;32481;20289;18534;23838;8624;570;29326;21933;4655;25723;27090;27144;27110;5434;19745;1972;16728;26565;3107;25351;12688;11971;5487;15501;5118;19645;13567;5547;29825;11741;14048;6274;27077;3829;8750;14102;18383;13762;8256;17840;24790;32371;25632;5249;18517;25189;9790;19591;19550;23601;2149;5045;6449;19688;30189;15438;15117;18077;21555;914;29254;24612;5958;9116;3480;30234;3811;15499;16059;32037;32676;22752;7479;18813;23668;4391;19322;28588;13382;4826;29224;8850;10247;3714;1458;12971;31952;20767;2602;
4757;7777;3274;18774;1228;9675;5273;12035;22201;14444;4035;16283;19691;21280;26628;23802;9380;21942;30531;19838;20119;25249;14451;14685;18160;26352;32695;4668;11925;24193;32201;6397;2475;10353;4764;30168;18269;32726;13120;5805;30424;27825;26375;18328;19866;16670;8166;14791;25325;30414;29213;27784;17582;183;28442;11430;18771;25866;10139;7670;17197;13158;6420;813;30953;11083;2640;14324;1885;9937;7002;4415;4226;7578;3230;6106;23484;21509;332;20804;19298;2724;16637;2753;19322;16881;15513;23211;7620;26172;23160;19465;9979;30696;19911;26723;8535;983;32046;5076;
22614;35;15535;28512;20924;24847;24274;13704;2008;31293;24831;17692;6410;33;14123;20049;4226;15797;31415;22035;11338;21102;148;924;17543;3183;6828;27718;14332;13054;2173;20893;463;21812;23303;1465;23696;28920;20457;27083;5751;1582;26567;15093;31469;27179;15342;8543;30030;28524;22331;13703;20718;13704;5689;28632;14938;13668;21129;13951;26080;23974;23943;32122;32593;21356;3626;11505;18181;11069;26156;16842;32;11840;4715;23672;5140;32683;19088;12819;3943;13951;21486;5038;23479;16243;11181;32741;23291;6957;7207;29365;18443;19640;16786;26513;99;3123;16864;16817;
6947;4550;15331;3758;29019;3291;12725;22348;31622;7050;29271;29334;10324;22100;18072;3889;4269;17429;25912;26346;11506;18996;29262;20625;28550;27933;3559;9226;26765;29937;13808;9377;22259;19067;32598;26014;19120;8295;27243;23833;15435;15534;22156;6416;15773;30293;22785;19127;10200;15191;31524;7183;27336;13024;9157;954;24920;20411;12238;2830;20311;26382;32291;14952;27772;8005;29388;8131;8360;19276;13654;9097;21868;1537;11894;8104;203;8681;2288;27881;19777;16673;14775;23166;772;10648;21334;17369;5769;10620;10382;14533;74;8178;577;27567;16839;32266;27791;23108;
15306;21490;24382;25666;14832;15978;17759;17543;22373;18551;10286;8303;8431;5468;315;8540;6190;26310;30663;19606;31778;21319;3441;3414;31469;16645;32274;9501;12506;30900;22245;30282;6303;25793;2283;23788;20703;20688;31373;2517;23283;15721;23684;5104;14058;7150;17910;13268;206;1745;23521;23960;29481;18947;1981;11497;29384;20400;349;22363;1983;17705;12311;6397;26542;3106;10020;20272;30018;19485;16713;13753;22782;14374;8119;31252;5947;23745;4145;6411;18285;2593;7788;14984;20649;11930;21691;32680;20324;13657;28652;30480;2174;15699;2668;11140;3455;15483;690;182;
30240;25400;8411;21083;21261;21526;16274;2436;15849;956;31795;7212;10898;21790;12848;11021;23975;17907;17843;12729;11336;16234;389;31973;26909;24344;3118;23304;8858;19509;14430;15141;5761;27913;13451;11748;32424;4257;24028;31976;6908;24774;14918;19549;7366;12336;24053;31440;22317;30966;16365;13124;22780;8009;16881;25986;21414;19554;28579;6320;29576;30137;14574;19493;3437;25720;11169;23164;17751;20783;28764;4839;4733;26569;3760;31942;17552;18367;15490;31097;28226;21643;15536;14450;22793;27232;4344;12686;26144;19224;789;6565;208;22382;18730;1376;1517;26733;18788;11850;
17571;23848;16603;3626;31859;12460;20922;17553;31864;11315;15520;31407;18415;2458;18758;14698;25590;6677;8801;26034;12948;17698;10442;22286;32506;29627;476;15483;7944;15312;25885;17271;19987;24564;27937;13657;9446;30551;28588;32483;21254;20980;8471;22042;32059;27915;1781;29269;25931;3026;32246;2709;16137;18536;22283;3604;22158;12554;20426;19233;27591;17801;27157;30762;26416;26875;26358;21275;19422;7089;26830;19175;2755;4458;175;26467;6958;30662;11014;25435;31889;254;32637;11488;1415;1745;6175;16351;9237;22978;29629;3832;29488;4224;22417;28300;18816;27558;29730;13848;
9572;8612;20839;3010;6710;9981;17967;3634;8912;18100;32449;20643;32079;7936;22207;23866;29719;22087;2640;12694;14359;7242;637;27048;12366;19358;16604;3269;25229;16219;11884;12537;22911;12568;20929;26783;11240;13078;12385;11822;2346;6843;24429;16982;28429;28482;1924;12364;27839;12466;24548;27746;5914;2828;25810;16602;4646;18889;19773;31996;21471;8067;926;6758;1080;5619;9762;19620;7775;14875;21003;12032;14147;22724;15955;1179;3412;24363;27027;16061;17801;13304;24356;15722;31144;7279;22404;32310;31682;490;14331;11610;29436;11143;13694;19718;13718;16414;7891;26361;
1061;9334;4598;31824;2595;2488;8380;10139;18346;16419;10422;9526;18557;8706;25176;13783;19528;10971;27482;3939;17449;3818;20575;20486;18798;26317;22997;10114;29089;17281;8220;10951;9154;16013;10986;1477;21203;23165;8174;32638;16794;18322;17587;1119;13218;24760;22472;10960;12163;29880;1310;26122;13923;12207;31153;23336;5309;14527;23146;3201;12385;22532;8772;20278;30652;14538;11183;16135;22106;7165;26930;9323;21161;3808;4435;223;14592;31234;16827;13694;30687;7279;23958;30674;4473;18211;11065;2282;18031;27844;29959;25260;24031;22928;12693;20333;11933;10132;30476;8127;
19904;17182;15823;29322;1633;4982;13918;17247;32415;7113;13947;13064;11750;10342;395;15972;2162;23597;28734;22386;1038;12867;15218;5291;23074;18443;28245;27285;10988;850;17354;9109;26126;26826;29455;2564;7241;14010;12188;30854;7816;6131;24654;17559;3616;774;20932;14183;16982;6580;26634;2280;10018;7334;4980;4389;31026;18271;3277;9173;818;10350;7345;18992;16459;18920;29240;20225;2025;15893;19669;20733;9922;25706;32125;20307;2324;31415;779;25732;23085;20130;17891;9077;15665;9044;14037;19139;792;8050;21829;16982;502;22351;24713;5945;29055;18272;14483;27048;
28874;21232;12752;363;6485;6932;24655;31843;17226;16866;7718;19299;24320;28126;20754;28993;1989;8629;13149;14380;13275;15406;9221;20799;9664;13405;16922;4695;690;26138;22376;17954;12915;689;22102;17017;27722;31195;28430;14576;5450;28397;32734;30123;21462;3664;25822;115;31845;22321;27348;21512;15235;11641;26964;8121;8473;18432;18476;18227;28909;20221;29695;5271;23660;16066;1583;20687;2472;25254;9216;13857;2973;31810;22779;28932;12216;27360;28817;9011;17562;26416;4865;7425;15897;10045;10620;16620;23175;32416;19846;17780;11575;20211;18335;18734;12862;23689;24867;27924;
20343;23388;3439;26911;26314;18503;11845;20248;23981;25206;30578;28587;15850;22810;13741;5565;21411;353;31939;3071;27796;10405;241;8387;7321;22244;8081;7183;11120;5488;23290;23536;4031;3559;19873;2833;7001;5478;22660;9612;15549;30714;4296;16384;31200;6231;12448;17636;2092;14285;3954;7195;9672;31351;25909;28872;6170;31670;23838;2403;29578;1757;15227;26125;4233;18478;6879;6432;20946;2566;1151;3595;8176;21076;26588;12893;15873;29775;13730;13599;23481;27241;8656;20583;2218;3198;20762;20778;27842;30290;30092;20818;27157;12858;7791;22544;3036;31769;16240;21620;
26302;12430;13055;9787;20047;15468;15350;10472;983;8299;19067;29974;16980;23837;2087;19468;19394;23331;28520;24978;23449;9120;29219;30723;8856;31982;29598;676;12225;16272;6558;16948;27301;30568;14540;4036;737;9514;24669;18889;30953;13329;18674;6000;9220;30673;10941;30257;22936;18124;16102;17831;6568;1160;28717;17823;25755;12385;32464;14959;7743;19579;7087;11145;8717;12539;16046;28751;27823;8055;15451;32553;32447;10922;24273;13013;23762;18029;1500;31231;20661;5091;4701;9490;20470;15859;8432;17997;11174;31227;22477;22553;27998;194;19436;7578;1408;5039;16749;29060;
11967;25145;19254;30512;10978;25503;3550;25071;15556;30937;10698;18078;928;27342;4245;11130;7051;6343;18869;18998;10050;27428;27228;14411;10022;24142;17565;27024;16773;14828;4560;16650;24603;18522;7223;9221;18137;8790;11234;17251;2021;25341;15055;3893;30945;22519;13398;2184;3440;494;17348;25985;15094;31044;30279;15277;18848;2821;13322;9362;13989;8730;21664;4234;3019;20672;21158;15313;20524;3641;25252;31196;30266;31937;28981;19180;27393;19396;19560;28644;10924;2638;31845;28759;32331;32195;3924;18150;18131;20688;23674;10185;31078;11937;677;5547;12501;7765;9675;14523;
30820;12975;12270;11264;13261;25102;6466;13548;18567;6815;31634;6453;27719;26321;29920;1760;15560;13833;7500;17055;1224;7576;5175;4188;21075;9706;26791;2582;16963;30719;24813;22764;9480;32543;25990;1143;24741;21194;4928;19549;13307;31983;14493;16419;16202;28766;17020;2371;30197;17278;23542;7039;23941;835;17799;16244;15857;12891;10094;11122;10013;18600;25430;7819;28576;18163;10549;12778;4298;13023;21365;21607;998;3867;20050;9304;1212;9180;3715;7081;23898;11147;23324;16943;7956;14266;28339;23097;27850;25181;13249;15208;14953;7991;8268;20417;9652;16786;29891;26369;
19525;2611;25130;21552;17102;20877;23414;2425;4517;8757;5691;9785;23168;22422;32388;11094;2941;5350;8706;18898;17253;10329;22122;32672;19249;11924;7960;30390;18637;2660;5624;23139;3869;1200;23462;5859;12094;10412;21204;14129;12046;12368;10989;21788;2286;5385;32247;20381;22726;6318;1470;15208;23114;23221;11311;16833;7292;19879;31490;24977;3698;8401;11932;18105;18778;29245;28723;11174;15291;23776;31539;31013;6654;14101;12768;6265;14380;5450;25917;11180;12537;25849;21549;8226;32258;13275;9689;20340;25939;30552;25425;8827;24620;26689;13430;27306;24325;18113;25623;26017;
3791;6801;28506;7936;893;17260;9310;9337;27587;28099;5150;16426;12829;16305;23449;11561;12052;21041;2096;31328;20669;19087;6991;3995;23426;10268;29007;2271;10276;6694;3995;23550;769;29223;7698;31848;4243;1597;4013;28996;23354;6106;15970;4543;28219;4797;32328;23460;8712;14369;27643;6190;32194;2612;31298;17178;20988;3018;751;26623;28866;10323;24327;27106;9945;22538;18979;26885;23113;21616;5398;15105;29209;28921;27600;10516;27482;27653;12931;26812;16231;19473;15876;645;32618;7471;27507;6943;18722;8883;23326;21171;30948;20784;21155;11895;15584;9379;2645;16513;
28070;9965;27105;473;20457;14983;30770;4817;9090;32113;657;21913;9143;22635;16145;5902;23742;3688;28202;14803;31357;24640;16292;6051;29844;6309;32438;3301;15261;5208;18800;25217;19378;6812;22358;2547;18480;6636;4942;24478;1211;7401;3260;26466;8067;2966;1003;14192;4293;3271;5551;1373;21396;7127;19016;2422;3033;9882;2954;11348;19865;18322;17979;12976;26998;28774;15037;23416;25209;6287;16620;9249;28942;17493;842;10048;14160;30714;30042;18772;2695;27445;2377;10214;30191;4322;26835;32469;23228;18167;13669;30699;20826;17082;4991;6323;12281;3377;1373;17039;
23113;9178;22742;30981;16002;4509;11396;25178;9128;5119;20517;13922;11533;8344;1089;3990;14103;24263;23822;21095;28995;27044;19600;7890;22890;28214;6148;53;31812;31207;15487;20321;7978;3380;1747;31472;14112;18089;25266;10713;20754;14861;9494;27713;20318;18394;21983;28308;8339;2288;15550;25301;21368;8841;13651;5170;11345;5744;3730;22748;8029;25454;31083;22037;21667;2565;19114;19083;6383;18785;5148;21220;24599;10380;22771;23706;15490;8161;24939;15113;28651;30403;29102;4806;31075;10639;26613;3891;17557;27598;1521;5712;24142;6832;26985;28372;21053;13238;30756;3197;
5623;9134;17161;30372;9533;484;9349;32020;13186;2967;7725;12060;5800;29610;14757;18659;20235;23196;28864;2812;20672;698;24808;12346;29215;5267;19905;30150;9086;1965;14089;26990;21568;886;1475;29248;10511;19581;5268;18264;26469;4578;5997;18678;14929;12044;9834;28628;13432;13721;28666;18102;13146;21403;22081;8770;2006;27137;31674;2834;2032;26451;801;3592;28115;15011;1680;26337;10258;29376;2536;14605;32563;23980;27762;19134;13422;15440;7622;30272;32178;24175;6636;17800;745;15065;28866;27663;16509;22497;23709;4833;29467;6160;11315;10992;28855;16155;953;14767;
4816;17171;14664;21468;5621;15836;20613;15005;4744;4832;22913;20175;29378;7428;14046;20123;2551;30940;3892;4426;12571;16154;28082;13658;3206;17229;22025;29905;24308;10952;20357;5073;3536;28639;11133;7533;15026;9562;2798;25275;5670;3619;26467;28714;20399;23874;8984;27926;18187;12811;25694;6554;25273;9366;16449;24230;12217;30320;30825;9297;11923;15248;20542;25200;29082;3981;15696;8039;28786;11022;30453;20799;13520;28033;10548;21753;17537;12048;20193;28706;27822;28368;30474;4264;21086;12604;31122;16108;27708;8931;24348;30232;18843;21341;42;22195;19127;7299;8070;26483;
11837;2528;994;22610;6158;21602;21691;31715;30016;18005;16003;27367;24934;7058;8702;1564;28946;12788;21229;19029;1432;7692;10730;10959;3604;30742;28051;26051;22958;29995;22250;1848;24348;8376;13564;3611;7529;18990;29633;26513;31221;31483;2628;13452;16318;2234;5123;3485;9181;6054;6553;14601;29524;8533;19610;1822;19974;21411;15039;18631;4871;23532;15427;5215;25110;29310;8588;19651;22120;14925;25614;7851;24232;18665;24173;26682;22075;27310;20449;16083;17352;30522;11999;1839;24824;18981;3830;21420;20346;13292;7671;31976;8011;30509;31832;10383;2612;9754;29914;12913;
2196;29736;22378;11224;9055;20487;31557;25880;10087;22999;11360;13671;7642;2457;2055;29935;11788;6627;3268;23842;19575;2776;24962;17230;23297;20824;6130;24945;7805;1652;28206;8526;11635;11045;21405;7616;15396;21565;13590;20047;27081;21149;21576;4353;29468;11177;11865;1650;28185;30201;13773;29735;29446;28241;25514;8480;22193;22740;25561;24748;23033;628;24784;16258;29327;30381;12910;1804;4350;15731;29734;2822;2025;13673;18016;30024;30868;24147;16156;992;26791;10190;19929;28004;25902;6207;5813;24455;22243;24585;2261;19433;27568;11523;13319;30516;14704;21033;8614;32356;
32246;6033;13503;18022;8272;18081;21873;2533;22348;18048;27546;31073;6460;23754;27824;8577;14583;26248;236;2986;21536;7519;942;19664;30379;15623;25373;30348;6044;7423;8973;7791;21266;4735;1831;28567;1413;11951;10307;31359;11340;11542;31001;14107;12130;9813;32281;27941;30825;23317;15511;30386;31471;11070;9515;4360;4593;3433;32088;12211;22173;6809;3179;1494;21596;549;4006;14784;15888;31225;14750;30399;2202;32511;16610;20793;3744;31191;16861;12536;8589;7118;30718;13766;11225;2062;4630;19002;18570;7442;9729;22737;29691;29277;1928;22336;14812;24172;1670;7177;
1146;6377;22602;12877;28992;19745;12349;8161;20094;12472;19396;20900;9834;29339;30056;8719;31589;5687;17205;11789;6527;3817;5215;27661;8508;12213;4652;14678;12185;17210;14349;20891;18250;24549;9998;25808;24390;19558;18545;16188;14981;2144;918;14286;27912;19813;2847;22708;12827;7201;1361;30250;30679;10709;5052;10128;17386;16904;32286;22208;21915;28793;1157;22942;10504;1879;7348;18929;16306;21940;7880;3953;21052;8760;9499;20512;20336;15890;9065;15070;19587;17460;31025;24632;19098;22720;862;3458;30092;31933;28967;24101;16362;18959;24628;30521;61;11174;1026;8535;
29582;26101;23688;13480;18732;934;16411;2882;7081;31372;15503;28085;31526;7385;5023;11744;27856;10897;22158;25610;939;5950;25871;558;30351;22502;21347;12693;22384;19770;31681;11946;20450;7696;16122;5899;1755;5651;14429;24028;5051;23737;26840;23136;8843;6262;7521;9418;11650;21040;5268;13648;28622;11506;10142;31106;30097;17892;31321;21466;27945;20603;30392;14740;7604;17133;5990;25279;9939;9960;17834;16533;28079;25219;20110;11784;23354;3445;13120;3741;20408;9860;22712;20349;28541;15681;23195;32458;11512;25587;1376;27951;13296;32209;15281;3515;6670;15732;19220;2031;
30876;26507;29642;12309;21388;11729;10231;22996;29116;13884;17924;14594;2680;8823;21058;17593;27713;11155;29648;20653;204;9722;14526;20668;21070;420;25970;31431;30199;6797;21323;15041;32700;28006;8837;11525;25434;1162;17245;4845;26264;12597;6773;30112;2252;25840;17529;27435;928;16208;15619;12756;18710;9184;27836;5546;8906;27740;25285;21601;22136;2848;15701;29533;29629;12767;1443;15373;12066;20632;774;21114;28246;198;18778;6688;27067;12504;1703;23804;1828;9184;21501;26854;20958;6543;3490;5921;13293;12897;30320;29233;21655;25621;10872;28140;16423;4704;9451;26068;
15595;8162;23867;21924;29055;2905;16253;41;16461;27925;1042;30803;31829;26796;10886;16524;23338;26350;7096;29768;18493;11291;14139;12254;32094;7764;20477;10902;1152;20560;23590;14083;1725;9296;23619;7571;3226;6997;15780;1380;5003;9360;15362;24409;7354;282;1638;1902;6404;4069;11077;4168;22084;5619;4080;27921;20949;22213;30508;28034;5202;4375;23324;16449;31392;13258;7784;28526;4143;24354;22680;2936;24188;1585;16833;30774;21979;17555;356;4147;13171;15452;25747;4681;2186;4175;16213;3441;18179;20049;32076;16089;30500;24093;9621;5687;31389;18488;22000;21598;
198;26920;31009;30734;4137;25825;15510;27921;18752;28288;2377;12675;18048;14395;1000;25970;15766;8088;22580;30887;17904;27102;21415;27330;26751;9417;4953;20877;23739;32642;18724;6538;5864;12238;23558;13518;2968;14214;26568;11282;19570;7751;24541;17928;25137;29546;22925;14571;2032;11319;16723;6746;11172;12885;32643;358;22506;13957;20527;3818;27395;7057;21068;20507;16156;3454;4625;12127;10195;6409;4768;26467;26872;22354;6888;11367;2704;466;18890;32733;11808;658;13690;25139;18728;21663;6697;22253;26861;18617;23521;28406;25467;587;24496;19768;6635;16544;8;22890;
12258;18515;8294;5417;23642;263;9266;18251;14245;7001;19686;29040;10926;21267;17267;17369;25475;8610;20705;894;29456;29899;2613;5722;30765;15769;29591;10762;31708;27546;24244;10390;25291;10315;2146;28559;6177;26320;14722;32090;21879;7144;28459;2251;11299;12833;19973;14070;13245;3656;25842;25409;476;14372;756;11710;20257;31588;9291;17336;28023;5333;15069;5772;29592;16344;21979;29882;16852;14356;27810;14652;17422;872;20703;1303;5383;6179;3063;14127;26335;13176;11174;5727;21720;29740;16870;25033;606;3474;7186;15211;11076;9913;30027;8436;2385;14820;10267;26325;
13051;2106;9048;27034;22386;30143;9803;27003;31712;24963;2066;17454;7663;19994;3651;256;24461;28235;5842;25380;8172;27148;6453;30283;9676;28591;17093;18805;16124;25942;12904;19462;31006;20140;5997;284;22444;15063;14263;32032;11064;20136;8478;24987;28152;16149;2578;19275;18817;20458;9601;26231;10707;10939;28155;7551;406;8733;11285;5559;9123;13590;15371;28277;21958;26321;22185;30313;194;16022;24939;19245;8598;1018;2531;5917;24575;2899;12379;24937;28222;9839;26044;9321;5659;3462;174;7728;5930;21612;3585;3939;14925;16395;8268;23628;15994;4113;17107;17450;
703;4326;5038;8907;4483;2529;18728;28765;28942;23483;9830;29570;23884;25412;9033;22946;20173;29780;19348;10629;29457;261;6482;17441;31235;16671;20082;26544;23747;28116;4533;26886;424;26030;21194;5922;24966;19653;14775;32003;4652;32053;9594;30141;23089;23503;32240;18123;12785;25871;23799;13479;21970;1614;21199;17816;19916;5945;18887;9931;3624;1922;19733;26534;5511;5334;14085;32601;11303;7438;2646;20662;10338;24745;31456;8258;23671;18810;27003;12428;4493;2462;22301;30909;13301;9905;4930;10609;5296;17729;10641;29637;25649;18563;21180;18097;19043;6725;27816;30361;
16366;12068;15822;798;3255;6911;2017;28474;4005;18860;11696;24460;13227;12265;28751;29424;13827;2197;1905;2387;8631;29216;6425;27846;9318;64;21618;4304;8261;5605;13306;23561;8036;7024;10982;12260;3123;25887;16835;8909;21316;24012;26201;8308;21074;18904;29396;25704;14467;13922;12326;743;15338;26812;22439;29685;18512;25119;22526;21675;2868;19357;24901;21202;272;24152;31848;30384;26590;7154;12750;16162;15067;27460;828;17387;7051;27987;15606;21068;19453;7807;25127;14293;7760;6142;14466;12154;32118;1417;14122;9449;29496;9045;23759;16923;20346;22597;12570;31529;
21697;16478;30028;3170;3570;15227;18466;7834;12637;21570;16635;1476;13561;4950;17980;19908;30705;4814;8948;2430;9568;26087;8124;6195;13401;10485;8930;21773;10539;19872;7110;25848;31715;30540;15747;5812;18450;31705;19666;2344;10704;23693;1324;3066;27648;19278;22831;28252;27606;4117;4675;12329;21911;25247;4989;18736;7840;3174;17348;31440;24746;26319;25394;24517;31308;2469;20412;11841;6337;15814;32022;24638;3820;2076;9169;13843;7577;24783;27591;18246;4358;27321;5560;5538;22434;16155;26677;22153;30228;8590;25533;26251;31871;12348;551;6967;24837;25679;1343;26416;
25482;30378;6324;1156;24250;31959;19250;6458;10829;21057;8907;2602;29321;8612;20635;28690;10505;8897;18348;25317;29374;24662;15127;3942;14131;6733;18284;19190;13589;6196;19284;6570;16370;32749;13173;23201;2881;1191;15766;3733;9891;525;30468;27823;3944;22460;31284;14752;31573;6395;12201;5357;16548;25766;5656;12426;32589;31084;21963;9899;28548;23099;9027;25047;31107;5879;13601;19262;31369;3442;20807;13132;23331;13977;13626;10366;23210;21483;24010;12405;13325;4400;29174;5961;32720;28263;21770;18719;30549;1536;9226;27134;32091;843;8787;8158;4036;23857;22912;17154;
1691;10530;28811;26760;17493;6734;32308;31551;15191;280;23207;22200;27833;24263;13401;6304;17482;24959;27699;7244;30164;23665;31986;21654;16289;4174;29134;30696;13885;22529;12377;12950;32126;3485;6571;21361;4802;15252;18108;9881;3192;28203;25617;29330;29410;14634;28827;19354;5656;17880;25564;12602;1361;32038;32587;10780;2910;8747;20218;21020;21623;28880;7542;3745;8506;5325;24302;23854;10993;3284;22424;28724;7444;19979;337;3627;18447;15296;29828;26336;28996;18265;22604;21265;25684;19593;7645;12855;10650;32202;2848;23203;1529;29959;22685;20428;10200;15512;26270;13032;
9578;25716;19857;8633;12339;30626;19887;30634;8648;26097;25051;9498;17878;13801;31181;4344;1381;4865;8047;14480;22366;3091;2951;420;6731;5644;28055;29375;15199;9960;27393;17862;20150;31966;6511;2256;31965;26071;30834;16695;27029;6949;11882;17648;30676;1394;3237;15895;3853;31990;7883;3278;17841;23022;18809;31560;5366;26953;15404;30753;31191;6564;14945;19185;10076;29816;32762;30496;11803;14226;17636;16636;15615;8900;9207;2312;24392;19931;26909;29079;23507;6864;2743;666;6556;6211;21052;16311;11649;26660;30755;25755;30025;32436;14084;15248;25572;19884;6650;16978;
25332;12219;2635;4382;28045;10294;24651;14349;18489;19212;31613;1696;31296;24824;9724;29084;27686;7162;18201;2840;20340;28679;10566;16596;13244;25600;22323;21708;27863;28385;21558;17421;11889;13627;13296;4040;200;15076;21806;7333;29360;23788;17421;7257;11483;10196;1890;13691;19031;24059;23896;23955;6744;16985;11099;6517;12088;31599;9525;6093;24252;8830;28535;23034;6041;21240;16667;24352;12342;20020;18535;1400;4788;1893;22293;5611;27180;11213;6576;11744;13623;31534;24129;31570;25012;1154;11819;32549;21957;6891;16212;18874;2587;5869;133;26049;6516;14299;17684;25934;
26977;14735;21440;17711;20557;29278;23772;6782;23739;3404;7088;15986;8655;13435;10012;27770;11536;16362;13694;1677;2412;15452;22486;29627;29565;24213;28712;19721;8970;14028;26402;19579;19921;14430;25855;12914;18307;27072;4523;5432;25361;20663;8232;20186;31014;28363;10544;32054;14324;25081;6428;18516;8244;32168;13572;25338;21352;28638;31528;31098;5988;18100;25230;719;13068;27143;15853;10216;2143;23921;17866;13636;4021;24183;3553;19135;6212;13060;27078;15788;29161;15383;1228;24867;25638;8376;12582;10396;5735;9520;12876;22717;19849;633;1697;14961;8860;20980;29778;1082;
5864;24922;23937;28104;10543;757;8099;8650;20530;11792;550;516;32374;940;30807;29090;4936;2932;14980;6604;23807;15603;31325;23674;4225;10501;13984;27018;23049;22411;29174;10768;27431;11619;20760;30189;10760;28312;25653;18339;26103;12501;8088;25191;13604;21024;18310;7800;24484;18372;21349;20400;31674;22927;3108;31320;8021;7486;27094;19009;19161;17974;29856;16;28962;7541;11478;18650;16583;13767;15969;13297;4763;12349;868;15101;8570;9435;6687;4174;28482;913;4627;10096;31519;365;29798;11264;11532;26126;11146;23231;6806;19804;3610;28901;2275;12662;4356;9656;
20468;20716;25837;25180;807;17711;721;11245;768;23877;27626;29643;23592;4289;8404;16949;6070;7923;5102;28442;24750;11868;6915;23851;8903;100;9258;27445;1650;3408;12778;4014;28183;7278;25250;21134;22690;11410;1832;6496;19774;16582;3249;31128;13408;25918;15857;1319;16904;138;8067;17741;21828;17679;27530;22446;28917;22200;28825;25001;12757;30953;22480;19941;26041;22709;5704;2092;10260;18256;3506;11133;10173;30919;8250;22108;31218;6894;15282;6509;7836;22682;8172;13377;6612;7441;25703;5232;18087;11199;302;19176;18198;24619;24318;27524;13665;10793;12967;2785;
31366;6736;10164;20077;28164;4782;7758;17088;8932;28603;94;27696;1530;15756;29170;17823;12649;19785;24802;8600;6501;16097;14259;8603;30269;21244;14267;14260;3992;6450;16006;26194;19710;20090;31353;12887;12187;32741;21173;31596;6464;17804;1599;11927;1195;10694;18013;1807;4872;4255;20547;20815;4792;13190;18926;25705;25424;1350;26193;17821;23269;4664;5295;10794;4231;12470;16200;19300;12299;5586;23863;16647;15118;8776;23451;21963;23350;31666;8693;2616;10683;17915;13777;14780;4134;4374;16809;5627;9817;20208;774;27750;12752;26019;25576;27151;10790;12780;17256;20923;
26331;3551;12700;22585;23124;12249;8891;6899;32291;30135;23937;25795;21641;28741;10453;13576;9017;17145;31914;15608;19295;11234;14883;18232;25313;18395;12026;15786;29413;26372;26658;16774;32659;1395;6059;2476;15644;15398;4583;31544;5627;15932;9675;12375;26235;13925;21655;24922;4473;6296;11450;25609;21099;15364;19439;13626;28833;20808;19629;16546;14283;2278;8894;23274;22972;32245;11053;8709;7533;14615;29542;14274;32581;24491;31641;2717;9879;25412;30815;8411;21613;17753;22432;6614;12164;17214;3252;22933;4503;32338;26568;4767;14816;29819;31876;8721;2269;23759;23531;29167;
10576;15508;9602;21944;19081;18539;13236;5437;20455;26056;26485;6578;6557;24741;22310;28934;19122;10616;25784;7024;12364;12130;32533;22347;11821;10921;4795;24355;21630;27496;28074;19984;715;133;6785;7746;15440;19172;30436;30174;4467;20698;2336;13833;17041;26085;22802;65;32765;31386;20549;9716;27462;10462;25946;13899;15801;20569;5805;7751;14375;22312;30773;3856;16361;25298;22700;7818;19744;7550;16880;22056;3649;23395;22698;9221;25810;13439;24365;25137;8046;26252;24481;26696;5391;4912;16736;23370;1421;11892;19872;12198;25441;12663;26451;4504;27311;25956;31307;10165;
10628;23201;26018;25541;23900;24649;25945;21968;18919;4061;16191;13692;27916;16694;14100;5526;13359;31422;3567;30190;5807;12768;4317;10088;14771;28605;31435;13904;295;11809;11686;20206;12801;181;1728;20570;2505;24182;21110;402;28504;8037;8976;7370;8416;640;3816;9475;812;20466;6607;14815;30249;27527;19884;23988;21158;27490;18022;25055;30040;1778;13572;27995;31521;29218;7699;20882;4753;30928;22344;8562;1710;28289;2151;16068;26352;18003;13155;20921;28816;26419;1991;24262;7427;4175;1364;28338;31169;25038;12780;31982;11594;23999;26287;8228;19819;30032;30819;8466;
27325;30273;16153;29593;30064;27800;16653;17937;24390;19605;1231;6880;7906;30952;20128;8267;30787;31010;19743;14988;11916;29802;31013;29732;774;17521;11501;18546;9575;13480;13944;31877;31061;16816;26927;31279;21798;27921;29387;24922;7658;31024;30578;17311;25771;8571;14626;15893;26867;8935;20051;25959;9359;10396;11224;14378;17555;28910;1543;2925;13214;16016;19737;9617;6495;27140;18644;31579;29528;10070;5991;17223;10978;21514;5013;21279;19570;24915;26133;31693;17434;11910;17977;22382;17235;26573;11727;15783;13305;15648;1093;21052;23703;1393;1296;25054;6629;8743;25933;325;
20879;14030;31913;8831;568;2317;30079;5256;5311;7384;18497;8474;21185;24806;1561;15558;9823;32614;14032;32068;1857;9966;19950;18952;14554;24500;31523;31509;15854;16640;23013;23062;9554;6881;17499;14763;5108;26656;19834;5889;12315;7282;9838;31141;20975;8945;29499;1434;7483;8397;21156;29609;26738;20543;7500;25592;5360;1983;8219;16094;15491;16759;21987;6134;22570;14071;25667;18290;17436;25898;24524;11698;17676;3209;7011;21782;29356;398;1766;26128;11120;24940;24851;8573;30100;32509;16549;21813;29024;7164;14527;32480;16555;17012;7310;4364;1950;21112;9771;3709;
27322;6165;1214;28612;11804;32133;5609;1812;23040;11685;20068;22096;2181;15018;5604;2920;16560;7439;6722;5862;690;7889;24025;4292;26990;1759;1328;24449;1334;6348;10201;21876;21461;15560;10392;14431;31187;25550;22728;26439;8436;31775;27387;4739;8194;2542;30945;14868;20428;14429;8299;26164;12655;30376;31791;20017;18900;30112;31503;24956;22138;6492;23317;26365;16246;13099;19362;9898;27320;6092;31432;20824;21647;26082;4596;6865;4464;4258;26064;14886;7411;719;23911;17479;6686;28136;21643;5328;26854;6560;32115;14630;13555;18318;1449;4547;24996;32550;548;7630;
30547;21992;26288;9455;30170;2007;3223;13153;12373;29741;3194;7241;5674;21069;28544;30278;3399;13049;31667;17993;16811;8645;8102;19623;3624;31435;16731;10348;25191;18593;29797;17651;18988;16008;23370;17843;31195;8934;14379;25692;1084;15863;28839;29987;7547;8383;2300;1369;3955;22595;23151;18499;17195;24824;2287;17958;929;28284;31733;417;24007;23428;24238;1855;16844;22038;27484;6989;18844;7160;1530;31209;18602;23400;27166;23900;2285;3085;28708;16042;22824;21550;11657;1127;20591;20002;29845;5067;27367;16903;30525;30729;25549;10167;4423;5085;28858;1272;32175;4452;
16933;31731;31562;1073;27945;7656;9385;29085;8840;22047;32576;13150;22257;290;1479;26716;16510;1065;12769;26560;19841;30934;18684;27213;30848;16674;28792;24051;7550;6040;19723;6049;13436;28609;12644;22364;5440;15071;8206;21134;10325;25821;9368;14496;10579;7559;18419;26058;24161;16887;9243;14378;26871;31311;23289;15124;5097;24494;29833;7338;17057;15964;26680;8620;26027;18504;21904;2961;6264;19381;12310;9430;19547;16944;25203;26518;9432;19397;11475;29275;26910;27250;17035;16180;11986;4572;27390;20743;8718;24385;10689;19241;3754;3502;12797;10028;3770;31346;10517;31992;
599;19922;31881;4381;13475;7166;20251;7528;20999;4676;16688;1973;5055;1156;6264;31491;17561;28388;2769;5838;761;16324;12393;10393;25633;32245;24867;9162;23727;7973;317;19386;4711;8862;303;17421;31539;17457;5334;31551;28008;23404;26065;9088;1355;15124;17708;11714;980;9423;8251;31504;2738;9504;15561;14369;22926;27544;115;5933;28820;29515;18254;23551;15408;3970;3536;28236;11797;12463;29165;26179;26500;30118;20352;18277;22731;23817;31725;23959;31244;11012;25860;28789;319;22331;5929;16618;14714;5889;28338;1277;24432;22475;30865;21998;10041;15844;17971;17538;
20305;31586;14504;1947;25826;4952;1795;30987;7494;23885;1028;21674;26823;23789;26356;28071;8874;16895;7121;19995;621;9367;24235;29924;12876;20877;9806;9648;12042;15149;8737;32600;21741;25136;20302;19568;15883;19180;26915;16924;21956;21191;14521;8484;17808;31217;2003;27979;7931;30035;15112;11997;26349;7362;22309;29320;26159;2425;30157;31596;25387;30918;28002;23413;10483;18179;12329;26089;32645;5832;9896;12349;31054;30815;2387;5421;14828;9592;32104;28172;6712;9502;31000;30296;19844;27626;13031;3473;27681;19575;8277;19275;1829;19477;18366;6531;10602;12226;27007;18735;
27098;21846;17498;21784;29418;11517;31004;18156;9061;26346;20860;29327;11371;10570;28231;31667;20665;25207;8378;22952;10539;2927;29487;19829;4734;28292;9469;32295;10331;18005;7577;12137;29073;18684;6913;18005;8611;29577;8026;4234;4994;10672;25047;383;24987;32190;18142;23063;16148;13521;9062;28277;30291;23369;20388;32273;12481;32122;19686;21003;27597;22691;703;5568;16179;6180;22372;7580;22654;29419;10070;4143;20427;15664;24641;9602;14801;16994;17188;28843;6942;31585;4531;26527;8355;29933;11002;7496;16755;31327;23362;25047;11720;22678;25400;15708;12103;19765;31308;30867;
24197;30220;20568;10241;20937;21715;21122;27968;10516;15134;14179;25240;7006;12941;5737;25807;26915;13635;3705;12097;22558;19098;16345;32307;7253;23573;7502;11108;21077;22167;22657;30949;28351;27602;28071;32299;18179;2049;4705;27491;5996;20442;3041;5893;10845;15038;12367;2476;1242;7476;5995;31781;15433;14229;15987;31685;22906;7433;9031;10496;27878;1713;6859;17464;14388;26406;26253;31955;4354;21027;19880;13968;24801;3198;15592;14619;26273;22621;12846;32223;7376;20902;30486;4123;27005;28343;28376;13112;31553;31064;31596;17242;30593;5101;15858;1077;24045;7921;13904;21026;
17740;4767;1565;26993;21884;8434;23230;14337;8884;13264;17102;27919;19981;7042;29380;15180;3905;360;15567;306;2994;29419;16389;19351;7854;6322;4797;26243;30449;28185;27705;28735;11627;3295;4489;8878;14660;24862;2475;18144;25886;22913;23799;1765;10650;26545;25531;4575;4381;25872;26658;18011;2260;12202;8026;22242;17141;4969;15861;7370;3656;21384;11152;3410;18151;26697;6579;1263;17474;17643;505;23776;26725;14806;20337;32520;13438;18202;14147;27645;1689;29463;1175;26461;25775;31101;23474;15969;30943;26232;14434;23732;8955;29220;11165;9093;17222;12359;7269;14043;
8828;26687;4078;13608;6931;10553;15619;3362;26561;28324;28326;26062;15166;26854;31223;19677;1355;15949;19287;7996;2291;22600;20172;24551;10257;4311;14247;28926;2066;21568;27493;25370;29692;2820;5076;20193;8111;24593;7287;27864;12396;14137;7978;24441;11923;26595;1033;25478;17585;4096;22671;23196;28601;4929;8699;25611;1170;6791;12024;30693;11986;10140;11388;14421;19658;4384;497;27954;19650;31430;14483;24020;28549;7616;29209;32039;5153;30071;12951;7165;28904;9344;419;5545;23994;9675;9911;10953;4999;7710;1238;32355;1295;25026;22898;26932;13548;637;25230;5956;
11475;31168;12320;9150;31255;17184;9401;9983;21358;31498;26983;27373;19448;21939;22747;14730;14205;591;9671;31177;9207;20099;16522;3744;3152;7708;16399;11358;10348;2817;20978;6207;32362;16742;30181;1597;6439;27715;2131;2346;2052;17925;24643;18684;3050;8579;1150;29544;5515;32563;15348;6834;30954;670;32092;30403;31261;23569;539;15484;5969;31382;103;32586;13328;6690;20652;20730;2495;528;558;5071;363;1998;8945;13010;23237;10711;16086;13418;17514;22241;23046;23340;18792;13655;27283;18676;14334;32521;5469;22581;26020;17699;12851;8077;29771;12379;23355;21405;
31974;4463;2964;31511;17193;21967;4409;10520;22161;13462;22057;12729;17572;10175;17605;3297;16506;1430;19321;23389;25468;20076;17310;16946;27500;655;16287;4145;6566;5242;1115;25037;6053;19272;12747;14122;1224;10607;24293;12406;4438;11178;11456;25724;19137;29751;5368;1398;32039;13891;30548;18467;19998;30115;10918;16666;29873;28356;5363;11358;12966;15077;3796;21298;29443;1155;5660;1071;12752;24597;5051;20883;4381;7418;14563;2524;16199;8880;14185;7830;4728;11846;22893;28017;32109;1044;15421;8086;16764;27049;12919;4923;469;31749;4462;885;7176;13833;28111;25166;
27079;15147;2949;6424;20461;14958;1241;8961;16064;32146;27870;13799;1907;30855;28940;28013;10992;27944;15915;11342;1492;30502;11379;10225;32186;5186;30449;21054;5052;31936;556;5553;55;24600;30217;6060;15311;23022;12012;29970;6579;13124;18976;11537;22306;17391;20857;11839;17455;2119;18999;14825;27073;16163;11054;4519;20701;9221;32292;9012;20264;6545;12411;9853;31911;22596;22288;25080;14026;30050;26978;2359;21673;22064;14327;27069;28813;25444;8699;23056;27314;4314;20011;7952;2379;3464;27377;15238;22983;12212;14800;24064;14163;29028;27139;24797;6816;4375;1633;4260;
5862;10930;31364;11418;10281;23741;29482;21907;14011;19919;7643;24328;29698;9799;3021;13930;29819;21053;15364;21686;11007;8121;4285;28234;10565;3362;13325;21751;18857;23545;12230;16471;9771;15303;15514;28768;187;8531;3203;24122;180;7705;5218;28494;27046;19448;6374;24224;12120;8491;687;20574;2829;16506;15795;17337;30215;6577;10209;22259;11594;28242;21253;4537;8866;3719;7660;10676;32487;25178;26824;30043;6528;4904;26837;267;2342;26963;24381;31321;12778;12856;14138;26023;29818;16993;20346;20981;25248;26619;29383;32506;7435;24970;17383;10611;15954;11483;8385;29116;
30518;16954;16578;4253;16424;4070;4735;20070;17419;18882;7324;28734;26682;24909;26092;4024;5581;14804;10457;4263;10264;27879;22023;10548;9333;13065;10804;12333;8004;17579;23395;9632;29231;18268;8505;10665;10163;6970;7335;21896;16347;7340;25289;10998;12879;11859;12046;3514;20878;7997;154;31607;29560;16732;9960;30152;783;17463;436;21134;24446;10208;30744;26249;11355;23590;27381;15910;30505;24587;9876;22680;22049;30073;6029;6442;25650;15664;18152;25300;15942;20227;24963;4620;26055;8772;20147;18654;11361;23165;6702;16703;3338;19552;13609;6559;5696;20225;21181;20413;
18834;11587;25487;23999;5218;19344;29872;11650;17897;21966;30146;22063;9852;2446;10845;22543;5133;28806;19121;19104;18420;8001;5996;12520;10736;19477;25822;26633;21608;21078;24922;25622;11767;30153;6880;12069;15400;31323;2042;24229;4990;25619;6116;29426;2232;29510;3567;21799;1874;12554;11303;26420;12623;8172;28980;23088;11318;25830;28030;16112;16219;31883;29589;1240;10079;20613;10191;23281;17146;16705;13107;10044;31992;30697;7573;2118;6018;5267;4867;5373;15519;3256;6240;20162;30715;19943;29519;31167;32230;30906;18771;20347;25503;18442;14900;16299;11475;30815;31140;13132;
21089;17322;11298;1518;9824;17719;2847;10579;14691;23005;5215;10040;9467;20600;18595;30067;24446;32409;15749;20542;32007;3451;1699;3795;446;4921;14847;9785;10586;19519;5030;20061;18404;2302;31888;32100;10173;9189;30920;11584;2274;5004;16588;8065;9583;27954;2615;4974;24418;27497;17309;8789;31650;19728;18359;13855;3648;8322;19392;20007;31740;20237;3358;1613;13579;31910;581;5190;3351;4058;4825;12086;21640;30216;6930;5504;5890;30670;15973;9436;9006;12737;19809;14507;16318;1377;17111;17032;12715;5708;7229;20768;30657;10161;4436;31043;24414;28168;28425;21819;
22135;10496;6553;3676;7899;6585;31225;9436;18108;10548;23157;27109;2667;21256;30359;24553;867;10326;16970;30006;18569;32510;11327;19658;25522;8467;24464;2408;16486;4237;18596;20203;30692;13118;24914;28123;7781;31496;2121;27966;30117;24140;26543;26288;10400;13477;12040;26806;29849;19415;9306;21328;25441;18690;20622;25293;31446;10780;19226;23779;1450;31645;26845;5119;22886;5756;21066;13530;15790;31323;17609;4685;22726;6143;858;25446;17749;8194;14972;10171;13673;10700;23373;9726;18108;18111;12786;14546;27702;21938;15161;24029;4274;10913;32125;15135;22277;24226;26827;3714;
6972;23579;578;15282;6438;31539;24256;27694;23571;17030;12475;30112;23514;8221;28012;31338;27425;11933;19763;30849;23256;23230;11063;14974;30471;31999;2125;24306;16586;15257;13595;27130;2457;18609;26493;5396;21453;20689;16167;20785;7264;11673;32140;12044;29173;12466;29951;8633;32024;6916;29464;20353;24006;5161;10842;25837;560;13857;24338;7713;23228;327;23426;31339;3917;19587;28479;19996;6596;1474;32216;9879;27079;22179;24760;13479;30145;371;8270;12566;23849;2652;18539;28539;8;217;23531;4947;12213;32109;11159;6995;23779;10133;5194;14077;26334;22523;26707;6770;
28690;10988;2075;17543;23501;5900;28168;27418;22854;23625;12704;423;8157;24333;17906;3606;16548;17336;30513;16343;12575;24141;27555;32049;29512;19051;11193;23255;32470;16256;30080;12733;20415;30009;24376;18217;15868;11325;3393;15117;652;12058;32575;12436;3515;24447;14454;25851;4772;9133;18294;10402;27637;18472;28925;28259;15858;10674;537;25890;31165;15225;3469;20389;9684;15760;6262;3750;4059;14236;31278;4391;19356;3024;29553;7942;9036;13851;16574;12753;23823;2975;11264;20443;31167;3686;24942;7568;20713;10576;2992;6405;11801;26704;31555;13268;21336;216;23838;16166;
1266;16018;17558;24081;637;10321;3199;29221;4374;28999;21396;13889;31470;2680;6169;31659;10246;26734;14014;15712;13366;20783;20679;32169;9844;18028;23914;8687;11603;24571;27256;16592;1226;10888;20544;5747;26935;24199;23729;4888;15267;876;14782;14323;15176;21279;4871;13882;30800;29098;16053;1149;25568;19765;28069;24118;8533;14901;9930;24993;31950;8160;4556;16333;10986;18660;21749;13043;13779;11352;2638;12040;15227;17139;4101;142;24869;15484;14354;19887;8232;10625;6938;11660;20463;27980;4756;18899;4421;3091;7722;16015;32463;10607;14434;11333;18138;19215;24189;12348;
4696;13230;20384;14108;23844;27202;18225;23995;9102;16759;13956;21555;2323;29531;16823;30520;23660;9563;986;5032;7371;26734;24147;2148;25697;2448;22401;14943;23587;18034;19616;3828;7374;14960;31469;24701;8488;6083;9226;8481;11657;248;20899;8173;20635;5792;31826;9254;24926;3402;6592;21214;7791;24494;22030;4806;21129;28971;31859;25155;8780;13428;21286;21444;26429;10886;28286;9298;15375;19933;16215;8297;7713;15847;24761;19206;18503;16057;26804;31489;10957;24833;16526;25245;9401;26171;18465;13662;25169;13608;18558;24602;1245;29308;31190;1875;30638;4567;8347;16324;
5727;29431;1506;13626;2139;24364;20236;13221;30111;31500;30885;18031;30914;103;30860;25100;29234;21630;19284;19411;8384;20079;28907;13324;9055;16884;7289;13898;18472;8781;7051;13307;19618;20859;14449;15677;29505;28591;7140;31731;4652;16130;29165;21784;32579;28518;22018;13396;32097;26333;19057;13773;3806;23017;16130;8768;20825;18499;27351;29008;18100;12751;32152;17950;12127;6096;27597;6681;23002;7769;23179;2584;2933;25092;28243;31142;26203;21989;311;156;28878;15809;1086;22262;8628;6268;4106;13023;5715;3793;26808;19726;21849;14918;30984;32597;17183;22622;2238;12663;
11054;15888;12872;2107;771;8056;23456;2750;18959;32717;13940;12813;11010;23955;2949;5875;16969;28433;21837;12816;11733;774;28132;25131;18975;22936;21540;11466;16489;2445;19468;27903;19014;17853;24162;25732;20060;5831;31644;25354;14953;23812;17921;30671;16004;11961;18188;24943;19878;26257;5137;12284;1896;30282;9762;19792;28430;20910;26932;24482;5061;1477;18046;14936;3625;20553;11810;20764;30474;19290;25615;24882;15216;371;5158;17673;29148;32157;29084;9744;5329;11234;26015;202;18067;7685;4412;12069;559;2160;9856;27912;23995;2926;23773;2859;16863;7322;1232;17451;
14997;9368;32449;26590;17708;9474;6443;20708;16275;31397;6652;22654;23764;4078;30527;15523;17119;5023;760;11345;13705;1990;3663;28194;29396;15600;18417;21791;9329;3482;22964;30680;2691;28136;2426;23989;17318;9114;24919;5767;22064;14907;8950;28770;24247;1947;2616;16303;2003;21632;8991;28029;12068;32153;14059;16408;23447;8371;5250;4573;26854;10799;14357;27212;3166;22196;5633;11615;5861;32033;3315;21786;6203;13510;17232;26980;18304;11219;29652;10773;21751;16912;28025;8016;2313;15311;19098;1043;21645;8480;9048;16140;13894;7491;16189;23983;6573;29283;2591;17797;
4849;21889;20551;4039;7229;18094;1491;17195;14393;14717;7513;24574;7635;8632;12749;29299;20799;14418;1957;7995;20028;3229;10554;24149;10138;13757;8818;22568;16377;14429;8092;6351;32723;29856;29595;3508;11453;12378;18759;352;17897;4481;1040;2449;2544;7390;5093;7053;2510;3336;16468;15031;27950;5523;12018;30048;19433;26245;10493;9183;16585;1033;25664;7652;6546;18024;21303;23049;18499;5684;16500;11178;31129;14535;14657;4855;29909;16620;2951;21319;10431;30683;23278;17328;2539;21099;4422;3540;9787;18051;11814;20221;4517;5329;14802;20333;4150;23231;24418;17391;
8535;163;29217;19890;20560;22582;25140;11351;28170;32584;25724;22089;6169;23218;20925;27469;12537;15755;255;13658;11672;4255;8500;11178;23573;3612;22044;11281;1992;25999;7270;24206;7810;23567;14616;30496;15126;15544;14384;18906;14616;11612;16011;25914;13796;15220;13063;9911;8930;13661;741;32153;19721;9153;1393;20493;32162;30547;17124;13945;6223;16063;8841;269;23115;30944;17439;15259;7923;22324;2175;9128;19846;1166;3454;17603;21545;17419;8469;12053;21550;31815;28607;31802;25493;721;29219;5711;2003;15324;24051;30028;19923;25143;7700;18068;9019;2943;5631;13003;
21744;15507;13415;13800;22236;8776;6428;15755;14575;16990;21039;400;28003;14515;29783;19172;17477;21687;4755;7319;16433;11040;22801;29491;10333;28639;20303;3661;31704;11346;1408;30809;10772;9659;12593;16579;13475;2033;32044;7227;7742;10325;4252;24400;19211;29960;4467;1856;13856;25691;9737;17678;8259;30855;14853;16086;7155;11167;2689;31582;6829;22466;15721;11245;24424;28565;2084;18528;31330;6896;10615;12666;12830;3032;15014;19836;32173;8110;7132;21237;29742;8357;32716;13788;21905;15226;23193;27356;4256;32095;14323;29935;27199;28216;15492;28974;10738;6921;22154;5352;
28577;9391;25029;20977;5784;9935;17043;5436;18898;2829;15450;21420;11639;7294;1830;22824;16803;28511;26771;3566;25193;28935;21486;9769;2328;13338;21911;28613;12988;19712;19881;12930;4072;21141;15837;22087;25011;22306;11948;17338;10241;28045;28596;13069;1284;3788;14173;23834;31234;29599;26044;17075;24920;13951;28344;32307;18879;20945;12139;21337;5838;20064;13003;29015;2752;13834;10633;6949;7544;7866;6457;10779;17602;24982;1716;7871;4572;21113;8122;13276;18485;2979;10204;10196;20852;8623;11417;12342;12988;21446;17608;19347;26414;3091;24374;25998;17328;17526;25743;307;
18413;9085;12418;23946;157;26000;9760;18539;24327;26219;25477;5011;10692;24274;22715;24568;27333;10879;17883;13146;32408;10848;25717;3099;10470;5887;16434;26448;21057;22338;696;27928;21276;12116;14030;14125;28699;23523;18113;26040;27534;28044;14854;30314;20536;30867;30240;4552;22868;27864;1733;17094;7130;10758;12604;19608;21758;9230;22281;4805;505;11220;27596;18301;9485;12327;615;21548;23491;2807;13663;12367;10872;11970;28293;6791;8471;18512;20949;26603;15656;10400;20382;23971;11530;2850;8675;18611;22652;3111;14593;18452;21091;25493;23443;32009;6087;14303;32147;5552;
16414;7476;4802;26071;717;5367;24649;530;13804;8560;4512;4362;10825;16833;5295;18200;2224;27163;307;16403;5226;19505;3940;11110;30468;1005;25045;32357;31058;31842;9883;8417;19890;8451;21425;18425;20373;12050;667;29492;23612;15195;12106;16333;10432;16417;24128;1614;14677;18265;28148;30304;24015;1302;6008;9442;22374;30277;25177;16440;2998;22426;4039;24294;26890;2250;16629;7261;24537;12283;23747;30740;5521;12664;30875;10971;13460;20394;18584;26221;32128;1860;23278;13124;32180;31677;8838;24753;3856;2051;5352;15147;1275;18286;24414;31976;10923;10994;30550;11434;
30369;28314;2569;24284;6002;817;3930;3293;15821;16450;1025;30364;18362;29252;3816;16997;12576;6414;5589;20218;28042;27281;1354;27622;3882;28101;20394;27662;24351;16868;26524;18057;19187;26071;14772;14769;19304;5101;26961;9338;10356;1491;21697;2563;16010;13505;9388;29547;10523;27121;27311;9190;30301;13141;4935;21264;18507;4233;12017;24961;1773;27655;22159;15265;2009;13466;12046;24253;20218;11029;20550;13403;19600;14404;4897;14283;15480;24355;2816;6655;2734;8014;11866;22429;24848;23481;29350;30033;16996;6561;24444;22120;22173;11202;23799;24987;19546;7627;16733;26664;
29616;29711;25090;808;30249;4989;11113;23324;20492;26066;1197;3529;28383;3597;543;9798;6443;16675;11057;23379;895;5877;22419;2028;14007;26495;26523;4638;11134;2130;23530;13338;16146;32324;4173;23432;25928;30566;7649;4893;15311;8502;10363;10864;25272;12054;6982;4105;15926;9469;6318;4539;1443;14957;8573;30517;17348;27045;14148;10963;11342;32535;32253;25786;27305;15644;8430;3107;19955;26599;32465;17143;30280;19895;24881;20381;26433;8017;17175;22799;9146;11438;27366;10548;14041;23025;23428;26986;20044;24732;24762;3425;18897;12546;15070;24624;25596;2048;11695;26530;
22581;3304;30336;4561;10752;3006;28057;24823;29057;8103;22234;2432;20799;24990;9633;13924;31016;28521;14318;26547;23253;24267;19653;8050;29456;28924;14804;20645;19603;6742;9302;17581;8211;12881;16695;27348;13693;24497;24697;17959;27264;5374;18390;28036;587;12597;8359;20979;8856;6333;32004;16185;8681;23196;14381;19115;2833;13803;13864;9281;31223;4999;18092;32235;13719;18442;12094;32040;11081;12794;8346;27348;12102;2112;6996;5441;9832;27867;1983;6282;32049;6101;1294;292;4111;11894;13241;31926;26846;6841;32547;3371;30127;30460;10873;29189;7368;25083;9437;15348;
20972;20223;26820;16039;4316;9811;27292;21730;24861;18936;23219;10961;18172;21145;15956;668;17872;6337;9267;10043;22399;24140;30730;396;32067;11292;14725;930;19886;14349;6748;24160;9196;26410;18366;13639;21577;16417;25334;17549;2546;25076;27977;11631;12800;21234;11037;23752;6066;15334;16993;16353;5626;25486;6184;15243;572;32334;12695;6507;13394;9766;7170;24470;20435;3810;8274;18014;12949;19088;17834;16491;11376;12855;26442;18701;25669;18118;25011;27856;3647;7755;6923;16465;22361;12645;27332;14673;10785;7420;9337;7688;12475;11311;18968;32443;14376;16014;10566;28049;
22729;24202;26623;26787;2078;7209;17533;10834;30676;32767;3164;21469;26111;10841;3835;9779;17060;29371;3877;15621;20090;7053;30705;32;5873;28177;22758;16122;29556;21144;28003;10890;26603;14582;13118;8541;4229;25907;21676;487;31412;29827;26977;30487;3961;11896;21240;29486;29409;30327;14484;19664;31952;29033;26056;12891;12029;13234;4276;26489;19518;2919;19313;241;29958;15035;9392;4803;27947;14011;15261;1139;28397;15932;19210;32677;12085;23825;28617;11498;30490;12161;11865;13018;30377;31224;31686;11107;13542;26876;19914;864;16654;3427;30264;30829;2335;26819;19866;10490;
31130;7723;28953;27295;19080;6928;6046;23215;7611;19594;16951;23824;21078;13505;19388;32074;12688;29857;7090;26077;22708;7638;111;25048;1132;24820;29823;7335;8512;27637;21319;5165;17754;3305;16616;28947;30604;27881;18791;14687;26516;30541;31498;4424;31646;16671;5;32328;22282;1231;31573;24692;15984;1575;11501;5641;31969;29314;8464;32071;11888;4409;28414;18562;5105;22623;19154;22646;21505;14766;28331;4315;19783;15296;7946;23353;24057;13187;20091;19454;17569;12775;9336;7630;32289;31193;27530;30490;17652;4725;10929;11764;5560;18807;28166;32289;23785;14835;671;25968;
12784;11079;10675;6731;17244;23629;1790;20620;22639;3797;20071;16530;3036;26450;29921;9363;9167;29907;26767;8243;11054;30005;5163;18006;12318;10647;12712;12595;19402;20239;12310;24747;22368;3995;12487;21208;29275;32603;24496;2792;15880;31229;11025;31276;29251;29816;7769;32620;12162;5885;25668;28798;12822;13098;13382;25110;19117;27266;12076;8672;16410;6426;28417;5836;32345;22676;20014;31658;14029;12113;10726;10230;21965;16355;9153;23285;29023;3265;9895;15617;5443;9279;13040;2848;4148;18621;13769;8412;9834;26910;28634;21583;19811;32124;12070;22654;21731;7193;24626;6632;
8506;23193;14953;18782;23237;20335;3007;2324;14007;18326;26517;28665;15641;1153;15580;22340;12304;5716;6014;9807;30815;9812;4345;4265;15148;17820;13389;31335;32007;5139;22809;30394;30248;21402;14849;5319;31736;15242;19026;28338;9172;8285;3817;12028;781;17323;32337;16;12339;24665;11307;6680;27027;18189;17363;25365;1278;7908;5696;21807;3276;7784;16172;8009;11809;20668;9589;13273;23663;15130;23236;14839;20028;30336;7788;5300;14118;4517;1941;29868;25380;20274;6809;10207;5902;5167;19886;7100;23136;6843;16582;17791;3643;15617;11443;25789;30124;27751;19855;21565;
4913;10504;19547;23818;32633;3429;27622;16326;7532;16983;31984;26689;20331;28489;23952;32587;4569;31395;2003;20166;7898;11913;29606;11263;32602;5574;20470;23614;11602;9475;22293;10139;11078;1085;16992;3604;13587;3190;8479;21213;28135;19882;5804;20983;12177;12548;17368;21508;24315;2898;24458;21594;27124;13239;17065;27990;21043;29343;27452;24306;27033;23800;15056;25498;9143;28576;29722;18236;8336;32537;15326;29855;21664;20356;8464;27893;29213;26829;28728;23987;30588;31523;22043;18592;1847;26539;5527;29228;27854;16757;21711;2564;29452;23215;17800;16867;28555;12824;11475;18091;
10106;21688;3565;20404;29086;1999;31843;14436;14743;20235;22905;22528;18533;8957;205;3009;30250;27598;10296;10027;10545;5166;30453;16026;17968;18574;6149;30;30154;13967;19409;3720;25432;24762;15634;4805;22761;23153;7406;30571;23687;37;19043;658;12989;32714;2281;16869;27222;17800;2643;31993;21862;8372;20471;8669;5007;13566;9998;24562;4477;3052;17502;25852;8627;23175;17174;28794;4746;20308;2809;12595;25974;31877;25022;8466;2956;12913;11191;21299;19265;24130;8114;26686;13173;16621;29213;7412;16304;4712;15213;9991;4523;25879;7616;21551;25618;23943;28096;8058;
6792;4702;25291;12516;4844;10386;4690;31527;7130;32730;14975;27604;13429;866;8219;24995;31076;29379;942;23815;25371;14130;29160;7942;14684;6391;29503;10824;24573;26914;24282;23150;24811;29561;21678;1445;22383;19636;8935;23674;8368;20717;6793;31728;30074;26194;5975;26063;20797;22557;16116;21312;19033;24006;15176;5527;16280;8822;29733;31088;32508;24768;3114;24573;18876;26252;9448;670;22921;5459;11844;5298;19221;12946;17692;14254;4566;7288;25902;30060;22792;14050;29237;13509;30193;9354;23636;23649;20328;8315;25528;6094;24216;3017;16250;29392;11522;894;11202;16120;
29633;4823;9010;30584;16402;21937;18306;5942;16659;7998;15719;5407;8907;30972;32698;31422;6763;3560;28118;18701;2003;21999;6466;8075;20568;5541;5776;22926;22213;1593;21892;5595;13471;14761;17529;23668;6318;3890;17153;22193;28344;19467;10188;19858;13456;11346;24011;25172;8272;71;23700;13634;31714;10680;9;28366;22981;3516;820;24288;1805;20132;8822;9838;24236;25135;10465;8013;25073;22525;27874;30279;14926;25670;35;11117;2142;716;5807;27822;9254;17934;26968;32425;12956;9919;5974;10176;13413;26486;19248;20846;29155;24743;9952;21466;26735;18642;15154;8108;
7395;19706;3693;14879;30556;3417;30261;16215;3134;21074;18608;24310;30328;3495;10472;1770;9993;31724;29296;12424;19907;31292;2123;991;16206;25642;2825;17734;31857;3578;14899;16696;16013;12050;1257;10850;11626;20651;3530;7673;8758;5324;9748;16977;7115;27001;1036;13228;18481;31784;14497;13136;18276;372;10316;19676;2903;9493;2874;26075;31032;13840;14509;27546;12278;25387;16800;4919;6145;7076;7850;24571;8273;26658;29988;25577;19625;20460;14222;28311;31005;7769;9519;7741;30418;7304;27900;1804;26117;4944;30651;25793;29006;10618;7528;2681;20006;29230;18904;1223;
9896;16300;21660;8708;20628;3645;4136;21734;30105;7016;21557;9556;4308;32104;1891;9081;26004;20190;27683;4376;21344;17092;13524;13599;11067;13474;9004;3454;27174;2308;14042;21305;31975;29227;12137;1212;28937;27907;25960;27248;14116;2645;16072;18827;23134;22590;17029;14636;20786;32736;3977;19879;19312;27479;15053;3613;8581;2030;22721;26705;18685;30867;13806;5814;29254;19593;729;11469;13239;3677;30507;15789;26064;16155;12304;20707;5316;4545;19933;6525;11060;31476;5365;9058;14910;26866;5613;27365;694;14280;8430;4761;9139;13765;2139;11110;4686;19502;30388;17116;
16038;8243;23483;11208;2600;16418;13525;13573;29453;12507;13490;17045;6435;28548;3632;31984;32721;15230;26237;2716;12629;15511;12924;2046;10065;22913;875;12656;7302;21123;1730;29588;11231;29806;15710;21991;24753;30675;11742;29593;7233;24691;5710;30364;29831;28919;24835;18683;28721;1761;24773;28781;17387;29379;6196;18474;29918;8366;4196;3325;1142;9454;715;28570;2409;244;23133;8499;23029;13460;20469;3654;11113;28529;9719;15289;19174;30389;18227;31272;21351;4869;19725;25470;1279;6836;12507;22210;8546;27702;11407;26164;29095;27864;3734;27545;22860;24495;1280;14035;
6779;10446;9184;2740;12171;20668;10998;23572;24010;23590;20107;1825;25978;19408;1949;28407;29465;22737;12092;15217;13798;16640;26932;10558;16288;14250;8684;8247;4497;20102;9102;1007;31435;27370;1640;29324;11186;6974;147;26070;8890;24754;22738;27278;22130;16684;188;25089;16578;13700;6686;477;12144;18420;27547;1602;32233;30410;2197;18972;7231;12128;12369;14769;1902;30030;10325;21366;5859;2526;5653;11047;17215;10177;7119;8982;19032;9984;15540;20420;21632;7477;19528;14766;32523;19962;27915;29033;28683;32674;25177;10737;22366;2087;14735;19775;235;9828;3695;16153;
23592;31620;28358;16942;7392;14523;8523;13154;22835;21812;21451;3943;18654;24650;29827;30349;2492;17402;15054;8923;3469;2968;8960;1118;5367;706;24977;30657;23498;16531;4478;19230;23176;29464;8684;1300;16677;32520;18190;8730;3851;18351;29258;15378;27745;13100;5527;20514;10381;16092;13866;5823;503;14358;4689;8714;6928;27929;24223;13920;16532;27202;24137;4396;25868;6019;23248;4608;30102;18960;16096;31205;27624;7771;22649;13551;16787;11843;1612;25108;10373;30600;21608;3389;11474;1667;19477;20382;9140;14612;31488;19011;3024;11739;30105;12012;17082;13227;22714;19227;
13244;19771;3721;18795;25555;7455;23199;7459;32507;19959;29034;19467;19116;19175;7887;2687;8613;23623;16404;24001;23784;31899;5374;14484;19974;31173;11318;17926;11932;13945;28401;22157;10526;8178;4048;9045;24275;11235;24837;23513;3873;29361;21944;12721;17419;14815;12969;22186;10232;714;12822;8476;26806;29078;7903;19064;19390;8296;10984;31777;22458;13013;1215;7805;14148;15771;28799;7755;14577;22159;26612;7223;4238;24791;1535;15019;15785;26969;16700;32233;15188;10099;14819;29271;23845;30189;7916;3353;32129;22572;28279;31461;24858;24488;5482;20755;29623;1440;12892;21748;
16948;19724;32690;19813;21961;16595;10503;4772;21647;8766;4050;20578;2879;23468;17218;11801;17469;2952;12141;20895;4054;15225;18346;28668;25030;6104;12347;24697;10238;15207;11056;26105;16036;25408;19591;8844;25946;7947;14744;26946;6595;20852;30641;25149;31555;5341;3581;13578;7175;22607;32426;11570;25414;18615;23370;3339;25798;23119;30842;724;20897;1626;1218;29697;26185;4372;1725;4820;31178;27625;1658;29229;4687;2021;26145;2979;8936;11372;11738;27603;22154;9771;20202;30968;3160;25166;8735;1981;26912;18931;9583;12879;8745;29151;15580;9653;25900;29296;31387;22884;
416;31699;12916;25870;14138;31351;23660;26812;19893;24514;2722;15132;22991;25346;30327;21020;21396;20134;26865;6583;25054;11694;610;11535;32541;28000;9540;9661;23380;18237;2152;30053;8036;1843;13392;32141;30093;532;28633;22959;31538;20551;24604;3980;32732;8382;24471;6596;13698;14375;20616;164;13832;28775;28314;30015;517;19524;25539;8896;23753;29537;9325;10750;10655;10864;22228;31569;11855;7075;18863;677;24295;867;15890;22988;5819;5445;2195;29977;25259;11578;19884;32298;16548;8454;23904;20741;30826;17907;29217;20327;29076;32454;22258;32344;10968;26098;14537;8707;
13960;26636;10039;19397;24669;25215;2122;3716;24692;6785;947;19778;16278;8261;10532;22513;20668;29298;22012;19081;25554;30165;7718;25177;5564;5458;15422;15770;24983;7713;19702;14666;22337;11319;22969;24888;6939;15105;30350;9819;4877;11864;30526;20327;25803;26546;32697;22434;10583;15253;29622;12276;31176;23378;2458;5694;14665;1775;1179;30445;16484;7013;23077;3279;19841;20748;18044;13093;24233;15955;5284;7673;22672;29364;7550;27826;7891;15847;16947;19173;382;30550;26069;4974;9169;22994;10820;10688;16452;18308;29775;32121;28104;2598;31516;27706;19024;25459;26314;30133;
11920;475;16980;30215;20228;11644;17593;23113;28213;16718;13658;865;1080;17565;28579;19230;32631;14525;18925;24453;692;28409;25507;26725;17482;31436;7844;11058;29366;5204;18409;8463;16983;32515;13160;13101;2162;18584;20280;4436;1913;29773;29173;22207;20621;26194;26726;28973;24129;9083;1629;32309;19617;14646;16095;4826;21107;25023;1925;8543;24508;14487;2850;29021;1414;4914;28582;24082;2785;20975;13123;20220;21288;15694;25806;7846;31109;17246;15207;25539;17847;10612;20828;20601;24083;1570;1611;7167;23241;5991;19591;10858;7785;18724;26045;26308;6054;32719;21208;863;
20569;31595;31521;5224;28105;26296;20139;14527;1577;26279;26606;17670;28514;15888;28850;9465;27411;22951;20015;26365;21462;22573;22642;9723;12230;25315;8450;17774;19518;27204;3268;13243;18147;6899;17692;9922;10212;7923;17493;1714;29056;32534;323;31521;18633;14520;32294;20060;7080;23468;16082;6907;26658;17527;27149;30649;2265;18108;6713;5507;10966;23544;8499;975;20613;10864;17274;3887;1537;30823;11924;28198;10898;24467;11949;12346;29557;21714;26498;9034;3035;22554;5245;8994;30259;24750;5153;1869;4780;22936;17065;9002;28406;16979;26604;3139;17225;18376;15492;6873;
16553;27004;18991;22724;5224;32519;11125;21114;17644;12744;28300;32365;19379;16087;8056;11930;4243;5435;15734;16478;10823;9309;8091;32396;2087;28349;3257;27070;26935;13540;2690;23272;17507;19610;10224;13363;1545;30808;18148;5128;18104;21248;10509;15978;24376;9164;17419;12426;32202;11908;8404;4757;8368;21493;19031;31697;6640;5790;3936;15592;86;22444;7100;9348;12728;24617;11421;29211;19069;2672;25664;27405;13920;8164;204;17900;15986;16097;31358;24602;14430;23795;19715;29082;15089;14662;28709;13088;31706;21342;17322;10858;15022;14856;29305;4307;23855;18065;4351;2086;
8397;6197;31441;4528;1389;25562;13203;31641;21866;27647;20248;14452;28377;13551;9418;21780;12818;18746;21069;161;14700;8805;20831;23276;15943;2529;9475;32000;20304;1594;25054;28666;15360;10385;5601;1562;22886;20044;21288;18969;1063;11020;25122;30909;963;11999;24307;14508;13081;7352;17942;1150;4654;25884;13383;31509;9514;6429;23968;2609;17571;2444;2;10047;17182;26219;21686;2674;3027;29345;17748;8213;7857;8177;26596;9248;3490;10029;1604;7177;24336;28839;13514;8924;31144;24809;15401;15246;32094;23974;23193;7567;11697;7920;8242;12190;20784;8362;27289;9441;
10813;18497;17375;28725;27921;4759;10406;451;22272;24128;31110;724;19198;9713;7087;998;5987;16181;3279;20734;18667;29026;28214;24641;12033;30924;19256;3774;30013;19000;7890;8079;30251;10900;23697;12576;11086;28389;176;7374;24164;30848;27520;29876;32748;16765;3085;5057;18150;3433;7679;29710;32218;4667;32446;16239;8475;11657;24026;20041;12877;31228;19625;2211;25893;22786;28978;23935;2416;17602;24649;17514;22103;32341;25340;32082;31457;27699;11054;664;6073;15595;15234;24934;1586;8728;1659;27715;4232;14224;2273;31716;32617;27358;25446;12869;8371;30451;14217;29689;
11136;18456;19387;3007;9568;23591;15040;11349;11493;29435;12889;17553;19813;8997;1312;22957;16379;9952;5043;23523;15823;30024;20756;10553;18327;31686;26192;12959;1630;3023;14687;30519;10628;20686;23372;18932;26119;25182;8598;5478;31488;18109;28373;4564;24433;31101;28320;8588;32061;19069;18607;18295;7544;10520;3901;27632;27105;12188;27824;25558;10157;766;21628;28128;3975;23244;15173;6705;26324;17762;6724;20525;15931;31841;16875;26250;31077;23901;16332;426;1025;23254;23479;11304;22540;31082;28706;23985;14671;11592;8654;25621;18985;11240;15016;25245;23950;1530;11246;23456;
10832;7580;31634;30801;17309;19663;8419;731;31434;20524;5226;18096;3662;18899;5906;19229;18962;28837;29837;7203;31976;16307;17650;5506;26456;14837;29099;25622;1955;5696;398;12646;26370;26482;28746;11643;19503;5360;5381;27374;30502;14162;23619;16709;18989;11612;22794;10624;1042;32048;28996;18670;28596;21955;10596;7749;11460;17550;21324;1266;30157;29574;9326;686;1906;845;30514;4946;3320;21930;15256;26348;13828;23607;23327;17938;22949;16217;5093;4214;19092;29045;3855;2491;16571;609;13931;26759;31733;18201;3412;23514;1045;10676;4311;31390;10793;13718;25364;20863;
12032;13286;17894;764;13033;27715;10438;11710;21182;23986;19948;3369;5665;987;19128;2098;4870;31862;26449;8816;27250;8448;8588;885;641;26802;22287;2142;8622;9907;23222;5033;20303;30861;31029;3911;7519;30942;12543;21746;16256;2640;8551;28865;4928;20170;29957;29178;32156;7912;19292;15911;16835;5545;26041;6764;13596;1128;7006;24343;29833;25358;22752;2425;32494;4229;11982;8181;22765;30576;13203;7254;7668;27417;15518;20581;8826;20650;12992;30908;2949;26785;1493;29141;32624;19582;934;17254;21483;29886;5646;30193;23875;23309;11356;26262;17124;3256;21497;3373;
32028;16737;17483;26769;24609;18934;25048;1342;22614;27620;31919;21023;15306;31879;19972;14241;21761;20709;31002;9484;2808;21917;4966;2067;19043;25370;30705;25258;5177;8716;27134;29463;21874;5145;19181;8780;27664;5327;26463;11380;32092;26334;8091;14284;370;8580;28464;19892;10239;4680;6108;27142;31306;26347;29613;5286;24177;13212;12902;14682;24565;10603;1572;12764;24953;4352;833;13870;7111;23949;14201;10030;3604;27649;15435;26474;17285;17023;18594;13877;4594;25614;1461;16635;13801;3218;11052;24273;28662;26875;9860;10832;1825;8124;20916;28068;21689;15742;32017;5344;
15696;23062;20591;6804;15111;2485;18313;8866;23820;28255;19875;14157;24672;32159;15469;23699;17886;20088;16939;28093;2425;926;29459;31028;24261;9703;2550;3734;5817;764;7203;13065;4787;25684;17545;28624;26812;12899;2587;12060;7437;22542;1401;23332;5331;31331;2508;29559;9776;22663;21745;3217;27010;26607;2779;28077;12263;211;50;16603;17153;12000;6208;2386;20982;31278;14862;21511;12219;15473;8394;22143;18067;22131;2924;28641;25810;22978;3994;16463;18151;31397;5064;19062;665;24149;13475;21348;14225;6506;6576;29850;10521;29332;32048;5219;9507;15755;27464;14436;
23693;25161;31838;26227;4259;25718;3782;1965;14822;32548;17310;450;3084;10428;17142;31380;31559;4920;2869;31233;9930;31891;20407;24060;19594;25470;10939;21731;10817;29781;9853;21004;28601;16977;24991;12450;9799;8447;21197;30895;12693;12785;28577;31353;19877;31411;15044;13330;11795;5888;32087;13611;8859;23350;12177;29993;25818;31496;21673;20347;29529;2163;19958;6698;7623;24307;26965;2737;9862;20214;11979;23824;7530;7569;12651;28956;22461;11378;26490;21017;10630;24086;19922;23690;17418;2620;23172;30280;23956;5785;705;3282;1650;1997;22523;19940;20288;7830;71;20043;
9321;21827;3590;4855;746;20844;31428;12370;27225;7649;18784;29648;12326;16608;4973;19399;6178;651;1497;24962;22077;30616;4300;6545;23956;9291;20179;28258;8363;19361;26430;22806;9974;16079;28615;15501;7071;16618;4468;1731;14723;21224;29886;31840;14462;31687;14578;25226;8168;24844;31448;31486;8799;17263;11923;1631;26311;13269;20680;16589;25232;5246;13058;3258;10551;14976;26453;16377;21776;17268;3906;18200;27970;29551;4571;4848;27923;12084;32039;1146;20582;26279;5832;19173;18817;901;24539;26597;1044;12371;4128;20045;6519;2964;19547;20192;6708;6975;7162;18276;
20677;5232;25079;18425;8607;19294;23808;8873;11375;24461;29398;6464;4771;30789;19187;7518;1836;9538;31855;22218;2946;14253;21284;25609;32233;10059;28689;2352;23796;22517;18684;16630;25671;21320;19291;25613;26272;19101;9845;23219;2329;30011;197;3204;17319;7884;7327;658;19175;31246;12310;28599;18202;3019;29724;4906;31853;16907;12011;10577;18559;2952;15780;24278;6429;866;24886;31229;16464;1300;21122;11829;18841;15527;25021;19949;13435;1830;9493;20136;14394;14161;31383;21332;29923;4757;24912;12503;13708;6716;28082;8428;10205;29922;23866;5933;11471;3112;3408;27760;
9908;12972;22895;21591;26744;26168;9349;20771;10790;569;4509;6601;9901;30323;12219;9800;18149;22004;7431;22073;32205;21062;25902;26024;14871;30441;7942;9250;4326;14592;3441;8719;1494;12107;18307;18499;5181;1621;11239;3535;23984;1263;9086;16413;8649;13532;30538;4412;25384;974;15755;24696;23992;28818;8743;28974;12851;6279;3663;990;27369;14676;29536;1410;15805;31450;15623;18718;12144;5480;11945;32665;31778;10286;12290;25035;26901;21493;19724;16599;25525;28173;27938;28859;4565;24454;1381;16677;14140;1187;19039;30857;5216;8331;9446;1392;8817;14658;28227;23059;
20633;28632;14228;9768;9859;10464;8303;25340;28698;6436;200;26050;22163;2711;27157;27690;2733;28043;17327;22326;25655;2596;1660;2122;6867;26125;23499;5250;31739;12905;9087;16967;16961;22029;9584;1317;29147;26604;29198;27607;24158;11730;13896;13476;15818;29526;1708;31727;27847;19722;26063;14601;18478;7156;2543;32073;16331;25922;9687;10591;1634;21049;14595;3301;751;27759;11013;9271;26418;27194;13863;26757;3947;8040;25938;26150;3939;26160;10542;3375;4267;5225;18571;28741;26152;20730;12288;26031;30928;23954;25809;16047;29102;10393;7958;2323;17708;15206;20250;3847;
913;22706;4610;2349;4809;24396;22959;14064;13669;17679;19429;20757;738;15890;7340;2706;13614;25630;26614;5028;28520;29285;20099;21276;25063;26992;23042;18937;28543;12122;27769;21820;14335;60;16102;16888;11262;17128;13095;26537;3544;5594;32023;15558;1011;10347;26362;6554;8263;13384;13595;7503;285;11043;27827;26956;28438;27816;525;9921;7280;6323;12776;2687;27013;20928;2589;19214;21140;931;25985;15609;27332;633;24333;2413;2150;5598;60;13058;1659;17504;11957;23769;16246;29492;7466;2023;9539;11816;17280;14992;6791;11225;8752;18040;28970;25126;21741;8342;
12819;16100;14471;32650;4658;22739;10255;13360;14532;11473;5436;28789;15058;15182;13;28777;28667;6656;4528;14742;1140;19928;24227;25745;27725;308;5145;9422;7158;27222;5279;696;10753;30229;18431;31745;15913;2770;8804;32311;29076;30638;9920;28569;1109;25594;26731;14888;3125;21232;20493;3329;179;4000;10173;18409;18505;5420;12906;17706;10993;18232;21114;30110;19944;3741;946;777;7346;11869;11350;27819;17246;25820;2449;21014;7691;11597;15126;24638;16811;13674;12808;5327;519;23400;1816;19395;6404;18474;31725;19251;21284;31157;11208;16749;25935;20964;12136;26952;
20436;32092;14379;18612;29355;18115;26231;15765;14077;10797;24408;19666;29157;15575;25962;26536;25721;15640;30970;6981;32004;24212;17256;24210;15766;9907;20943;29264;27583;27986;25320;1894;28055;21944;19500;8057;30721;21451;14905;23486;29233;4483;20599;11788;12908;18592;27643;8246;30735;25752;3500;9623;18131;212;12196;10990;1871;5915;2521;22637;4287;29263;2556;14860;3;14679;673;16931;32747;9820;21921;23096;26289;15928;7612;30229;19655;7211;7043;23838;211;9680;26998;7650;31993;15184;15209;24560;16728;14294;11564;2028;14295;22083;25706;25058;1313;20002;2514;17881;
27374;15582;23925;27308;8069;12082;27247;23317;15998;24290;7626;16651;14029;30889;17567;31566;23036;32370;13694;12608;28856;6603;10512;22774;30863;29334;1531;25487;28408;24065;9222;964;19860;31161;19070;17089;7091;1883;28120;22323;14618;7212;28823;29347;17924;30985;27505;30978;19558;7841;16557;22149;3703;29153;32463;26547;7792;1200;22135;10172;9104;22237;10119;6412;28772;9045;27012;7200;20037;3482;29503;10392;8738;17264;26036;7310;20096;26330;15922;5671;30398;21572;21436;2919;1950;6402;17328;5194;10497;11769;4518;6928;31986;19100;32411;26328;20454;25627;23375;13424;
7746;11478;23019;20844;4894;10264;8935;28021;25673;9730;12587;5604;12173;15301;14708;3984;15668;3093;8442;739;19402;29658;18256;11828;18725;28456;10123;4688;7331;19057;5286;19802;26291;29689;5413;6102;22935;395;8697;6144;3944;15979;19620;32610;346;21899;4253;9893;1089;27649;21494;7080;28244;16313;23356;21967;18993;7783;13471;1182;15138;18624;24146;11398;30367;5610;11317;1534;30484;27441;12466;21206;19428;23547;11492;7624;10925;1534;19455;6225;9678;32176;11756;2751;11302;24319;1331;2698;13855;22083;19486;27367;17387;13681;21788;7067;4366;27025;14947;27149;
8477;25714;28889;22688;2501;20124;565;63;7694;5510;12897;12346;24289;10761;5155;16464;21705;789;20733;18701;14070;14499;10322;13910;903;19178;27081;26690;27913;27094;28407;22059;16698;20662;22584;26629;11539;2613;4317;31215;518;12427;24205;15880;24709;32244;32741;28804;27587;16737;7778;4607;27326;2926;6017;7184;31357;10133;24868;25634;13718;13729;3384;8319;29940;30565;12437;17326;3543;9901;12581;8703;12572;26485;16201;5476;20415;10841;32376;4994;10398;4941;8490;27144;25472;14478;31732;5440;23893;19929;21492;25828;2496;4058;27759;25394;3538;999;6073;12866;
30745;24558;20309;21400;14809;11948;5982;3574;17817;1056;12581;25971;30433;22080;24860;22993;10051;19946;19443;24332;5272;9245;12032;17455;31884;24425;30692;31851;4445;1444;32620;32362;11231;5599;27573;11745;24260;24216;32148;869;20250;1074;19764;26239;30229;19362;14849;28162;12303;32106;4549;31388;15565;29899;13073;24492;5380;12086;11999;3667;14619;28677;11637;30414;23859;19560;6797;5123;5733;13218;23730;21849;27978;18293;7149;23245;31169;6362;23457;14147;27628;7414;27572;11545;9852;28234;29935;6402;20015;11818;9384;32530;29334;6768;15262;28181;13340;11121;1060;11557;
2884;20016;29570;26492;5426;3794;31384;19078;2413;18258;18884;19002;15587;9846;3078;32683;22062;8962;23906;21978;5909;12075;134;30927;24406;16462;6061;15080;19619;32482;25795;25712;7146;12972;21706;8563;12249;16177;23164;465;24738;17521;23602;16274;30971;14290;14596;16249;1129;2395;10546;32732;21183;10530;32195;27059;21729;264;875;14318;14030;13987;3250;26892;23262;18812;26451;28393;6728;24955;16610;4311;28390;24991;16050;13297;27197;4850;19702;32172;7608;31677;26918;1199;22580;14072;27557;997;23745;24580;5280;17360;30375;26269;24633;11808;3752;24330;26085;16260;
9605;8854;18194;19392;22468;21572;28942;18432;20143;7615;13860;3947;17056;14480;520;22012;29308;6035;11637;15757;13438;17580;13588;16693;1078;18102;22432;27348;12753;9148;24392;1772;5786;21356;6740;19123;29377;13768;18188;8294;22619;25119;30421;3551;18347;25148;11422;26986;24736;11741;14970;20693;19870;31335;8846;5830;19330;13015;32558;6737;29408;11260;13891;15562;9870;26852;31728;27096;19303;916;26741;26059;11593;3579;9555;22064;13664;32553;30129;14498;21927;189;7678;15331;19883;12444;28376;12075;11411;10985;30508;31679;13405;28721;8607;23750;618;31717;16685;18776;
8509;7950;20752;17625;26496;29500;27620;2437;18503;31167;15880;16715;30873;15130;30535;16607;3629;31413;32696;30987;31601;21202;29666;4678;3280;19650;11300;26247;19253;18777;21333;19803;26571;19871;20647;28214;5384;1992;2257;3334;28905;8295;14957;1294;25727;11230;31134;26098;7338;20505;3831;26382;37;29308;15768;9484;18114;537;13466;23990;5623;12839;12206;7688;18074;14511;2816;5770;14313;25993;20066;2525;21453;9607;29606;2451;10336;17904;27723;30020;15020;3120;10845;28637;30390;30157;12438;16188;24763;13469;28105;18938;27577;15159;26497;10120;6449;28071;30693;30334;
17963;19046;8926;27951;18812;8073;18044;22657;18244;8248;10902;31996;23994;28258;13233;3616;3884;27823;15651;12284;3393;27830;24185;14076;18818;3441;8213;6659;28440;24045;25372;19129;10711;6214;143;26663;24188;2259;25527;32641;14387;30110;9159;20290;12125;6679;24765;16510;28047;2825;26505;2676;13022;5836;24945;13412;8282;30141;4788;27040;3032;24299;27757;21476;16629;21779;30139;28650;21335;16335;20511;4154;26166;9482;23333;576;3355;5815;15175;2464;10728;10434;18446;9678;27673;839;9594;21977;21833;25859;3236;20103;26360;10760;1954;22183;23947;10932;9387;15779;
7316;1763;25723;8277;12372;12644;26617;28699;2175;20394;8472;28718;20542;16836;2811;7471;1914;26256;11612;13059;16728;28715;28462;17633;11264;23723;31873;7081;17827;26385;17319;20088;25276;1145;19861;18809;27030;16788;30091;14078;26382;5208;17400;32463;24730;30198;28824;20417;1930;22797;20447;26507;12686;20509;12186;3286;14969;30782;26324;28563;13124;31762;7414;25489;598;17144;3123;10575;22786;8322;17187;14607;8786;6186;10670;17451;20227;2368;19756;24748;8912;22311;14282;4889;26356;25025;22320;10893;9706;25128;13921;8972;21623;32671;3810;535;3050;12488;29982;24958;
14755;15639;9225;7286;26578;29318;11268;21227;897;25482;2305;14104;17365;16710;25575;22868;5776;9727;824;26159;13787;25553;12017;2749;19267;11168;2993;29490;17409;8273;12574;6063;14974;10809;32644;19292;6422;7893;30912;16823;23068;4284;8285;32300;2335;23507;9980;25061;26988;16832;25849;19427;26068;10913;26699;32590;11696;24061;6572;17417;8994;18426;15611;30090;32413;7889;20702;29673;19367;31872;4523;11062;8925;16575;9097;9488;17720;20276;10194;22643;31888;32234;16828;11218;25950;18432;20025;23910;1478;6302;21275;17861;21973;16941;27004;10422;7431;30152;10077;2116;
18700;20205;19597;11793;8651;18297;14029;24301;32424;10195;24881;27815;24834;18279;29385;6691;6144;12630;8321;1453;20878;363;26182;3469;15522;3410;23402;25308;8388;11780;9802;16022;3789;15750;21294;27888;3823;7379;4720;8939;28661;22039;8673;21033;7116;12061;25960;28415;5443;16395;29420;23757;783;25165;5492;29834;27666;3023;2957;22947;2269;27247;1261;4358;20083;21426;9045;3705;5711;23733;700;11313;1961;11879;3241;16544;9718;27126;6881;18062;10414;12679;11586;19307;81;10538;14063;6116;11436;1037;18093;18100;18521;29168;3725;15805;28037;216;3788;15703;
22517;18184;26615;31208;26699;26925;6226;29621;27782;20697;10363;247;20937;10034;2891;15922;9053;26604;13565;22722;31480;8308;11666;26550;17984;12142;8819;18146;1419;6242;15193;10288;26601;16306;13930;20279;26724;8912;4005;11023;20614;24749;14207;16995;17436;9845;7374;9671;14906;21625;3559;23628;1919;28525;13571;32338;23962;12755;13288;29342;25613;20919;8901;429;20017;20125;30301;13127;4731;23480;4455;10839;9981;14940;1333;29433;26416;6326;17813;30421;1776;18619;21493;2988;14024;25438;9674;20528;23920;11270;18994;19225;2708;18495;4823;117;1751;8111;17431;28991;
9496;30797;4195;14644;14580;8909;25317;16098;22156;19294;15718;10754;16264;17048;11630;5127;8540;21168;7341;9975;2249;29935;153;7802;11943;31586;11609;24369;483;722;20450;6216;4804;16630;21344;9039;17266;744;13783;5701;25016;28630;4106;15350;3593;25594;21660;26248;5057;30668;2677;20560;5806;1910;1639;32490;14799;20104;26641;23688;9051;27629;24068;31626;517;25118;29989;14415;30591;26517;30547;11595;3133;7045;7497;11610;4219;29384;6085;14420;3713;28952;13290;7650;12838;643;7906;17040;18835;2329;3273;15139;17225;29416;18118;12844;19814;27690;25723;19421;
31267;444;13472;31772;3490;18386;6378;726;22759;22762;22834;662;17956;16638;12755;25942;31289;10494;8532;917;12155;22141;14663;16809;11700;21419;30320;5975;876;21379;25642;13729;25703;9797;3847;16095;20847;21031;2743;17681;27988;9287;3883;628;9008;19941;28921;83;495;25039;30979;8224;28943;17948;24404;15043;8869;28189;27978;18994;26273;28817;2810;20802;17234;19992;15312;30141;30509;31723;20086;180;18378;1737;17399;14614;16943;25141;12837;19586;20561;14302;9528;14938;18392;19295;17591;29977;22051;17960;16284;11750;28044;32700;17331;32361;6125;5662;1091;25821;
21091;27269;5104;18022;22097;22103;5600;27557;29608;11349;2589;11146;24678;23059;14650;14442;8541;15788;826;17234;28726;947;5549;27034;17077;8557;19740;8381;22335;16189;17831;5224;27289;10079;24301;10960;31474;3289;14124;9033;15396;16047;25001;789;8503;6999;23635;17529;7974;22636;2211;31766;3302;29351;11206;26743;17573;23050;14846;8167;27216;11870;28998;20613;31575;8160;1845;18074;2996;18488;28196;11561;21546;4010;30099;15560;30154;29328;18889;19631;5820;15112;5819;31247;15420;746;21039;22949;1507;4605;28961;26510;11816;27754;3174;10589;29734;9584;14479;13931;
21152;19034;5392;6766;10306;31150;22178;17997;13609;31400;20709;819;4518;26854;17226;7139;575;18533;27952;12363;19703;5548;11597;26459;29648;9799;12368;29463;30861;28023;29380;6891;3516;31016;6712;16447;22772;15139;27037;4428;10844;29317;21743;24110;19820;18800;30744;17466;22264;31488;29969;9105;5226;5505;32074;4853;79;11487;2636;17884;24597;4445;2461;6339;28434;24202;32739;14277;15049;30322;26445;4972;5225;15633;19759;6087;15255;10253;29420;22973;9837;30372;30233;11936;2755;9698;17375;25094;3245;29976;23457;32212;13892;3723;9439;22683;7338;10345;23643;24104;
22088;12801;23674;18006;9818;24882;17644;11815;430;13348;17807;18195;20648;15159;4241;4256;4746;16185;14294;20531;17906;6108;31129;15142;15013;18023;16469;1818;12426;10411;23014;21647;26618;22585;10731;10162;1847;2514;23408;25461;31033;287;21962;31461;10673;27810;30913;19641;16968;15853;25589;23846;19751;21010;19834;25083;24765;32346;11206;21737;14524;21818;14029;34;24677;14210;1130;14631;20998;1496;17409;15834;12225;1637;23907;26587;31118;21198;30449;10769;25731;25190;9989;3207;14164;1186;21645;6778;20502;24525;2809;30384;14152;18428;17752;2571;25619;581;29885;93;
5585;18476;17896;1918;26317;8030;27170;1180;31817;22946;26473;13267;30662;20748;13261;26109;3455;13427;8218;20684;25655;30758;21943;9494;8756;16091;27598;24431;19340;20200;22445;1789;21919;26550;15469;20104;5093;2930;24017;19409;25066;4357;14960;14629;11926;4679;4375;30001;19634;2671;21865;13592;11432;14543;22472;7363;25482;7102;9337;12665;9046;6101;24066;23215;2169;8030;5847;25889;24721;28169;28214;15393;20087;11489;29776;19759;28541;4735;6569;18891;26100;21373;11713;15239;27890;30510;12532;7776;22866;25740;32159;30030;11259;15218;3204;3354;6502;19980;22640;24944;
10842;20107;9499;22581;23034;1309;11599;18202;21762;8732;31820;30578;15950;133;30316;7233;7324;27821;21763;28309;21906;17199;6537;25625;23043;31785;15355;13287;26478;30376;6270;7582;711;6240;24646;9908;4218;5537;4534;16910;11694;30086;15304;5582;11974;9840;4272;21357;26414;14002;3004;22025;7764;1422;11903;31488;22004;97;6446;26813;17817;16410;586;14290;12129;6896;20863;12871;29184;32341;25037;7474;31751;9509;12005;16520;1127;32292;29142;8499;11312;22183;28904;8549;28063;7569;1736;31531;31832;21121;9446;18757;31472;30026;21788;4661;10670;2468;32400;2454;
29331;801;29147;31663;30359;11618;107;5960;54;25738;8997;2492;32555;12787;29775;8528;29052;8480;174;27075;23990;24819;13291;30503;17018;1312;25660;21231;7992;31714;16704;16200;31291;3053;10794;17581;2022;28323;12065;15797;22333;23178;16871;21808;10151;4606;22969;10867;19441;18979;3703;4080;16023;32286;28421;6154;19263;645;5873;25639;29063;27923;18262;27142;25856;9377;1792;9043;20090;11601;3536;23416;12931;1293;32610;4023;8490;9264;14574;5493;4873;30338;13932;31449;6018;24682;21244;21910;14408;9311;26756;29701;13857;15520;4763;9335;747;32037;6310;1737;
7389;4565;17216;7225;12048;11513;8416;2423;6974;31217;32181;16128;20681;10277;4821;31655;5375;8767;12439;23924;8348;17816;26685;29874;13968;11759;30935;3396;6147;26977;868;8760;31127;10389;19001;12191;24045;16184;32679;22171;31082;2217;26584;1977;827;1269;20986;10113;6038;16901;11423;24908;3907;25878;14692;7254;28764;26730;9169;18196;23633;24893;32641;27848;7982;25083;29059;18770;17441;19632;2303;20297;21303;10688;2845;21578;7270;22232;13858;22416;13264;8740;16349;5829;838;9667;4929;25880;5387;30584;4435;30864;31707;162;22855;8608;31788;4718;23525;8443;
23220;2635;15922;4009;29739;6814;20301;3419;594;2999;5527;10492;12852;2308;14102;14216;28588;20101;16668;3361;2599;19072;4899;19552;5803;1910;28924;16361;13081;29269;41;29250;3759;20719;13447;30693;23504;31915;28720;8083;3848;13691;23199;31980;3915;8462;13077;317;15229;19014;8764;5785;26936;13548;20234;28971;16585;22947;15081;2762;6779;7706;10517;31950;16665;7558;5445;11298;15790;21840;32141;31643;4239;2570;899;30856;31643;30888;10401;13707;16834;10221;10730;18343;32708;28195;16080;6553;571;32527;16214;2412;15580;5668;30066;1096;18170;4343;7605;5259;
331;3571;23341;5658;18671;25422;8843;1274;23470;571;24705;6682;20866;6754;24430;10867;20309;4493;12349;31827;22283;9124;6794;1782;22723;16091;22535;20567;26970;28714;7967;23877;16945;29694;16601;26553;28209;16174;24062;20327;18444;5168;30590;30867;11717;30861;24080;3366;3442;7826;17689;21505;12097;5960;31951;4753;24761;24743;6046;11428;25922;9223;32459;30331;20456;14551;14935;27936;10844;16273;28710;18682;3387;26861;24160;7838;3475;15702;21784;488;9124;30874;29483;24395;28387;19941;10859;32613;31557;10224;20221;26838;27577;14710;13824;5203;11766;29160;10095;9974;
7032;10849;10057;9944;11205;7900;23023;24034;7157;1957;1997;24288;12145;26381;1084;24791;28155;24418;31655;25753;751;9502;27885;22678;8648;24927;20999;12021;5093;6295;15339;6628;21390;27013;26032;25132;22578;14436;754;3080;30706;6754;19832;15927;612;5459;5652;8016;30864;1959;23755;7510;1599;19609;13366;21388;8310;28842;29736;650;27965;2638;32658;20113;22692;2789;8611;14364;31496;7148;17971;695;13459;23669;4449;32276;8706;4820;6779;25948;20139;9884;19999;18627;18366;30410;15264;13663;29899;24639;20907;3898;22916;2164;20011;20902;9413;16489;25961;10704;
12497;5086;25720;8088;22751;22726;21200;16544;18389;21241;22329;419;9299;16425;25579;18953;15859;24599;28147;23992;8143;19718;13272;6444;11332;14448;22399;13258;9718;24569;20300;31857;18964;20129;29322;17491;24542;15933;9485;27651;24932;11560;26133;18126;8592;31798;18038;18511;4966;10473;2550;12350;5771;30696;30711;10377;27908;9132;8022;2470;15937;25469;4498;14631;19290;24221;22833;22159;14488;24515;12127;10852;4151;23754;13529;2949;25194;9899;12809;11966;9888;21929;8818;5274;16902;17867;3919;2424;22349;14223;32119;27617;17325;26845;29316;11545;27946;14906;21812;16372;
17942;13374;11536;27115;10711;328;1355;10863;30442;12144;30444;11390;2600;20157;7728;30323;32584;16281;32553;19490;23206;17793;7596;30500;66;12801;19562;26992;7180;15328;30557;28203;24415;22168;28006;23746;14283;7688;27956;565;25367;10861;31079;13494;1158;24719;14325;17778;8026;4664;24781;17583;6807;746;32699;19479;12809;9425;3468;17235;30856;8695;9330;21212;20347;1463;21418;30990;30619;6772;22107;30079;7930;20363;12738;32398;4163;15237;32396;30015;26435;3730;24963;2886;28328;2355;30573;3937;2825;19254;14385;21483;22311;3815;5436;25519;21875;9349;22307;30970;
23248;16883;32394;27380;5785;31408;11332;1327;23526;29705;21692;32129;4107;10637;17043;31759;25186;21954;11402;27051;12619;21270;25251;30816;16496;2328;22147;6730;9294;14824;795;23211;1777;17388;30599;19772;10750;11205;2358;1985;18935;642;29004;23008;18107;31763;22852;14131;13644;18944;6874;1948;16085;3675;14120;20953;28908;31475;18703;29784;25364;28874;30424;24652;21894;13257;10011;2816;11569;1715;31968;2411;28927;17240;24325;2566;11354;17163;3808;8410;23279;11093;4644;6621;16817;29419;29705;17790;22817;13022;8615;29567;11469;6162;26019;4099;21527;2289;18190;5864;
26680;21344;20362;20822;7045;30450;31919;4504;22000;24412;24749;24875;31441;9002;13874;21781;15335;6832;27534;31864;7577;25410;26901;7527;4226;8872;5828;13304;17453;7884;25896;26523;5917;32182;23932;27306;18449;16826;32018;30785;19590;22000;24564;25679;28796;16101;32458;29165;9085;17296;1022;25583;5852;8840;31775;31673;4411;10100;25987;23125;6991;13506;25393;30658;27112;5532;5885;9358;10539;11287;26357;18855;3362;20398;12796;23150;19320;28656;14261;11533;25213;20341;14243;11530;20848;27414;2958;7197;9726;24925;16680;21823;774;28219;30448;17924;1183;20217;87;4650;
9564;8817;5409;5490;2255;6526;4111;14254;20299;2993;187;18204;22254;17478;5315;19698;3551;6998;7209;4154;14805;12110;11514;15072;22745;21151;10798;21770;32588;439;12752;2727;22315;30001;13919;28491;9362;9288;18291;13370;29567;19346;19875;1219;21209;19435;15783;31951;16561;30126;1722;28089;11207;5164;16450;25952;11856;19798;23219;11131;26102;10685;22449;10541;3361;22717;19829;28378;14709;1268;14705;19512;25500;19705;26167;11945;7237;13387;26775;14792;4716;8328;30727;20033;20188;14048;9801;29415;18675;11720;14919;21504;14502;26355;12866;19683;18884;25982;12587;12230;
5247;29803;23377;16337;32552;4432;26173;4471;27962;28496;24538;17669;24474;9803;28890;20347;27165;25170;7764;17820;8779;10078;20146;23873;27491;32065;5578;6386;17311;6108;3147;20919;30392;20371;13915;4908;22957;32254;15742;32212;29633;4833;442;9135;14530;30047;17913;4879;14481;1386;31662;935;26591;20862;29115;23013;26165;21647;27283;29826;25911;20544;23963;30807;5417;5973;26583;3698;15026;23659;12226;18537;20960;22758;16509;7918;25197;24620;8236;16036;26945;13073;9630;5937;31543;10129;20780;24725;1316;30917;11491;2746;19734;21264;30693;19275;6361;28826;8460;15818;
7616;23039;21713;18909;7585;8008;8812;17385;21794;7450;31805;31714;7987;8749;5995;11874;29148;2304;28363;3064;6201;6603;27907;19138;19907;18614;495;30270;7888;9288;10051;29021;12894;2082;6258;24281;24844;26605;16847;25545;15721;18065;10994;30835;29041;11687;24670;15201;5461;14642;8289;31415;25467;2953;20283;26563;28102;15768;30338;10454;14359;8008;21444;15698;23572;23612;14959;26629;6696;22718;19694;5045;31690;23289;20757;26108;27395;21608;9151;29783;25386;24462;4021;20345;7923;17896;3026;22757;26536;8736;9317;5819;27061;29315;5079;31186;12906;12213;20110;18952;
15101;15267;1552;11478;9422;15546;26476;31272;2799;14679;6358;21355;3300;1918;14993;12519;30375;25806;28434;22863;10736;19124;11874;30614;11442;21216;26820;17157;233;16373;15512;28043;10643;32389;17279;19540;252;12860;15040;28316;17471;9051;2794;5830;30730;8296;29371;18856;2721;10276;22849;26666;22310;28606;2879;1807;28183;6470;26578;30994;18200;11876;16468;16181;16371;13130;28545;21334;3293;26087;27608;259;32251;32094;22852;16527;15908;32182;24060;18533;28393;29651;16040;18589;17874;11685;1477;1229;3819;17055;14922;16418;14463;107;27020;12207;19492;4060;2143;26372;
30967;26148;28542;29443;4905;22087;30509;5871;11451;22223;30236;24518;11141;20418;10127;465;125;1233;15548;13433;25654;28626;7540;92;15527;8048;7174;13216;4142;28193;8289;28807;10709;9561;3704;2628;21203;24830;27627;9230;17750;18203;2275;18034;15487;26584;12349;24301;17838;22954;8940;23994;14081;26055;25240;26089;28439;22749;3979;17329;16922;19459;24014;7431;14332;31216;25999;4207;0;29802;21190;13843;15741;19970;14361;14098;4575;3071;2300;28442;2030;29848;32540;19513;17491;3430;28414;24816;8023;24088;20451;23690;3055;19305;31472;23979;28662;7759;25995;21292;
20921;2933;23304;24358;32440;20204;31109;28749;4011;12318;30226;1408;28100;515;27670;20382;15668;29591;15342;9626;20720;17547;15574;32466;2997;12858;17933;26524;21065;12512;21300;9250;29445;17670;18423;30065;9872;4417;5872;13516;3565;27676;20424;14662;20920;4691;22688;15248;18092;18754;22191;11279;15209;1436;2604;12081;21364;27232;8558;13314;4992;13321;18258;22778;748;25606;28893;4889;1676;16489;11810;19255;22700;31715;614;26005;16978;6640;1923;26551;31172;25423;24714;12406;19018;32437;16300;30289;26933;450;859;4;7200;3636;11948;19292;5238;20315;16640;5705;
9269;27597;12515;32309;12273;16218;3636;10644;539;28994;3975;12220;25475;15014;3783;13047;7452;28989;14624;24791;18175;10824;30235;19658;2227;2504;18955;22766;11948;4590;14249;8487;14609;1747;25851;7278;18371;14953;1914;26732;1946;21682;23411;29511;1266;27695;10926;30652;1894;668;9806;32622;23259;14810;6136;24445;10689;21805;11831;25435;19605;23207;26655;6619;12970;26852;25649;30859;18474;5368;5759;18756;32087;25766;10769;5631;21271;14547;4486;1770;4272;15417;2814;26300;1744;10848;6968;16709;976;714;17400;20553;23865;31854;31148;10894;12936;19817;7246;26932;
19758;6895;30604;14149;16859;9607;3623;32653;14076;1400;13465;11436;29827;2942;16122;12137;8422;6594;17956;16201;20330;2313;18454;2401;17313;28204;10134;16744;3633;21448;20251;18704;26328;15414;31465;24982;26541;32702;28286;7064;3497;23303;6445;31016;8805;16850;28169;30238;29477;18920;29444;27314;30998;16977;19288;31818;22228;19143;16678;4240;20271;32619;4701;30408;6447;3254;1246;15201;13654;16305;1502;22985;10276;26217;22667;16518;15841;5277;6130;23427;15254;8379;4128;6311;8541;27915;12935;6828;25050;20777;10660;3631;13066;14264;20447;21763;23611;17493;3507;31691;
9564;5578;25358;11720;19319;30852;8187;6895;7804;7496;4222;1087;11328;10273;8127;25169;7365;11165;13931;23089;9148;25656;22616;29804;11080;18457;17768;19050;7173;16124;8623;7678;26185;5744;26840;3900;12458;1602;12484;25739;20416;22841;32629;6395;27436;3587;14379;9432;29656;1136;25548;13439;20353;2782;22665;16752;23923;24565;1215;16805;14484;31892;24859;24866;23204;14858;19970;31182;1219;10378;24624;15745;4404;10713;24735;18014;4704;9290;938;355;25374;25068;7026;10046;3121;28674;18817;14178;8978;4787;29613;10587;1521;8451;63;18526;6390;23810;7509;27941;
26828;7235;6021;2554;22112;21648;963;15633;12262;24796;16517;23834;23326;4729;4645;13335;29909;25228;24198;23659;2478;22461;19450;29748;19490;29747;18275;6875;27590;16319;13721;27882;29132;16983;21516;29213;18125;711;3243;12731;17862;23971;16644;24870;96;18560;20652;24753;6260;21859;24289;31411;21198;2682;7022;6362;18225;25098;4815;25537;20892;1705;18838;196;10444;8109;9997;25107;15874;16868;29469;23813;18950;22662;27502;31407;11116;6759;13264;14006;31254;24433;9690;8289;29690;27218;17360;4594;10021;31346;21194;29239;32000;14888;24595;13404;2771;23853;13776;2563;
19335;849;738;31638;9904;13164;14861;23260;26827;664;27737;17355;4291;15261;8888;8094;5819;6829;31466;24103;4103;29010;2974;22885;21627;18084;21466;5977;2281;18367;14748;24086;13029;7284;23490;19992;14795;29759;15143;30422;30980;24441;32527;6554;18308;18639;22725;3729;6295;8947;19074;30;6622;7825;21905;28788;29332;31877;21425;15716;2070;20555;32699;5747;27555;18103;29060;6448;21856;17638;4357;1989;20639;29556;17593;19915;32096;2543;24391;18275;2840;28300;4193;32386;20658;32281;23788;21132;9684;4147;25185;15909;24931;3001;26995;12100;8521;8065;3058;9608;
16246;29513;29167;2768;6180;25840;27169;31238;1376;9702;24967;26683;13254;19681;32335;25593;13452;12241;25079;24276;28866;6679;22194;13635;25047;13041;27661;26798;13152;10297;18130;16328;12821;29008;10284;16671;11292;15957;28685;15346;9867;26522;7885;21314;3112;29016;6676;16171;14707;30625;14585;14453;2534;5783;23403;16999;19067;8924;4304;18139;13679;17993;4589;14488;23365;21731;4614;12251;7439;28170;11078;13623;7145;15860;27233;11935;16838;29530;15735;8898;18287;15729;19004;18071;23496;26140;28502;2360;20565;23648;29958;4595;28414;17176;12555;25758;23823;22506;8643;8236;
12163;18041;17556;2942;5250;15324;11146;25723;13864;20048;5697;9571;14984;3369;4614;13408;1265;19727;25913;12639;7280;1126;18933;22045;23445;19470;15348;7301;19834;22605;23980;7993;23554;32265;14526;26735;13151;6203;23953;8958;32471;24992;9786;25016;25287;5810;8352;28923;22504;29654;25565;26243;19409;25559;21735;25474;10941;29331;7791;15603;13967;22516;24585;32299;20243;12066;22670;31153;3975;11767;4030;23631;25946;28852;17194;30313;1075;11762;6738;12174;23349;26331;26122;22605;28546;26521;28450;20042;16381;11279;6213;9873;5717;31943;22306;21033;26943;22572;18634;28909;
13314;31738;25945;18071;26425;8946;5849;1566;22228;19154;14179;26434;18785;5764;14983;14948;3210;8342;1519;28316;13022;20970;15678;15878;24276;4271;1342;29788;16140;23439;571;970;8153;9514;5546;23549;13821;964;7951;14206;1715;2362;17437;21310;4339;22331;1054;17522;7153;17332;6805;24736;20199;8588;29986;27642;30228;402;16551;492;6404;32692;20905;27633;17939;28785;27641;23210;14125;657;11667;13617;13271;10515;8390;29355;21619;24935;14741;12828;2751;10717;16990;1152;5024;15454;31673;7447;13854;24922;29603;23552;29615;28417;22492;26377;3512;18614;18317;17606;
1105;29376;26670;11744;29257;3651;16807;2224;27241;20847;9653;17164;14845;20472;9872;32353;13457;10182;24779;16898;27897;26093;7291;10176;32660;14303;2459;14011;20945;15585;7087;24696;27377;3003;18600;21555;18959;16564;12040;7286;23902;10173;26438;15082;32435;22253;1140;13934;6467;19757;2079;20326;23725;26933;19831;20053;8507;19639;12207;8367;24932;32729;28583;14312;27798;26857;7369;24273;14131;27724;1329;31012;27610;18616;28944;24925;8679;932;11602;22732;23869;31228;10622;15849;15171;26904;11486;31975;28972;1007;26337;28300;32636;26760;24253;6463;16071;2482;1624;2147;
10684;24821;29801;11747;2147;31944;2522;526;24739;16132;1650;21926;20487;24473;20656;2611;12994;1920;29946;9373;15344;6129;8183;28154;25374;29141;6201;5797;19213;20862;31519;3984;1459;4758;16633;3547;22915;28757;19566;27813;27630;5623;2331;24866;29994;4974;23933;13549;24882;2644;29713;31392;526;10019;8121;28835;14164;15016;24418;1601;12015;1973;17636;14081;8991;6423;17193;12339;14785;13255;10130;29897;26833;14693;17046;29544;1069;3809;941;17087;22683;23420;3180;30744;30734;13295;32497;19500;6949;1513;2945;572;15349;22463;368;17757;19976;12383;26433;28692;
14245;15239;24079;29218;28754;32308;21548;18593;26776;12124;19207;15440;7942;2271;13395;23084;1657;9404;10853;23104;8602;14976;2014;26813;30631;20741;8843;1357;18039;14424;11657;27813;5560;24571;1709;16473;3964;23885;29474;24821;16884;13894;3924;11849;11898;17511;30221;8708;18901;17393;25310;30853;20921;25430;21441;23533;7054;26349;28156;17785;16498;13545;10825;2319;19073;23948;3123;16150;18260;29592;26819;139;25543;18695;92;10577;29952;25595;28644;5321;4781;16376;15652;2211;9868;12113;626;16884;5425;28896;32141;22664;25604;19962;1480;27769;137;21666;11627;20992;
3300;509;4694;12172;21916;28935;8679;16913;21663;24963;21534;15267;25990;11064;8703;28739;3867;29018;15160;17657;1560;10823;16132;5411;19762;20340;31823;524;5718;18854;32027;24768;18739;28005;24866;14879;21240;7085;19389;4401;9055;23272;26884;25529;31466;31769;20023;6413;28268;8282;14685;21284;17356;12936;29738;22001;3078;10557;24102;30959;7794;9470;25100;22270;22857;16054;23152;12397;19301;6755;10661;13144;11080;4624;2270;7732;16224;3331;21139;28840;7050;22327;19495;7838;22484;3341;12999;31131;9351;28478;3989;17483;24421;13076;5894;9313;3631;8922;6024;26270;
25194;8849;15209;18734;10851;27876;8692;16443;21361;7262;5085;26813;24954;21723;22239;7567;32696;8508;25763;25288;3773;22879;2276;6984;21429;9295;10961;15505;11500;27319;17842;29913;28560;19869;21711;30557;21175;30028;13965;25335;2979;19602;19163;30451;32581;31788;20684;2591;11521;14975;18309;30753;14001;17289;22106;30989;10732;3350;52;5943;28296;2871;9782;14150;32349;6384;7584;26250;19020;22833;23795;25488;28801;9223;1110;5363;10228;21524;17720;25204;1334;2109;27959;9293;31850;11682;6208;7363;17553;26067;19960;12283;12;7489;3675;19982;20059;26098;4515;17247;
11051;27257;16236;25389;16016;3366;8469;16484;655;1914;21353;26809;25055;7645;15231;22005;13296;15251;734;2449;14893;2797;7909;1668;639;23996;26475;7513;21266;31243;162;16004;859;7950;7233;18166;26202;22101;21986;31471;10780;25925;11944;8980;20613;29385;27686;32705;9548;13637;24188;1696;21831;15564;20931;7803;2793;11666;11948;19790;13321;32420;3683;3233;21732;4310;17850;14356;3174;12797;11139;19004;11685;24671;7741;23469;4783;25192;3316;6232;3205;1695;1890;7960;5223;8152;6490;32647;8786;4522;30055;18966;19656;291;12976;26205;5583;32187;8734;9135;
2364;13959;32449;14322;4145;4015;32112;8365;7653;11298;32688;6755;6563;16264;28120;8736;10774;15481;31858;13649;17859;13036;24803;17368;11479;29426;14671;2144;12323;18340;11191;15086;26981;24153;100;20921;18633;11805;15241;17468;7087;29535;31268;1161;28847;5098;5669;8928;31962;32535;21970;20352;26179;24128;10858;11965;6079;10615;16904;13139;488;29816;28875;29434;28008;2013;13620;10555;17012;6801;23503;23681;27030;16263;1558;22899;10672;23468;6290;30849;10046;14362;21571;25021;26843;1166;8002;17133;1287;24092;16549;11230;23847;11809;5027;1275;2509;30074;30201;21533;
23610;22515;30091;17317;6433;31746;335;8137;20654;4790;8551;15915;30663;7146;31373;944;9874;15038;8372;31887;8247;11848;31980;15016;2023;17030;19079;28184;26397;19863;28538;27658;26915;3371;13318;6095;28633;30777;7575;25138;26034;22768;28908;21253;28927;17135;8056;20736;27760;14776;9224;7116;18647;7010;4775;11354;15408;9103;24510;28537;25055;6814;8832;3752;12344;1314;22149;15144;26436;26514;24757;12118;23746;29250;23400;23096;18797;10641;28108;26966;31613;24164;12934;9419;4720;2772;29084;20891;10250;26404;12690;3655;2715;19190;25555;23967;27776;11966;12371;21464;
11500;24950;9331;6622;7657;18068;18725;15083;27545;12345;25680;28761;2242;10667;26998;24501;17545;17925;23956;32532;28030;18221;12873;5034;9689;12551;23611;32408;19715;7400;10423;19462;8793;24910;5783;14450;1324;25038;13929;8263;30220;6989;21965;3506;15686;16499;31263;22705;23211;31325;28246;3437;8851;8594;26668;3273;11298;825;2176;6971;29898;1673;15096;20955;23825;18048;14570;9657;25237;29656;13181;31092;15181;4919;26891;27912;13841;27558;10698;24552;1117;14660;4012;22861;20818;30779;28035;19149;18941;23540;14697;24879;31452;18055;30303;22398;9886;21622;24884;92;
31275;20634;25769;31129;16868;9309;6354;15876;1068;6186;20927;2433;9511;30754;348;17244;30657;28945;28822;25309;24563;14752;5055;541;27202;23500;32308;4887;31880;12950;14653;27394;1014;28668;564;6111;17498;16169;13290;13390;11422;22249;24390;11685;21649;4191;22319;12355;2027;22010;13228;11810;651;32421;4170;13228;16898;26942;2495;32464;4181;27722;16076;3156;11263;28135;22632;3949;12598;14337;23834;1933;10351;23753;21415;26748;24100;16227;30957;2218;26581;5343;3343;18884;31309;29035;31698;12165;29990;13767;25671;22735;18319;28921;17323;3834;4685;2625;18315;24428;
11008;18255;2859;29545;25768;692;17449;6701;16743;9879;8798;14648;29065;16297;26373;5866;17345;15451;30495;13135;27317;11342;27926;9020;15293;5130;28064;8603;19176;10484;17382;19203;2113;2426;2278;14220;16976;17809;23061;26337;12771;19297;25417;12950;29454;3134;16343;15036;3952;28123;30456;179;32184;23482;6002;9280;14952;3303;13940;30431;24025;20966;21953;22875;21375;32490;29968;6043;5743;17992;21171;14015;5918;5930;8056;26988;11884;21640;10701;7779;16865;30804;17447;23897;32054;30453;27300;26115;17687;30455;27631;17776;18215;12545;6500;21915;19269;3079;17012;23361;
10766;18880;32587;13808;3234;22363;3761;22113;22955;5742;19246;28423;29596;12847;31602;4840;11319;21734;499;13996;4434;20898;12248;18419;30426;5675;16150;20204;25112;31033;14297;20004;14899;14563;17701;21659;25079;15706;15549;30237;7892;29655;24132;7631;28970;21970;3490;28425;16836;28789;3241;10339;2210;80;30713;15635;20731;30030;2848;6262;16002;29416;28678;16364;30697;8344;7561;18153;6819;24209;2404;18761;7151;12973;12629;24548;15122;423;16255;17251;26851;26762;19981;4434;18573;19049;3608;26486;11665;26193;21962;18784;15114;2428;22980;1090;2101;12743;5566;1282;
28208;13414;10349;21645;25346;15575;9898;11886;1500;14356;10704;26015;16543;13;7526;2974;8861;23381;4094;3524;22692;9500;2908;15571;26169;12637;14299;29390;1057;16728;20237;19213;18470;7235;8610;8336;31255;8253;13451;18068;14865;24451;14687;12132;23549;7654;26109;30066;7258;17021;28531;31398;4669;4503;11294;4598;661;17139;8467;26423;30900;18484;32446;6450;18443;22415;20681;14843;23349;3783;25919;10622;29752;16987;12018;32347;16903;19710;10010;28916;28491;29511;29246;31939;3682;12202;19544;11250;1704;31399;52;16677;26358;25409;28185;13211;16745;2994;26027;12661;
29797;24157;22288;7253;1241;3844;8018;13355;28100;15419;29700;25676;2296;17692;12841;26309;29982;10045;5201;12782;7418;30943;5125;25666;17392;21352;31333;8813;15303;16916;25616;7079;10158;2279;15428;10305;28796;22502;29511;13949;20028;16006;29701;31139;2793;29541;7418;3921;25206;17464;16466;3859;9233;16900;28495;14387;30889;32146;5356;12755;29358;26653;9152;4408;19224;11341;23332;6761;28586;4969;26520;28409;18040;19144;25187;7969;19111;7560;29818;20754;26228;30339;8355;29320;11895;15999;30938;10403;25129;27301;17140;29171;21925;20277;20610;11985;10411;2679;3576;1014;
28394;7157;3343;19270;11647;31719;3687;1773;20921;18159;20081;2733;1311;20998;6540;20342;692;15030;27502;9528;20857;18315;7622;14069;2100;11460;27167;5402;32368;2381;17160;14863;3781;12274;18546;15629;20057;4301;23385;10032;23975;22272;5287;7885;13951;3754;9045;23813;6990;26387;21971;8602;2976;25898;21162;6402;25059;6706;17504;26810;32366;12984;31899;21981;9154;29128;21130;14837;26639;27744;16513;14865;24570;6437;1251;29720;26269;2133;19013;5724;9935;22525;6864;5490;18854;14444;8935;29762;28219;5351;1802;21082;20141;13470;20731;13448;13929;26591;14367;15271;
11688;5514;18726;15801;32313;15557;12527;30006;30080;16112;11941;15012;1983;1500;28975;31848;14484;23095;25543;26844;27843;32331;11752;32417;2358;24809;27246;30519;834;31903;23033;16330;17964;14129;5266;29775;4588;21831;32401;4304;14128;22116;1213;19716;21668;19735;25526;22051;31089;1909;32400;23288;20739;7110;2241;7736;15376;11647;1853;786;31446;32369;27871;18439;19620;8255;22027;25596;10395;23061;10130;14734;29622;5783;5333;5285;22536;28184;20782;9804;8517;8461;28811;29376;17028;5825;15196;26054;26947;13386;31152;322;16812;8123;31130;23046;20503;17307;21722;22248;
975;9878;14777;26135;26393;27507;15157;7343;4210;3398;27742;29834;14617;11239;19200;7258;7373;31906;15746;3572;1752;13104;10254;24303;12364;30438;23795;32622;21389;14381;27719;23354;6415;31282;5840;4372;16737;25823;26661;13385;12395;13065;15376;19590;15860;20715;13111;2030;28519;16083;23291;21354;32470;3099;3233;19776;21311;32347;18351;17896;19982;14557;2969;17179;4580;30801;29853;14636;9879;14018;8172;28315;7802;19401;6922;15848;8414;23809;25207;10661;32216;12986;13199;30415;12101;17650;13743;16734;27404;5249;16025;16155;10915;9363;13850;9394;19413;10331;23786;24840;
11970;14598;31443;8910;29991;10222;14357;23639;18143;16657;9738;14758;16298;4545;15110;15564;27182;1949;17793;29809;27707;31679;6776;176;18515;32311;784;23080;22634;30136;11645;3919;26090;26514;9506;27658;762;31712;5625;16251;2304;4611;24374;13338;24676;31055;14631;28168;30104;8707;29279;25504;32597;23167;2067;9294;31271;27825;7620;420;32043;12241;6174;20138;19479;25166;24353;10614;19068;24584;2942;765;13384;2239;836;22825;16271;27339;18875;22316;2955;1550;1680;20499;225;15144;2099;18334;1829;15081;17790;32079;13217;2572;8855;11713;21842;27938;32023;32315;
564;20684;17260;18053;2496;557;7036;11514;28850;19359;23690;18655;23055;18853;24670;16115;359;3106;28576;3143;10839;22472;19846;29520;10579;7122;9903;16187;27042;28662;26446;20864;5290;11925;15498;11706;15982;32566;17701;30646;15189;25906;13660;6090;813;9904;29199;31080;17775;8148;26402;6130;4805;22068;7459;19920;16329;24716;21037;6593;25872;30386;6668;20078;8295;15820;18849;24645;31580;9408;12680;17796;6913;25836;27641;7316;7404;31512;16876;3225;17794;11432;27521;5191;25462;27926;12190;15095;3212;14240;9946;22522;6051;12606;9626;25645;30706;9943;4473;2509;
23954;15284;9710;26253;16188;23605;27689;13286;12629;18627;27197;18863;11815;19717;19844;12013;13170;30551;5183;11500;22819;25720;31358;6287;17763;29570;11840;17892;8659;30240;3802;23035;30230;12539;31645;28409;2961;16501;30131;15976;15982;13722;6474;17873;24551;32595;12789;6541;3521;29661;28238;23000;8982;3706;30433;32295;9816;13671;27717;27324;22675;7181;4236;1143;18930;5499;8158;14063;6021;27412;7264;8385;13889;2949;4442;23080;28489;9723;4506;2510;29036;1426;29971;15330;7150;16656;6602;12139;26251;4819;11251;3548;2745;27912;14678;16616;21038;7710;5112;23191;
11938;6522;18424;17306;32470;14445;10423;9180;9429;1891;14651;14681;20857;29533;29654;4403;10546;27553;13570;22274;9731;19375;19856;11884;23245;8568;2;19191;31696;9163;27957;14874;20591;27920;13379;5018;29235;20024;18855;1044;32019;19956;18850;26069;5363;10277;18910;23538;25706;24980;28242;9110;30920;17380;17765;3990;8024;21957;12118;25163;10210;9066;21723;31136;12404;27452;28936;362;24162;720;29299;8184;10380;2070;14230;20715;5855;13012;27252;25160;6943;23123;16256;18380;26339;857;7098;14464;25313;2646;26139;19085;11115;15842;2099;336;13882;32103;25105;433;
1387;12315;13667;24753;3015;10290;19422;16451;9799;18001;23776;11869;20183;28997;30292;31310;27739;13813;27863;29778;25584;9109;5912;19300;20340;14365;22661;32083;32072;28922;16164;3352;7508;21507;14526;29543;16204;1198;9027;32132;1586;14724;15466;3672;13597;9682;13464;30148;31032;11170;26883;21045;5389;27113;2327;12409;20740;31490;11033;24017;21798;30555;5130;8263;20519;4207;14030;18753;4004;22516;11917;22103;28073;1877;14426;5218;14198;23394;28690;30933;29059;22599;21639;9553;7361;2490;22238;18803;24867;4985;31030;22257;16733;9716;16523;15333;15340;11078;32217;5992;
32086;16490;12932;7267;1971;20140;5111;5794;29548;22877;29323;17962;11587;21451;1963;1229;21907;4977;28471;27131;9433;12906;20517;24795;31092;30252;30830;25754;29353;3698;28712;22276;15594;16506;18415;9553;29528;21105;9866;12097;14982;19244;22988;9323;30848;23064;28343;19409;19980;31604;5352;27065;13615;11453;20783;14264;26867;17770;17277;8976;31336;18394;1027;17724;14057;16011;23448;19144;17312;31116;23387;15462;4685;16437;6042;24127;4930;19221;2547;6535;18610;6700;24249;9300;7980;31578;12698;23472;12131;21784;32126;1004;19760;2406;17329;25400;2010;1284;11845;27249;
32660;20197;12722;24634;13383;11233;29120;16974;12690;10922;28071;20757;15376;11265;14196;31093;25561;15146;15022;4330;8267;19101;22074;6105;22794;10494;19836;30241;69;16975;21695;26100;8763;357;15575;229;3582;26008;516;9025;31607;8383;16922;6563;21163;20828;24031;19651;30780;11539;18869;24463;17203;12129;20857;29565;32764;8330;21418;1823;9394;2259;14286;8952;6814;25586;9233;18574;16634;10435;13872;22464;3322;31036;17301;24154;27405;3747;25796;1511;17760;13822;20469;5062;21411;28876;18178;12160;6161;3570;7300;25433;11690;20216;5177;2853;19395;28021;8874;9565;
8897;5320;20490;14962;30242;9225;16992;20065;6077;19520;13033;4232;10314;24276;21175;15800;16676;24646;25247;26763;27470;13086;594;7160;1972;28454;31434;3108;3252;14551;2024;18811;15581;11537;25947;10752;15095;13583;8899;23777;8003;22169;790;23631;29188;21627;27459;12684;12093;13111;9238;16198;14269;30199;29532;1571;21337;10181;20551;6045;10361;1278;14100;11024;19670;22788;24554;2321;21377;25652;23814;16642;31784;24088;25621;23779;26517;26589;18145;1899;30071;775;24368;22616;12133;24675;29161;15107;25888;6973;19833;9015;24088;13524;10101;1091;17458;25611;32129;15950;
11209;3425;32112;30187;23795;30499;14509;2542;16901;3553;9945;7037;8025;19742;15285;23658;30798;8267;5187;6080;17809;20471;32552;10395;24731;20288;25685;21309;18555;32141;20454;13407;9174;12415;9290;15045;9260;6692;14245;24341;11868;24430;24690;3561;27755;29412;13677;30755;11393;1944;1200;15745;12596;12377;17948;9585;22281;32553;3322;23078;13112;14578;15586;23019;4016;29044;1500;4791;26715;9090;27590;23554;19875;6510;23798;17112;20533;14786;7200;23596;23045;3120;377;4462;6290;2764;22300;7008;23659;4985;21677;7973;4594;3489;32317;8602;14176;6186;27246;17642;
29705;21413;13272;1117;13538;7368;6571;25201;29248;19230;5013;15660;738;18429;23782;15536;8242;4537;15090;4112;32712;32535;694;27746;9776;22276;8639;534;22253;4231;11848;23686;17853;20213;17059;24525;27935;28260;10202;22749;11795;13409;5013;21452;7457;30950;32062;11375;8348;23430;20068;3370;17448;22763;29277;20486;25978;21634;2352;30212;7775;27253;16818;10418;4096;7642;7918;31227;29540;14122;11466;22083;4918;26356;26600;23732;4809;210;23755;4562;9817;25245;16955;8278;8340;23517;4842;7225;31064;10627;27223;31759;12735;23003;10483;15510;14681;11452;9091;25231;
14520;17410;25029;20172;25906;14397;12374;6283;16866;26027;2515;25090;29168;1380;6974;23355;18;26325;26532;26402;16211;23919;20221;5853;10516;13984;31828;28507;23632;19459;32552;11568;8740;1492;5137;31392;7054;24998;24743;19449;31861;20824;9887;22055;30697;1605;12855;21378;16813;31931;2005;2794;18674;23471;5354;19734;4198;31918;26653;23593;18285;12311;13478;29062;2222;4488;9463;21990;25042;150;16546;16296;2184;4545;26999;27496;24781;2982;13292;8914;14442;17527;7875;9656;23486;29609;28134;10595;26557;19436;11414;25127;32057;29024;6852;19258;14689;8198;2495;8391;
6023;5749;27664;16445;8230;6350;7330;25325;2339;8177;8487;26324;11091;2289;27574;6581;28990;22726;24505;14956;8994;26690;7686;9342;13371;3143;23628;23028;30018;3638;19377;24426;20532;2218;21177;7779;29012;31847;7786;16863;371;12685;20142;16688;21871;14610;16888;3337;14074;8814;17450;4824;10908;14744;9399;2645;22267;24882;30724;16731;29019;23808;2069;23032;21345;8351;14437;11968;7708;30324;24853;20838;3654;4834;25929;22413;26054;26560;2256;27099;3706;19466;18691;18767;23092;19414;15599;16085;1026;13450;16566;10520;22195;12621;28722;7320;7318;3003;13532;18940;
15493;25821;27372;7849;10274;31320;25026;21395;32609;19428;15237;24147;3399;13568;28682;30843;497;20197;30455;12582;3543;11960;23848;15571;16978;21507;18769;30579;23388;23398;13285;19648;22167;18826;22071;31441;31634;599;5344;25323;14663;16487;26976;23707;31976;8378;3848;16129;26075;5803;30487;5231;31491;23586;18467;11315;17729;12812;27834;32432;29498;1288;30026;6068;27227;19043;20798;31493;26907;10567;9066;14141;7808;17455;13737;6872;23269;13982;20420;16268;15866;6929;30102;24537;1548;11570;20590;10976;25735;23630;18357;2680;31673;25097;3281;3967;27096;12625;7752;30830;
1351;20880;1577;1584;11797;31270;22440;4917;22727;534;12296;8386;13911;30719;16062;20107;7548;30287;6355;28803;6444;1971;23434;14067;16479;12242;25155;7369;15127;27706;5023;4147;6301;16794;2533;2413;23309;10547;6820;984;23572;29321;410;3403;28409;27998;13013;24493;25562;28640;6168;14532;20537;3362;15744;25672;16567;4041;12647;11324;14366;3336;7049;9086;8101;9166;20325;32412;3184;15421;24039;28393;32343;23391;27203;13264;31720;24340;17956;22121;12207;13903;6406;17226;27317;27010;5856;13984;12358;1879;2567;11902;12023;18849;13391;22388;19176;1682;19315;10084;
7495;16942;5303;6801;3349;29695;25547;18169;25901;21771;243;14821;2946;18947;14949;21438;15784;15805;9458;5666;30358;32740;20457;6199;25002;31727;28729;5439;32493;23631;18133;18797;23705;28141;18013;4343;2520;22483;15354;32109;9935;31529;32650;21833;13787;3940;28413;12743;4634;20154;14590;12023;12078;18137;15062;25104;1597;8664;30094;2567;21564;31598;24148;11872;3438;5730;3617;8261;10791;1602;5272;4565;12502;8536;29232;14270;8514;20186;32149;10510;9492;1377;14412;28998;10646;3484;22166;2224;18106;23878;32408;9971;5982;7765;696;9189;26318;13941;6986;23200;
22411;25268;25452;17112;26443;15231;7470;13420;29760;13517;247;2362;10141;28314;7204;4408;26967;27031;753;3265;16680;29728;22941;8492;18650;25454;30921;31651;5058;27918;12578;5682;12171;13457;29247;21279;8757;24966;22732;25210;2396;20901;26601;9716;16062;15181;29133;1781;9720;21553;29615;29416;1936;20558;26854;29146;7480;19744;22863;2883;13137;32021;9967;27939;943;10050;24281;2385;11676;20308;4434;7440;28447;6602;30004;22244;894;16482;23184;3748;19201;10961;12439;17359;8185;32695;8891;22051;32001;16850;4369;11372;22660;19826;26618;15771;22911;18989;6914;12311;
18824;25811;18184;856;26640;26021;16288;30641;741;30401;2997;10349;30714;12001;5491;3102;1131;13381;4451;20274;1212;3054;24792;15559;2658;26893;29579;10689;27268;4283;27778;5657;10754;9706;3638;30839;27319;29084;12788;26628;15867;31571;20100;6265;108;1480;21001;23677;8943;17375;21288;8749;1265;23003;23916;7676;17395;32462;23785;6077;9285;21076;27936;3582;30481;14977;3875;9112;8604;24088;2810;2948;10697;3838;68;26352;27615;14574;27169;18834;23947;10349;6736;22589;553;15873;28565;13746;29759;24990;19294;12728;10314;19041;2725;28271;19646;28289;1560;28641;
27464;12162;23928;18906;12118;5803;4671;24570;30169;13755;13701;27656;2633;32728;11556;16009;13546;11976;21531;28049;32335;2147;31280;26074;19484;6216;1754;4627;15120;12752;17245;3194;23106;20032;4151;3757;11178;6979;2491;5053;3556;19863;24572;24709;29489;3078;26092;26170;2495;1688;7109;13123;14634;3591;14504;26186;6466;16243;30596;22419;17935;6231;11066;27788;13586;1724;24063;18854;28622;18860;1;22116;22407;13802;26957;18353;22090;13024;13040;9335;8493;985;11100;30829;28632;12656;27150;10545;19780;10056;18030;8598;26051;23038;13815;18239;30273;2396;21911;28269;
16585;29392;8793;16405;10827;2076;9537;17974;26012;32334;5751;4713;20414;18675;15273;12986;24930;21896;1450;26806;22955;6961;12639;22213;1589;21166;28635;6074;19542;27274;22985;29865;22435;2965;12810;11512;4534;16789;15264;1209;18223;7225;9931;3383;7673;23630;22897;23503;16591;309;5827;8962;25598;19093;18974;25032;1900;589;31023;7462;6617;8877;8539;22530;24933;11493;1118;15671;19794;17341;10290;12261;5388;24199;3634;13834;18534;10322;25983;29015;13607;24417;15523;6716;17861;18652;30324;12614;15728;3268;1595;23210;30034;3628;14102;6178;32534;5031;667;21751;
20647;21501;15038;30815;23866;15138;2805;29194;16270;31592;5274;29944;22898;16115;10896;21645;3209;3437;28713;14311;28746;14844;24391;5999;10570;28017;31170;14510;17854;8387;10762;7267;17211;7099;5902;4818;8641;19440;28508;27230;10232;2038;28553;27738;15545;4819;10195;7197;31184;29618;17669;27732;23553;30172;24731;24221;13385;25827;7207;16721;15973;22816;3059;32672;153;10336;13544;14308;22698;20187;8622;3119;23084;25702;21269;24870;25092;29161;4020;32531;805;15122;22224;18741;12445;20555;31359;32603;18645;31978;9484;15793;26132;26024;19870;11993;6214;27477;24597;9277;
27644;9674;7221;2212;25267;2846;28678;24836;16473;5917;20858;20375;21005;1781;23377;19761;4647;32051;12602;3281;19832;8686;28475;15734;11731;4930;10322;7732;19915;14849;14429;6278;14783;22180;27959;21734;532;23176;19236;32155;17090;24919;28783;9171;17426;24259;23633;31473;6310;21627;7445;24104;23737;9303;10618;21577;31400;21206;26969;1497;6321;19915;12679;22887;5115;2899;14077;10780;11479;5386;15670;19604;18502;21375;985;21996;27323;11749;14232;22813;20514;21003;27224;3720;17696;14478;22162;6610;9629;14669;29177;25073;9344;17437;4957;12167;16569;4542;12239;1391;
2949;24846;29446;26518;9197;5245;14081;1037;2960;17345;7918;29276;14499;5579;22859;32024;2358;30457;19787;10680;31673;32653;14203;29348;20670;7774;31141;26511;31233;23501;8692;10247;31397;18683;27994;27722;7360;28473;18735;4188;8218;21440;6171;21846;17970;25507;15925;19713;24450;23553;14444;9123;15876;639;17191;15385;12533;16885;21544;21030;28121;32616;27574;5899;2751;15161;251;31832;28102;21147;3499;8449;21984;30026;31974;5300;24790;9083;352;25962;12941;18446;5823;11069;8583;17163;12868;1657;3244;30796;26286;17397;15947;13943;32603;7076;92;2608;22193;15719;
17928;20876;27580;8229;3691;9160;31512;18206;25752;24891;7954;29052;8413;32649;15114;26667;20297;26138;13852;24043;24428;28362;18687;5540;350;24290;25388;17145;21507;27720;27459;22815;18572;8946;24235;15344;24385;16032;5241;1851;8574;19659;10132;24671;31996;10968;19478;1560;25682;13458;5109;4760;22716;14039;26338;9178;16666;31377;12657;24115;12860;31721;3963;32042;3164;8631;30145;26249;4588;2364;7889;29620;23443;14867;16174;25914;19826;22117;17579;13482;29099;7005;9496;14504;23588;17883;32;20287;31624;12141;6258;633;31631;14203;26655;23341;7296;19649;21571;22041;
9204;11010;17384;12080;19164;8443;7719;30517;19653;29335;29584;10121;31835;11105;22221;10306;300;30014;10369;31868;8879;18268;23158;2292;17541;358;28152;10451;30718;18170;12668;1223;18143;12124;390;24664;7011;7532;4297;20858;27007;21461;31631;5726;32106;6536;10843;32142;4957;617;18381;5177;7320;12359;19911;3787;21925;8210;28110;8129;4576;22344;22707;12476;24631;1457;10610;12756;27951;28492;30554;29486;17959;12937;21358;15569;25057;16056;13580;6325;4670;3778;6604;797;17225;31767;23723;29991;11127;15847;2153;32162;20782;26773;10543;23583;2435;361;24949;21067;
21576;31365;17955;8060;14662;11034;17910;23177;2759;6107;8230;7647;12632;8114;11846;14801;25804;24754;1387;24880;30340;26958;12944;1052;4334;2504;5689;19737;4172;23020;9047;29798;22711;18173;1388;23946;19811;15856;29167;13103;19748;17880;10482;30003;22577;7842;26882;11517;17193;14338;23119;15373;6995;5293;13581;30935;8234;28105;10009;3538;30233;10913;15584;20172;30339;158;20861;30848;16646;20339;18977;3690;29185;3479;8376;19162;8787;22776;457;21832;5222;32750;414;13031;12909;5741;11430;9596;16873;27520;30487;27761;28786;29426;20439;7205;7604;30542;23197;32647;
1720;10251;5460;14307;13925;22528;27840;3836;24390;30;1123;12122;653;23133;13730;14053;2136;10487;2596;22451;11572;32213;13691;31519;26847;5702;20998;6939;12883;7927;25877;17863;17663;29728;28239;32578;19288;12795;1617;30143;4752;10618;20632;15324;11173;3385;17569;32048;7582;27314;4686;24867;3346;17328;9612;4099;31977;23558;3379;3668;3174;3968;18734;25191;22118;17434;17371;14382;21986;19568;31412;30542;29627;20086;6704;32630;8631;617;4324;32495;9926;24069;24046;6005;139;32761;7827;17734;32279;28568;7975;15480;30712;1233;29485;12431;18802;3169;22720;14927;
28428;31815;27442;20431;28239;19576;26866;719;27338;18389;4275;31051;3161;26970;22986;21585;6823;6552;3032;30991;29170;24677;31146;28720;13582;24274;25437;20329;24749;9565;17350;24910;9181;14952;3345;32619;8658;25834;6311;21136;230;3941;20054;28012;27358;22296;18092;30045;25199;7029;27811;19847;4609;8661;25220;30756;30642;8555;11781;8730;4766;19318;28596;3283;30046;9147;10649;19017;25038;15667;22807;32608;21011;12033;26644;8313;4829;21926;14682;23620;21226;13432;21564;10453;19404;2897;29564;9979;26603;29828;31596;20429;2509;7957;6996;8325;22677;31017;7700;14482;
13770;24251;11786;7656;16474;8337;4150;7067;2271;30574;6812;28332;23328;14218;27114;13603;16603;22591;6747;21341;8642;9221;2011;17320;9411;9376;22892;1037;13964;8088;23496;5741;22863;14058;28488;18128;8642;509;3332;11257;1387;13015;10044;5694;24090;7057;26871;24726;18103;10248;6377;22516;13629;8150;9114;11475;30215;17537;4293;8978;27723;8177;26622;29699;15332;5928;18584;5823;16468;5421;14534;25276;29961;25161;28672;16545;13023;31606;8361;23896;26343;32277;1262;4965;9831;31711;13041;32375;17441;19230;31783;27965;19160;10013;23550;9595;273;13533;14788;11869;
23063;16393;452;5387;30785;17452;22962;24445;9335;5666;29769;8593;24307;16845;18482;26715;27973;28681;11816;28604;2458;26849;10842;22070;5949;1539;25872;17150;94;10609;5778;12883;8467;3194;27206;23567;25500;31465;7448;26748;29163;20092;23326;26472;8292;16023;8316;15740;30177;22586;8582;31689;29945;12849;32293;21924;2690;12682;17532;10420;17748;29260;1739;19273;15184;10342;2195;5359;16289;3302;18171;21828;20034;11115;24690;11526;20672;9181;8086;32112;8258;13403;11604;25031;26822;8053;11857;26416;20909;17052;20361;30404;3962;28886;1591;9702;17111;26039;1780;24788;
18649;25740;14370;9085;24708;22489;9099;13459;18834;1286;11078;5856;16496;10325;1499;9437;31626;3351;17830;2689;3528;30240;28545;4439;21080;27256;25757;29395;17839;14931;9137;9446;28618;20547;9559;21712;17338;8877;22450;1078;6239;22906;32085;31860;7796;31758;29536;3124;30667;15230;8940;17216;21466;11517;8618;8340;13687;2200;17862;26296;17888;16420;12562;2636;22782;628;5984;28388;1771;32463;17455;26135;32433;31904;9099;9427;30293;7024;21038;8947;23572;20242;30955;6420;11500;27677;30541;4260;5214;22688;8571;14907;14707;13584;5470;32303;23805;4485;27398;31587;
11551;806;17482;26719;29199;11746;32687;2726;30747;5730;4748;14403;23274;20539;20075;6054;5637;23655;5553;4526;32405;19446;17282;10759;2671;31489;19167;12726;2125;30688;20753;2034;11614;27292;18251;23862;7170;4263;18315;11412;18382;8395;14529;24396;23255;11105;32307;20125;45;19139;13856;6107;14245;14340;19363;30402;5852;6110;24539;6666;7032;5099;20041;9787;29361;5144;20601;23235;23057;11352;1253;3398;32119;4757;23830;28469;30306;12524;14092;20898;20588;10265;9696;23379;14101;22064;11688;25877;12482;13711;30363;28754;2822;10256;15222;27622;23583;643;30494;15151;
15812;27739;5510;13155;9502;26535;11219;807;31764;5444;31678;14429;24523;2385;17978;22589;10349;17380;12631;15783;7722;8699;17767;12727;32637;23222;17759;29339;15537;23747;26240;7329;3235;8217;11062;10644;16073;16361;25920;31305;28275;28881;8977;7797;31569;10068;3190;20161;27446;647;29306;19745;6427;20236;5767;8033;21863;13892;27853;22529;23406;28097;24039;24898;16439;31482;19388;32385;16002;24387;23972;30660;1033;16380;22477;9107;25607;24328;476;17161;4855;30593;24791;25642;20382;21161;18498;15991;7499;10532;1672;15808;29534;9317;12445;12090;1543;5223;20706;17617;
3152;11677;32073;25279;10078;25387;6329;27486;20211;12630;17332;32058;26424;27705;16439;22379;25530;26298;19681;22562;7090;1469;15192;18817;13193;5016;17897;28848;16283;26566;26734;4909;1084;14047;16501;26211;30456;7879;14494;7551;25887;17190;837;2431;25474;3609;10337;32651;27511;26920;10924;31113;18723;631;2053;9452;16120;29248;6418;21452;636;21632;5161;1084;30284;10993;14193;29144;17761;6969;24132;26013;17299;23905;1496;14334;14171;28296;1311;14643;28893;23513;31723;29653;21030;14778;15702;32168;11442;6982;14689;19128;6193;7678;10715;13991;9866;23995;1669;14405;
6433;25832;1139;29537;31574;27885;9397;7391;17998;750;5687;25867;29173;25782;28390;23597;5955;10734;20;1374;1983;3475;18974;2969;32322;27559;21324;19733;19710;18214;26104;12498;11454;27707;31219;31346;4463;692;19748;4171;10208;9396;28530;26554;24774;19879;17893;3002;11523;13691;18695;29109;20264;27662;657;4250;26168;18658;3651;28207;5551;792;8724;5801;28354;1436;24971;12922;32489;21405;109;11882;10139;4416;30872;10729;9048;1173;22319;8099;23533;8906;25847;31830;30196;32158;11777;6112;13722;9497;11402;17565;8357;20858;6943;26863;437;26994;12805;22302;
12489;14479;21463;22371;17670;27131;28017;6207;5044;7014;3341;30993;8330;7233;29868;25320;25387;11565;11192;9110;1520;21427;21479;32518;488;5685;17762;27343;15389;13348;13863;10248;2073;11892;28843;12127;13225;13389;24004;9061;32737;18436;26055;15660;11104;12361;27885;26388;29142;2466;28412;31202;9411;3096;32291;20498;16769;22831;10533;9071;10372;26140;3258;26848;23009;22067;5170;7813;23309;22943;11611;16386;10727;25685;29605;21787;24825;20811;5764;20098;28923;17892;32534;9452;5017;27055;30982;28266;23415;18002;25264;24055;1393;25537;10373;24909;28455;29876;4017;20734;
22201;10071;5116;26303;18383;28227;23790;28167;23005;21933;3639;25305;9125;14557;30542;29405;2045;27618;26199;5302;16338;11653;8778;10640;17773;30075;20562;23800;1269;29407;18547;14065;30261;20191;7536;5188;928;1973;23532;30999;25234;30681;17615;29121;16601;23924;1771;30173;27508;30232;15328;413;21146;687;11324;22882;3839;18354;7911;11145;19538;23964;14271;1159;15626;26013;10623;18744;31586;30354;16101;11124;31650;22069;32532;19684;29601;21137;28983;1043;23432;20410;17255;30664;27608;23994;22735;1172;15535;27342;781;8359;27207;26067;27356;12775;25279;25851;27632;2628;
16670;9412;26658;32325;22933;29483;21965;18919;23300;23324;3448;14248;10688;9262;6837;15839;22420;31373;5192;1614;23813;21303;16268;5114;30682;24684;787;31547;21212;10847;27789;24591;23259;8242;19947;11955;25841;13601;13764;17013;2571;24062;18167;28356;23460;733;13202;7817;21972;14608;24306;32186;12938;22870;27436;24875;533;17999;13740;24744;11498;30515;1820;22338;17057;6852;31368;15846;14912;26241;24511;5172;1980;26141;7420;19341;10941;24367;21445;26734;6818;7467;19732;19965;13253;14737;28853;26594;2560;13412;19439;9816;17520;28894;27494;132;26232;27234;3136;28933;
10761;13746;26759;8396;20257;8802;8910;13358;1170;4237;5400;28215;19973;20166;1781;7746;2878;5201;3822;3014;1186;27540;8995;21619;8438;8392;7475;28798;10345;2292;13660;20793;14549;13596;14564;19942;20290;26037;32695;21197;2732;21085;25937;1676;3078;6601;18654;22959;6014;28159;22688;13440;23299;20677;11410;14112;32260;29785;29771;16343;24187;5218;15396;11177;7979;23335;3485;1322;27429;9983;28413;5523;4753;17416;1593;3092;25771;28188;25367;12140;27404;12033;13459;19896;27179;27872;28034;24200;19235;15609;7285;2872;21175;20116;31456;4478;18835;571;30588;13375;
31188;294;16361;11943;9675;26871;3480;23928;23550;24488;14824;4770;19568;9153;23951;18197;803;27854;32572;7891;11226;12304;5499;29513;17187;7539;24536;22495;22677;26816;23367;19662;18007;13076;21955;5169;482;10385;25910;23904;27143;9811;17817;14969;13875;31909;25180;5183;27378;8565;3848;4136;30642;26374;13091;7345;25034;2789;27988;6133;8378;12574;29127;17534;4020;8111;10195;91;6236;20029;19162;29298;31437;7686;4721;8728;22236;19991;9665;11487;23200;32703;24109;3759;14898;24387;7478;12313;21681;17619;14747;12007;10889;25021;18372;5368;2293;19937;16736;29003;
3779;2405;20558;1881;28248;18090;16569;2216;4339;4222;24200;3229;32566;8339;16885;14994;13026;31279;20347;23080;13794;7462;28406;15838;12939;25862;15878;15331;22818;26769;16820;10537;16030;28016;23384;2747;6320;17445;1210;29008;31489;8258;6007;13088;31163;16600;9126;30710;21834;32051;6588;19335;4964;2500;19373;10754;10566;2399;2388;15080;6977;16039;23573;11806;13686;29126;9665;28481;16862;24161;9913;9017;24461;15818;12119;9233;24375;16760;137;28421;18675;4533;8127;14557;28479;9367;8712;7290;13124;305;12919;6063;24156;17162;22476;19026;13522;29135;15696;11154;
9705;324;769;10634;15647;3456;22767;26391;14514;10074;27110;3047;26980;17695;22861;23251;16251;11142;22606;623;10509;25317;5688;23519;9594;3236;4129;3052;12858;11506;975;14935;29913;15544;2521;21356;17983;6091;6921;2011;821;7014;1285;32452;17957;2263;4654;28177;28193;120;26825;3336;5927;10465;25949;5408;26532;22108;29787;17684;22326;18074;12036;6711;21174;17572;16264;13319;24950;18707;20587;5636;12231;27268;2861;15299;8895;12871;27178;13118;22841;10583;25023;12654;15900;12687;9390;21788;4065;32538;1988;3060;335;17964;18617;19931;22409;28911;15447;8834;
10571;29121;10206;9531;9073;1436;18856;31500;30393;31445;21769;28418;21193;20490;25977;10440;4724;16214;11509;12664;32057;2502;24994;15025;16908;5905;11956;23530;3930;15747;11406;14854;27719;17979;9258;19752;14138;406;8636;14536;28059;32747;6802;27143;8411;17017;10815;28735;15541;30877;11000;17375;692;7497;11582;28534;24310;2225;4798;20237;31279;19015;20597;22970;11504;24298;7191;10610;14378;5978;2226;13599;26350;17136;22158;28914;32118;29324;31321;18683;6505;26574;8064;10743;26459;1161;10720;3177;20883;20084;31390;13804;3090;23331;31827;9415;8657;14390;14957;22978;
26441;9169;2002;29752;30264;10572;30918;21614;5795;30251;13326;14371;14615;31568;24405;1384;26165;11887;10960;14258;18286;32707;16414;9006;11530;22527;6258;596;13679;12936;32243;447;31136;10209;15459;15932;25348;31846;17663;26913;3689;1854;18855;1760;24648;1419;4927;31707;11850;11747;5973;23418;8716;6148;4356;11643;14623;19651;8472;7562;1620;4678;14706;18706;6198;18547;22447;8018;10455;27048;21252;1971;31440;941;16748;16985;1923;15591;14342;14072;25251;14798;27320;9705;30455;30369;28441;28541;90;26968;9870;26001;26375;32730;5043;23394;24595;20080;7932;26531;
30523;633;3740;3277;26080;28000;13733;15287;23376;15308;7793;25702;6727;11542;13378;2342;4022;24320;12325;2009;18114;420;19740;3472;24080;1962;1915;26712;25152;9918;27539;11095;12727;15425;14222;22807;19874;27199;21658;2081;15415;162;27466;13774;24638;1701;5944;15194;27089;30859;32240;6458;17504;3472;19721;3247;9720;6688;25493;9116;9156;25159;10940;17045;28628;28777;24995;20792;9245;17459;24723;192;16065;28113;5975;24791;13201;26977;19173;13996;14032;20136;22081;19014;9530;10500;29343;7704;11589;2978;19144;17621;7591;13809;23998;18821;32024;23639;29859;24025;
20313;26914;12247;17083;11125;18881;28513;7978;1863;7220;6800;14661;23612;20673;2785;17829;2395;5097;7716;16624;5762;5274;13275;1963;15602;31398;6627;8272;22797;8564;11350;27553;10591;27382;11439;12091;32476;16090;5167;11886;17000;2565;25984;17740;29597;21053;16793;14848;1224;12837;17377;14434;14388;20847;27031;11208;25260;11597;2161;27422;14139;17704;6275;27449;54;32661;21859;27496;27004;23429;31371;20556;16381;16827;7934;8426;19065;2692;29743;23039;8074;2978;27678;2963;7397;17033;2756;29905;25565;28366;26289;4630;32553;12508;7412;20808;5606;233;15419;24681;
20448;4648;27451;19052;20237;30272;20050;22087;25178;5374;28779;23625;21930;19526;13091;1454;796;19536;2602;10865;2445;1041;1515;16737;19551;12790;29039;5751;8312;27864;1918;15207;19085;14637;776;26229;12960;32379;3780;13194;28871;28947;22551;31623;5936;17403;18743;13785;23906;14124;11920;6222;4293;22013;19303;26918;28261;31200;8637;14190;18931;25932;29046;28041;9741;2810;12986;29200;8638;21844;3996;19164;24393;555;8441;30304;18466;26280;29347;28476;21054;12165;4799;3600;10892;29052;12396;15758;26820;7680;3494;13524;12383;12332;18537;11256;25318;9721;16153;16100;
18288;6579;5153;29284;19303;4014;5339;3965;16522;19509;1968;18689;15416;17859;9600;24416;31723;1910;16963;14017;29443;6080;26865;4945;26053;14176;28320;28635;13731;3216;16620;8858;17085;3712;29596;17483;1705;17668;20867;3461;19567;12425;29859;7757;10712;28238;10649;25574;7657;27857;8757;4326;30890;17543;15208;23439;28716;2255;23139;30299;1737;9513;9469;30425;9902;6819;6485;7864;5783;12693;18617;15137;11226;29582;14791;3659;23975;398;13778;30537;7566;6774;1416;19494;6465;26044;24785;6707;18844;22115;5626;16544;29410;14891;11282;6474;31306;18693;1172;9172;
13498;18633;16455;26361;4818;6443;27491;31776;20012;15340;13557;31025;31714;11597;13700;11432;10321;8393;2293;24552;24605;30211;16300;5073;19062;31230;27380;27540;14489;18572;18593;14790;20121;25097;20980;25524;10591;18760;12734;3831;9711;15822;26056;19784;11758;26174;3955;14997;11617;32533;14236;16724;5560;24983;2498;30999;4619;30474;19051;21344;20643;27681;3267;2743;1468;14523;27527;2043;2953;20430;18721;12790;17273;2973;23317;23347;7353;10802;1179;16916;25594;28168;17549;22303;16500;14088;14980;15769;555;10166;1855;14934;9585;10925;3140;1231;12204;27721;20169;11893;
18777;7331;468;5189;14673;3522;31650;3741;9547;527;6726;21326;15267;16138;23442;15858;10842;14396;11322;29312;1885;26220;12855;3613;3594;7958;5738;23093;22000;25;4482;13771;26326;17328;16415;10509;19967;4259;567;22316;6317;6847;27066;17002;22500;10115;31857;5749;4464;19228;19756;27891;16938;29076;12316;16478;21878;2118;3710;274;13840;23445;7545;164;23561;31965;31818;10102;31756;17578;32158;10376;15334;17704;8255;10129;4165;16603;31475;1359;10176;31120;8098;17947;1816;27540;14774;18112;15038;18723;27591;13197;16789;18979;12408;30121;5368;9235;17052;2727;
29183;15934;20638;31322;18430;30260;32543;24299;28751;2170;32480;13096;4946;29057;14819;23327;24241;23253;23501;6892;28905;26775;14735;28623;7686;31533;23621;32642;29101;14648;13150;4553;4704;30150;12798;18506;27134;18122;23456;2207;14217;24521;1024;19626;28204;1237;17976;19752;1405;10687;30505;14985;7935;4489;5916;30720;9451;538;1705;3286;17968;24629;729;16387;29624;18348;11399;4607;17133;29649;7948;2262;22908;3118;23067;635;18008;10614;745;350;27651;9915;16529;10048;24585;4832;14264;21062;25549;22098;26988;4173;23175;24819;31058;23678;24718;29783;7937;23330;
26579;24115;18089;1975;32174;14098;9464;2371;7646;31050;16958;8424;14027;1071;16591;26297;17165;24454;25257;18636;7218;21309;4694;144;27324;10073;29460;29281;22378;8239;15412;11098;25017;2775;25536;29035;32681;28126;23648;6571;27332;12859;27262;6383;15965;22660;21673;667;19222;3682;29495;27064;17317;14403;25391;22599;9943;17230;24678;20693;2772;21404;2791;3664;11686;8869;7064;30233;28405;8696;19483;28762;5908;13872;30195;6810;3906;7715;11496;2191;28457;23132;22700;1843;939;10444;4542;5658;13022;26812;17807;2818;24917;31494;26084;5036;15522;29317;10107;2538;
3864;10442;5105;19962;214;2832;29411;6930;27137;13170;20052;2620;6736;8796;5710;14180;14798;11328;10188;15535;9947;28554;15064;30735;30068;26325;31729;20245;29621;27487;21679;25862;22428;15290;10154;30512;31248;23237;919;21374;17186;23259;4532;7499;11154;26954;17255;21620;30613;11783;801;21169;3797;21408;27785;13093;5562;19313;20439;22579;11240;8731;1149;916;29705;30770;20237;13478;18636;29494;24151;16647;17197;15045;9169;23395;30200;22030;2877;31882;648;32137;21893;25286;27349;13542;6890;7019;17582;16707;14429;19119;12866;20385;11309;9660;17381;24473;9699;21252;
10001;17995;19819;9429;18091;23960;1396;25133;16520;13201;11544;4559;21552;20014;9408;31638;12002;22340;6722;21514;14552;17585;24653;17969;18379;20697;21767;20392;23226;22359;7156;8945;17128;27116;12058;1039;24100;12731;2915;21328;17996;28857;31810;14955;6676;14175;19097;12234;17156;8866;21211;17449;23744;13860;18030;28256;8588;9900;7251;18813;15;10452;29960;30998;15959;6145;30125;10206;19998;2456;24167;21621;13900;8303;24578;24709;13757;13442;29914;5642;835;8936;16635;5873;20207;23045;15751;27365;26764;30208;13144;8038;12141;375;18663;11803;12137;11890;10092;7529;
3875;7062;31559;3908;13199;31132;21407;12869;15537;9473;9545;18685;16296;2046;29931;15242;25068;22714;27745;26471;14804;1983;24415;8585;6235;29354;856;7847;8227;12071;24223;13785;19898;541;13005;12644;21789;22310;26210;8660;30842;19522;12719;26444;15418;9676;4851;25883;7231;16045;19908;5007;9834;18639;31152;25614;7777;29141;25637;11106;3727;16393;18830;1621;27244;15253;10687;27774;9726;14327;15251;25946;26272;20911;17363;5023;12546;29754;21338;2764;14449;31812;12407;8965;13144;18970;28563;16158;22791;22622;32532;14582;27828;11006;10881;26630;31167;10854;22758;30265;
9531;16117;2682;30462;14505;16558;22911;29852;18950;3889;618;26567;9481;26089;14148;19824;22950;16518;16976;20193;5078;25518;15342;12296;8346;24047;22463;30739;17469;5369;3338;2110;17882;13066;7774;5353;21535;2217;17529;13550;10064;13975;105;31537;1167;13315;22769;20089;1626;1277;1838;29566;20053;13613;22138;32067;1098;27333;15249;6053;18030;9652;26355;24628;28390;32541;22153;16707;21129;32007;10890;827;23784;20054;16800;2101;11659;762;24647;26055;6782;5222;26486;20765;15373;21059;24194;4428;26059;1894;21567;27620;12505;27392;23400;16324;31588;12821;9793;16947;
368;21808;1402;4652;29396;24148;20055;5624;10886;21301;27662;22275;27417;4008;8305;20456;17540;9305;14284;24782;1829;3516;13329;24055;26630;22342;13106;27798;14942;32476;5327;8673;25179;11404;8977;6248;25886;4731;17110;28581;14856;2334;28430;27092;16692;15277;868;7173;836;30933;6690;25711;7777;31662;334;6919;1149;16620;2841;12369;28379;15449;15739;11894;10962;643;9495;20632;9166;15025;20324;9314;20119;27932;12302;27107;22998;348;30106;9628;18389;289;4426;6359;21894;29475;30272;5179;21191;25180;21477;22686;20452;25972;20364;31258;17501;14973;339;31075;
4842;19168;14410;1879;3773;11159;18904;9943;26119;28061;28762;8406;5565;21155;32012;32431;19100;14853;24877;32444;21355;23036;21086;14116;2176;6421;3660;23284;19589;7138;398;21874;2684;23279;21969;12206;21761;21751;11058;29785;2767;12632;235;1498;9350;26309;4402;6815;4012;14907;9310;21425;15089;10806;8012;8588;14263;6692;20737;27437;5329;21018;17296;11116;22155;9926;5182;30860;12267;23973;5861;10769;24887;8565;18582;4305;24503;6894;21890;30030;10940;429;13851;20547;29154;14705;10102;29053;28817;20361;756;2284;8906;27789;14625;17914;14112;3661;29660;283;
25092;7687;9145;9126;30278;14045;31907;16867;26329;12421;9670;7013;5591;16963;8364;30106;5316;21012;11173;1184;14871;17452;9069;22106;12278;24227;10249;29636;24642;5484;2290;11395;25043;21126;15477;16577;19205;3702;26202;23863;3443;19700;12740;7563;16130;20965;600;2269;29730;8841;16545;15517;3920;9974;17843;14751;10719;32709;10767;1905;31225;25611;31687;8684;23009;7051;8163;25865;21626;26921;25346;27382;23309;31138;32069;4201;2119;10875;3432;4917;5249;15671;20274;32539;24389;19149;4368;23778;12813;2905;11517;22441;8269;17938;2212;19581;10420;32124;24777;30759;
31663;11231;25573;14151;2864;9207;24592;3239;18349;27117;2084;25033;11883;6278;5152;13762;3324;9883;16586;11851;7687;8393;29337;16150;25415;11113;32721;23390;24790;24770;26096;26050;7596;24446;28233;21075;3426;7515;1519;12012;18236;21027;19668;1474;11879;3806;8242;20027;28543;21830;9258;24580;30549;17275;4268;7262;18158;10232;17814;16824;18639;4550;27168;7555;2935;12527;7031;4162;1326;6966;28328;6112;17661;18693;18880;21575;13566;24231;22577;14894;20950;5559;7800;26674;31615;23257;28925;21033;17227;29608;21051;14003;23333;16623;31776;4881;2586;28955;6327;2363;
18969;14064;28164;27692;29431;22652;304;26241;5814;10825;29926;28482;29447;19159;9980;256;7181;12873;20822;18208;17508;27231;12807;13686;18018;676;32442;15894;21149;5353;10065;6502;26541;28145;11211;21624;30515;11886;2411;6551;23578;30764;790;26400;1564;31629;18686;10388;32392;31029;17277;26090;10819;3078;1347;32042;27917;20303;10420;6711;4614;13632;7308;24812;7537;8610;9157;32107;27575;7365;3258;3762;16815;12985;25484;8048;12828;21184;9157;8470;31864;17156;11579;7472;18672;31878;56;4342;26031;855;1239;10014;26975;3850;25009;17397;24301;5993;9657;6062;
24205;6503;18789;11002;14335;10326;19215;6617;4624;8026;27290;28847;9059;1822;18520;24474;26737;965;27435;14339;31439;24356;29163;26739;28080;814;29704;27304;21418;30895;21873;22505;20925;15934;4532;6038;25489;2924;16998;23555;13567;21570;25797;24966;13523;8427;8860;9167;17616;3501;8807;32120;10997;1822;8888;26077;10239;5780;25817;16686;22319;21213;10931;30403;15181;18736;19438;16815;7405;29284;9818;28567;7665;2144;28046;453;9807;20435;7631;25720;3605;10789;5683;12414;10410;941;7685;11013;5462;29220;22892;30639;30980;5977;29000;12516;1351;7207;29277;23148;
28828;22436;10163;25149;17391;30364;29756;9105;8544;14142;28600;8252;26694;3348;19158;25661;23156;16697;16028;18323;9916;25286;2824;594;31922;7053;18680;18165;3506;15626;4935;22262;7973;6550;19257;17820;4607;32222;31769;23829;908;24212;8736;22980;27501;3684;22681;28636;23262;4138;13123;20270;16698;22882;18167;6463;22976;6367;9610;32158;9879;21953;20725;28788;7440;31393;27059;12125;26412;8462;7275;2166;24158;12605;4815;6072;9105;10748;27588;28292;30829;9448;32451;22910;15830;27360;28287;14495;15286;11449;20168;7558;5629;13363;25007;9231;4838;8492;12267;14631;
5755;1812;123;17375;30555;32417;29581;25791;4283;32708;17567;16220;13739;6107;30692;556;27034;20520;30441;8346;541;22658;24696;29526;5612;19018;4029;13039;23853;6049;7847;163;26358;31448;26513;29046;18445;31272;18978;20353;9970;21412;14193;1421;18719;25963;18797;26848;1422;26146;27005;21847;16508;418;19043;20405;21613;11757;14694;8763;3184;19559;2736;10105;5028;27459;9461;14179;32251;15163;28757;27303;20030;3460;11396;10302;7505;28161;29224;12609;18105;11703;25474;7935;15963;29057;20561;1868;29574;6404;20723;15132;25908;4582;7374;21328;19341;27451;8174;32719;
31405;15680;5103;19673;25255;14668;8222;21144;20682;30211;17627;760;22051;19405;5698;2489;30530;21895;2570;29379;2369;27000;23724;2745;24579;7814;20936;11728;12730;12713;21445;30946;21420;24481;14009;4286;13366;1764;8840;29635;13841;9691;26703;2477;20692;2381;18179;26030;6842;16156;25429;28353;8102;8495;30425;25147;10596;3247;31336;25762;23858;6518;20419;5315;21119;26052;11896;21759;1778;18996;22538;16102;21422;2543;22348;29959;18389;21280;20238;18181;3146;9128;7163;23534;13500;26130;19906;22217;8672;23241;15220;10606;22781;8584;14125;2459;29870;30483;9463;15427;
4836;31525;30955;11049;25642;4777;24730;30894;16429;14892;7083;1511;25467;23699;18373;7923;14987;521;9135;16780;24062;27452;3509;12763;9252;27849;16718;20881;27586;7924;6141;27955;1042;13725;20853;29621;22028;5232;9984;19531;13028;29531;11809;15996;27604;10053;20088;8312;5915;25341;20199;16299;9798;1136;15859;14226;12718;16928;14701;10958;7490;19665;22865;4727;31366;14725;16878;6066;19420;18347;8519;11142;3331;22420;7098;20715;9437;9510;27615;19748;9333;6868;14771;12879;30528;20686;27894;30779;26787;3188;32465;6009;8886;21521;3772;23222;2632;27334;16031;23112;
7203;18628;6711;22022;12176;25534;3516;24925;16926;23455;12225;5536;12448;24440;25179;16032;373;24252;3973;13693;9228;23215;1219;23995;18854;27676;12806;30872;15198;20806;20432;17053;20839;6178;12440;3956;28566;14531;16752;22521;11040;13334;32229;28307;32164;2767;23335;19909;10604;8355;28266;13568;13040;24504;21131;1980;5019;12378;4343;8903;2514;6383;4553;7132;10803;6701;22322;8055;5658;7050;2078;24808;31594;31732;3604;20646;16778;6851;19038;3303;1965;27884;9835;16493;22615;29303;881;25507;13853;8243;19798;5096;26028;4520;13521;29995;6412;5965;21709;20920;
24614;29947;18190;27729;644;25762;27670;14465;9817;12603;27210;27949;26817;32253;10321;9580;19273;3540;18109;921;6834;7951;23789;2726;13042;12120;32049;8626;17532;15338;17456;30174;32449;20990;30599;11869;17399;902;30643;9931;18969;5150;2353;9152;19759;29248;14563;13732;14031;20663;24502;15813;24292;29782;2434;18854;18862;2537;17202;14491;1802;6252;5156;24466;5876;25467;9939;7988;30538;21002;25779;8237;16082;11606;2396;10695;27007;19483;28907;18110;14832;32264;9637;11344;21562;19312;28894;6035;30183;23874;29466;5387;28479;8507;1905;26236;16838;32346;30264;31485;
2053;11669;15069;11598;2701;2762;24851;15467;9786;29176;15663;12897;26549;31919;978;11617;60;13253;1225;16147;30630;2379;3377;22060;16289;11967;13535;26179;3135;7043;6911;16865;5553;22414;22010;23255;10066;24162;6814;23764;8167;11838;24185;22070;18212;22420;31109;25377;7283;8381;2827;3790;754;4588;9665;24358;28346;32097;1845;16016;30567;22495;24175;14343;29653;30047;26066;14703;807;32262;21572;20521;9998;12117;27023;5093;21320;15776;6662;13239;5734;27073;7531;22894;16339;7949;25872;22305;10002;11655;15677;21258;30791;29780;7634;26007;10745;4207;28205;23999;
22;25502;16462;8083;16439;1957;18233;20757;31526;441;3228;18764;3998;18999;10674;30104;19025;31894;1895;10564;18223;17307;27069;2906;30694;21963;19054;5819;29605;5670;18131;24686;29734;11538;9476;6201;9195;11670;13377;30574;8648;6856;3217;4616;23969;24969;29096;15862;12917;6767;23822;1207;24987;10243;29566;21287;21324;1325;27021;23449;16482;22508;7052;24101;10591;7242;23726;19268;16049;31632;16750;29850;7733;9142;26923;16402;2553;13085;2837;4400;31814;3201;19021;23715;15582;10025;5448;6682;23426;12128;5237;2137;13239;2857;27679;30604;24010;5935;21908;3547;
12562;12283;21383;14910;15221;23401;1459;18835;21037;9821;24513;20974;8140;2738;18284;26672;21374;29043;24035;21467;21903;9550;30830;13604;9517;18757;3157;20810;17262;10151;4606;31015;20373;27967;9045;15877;14481;9419;22896;26802;10182;1712;11636;26327;2320;28907;24754;8837;21509;6987;12310;30737;31355;23517;22210;15906;8267;4008;9206;5128;84;31643;10291;27215;8898;14788;15776;31124;18576;1731;28588;7064;12363;893;1525;14995;6169;16149;13929;19147;8443;7448;17066;612;30543;27639;1207;17274;25753;16315;11978;27757;11906;25844;17020;636;26401;32754;815;27286;
4730;11320;26541;9324;17732;12334;20237;15307;8432;6422;31959;25641;20710;21313;8296;29310;27922;4739;27543;10581;26015;7908;31896;2850;23554;22936;7969;9942;3387;3634;10444;4785;12631;25620;29885;2391;29754;1066;17028;23847;27547;18136;31812;13768;11856;32304;10261;19460;28876;12393;2216;6106;19174;22156;12586;9422;2780;29553;4202;132;14743;5866;14141;30605;13360;8510;24098;5249;32436;23257;28194;5454;13348;13377;4346;19151;14272;16972;3196;5793;2949;19089;27955;31538;28661;29724;17478;29210;12566;28774;31902;31919;17597;12420;2891;8915;7692;31390;32548;21521;
23098;29603;13230;24297;10898;28987;11072;29287;8127;10237;21604;24059;14918;2531;15999;900;25684;26874;437;12206;14522;12894;24071;19582;15158;21862;21950;8747;26100;11036;18189;6704;12372;29168;18674;14495;29422;12717;20317;16312;19668;7083;23188;12730;28182;15175;13782;9465;27532;2704;2366;7729;32719;16195;17131;25882;23945;25594;7006;1852;30447;4512;14627;32005;24203;23848;14260;9497;9535;19838;5530;2537;22919;28094;19925;9607;3070;20389;8318;6073;32036;4677;20139;588;22622;16636;19859;32682;8254;7846;13555;26543;12293;12562;27824;22201;30310;8371;23997;11006;
19853;16536;10815;27683;5216;21150;12527;20746;27909;23525;24512;22507;17572;7552;6595;9382;2158;1393;13383;6487;11230;11220;20292;23851;25662;12378;3322;17779;15726;3065;27861;21751;27617;10978;19860;17805;32744;25268;23210;20458;24115;6383;26852;9655;8596;11691;1613;20968;18951;32394;16719;29513;23792;5611;27418;1369;23203;23136;22858;11100;11561;21091;27331;12716;29762;20548;21472;14672;21158;6758;30158;16847;8336;25515;17714;1350;10109;10285;1042;23225;19249;16943;21234;4775;17404;19283;23869;481;20027;7693;9447;11932;29473;2903;12625;21444;20152;6310;9581;11923;
30498;23069;290;19043;26917;15617;4594;16064;7655;22126;22234;5058;11765;2632;23417;16537;9610;7795;20085;30826;28175;3655;22299;14682;28894;12862;28229;20968;22347;4080;16001;20607;3045;26178;20335;4427;24825;18906;107;24141;88;26070;5740;21930;2138;13501;24876;2633;31267;17845;15242;4764;23845;25079;27436;31166;15334;9857;9064;18111;24068;26122;12133;3644;25462;26427;1917;16946;9492;21276;21990;13331;32346;26573;11922;32026;25705;17270;32339;16604;28238;23424;30019;32289;12935;29702;28771;25073;7619;11142;9858;20722;9962;28381;7265;6897;1117;26994;9236;3262;
18047;17841;27563;21565;31604;20923;24338;27322;16425;23643;24886;31101;25236;24125;8297;27806;31037;17242;2568;10267;5117;26807;8539;4904;27141;8783;15804;28102;10531;23885;29692;9367;19009;12927;12034;5873;3887;32008;15285;817;3490;18773;19485;3410;27516;12370;13764;5054;12365;29405;28515;18019;20506;27003;4538;13322;21342;7241;24512;16868;16463;5942;6652;16742;10594;20080;8499;6231;1297;10012;11331;12072;13020;30794;5455;6531;20878;6184;540;11558;19137;18805;27579;31474;14244;7481;18793;24127;764;7348;25267;5747;27753;20372;3294;7891;20715;29291;22405;14489;
23716;29023;27780;23366;2528;31524;10005;32569;4434;16423;9785;30337;12192;12812;24154;18416;25635;22363;28206;16496;3304;1910;15070;11930;1018;8911;5992;31877;8675;6999;31554;7132;18800;24890;3136;30772;24757;1993;32695;25500;23377;14007;5859;12661;14835;15241;14982;29572;8989;20296;31186;3397;31016;25721;28809;4482;4489;4431;22627;7717;29010;27166;18864;10827;13052;24595;28478;31385;31075;30755;12669;12243;5138;28225;7393;9130;14529;6356;1928;2006;30236;8296;14877;31589;17350;24483;8188;2643;21406;32635;17046;19290;2113;9127;5143;4107;13520;15187;19783;23326;
2547;18968;25262;4359;21533;15659;21756;5834;28434;8405;24744;21263;4775;18979;20694;17785;23753;18654;31102;10292;15553;13757;7371;20429;9142;12506;16321;15687;7796;9315;12835;5739;15468;8082;19860;30815;26619;24031;12284;22650;5103;20084;29997;26455;25159;12257;13255;10792;10298;5137;16728;15949;29563;24700;456;31526;29884;7839;17909;26149;29553;12457;32154;11559;11990;15992;16501;6916;20531;28355;29353;14948;21086;16537;2145;6869;642;6410;11446;27675;32288;22820;20435;25543;21075;4129;24662;8460;8280;7646;13306;717;27469;22927;25459;9210;29497;4274;7578;29213;
16717;29249;13770;4656;18794;14892;29066;1970;17635;12550;22892;20986;10883;21502;4405;29642;26578;14610;31549;6439;16276;895;11033;20328;29075;31868;27512;910;3998;9255;23371;15059;9170;20160;26153;14726;3096;8725;7153;3093;12015;1853;11185;9836;28012;25737;1478;3453;30334;13240;26949;16160;24439;18538;24730;19486;9672;23256;29039;22664;32268;10945;976;30286;5193;20136;17548;3596;8562;828;1758;18983;31280;3864;26956;14361;31457;3756;16848;5129;29922;15483;5430;29343;265;2440;7621;15638;23414;6666;9505;13203;11404;31335;13680;27061;25402;8288;26044;29037;
1151;3209;17816;10256;5165;8189;11271;22954;31469;31311;28057;11926;3459;29636;15831;5963;6483;1983;16353;10873;6692;17276;2646;10581;32037;3329;8820;7728;5421;22098;12929;18767;9287;4325;32617;20471;7790;30037;25000;25031;2453;29530;17770;18507;7915;24057;30193;5325;4444;10232;14392;24686;7515;17557;30934;21110;17887;120;4388;24809;25259;26341;26530;32603;25555;1846;28567;12292;28284;11913;19448;11031;14051;27062;6539;4176;15265;25476;9292;22220;17965;29468;3088;28446;21666;28349;7272;19359;20674;5810;23496;17157;14395;11393;5609;312;6698;2662;25963;31329;
3550;20223;191;5187;1758;29001;20036;31182;10797;20683;944;19697;2252;5649;21682;10929;25473;30556;29910;13688;23511;13720;28840;6575;13926;25998;8732;16526;4692;22875;17453;9523;14876;15905;27077;32754;29070;16892;23517;15341;25880;22072;8933;27364;7747;25025;16230;11086;8576;30682;21990;13480;6437;26386;21004;32269;12723;13428;17668;13063;2906;22271;805;27301;25791;18262;17617;21709;25340;14264;20125;20948;6888;2097;25778;10316;16282;19218;3444;19741;6696;28064;26465;29144;11956;22793;5691;19783;12970;8092;2921;21065;14403;2616;11675;18652;13134;6661;9133;32124;
15151;21091;18126;31404;11816;24352;32737;210;6615;27374;5155;12359;3328;14868;9486;6575;13965;23907;26494;10374;30163;4460;22035;7164;16407;7664;25302;515;32593;18840;27679;26790;20015;13798;30902;14748;13661;14188;32568;29725;19972;32316;15548;14580;28049;8863;24247;23766;16055;27146;1053;29938;27575;22605;22985;4553;15839;24846;22047;7232;22096;19830;22512;2291;25605;10794;11421;21965;31505;20861;16768;1494;28968;26084;1159;3915;25441;20650;14370;28660;18746;6372;15968;23474;14557;9896;8021;14680;16546;18042;20158;25019;31188;263;29928;21773;14520;6934;16077;23142;
32203;20923;31104;15780;3148;9933;31948;8053;18938;20891;10520;2994;19487;10203;31886;18927;13773;4835;893;7248;19304;25884;10235;24734;24420;9139;9422;18329;31824;6289;8077;5776;28692;16526;11778;10032;7287;27105;19155;6554;12516;5851;32097;27832;12653;30934;14577;28880;28432;5992;14090;18521;21817;30684;20765;27406;12425;22754;7532;24386;21206;22149;21284;7539;14451;2654;14796;21025;4785;31751;10211;29152;23461;30163;21701;21421;22316;4540;463;17790;9517;4765;16067;20253;18718;23970;19822;5941;19146;10236;26760;7853;21585;11481;29147;17974;29040;32659;19368;21024;
21506;20007;24902;24690;16839;10218;8972;1337;3941;7287;31089;288;19628;18156;29554;17985;1566;6486;13364;16187;16303;31849;25579;3205;3273;6005;10234;11266;27027;21653;26204;16085;14707;29994;22594;24950;3794;19079;12285;18949;8223;26350;22047;8415;3606;23228;477;18288;24386;20960;12472;328;21696;9617;16733;13168;31815;13889;13769;11774;9061;8652;24752;13287;4107;10742;544;13589;8780;24340;5986;28345;17250;25353;25121;26083;17906;22644;27341;28752;7057;21032;578;16258;902;22237;1701;8726;5841;19749;28559;28499;21869;25505;25966;20735;6355;18804;26664;24438;
4031;19192;18689;17405;10038;9904;31678;21843;1224;11902;778;25225;30227;2326;31770;8212;31112;10163;3469;27425;17522;17417;15766;22312;27187;31354;29532;14788;2257;21644;10145;10434;7858;22427;2210;7799;28068;27595;5439;14423;3873;12097;29532;17348;7632;2451;1415;3364;6222;4988;987;9526;24879;9941;7204;4262;64;10944;23876;5599;2319;28711;29141;7456;19118;12901;28175;22226;11443;4162;13548;7193;23939;4389;14475;15785;13777;2693;6610;13531;30049;31137;27480;27391;15634;9585;7042;2804;27163;7388;18924;4343;13973;25899;3082;3257;17210;27838;25871;18868;
28268;5629;29965;20926;7289;28306;9054;32223;21789;26326;18500;2400;23112;7560;6604;23332;7202;5061;24568;31036;11852;23860;13340;23221;8809;8322;20361;2996;27614;31758;11625;22470;12501;8933;1002;28273;11400;17904;22687;13839;1724;7532;13347;16604;17547;9883;14591;6221;13927;27065;8653;21155;1884;23602;27294;9921;20885;13074;10650;29242;23586;14781;23270;26031;26105;224;9163;19288;8762;31143;20756;7136;18871;20785;5303;21878;26035;8257;18104;18721;14314;17206;11595;21075;25554;28221;4153;11458;15649;20933;7044;23667;24463;25395;21838;23575;29661;7639;10999;1435;
17942;20511;22918;26875;4373;18699;13642;1367;9031;31201;5313;6216;16562;24610;25272;30580;26166;19388;7092;10336;21011;21889;14993;10886;30124;6616;22633;10152;13451;2995;951;32355;5284;29633;4796;23303;17374;28644;29986;21158;5839;1765;18656;13419;25799;9319;13917;1325;25873;4377;22488;22852;29045;15152;12295;156;20993;25365;29694;14600;30218;90;11347;23256;15981;29427;29056;13229;15642;21667;18312;908;3540;32436;23774;20530;11314;6123;12418;679;27370;16059;25453;790;28750;9145;14639;18140;23575;10320;3031;1247;31330;21942;14099;1057;10232;16414;16024;14485;
19410;10800;13252;8753;2525;31926;7810;8772;4858;26264;28015;15114;13897;14602;12603;28029;6055;21508;10065;10607;12149;14066;22458;982;30620;2478;19006;10087;27085;12715;5837;13158;13070;18291;21790;31932;16498;83;12182;25930;2343;24660;7531;15741;14774;18542;2057;25634;9351;13561;24501;6268;7076;16484;25456;12948;6078;15913;8222;13777;20597;512;27367;29128;10708;10068;23262;9557;6939;27891;1504;22507;29378;30985;1215;23848;7098;6479;672;13997;18422;21376;23458;18476;9258;23053;3777;4546;30931;14609;1785;25736;23671;20359;32686;17765;23342;26811;2123;29222;
14177;2558;27434;15568;10194;18590;31668;12596;14044;15381;4041;14533;9981;24705;10338;12455;145;32084;3444;9736;11488;25677;24856;11443;16987;7335;28138;994;26147;20112;13486;32084;26315;732;32058;23200;29791;2811;28304;5321;6565;9512;29258;16914;23202;12516;26427;3604;7264;1955;26451;30733;14831;19909;9411;19323;27306;20423;8802;1770;23995;16315;19279;9482;12002;26357;11736;31748;6258;8200;23963;9998;1692;11505;16619;11838;28655;15761;19830;24731;5920;14945;30756;5242;6663;10081;23618;16904;29163;13137;24031;11299;18687;18212;19318;2926;18732;10674;17102;28580;
18449;2989;23839;19244;29769;4054;26230;23790;26604;9072;9306;27750;17496;15093;28592;3062;15153;18185;9692;21889;10406;30124;13609;21813;8950;5043;18539;5800;9011;8825;21987;2087;11079;30162;5474;10315;3380;28224;8625;12748;14240;9066;18737;14746;11152;4809;20927;29482;32628;9893;13274;3854;4964;10560;4360;26569;23209;30801;26997;28897;24191;3251;21726;7222;24089;10847;17069;10641;12262;19608;1382;5248;18451;8805;11585;5218;2129;12100;30233;25278;15576;25629;19588;15321;27307;17525;11844;19847;21278;27620;27102;2113;20630;1993;392;1656;28817;6460;13640;32297;
28390;4932;30811;28850;30285;10570;21972;3300;18977;25038;2181;30553;15717;16729;18978;27911;6918;8627;7588;29718;25439;2389;6380;3823;770;5921;29097;9622;26294;22097;20859;6457;4284;3758;13657;13833;4951;25858;23600;30536;5259;24527;2252;20899;16164;9281;6908;30659;17658;32610;17393;19743;22132;3981;23016;31508;13131;8741;3849;23607;14480;6534;3982;12778;4081;28476;19239;22573;25656;9844;28061;27575;16148;17071;19126;5702;29724;5822;16730;30003;15633;32746;23027;20041;27491;24947;9242;1751;21239;29756;5999;4356;21032;16068;31688;17251;6924;18776;7311;20167;
8696;25223;19301;18009;21830;2007;30219;28135;597;18102;21379;17023;3026;10675;27762;28989;21814;1518;713;12385;1936;15565;7332;11940;4997;17905;13939;3277;5269;5481;24663;5503;31136;12837;19151;10069;5800;4269;1683;1329;984;1555;31680;208;28101;26405;23606;13218;15093;10216;5438;14809;10910;3906;1137;9152;20655;21239;29653;4431;4884;12247;8520;11260;3126;21045;21794;29395;30402;8858;19478;3273;1708;19131;30809;5454;21363;1705;24070;5921;14246;5704;3778;10600;18855;25346;2204;25344;20911;11708;31798;6162;24850;22793;15914;5607;28357;9118;26535;20733;
7453;26375;27227;14682;3289;11928;7062;10528;24931;15013;31404;8546;23123;17398;13979;18742;9781;4981;14061;25355;21132;16938;11232;11325;32023;13673;27077;23271;10834;11082;5030;11769;25920;27482;22827;17290;3176;28560;19390;10607;28701;6531;3822;23564;9731;18393;26641;10090;13775;24579;28974;7818;846;8232;29466;7417;6569;19806;10976;1701;15335;4640;32358;14831;24243;8445;25678;26625;28512;28557;795;18274;3114;7593;19349;21703;4543;23771;4718;5677;8702;27668;27941;5156;2046;31645;22059;32110;7506;3408;23621;10440;5259;9480;24881;26888;19711;23894;11148;26472;
5065;13430;20467;30754;30225;9601;13673;7485;2190;25059;14584;11174;18504;16144;13467;18050;30883;11379;27996;9411;8857;17831;11450;21753;6471;21738;2381;29547;10155;22991;8877;1639;19372;26675;21647;29910;8794;29553;9521;19219;27000;23002;29433;16894;14904;17503;9561;15436;24901;11921;25845;11809;30726;10956;7944;8928;8994;13998;22531;21826;6719;13262;4472;3493;23824;22699;18231;15015;14734;11747;18359;30708;1925;27558;27575;30556;15699;19305;28964;41;16876;8671;32062;30895;8226;21797;2551;11812;32548;829;17051;20146;1092;27837;5046;18891;509;30664;29235;2749;
6196;24382;7617;16774;10686;25136;25211;11753;19235;1943;7623;8385;3745;19013;2686;10134;20852;16667;6222;5742;28245;6013;21085;25573;31041;27139;6447;2944;26747;23409;13258;27199;20180;30186;31768;18801;2858;11360;10892;3020;4399;4175;1288;12477;12139;4011;29951;8701;30341;20247;18647;32613;9662;29783;9361;23811;16574;29960;26027;10093;12947;15758;32325;8789;8695;17487;2948;13662;23249;23839;11060;31534;28927;24826;21681;18117;83;32249;14599;4877;11739;17279;28248;4274;20070;16051;27262;17971;22083;15156;4338;30266;30284;31752;22508;16425;2596;213;18636;12021;
15292;11091;24505;10807;28;22785;3720;32128;20832;17687;26335;27117;18944;18108;12186;30204;1365;16250;26989;28574;26969;19951;1739;21646;15791;6341;23303;5344;13283;17892;1210;25565;17650;29157;22372;2830;2061;15306;2134;29591;26266;14573;8911;22983;20860;25911;1893;24300;23444;25490;31398;28012;23943;8865;1792;8977;1730;14766;13790;13733;32700;4580;25620;1471;379;12222;13693;21468;1626;12479;27618;19377;30729;20836;9502;22976;32469;3927;17536;32554;22058;15333;2929;6084;19030;4786;9559;18028;17295;10411;10937;31646;568;18237;24483;19010;28768;1988;12620;32456;
11404;17223;14070;11383;12726;10850;14870;9474;16533;6531;2485;3677;28191;32090;7446;2766;31565;23434;18841;10055;23070;21413;4063;1011;990;11351;17455;27407;1192;16609;5656;18939;24618;25289;15192;16529;13224;976;16893;15029;14659;15397;19914;18477;4220;216;17628;9908;28660;7825;12174;12873;9333;19586;20377;12237;310;27546;12928;9677;9563;17916;17195;14237;15036;25263;7889;13990;4583;16791;12572;24064;16232;5028;23432;27716;7752;17225;11277;3995;23507;24880;26365;22555;28830;18732;26671;9300;10953;4975;8029;15397;11650;9725;11211;3541;2506;31328;23337;16734;
21628;27549;4027;5644;23947;8296;20919;15943;27787;26004;4079;11693;9843;3277;21423;3429;161;9097;27625;19119;25886;5692;21391;29631;27684;5067;22337;22219;20189;17732;15912;5987;30574;11724;31266;11777;21044;18137;8991;1505;17485;11425;16843;11538;27483;28370;11629;19150;2692;22915;270;20487;18622;19050;27615;5698;9289;26192;24789;24744;16252;17091;27030;29530;27333;22539;8344;13574;4076;20319;5767;3768;25239;344;9960;32242;31251;14501;32765;3326;14417;3329;25064;9603;8751;27234;22802;29015;3321;6259;30670;15764;17712;22085;21306;5102;4746;24129;18278;32323;
15673;26210;18105;10356;30832;28833;14480;21620;22052;32688;11047;21662;10256;1002;23741;76;29179;5259;24563;22181;20797;18716;24438;17334;32128;18226;17629;15301;18116;22616;18133;8417;13478;7242;8827;9918;10977;11108;1033;10432;14101;15705;25269;9814;27591;10280;21462;22921;27817;19276;6473;7125;4124;15155;28435;3383;14836;16626;23623;12679;21371;567;2859;30728;1208;25983;27798;24894;4849;1673;10908;14079;2158;20234;11885;2765;2432;1954;15739;28259;31426;29967;29147;6798;23711;21921;4590;30782;20;21229;2880;16349;30903;15302;5296;8927;28665;6761;15314;13211;
15784;31480;24977;32601;27064;30250;27161;3756;31554;21568;9204;16386;14541;23611;10866;12409;15821;9036;18255;9972;2409;28812;6032;13679;27265;2285;30638;1167;27888;30576;31478;32125;11278;9625;29232;17909;11897;22561;17791;17050;12054;25578;9608;5005;30546;12088;22486;16189;11950;21277;8829;32641;17274;28981;6910;25828;20704;4500;23659;17471;9765;7421;26828;8846;21292;18260;14784;4860;24124;32342;17512;15168;1794;12424;29824;29228;15066;109;25295;11395;7754;14332;19138;11276;20431;4177;852;9444;18397;8611;32560;19736;31265;3958;6170;2675;7177;17682;10635;12949;
13446;22067;16027;4421;22801;22530;22308;10505;15340;17988;2085;25075;28586;18642;31588;6845;1009;27977;4696;20505;24447;10498;12357;20034;31595;14149;28585;8407;25517;10169;18135;13545;8417;12575;24546;24915;28488;7232;10172;18761;26384;23332;22687;19764;31189;8325;940;32189;26983;2947;24019;17704;7118;15258;21490;15076;28811;24784;10817;21856;31521;7219;10989;28192;18132;17538;10243;19471;1969;25387;21648;10263;23758;32117;14599;24559;2003;32255;18146;19252;15801;21097;20364;26300;29906;4433;25215;18983;21514;15489;22185;7094;10092;29542;789;30305;32232;10693;27335;30243;
21587;13993;24552;24217;29103;20384;25123;4043;22701;17446;15438;15690;29296;3426;9549;7035;22164;1552;26675;30514;21615;24255;22443;27522;8598;8764;4247;10708;20899;24142;20470;2103;31542;17571;24587;18935;11834;22539;24764;22129;8042;31204;28472;21029;11539;27605;28892;19981;8475;6592;1368;302;21570;16369;25613;16492;5800;16796;10426;10402;400;17286;21336;12018;5731;24322;32578;2906;20216;287;5529;12680;786;18976;32487;19440;18218;300;6146;27931;10351;28743;28212;27458;27148;15489;1688;6683;10153;3693;13511;22259;308;7893;17588;6909;13281;31660;31701;2026;
17519;6468;13700;8889;7854;962;7844;12497;20030;17614;21639;27469;13465;20879;27407;31895;24659;5334;7700;31800;27041;27033;12806;23790;30745;6564;18388;255;21944;13451;10252;26830;13097;21219;18755;12204;324;6577;5559;19184;982;4643;13363;16202;416;10622;22579;16468;13730;27992;23881;28266;26009;22535;12735;9916;16838;16729;21630;6561;29169;18310;27182;6959;29614;17506;11679;25096;11743;8919;16232;10358;23930;10387;6350;25531;16268;2046;9703;1442;7294;20079;19199;31834;6295;671;22842;25732;28099;1886;13947;8587;29331;5764;15493;20532;4740;26667;4960;18294;
7044;23067;2815;7051;1202;11142;14367;22343;4710;8438;22642;24489;31601;9347;16893;13744;29606;13897;25022;2671;16281;16665;3475;22884;13734;10095;11607;32006;20533;7332;32590;29085;13629;7781;31683;14934;22279;8804;7151;7319;4661;19533;2077;9616;27906;16380;28940;11795;23499;25581;6293;20645;11983;10228;19853;1493;3379;9262;24301;23244;8521;9271;18992;30246;23057;29341;10493;24320;26112;30869;8710;14930;19201;1517;24880;29312;16314;21826;23284;32043;10768;8307;24325;13133;26349;22869;15923;28549;16192;23209;1935;26287;11846;9547;8400;28344;23817;32172;15861;10160;
30502;32129;31788;15137;15570;28093;9203;9632;30239;31933;22141;16033;11132;9411;10839;29328;18299;22182;31563;25373;1496;15560;29061;25047;21430;10823;1012;30972;1323;2680;31219;30351;1023;25745;12329;11692;23473;18341;9389;25113;18107;13014;3694;4637;8471;19910;979;4757;25602;1358;29854;12612;3840;24691;31510;20843;8736;8597;18533;13977;3457;2026;12351;29125;14869;17707;6084;9370;4005;31629;19368;3858;7190;22515;401;6982;16362;7266;2240;23429;1034;11957;28148;11939;31938;32658;5771;32403;24077;23964;5867;19768;9491;2282;18464;889;31472;6841;24774;13972;
13495;5469;5418;22452;5302;12414;684;453;12540;13696;27240;22919;8985;67;32533;13281;25893;30733;18988;30329;4;5316;27725;26241;28391;17505;15584;22996;23574;17569;3320;32321;6894;17661;4476;11046;805;25821;14472;28993;4438;25097;28177;23748;28857;2912;5064;7591;21041;19404;12353;2626;13453;24949;6485;12315;519;5429;7621;26365;10001;1613;29215;6730;1618;24150;25830;15505;28139;378;7661;6499;29182;3811;27908;31075;20593;17780;27606;19613;16879;8375;30482;20249;23600;16919;17097;23471;27003;31312;3608;24860;22889;1827;14854;11606;12011;22862;18351;797;
3982;30395;419;11731;22526;19704;21641;1933;22985;2023;6920;9578;9830;16567;24807;7716;2934;6418;24946;7908;9289;5784;17696;16987;9380;21133;25204;24078;16578;20942;1569;14833;22168;6410;1649;26168;15454;20782;9703;9066;22602;4129;2340;4279;26015;6578;17415;5259;2790;11471;16920;13155;9595;12535;3623;18656;28236;22513;15664;22297;23518;1983;130;24630;26001;8398;8992;32315;3108;29807;30312;11553;19323;32651;29170;31531;22944;15761;2747;4983;22281;10164;1411;22228;21529;13396;18547;30419;20456;27321;28675;18209;5191;24327;11035;14611;4863;10862;8824;13699;
10330;13218;28498;18651;26341;23435;25916;21871;20595;25149;13131;16400;8293;6186;8314;19165;2857;12182;26445;4701;5889;16972;29877;24779;29190;24464;3636;19377;26988;13908;9025;20409;26119;12207;19950;24255;4622;3466;18120;5162;3104;24989;20479;893;19332;28826;23495;21801;6581;21927;29181;9638;17694;31250;6414;23233;28962;13632;17941;25400;10079;10471;6211;5252;3636;11645;25476;6902;26752;25329;20063;12293;17069;14744;1822;2791;28910;1898;21552;16222;17092;32110;971;32469;4039;4467;32470;28587;419;12289;773;3791;16225;19087;18502;20365;24040;5622;5468;28071;
14787;3366;1993;9640;7716;3096;4850;18293;23849;5892;31358;22309;15711;8659;19455;12306;24709;27607;7124;24112;1938;17338;2382;8606;22521;18356;19985;20603;1579;30209;23741;2811;2397;8595;21198;30138;15500;7940;16833;28240;4287;15822;4985;28197;13453;25022;3552;3975;21726;20646;14801;26873;23286;2131;12598;13006;19375;12478;6253;27383;11269;32390;18161;27418;3800;6558;25398;9444;12270;23619;30164;30879;16440;32306;14312;23047;18262;23;8375;14169;15964;27464;30357;22190;18391;14771;26374;7559;10507;31254;27170;30377;26751;1134;30014;18987;13756;21169;16584;15309;
32337;20927;9587;9099;21530;16022;21652;29810;2242;25542;28620;1459;8839;19238;17384;29174;3645;14276;11013;240;12950;31778;23032;20280;18592;159;7405;10326;7567;3635;18253;18205;8637;12639;23270;28732;26863;18788;10822;6927;32730;6068;31335;7355;15078;25510;26514;2425;25137;1645;4477;16434;24279;29515;21175;21581;19825;4098;1861;18885;6619;29068;9870;22398;2107;20747;13428;9177;20286;19715;19908;12166;10149;19143;21456;25241;29953;3121;31578;28640;27578;19862;17076;628;22614;32761;4902;27023;27640;29567;4496;13981;12839;1571;25168;406;5073;10923;25702;18314;
2960;23515;10198;6014;28459;20456;9038;374;29280;48;27913;31699;18145;22823;31475;13023;32156;9877;11790;30375;3391;4095;11540;15113;8700;14690;21086;24077;6794;23592;12548;10361;22124;27732;30022;15519;14709;7680;9259;26490;2188;24329;32359;2041;941;6409;2690;155;24880;20357;2615;26428;3662;28264;24347;26415;22753;23728;8831;2444;26219;10088;29846;22475;7258;22742;18139;3218;23946;20469;9645;18124;16652;11302;17724;29435;9766;8482;21929;24271;18842;18227;25193;10999;16427;15268;16619;3895;31326;9589;21114;9403;13694;29268;7524;10923;32226;24521;348;30975;
9843;9393;2845;5525;22888;20205;11088;8064;9812;10587;21680;1188;12643;15877;17772;13696;26592;18585;32716;19274;24059;11546;13848;21569;14794;18132;11702;14911;20365;9109;23954;30605;21302;32538;19395;3580;17193;4808;28267;29745;28736;3485;5086;27969;18194;18533;5639;32382;15989;2609;23816;30608;3905;28933;29985;16583;6487;21201;15315;25519;6626;10914;26693;485;5853;26138;29414;11818;9174;10014;8276;23478;25585;19918;13181;22478;27951;24250;2820;409;28912;6482;11750;13360;19895;21151;2909;5876;28206;26673;29188;18468;6506;24409;572;5551;6255;1176;8143;14406;
21751;8022;9940;17590;21871;3543;26579;18293;14915;23916;12073;15994;8283;13030;23469;25938;3302;5968;18579;1905;18006;31966;3729;19654;16043;4128;24641;13458;29429;10619;1479;12921;25620;29402;15283;8666;3267;5537;31017;860;30933;1251;24895;14537;25021;14292;25510;13088;29780;26753;20621;18149;9175;10942;25538;6844;11823;28512;2842;25654;13686;18349;27668;26347;4790;32017;27833;27081;17908;20755;17350;5803;10093;31110;21517;30765;15903;11524;22297;2495;24459;21400;6929;3577;31930;12219;22494;7983;16510;4994;24464;11844;25338;30229;11774;25539;22116;32099;7085;5931;
12554;20500;14324;20619;30867;17343;3677;2127;12936;15198;23373;6490;24083;18943;29672;6485;15110;28092;25903;2886;542;30444;3691;8292;29322;28571;15055;31530;22695;5944;32345;10410;29198;18062;23033;17444;21200;20470;27381;30935;12288;12234;10636;22039;13170;8476;31450;10656;15555;27304;6651;21546;13209;30728;7283;19517;20268;4903;5581;17223;30470;20984;7811;8428;8455;3176;16926;18589;20651;28305;6302;23916;7056;31536;3868;30750;22322;4697;9134;898;21497;20585;6283;13058;18807;22845;25200;18296;22506;25505;22082;5699;17161;6411;23028;1689;18941;7562;7339;31006;
16557;21497;6688;19894;20030;12920;27974;31640;29914;15133;13870;28581;18097;27878;5927;9463;27710;16626;3369;11196;24524;2033;10100;4677;568;15322;25204;25690;27896;6620;10728;13521;9564;6294;17987;25951;5396;3722;14674;8365;27635;7375;20000;15022;20211;12807;24599;27441;30840;14737;7527;5810;11737;19200;18604;6518;11804;28107;15819;18647;32257;17733;15900;7900;13635;14544;18383;17420;12570;27726;31880;27524;20484;7385;23373;13640;6853;13748;20898;2775;32428;12673;26610;10754;32025;7092;3377;20989;29756;17991;17856;18103;25887;1968;16785;7783;23271;5392;7563;3431;
22359;19629;21552;9286;26773;1186;8573;13337;19505;12757;24081;19729;17251;31530;5522;2899;31892;3318;23629;9731;13856;16567;10268;29858;32347;27906;12429;24219;13522;29116;6720;26904;12499;21645;29073;22298;12591;402;14455;4041;31038;1106;2988;16137;16164;19700;8975;25677;20307;21935;12614;17328;2385;15489;26279;27970;6588;9508;7001;20127;5515;30526;25782;711;23190;19672;6644;21545;22873;9489;3077;9473;11252;12051;29883;12772;7799;16711;24880;25241;3165;20677;7013;7467;14166;32015;22313;20284;31562;1022;9789;8604;922;12796;30645;2587;26025;8820;9889;12187;
17563;25735;23533;21609;25180;22529;18310;15053;16868;22155;29886;14303;16058;32034;15858;26781;15799;10695;9066;15675;23309;376;2432;20154;14728;4704;8709;12988;22291;26187;1248;16791;2685;6492;15352;680;3709;18690;18005;13034;15860;28456;22146;6598;25971;32172;20533;8237;19965;19987;18737;24037;25870;14715;4460;4384;9691;27856;1645;13395;10204;19779;13817;9797;30344;248;5102;6247;5728;28671;18287;14179;23342;20870;21313;16887;29583;6477;7541;516;19887;22874;6728;23522;14676;27629;7751;26615;27422;31158;7095;19080;17677;12358;20275;15822;2115;15556;8087;589;
21515;24289;13597;10593;5659;10253;3014;28186;20502;15084;1276;4169;22101;7939;15477;26075;27623;31928;9306;5734;24534;21881;11433;13570;4012;3131;31192;11354;29494;21030;28347;12547;5512;19342;3495;11788;8001;294;29912;24534;22033;29040;31248;4389;13688;22136;10625;11896;1232;29634;11245;9110;3725;129;22540;14186;23748;521;29486;23056;7914;10887;25889;6448;7391;4080;25429;11915;23338;20279;22334;23763;21639;28611;1018;3776;27807;6944;12084;27744;22;31989;20808;23215;13770;24374;4263;6503;30042;22170;3198;29465;9958;4944;14994;13181;8214;10734;23662;22535;
25182;26794;20417;11962;3712;3276;15874;22337;12626;27747;28501;23100;19905;26679;17586;19160;18454;14848;7492;9890;5752;29397;11023;26525;23218;15847;31446;31889;18743;15215;13116;7079;355;2021;20265;9011;15108;17267;22383;31953;27929;11689;24494;14003;20954;10610;19061;18233;27640;15687;6313;11970;28965;25506;18475;27587;15831;16310;1461;29974;13897;2653;13829;11924;14531;19282;6718;3045;1308;12960;5003;21911;15741;9818;18949;17518;25703;22669;15063;26363;31736;31091;29087;1392;10858;23017;28952;30643;2012;4643;3831;8625;31061;159;18194;2549;15622;13655;18887;15993;
3023;7483;18844;31676;29701;478;19491;18964;20851;12656;545;1350;1694;25324;27374;596;23374;10898;18207;18326;9289;4760;7779;2828;6242;11293;23723;27379;30386;11358;19086;5270;25126;27180;25835;19815;5690;20382;22480;4686;22787;5123;8346;16705;20083;21018;7006;277;4313;20102;32648;23444;12967;636;4034;15823;3448;16063;280;21174;593;31438;23897;27621;3879;9307;25792;27841;23970;768;13011;27588;12065;1070;10892;32277;18942;870;28087;24924;19475;25259;25499;30676;1661;1847;4828;19106;18079;3693;21152;1637;12394;20239;5873;9742;3548;31409;23651;16370;
14279;29549;30454;10525;31700;10713;18493;25321;9159;5942;8384;1744;517;10218;20640;9343;10067;10801;11129;17963;9696;5391;908;3880;1414;15241;24606;10424;19789;16404;29467;28961;17969;23630;4607;8450;23333;20716;13814;23270;14935;4595;18242;22810;7094;812;14302;11708;20658;22737;12641;18709;322;28813;23076;14889;14892;13988;30119;23947;12417;27501;25649;28278;24166;23817;17847;11802;23834;26959;17407;5428;8245;23558;18438;17377;30254;32087;7838;9140;29216;25729;20571;28678;8910;25295;12464;6285;15076;6856;26710;12849;3712;6053;32493;27162;2544;30984;10214;12046;
1470;1770;22176;1274;7145;16853;24017;14030;25206;17236;7720;23182;12071;681;2097;23462;18571;20925;30072;32639;10295;9821;7409;6223;12882;930;9879;23093;1623;6065;8788;1669;19734;24997;26145;24929;10236;29642;5998;9609;9621;9740;25540;27251;24399;19631;11433;12447;9345;18240;10948;2085;22187;31691;19521;1424;23296;4686;21111;30958;17697;1134;29384;6952;7980;21865;32457;9616;29429;1612;22435;1977;30867;6758;12474;12171;3615;16380;25996;6038;23736;28990;26331;4007;20170;8570;782;29593;15248;19088;3541;17518;27608;28326;11020;22431;23559;25116;16610;4271;
24412;29122;21818;22790;2169;14665;23121;18941;31519;15864;11937;15670;2873;8608;21510;14126;19740;466;8736;24597;31501;22351;30712;32477;21507;27072;12518;10897;22447;11176;24754;9704;954;4758;6905;6426;30286;16287;18898;7666;6615;3083;22450;21028;15883;20047;12429;25570;16936;27452;24126;19626;13436;1909;17449;11874;2859;27942;15903;1702;23085;31219;9858;11361;10902;10543;1961;19354;22298;3663;31877;21393;4560;21406;1157;2827;30518;4402;20152;16106;21110;4126;16434;16128;30439;19945;14768;7461;21207;21567;24703;25223;8072;14567;28313;12098;21112;23029;19986;30769;
13285;10817;946;22275;16017;8727;11492;8337;11459;10288;5326;13678;22158;1761;9410;16576;17749;16787;13269;22863;8335;24179;31181;14556;22472;30827;10561;32180;11752;11600;29947;10885;2488;15453;1185;22639;12194;26848;7317;20318;18617;30003;32025;30872;23289;18926;15543;24466;5839;7515;8672;13576;7644;12074;16339;2124;9974;27750;23232;10975;9071;4008;22317;29246;18842;4491;14490;19454;10380;32095;29536;22555;10528;32290;5599;32142;8254;14252;3288;11549;22108;16425;1816;18039;10308;19916;15447;21376;9496;27842;7007;3562;19860;20837;9073;25349;22676;6835;27876;27096;
8406;6398;9487;32624;8192;27876;361;32120;6885;4738;28143;16138;25348;11493;31430;26565;20817;9665;19746;8480;24121;30054;5990;16893;31456;9967;23693;5250;4013;27837;712;11812;17416;22820;31080;3588;29538;3939;30207;30079;29558;218;3266;12032;4047;2679;10290;14105;24203;1650;9212;31699;21086;9786;3869;9794;11738;10415;22857;8796;15341;16529;28558;22795;29099;16184;3125;20608;23885;22406;15849;9931;1658;3355;27163;6824;9158;9159;20132;5788;18809;9029;18092;29249;30097;17190;22219;24030;7434;21259;17519;11323;7772;29463;15486;28340;15686;12452;19772;6027;
3018;23349;14190;5763;25721;9644;23232;9130;23024;26558;16740;11382;16291;5027;3836;5907;12249;13330;22202;20476;13048;1644;7365;21961;27651;1336;1759;14151;28257;30415;70;14286;8416;21592;21719;3535;20985;7415;1913;28589;24918;26946;26553;25294;8849;21237;10930;241;23871;1254;2864;10178;3629;1851;13589;18091;19945;7130;32763;16110;132;16161;15642;2545;12951;8408;7276;6616;18308;10595;27920;10329;23806;24380;15597;26572;1996;16545;7063;19074;19913;25994;1142;21592;304;32222;13349;10892;24854;32742;27928;21967;9016;6914;28546;27291;19191;17051;10357;3014;
29089;25944;23627;31576;25586;9365;20550;11674;14555;8209;14195;4719;17793;10726;26324;2279;4745;30399;5309;12562;13971;7749;10111;4114;14852;32730;22340;14964;26633;24458;10042;30913;12505;20286;31220;6735;314;14387;17677;27229;13126;6315;10254;31583;31855;18915;27281;15511;31937;25156;9639;3557;21351;2013;7288;17888;23665;18193;2089;24101;31700;16781;23299;14832;6578;18814;16081;15081;13276;15616;21129;6208;10390;13785;27439;11259;7834;24935;23543;10895;11871;5335;2474;30894;12442;29080;19786;4961;22022;11791;27129;15958;27744;22157;6679;27771;29878;6782;30635;5836;
28386;31203;17412;30056;32338;26370;21152;20203;19466;12379;6988;20984;18923;18143;14221;11541;15157;13405;20287;22716;9803;22077;14460;18350;5046;12400;20159;29067;15981;27815;17737;27552;6483;22979;30916;1024;19970;32653;1063;4822;6343;6824;7385;30201;9709;5316;31257;27329;21567;19731;19357;14874;200;17665;889;27350;16349;1312;30531;28232;10078;20065;7285;31502;3640;27530;25618;2606;25902;14052;31117;10853;3290;10292;26854;7611;19694;32493;28694;30043;20672;23716;32685;8098;19718;25540;11962;7286;13021;11907;9707;19417;5137;12821;17909;2749;7320;25119;3382;4634;
17759;10350;153;19519;9290;1257;7099;5222;32118;27076;3148;5258;31169;10231;15543;13693;9868;32751;29189;21813;8895;10883;254;14182;7438;28201;24210;25687;1915;5226;3960;27118;9244;21395;15125;13068;20255;174;26015;26913;10763;7600;5506;5111;3144;6132;26627;27602;23778;19176;22819;4539;14730;6919;17094;8729;3806;15623;22292;21889;1514;32083;6688;9167;27374;7099;7879;7542;29025;3946;2780;28436;31031;18201;9858;17226;14688;14723;31448;30410;29585;23065;17372;21169;5446;17910;14729;16664;27144;15637;29763;12261;17131;15298;28789;5607;14172;18510;30073;20003;
25369;18695;25528;15720;17793;30311;11794;30250;9742;15756;640;20109;8736;9960;26103;7359;18428;5434;18320;3467;25364;28861;20199;18731;23945;4767;27072;23134;23278;1204;23793;3003;28751;26988;23676;12101;7537;8195;28411;1087;27484;30967;8257;12098;21527;3775;18238;30860;22451;5818;25379;17563;25226;15974;21447;31483;26825;26834;29001;20316;23340;24662;18168;8423;22793;20609;30063;25554;17296;7251;4;18738;5713;25772;2404;6417;10495;21253;17271;29377;15987;31838;5770;26479;1267;28791;17324;8955;27573;18755;1624;5896;29087;20122;31061;23631;20817;558;17115;15928;
11877;10176;19447;9387;10229;7572;1840;20515;29790;6434;2667;7173;27204;7182;12;15153;6871;13658;13150;8918;24916;25307;15413;6026;3022;9961;3538;4250;302;9819;27910;26014;2169;25267;4507;31313;5457;25749;30447;23712;15807;27262;8162;2305;15663;28594;20978;18694;10428;8054;2981;24626;14510;2176;14888;31499;19265;9388;29237;5232;1193;2288;12345;17709;12370;20882;25527;12749;18284;7832;18919;2736;16551;13441;23460;21085;3387;5426;21125;24088;26412;9523;2377;17592;21708;12571;15224;12211;1409;26441;26695;17019;27592;6613;23740;3085;14458;23750;10516;14022;
6991;21638;1378;27257;27808;18579;27000;5312;9329;20086;23562;2959;17070;8441;15633;15887;3253;30613;3950;26537;17429;29226;1488;31072;14997;27891;22231;11621;26489;20664;7290;30949;25088;13125;17062;20518;25905;23580;18727;28882;16599;359;23756;9875;23499;20784;3014;15839;11121;6868;6482;6422;17541;11445;13464;7114;26904;14896;5842;24669;14293;24015;19632;27602;24713;3007;12027;21469;483;2180;20090;2876;5240;14315;22290;18506;1801;22592;11824;14802;28681;32194;20588;32289;30810;25172;12902;4191;25432;23925;10484;8223;22552;6258;7296;1844;20465;21210;2987;20934;
20028;19251;8502;3238;17753;8171;24867;19935;19699;15506;12567;11150;3460;10054;16387;5363;1307;17006;4355;16839;2397;22187;11655;11216;10953;30987;17072;18100;23873;8576;11773;27147;2502;1425;15654;8631;28036;2896;9544;22648;27150;26764;30019;4283;10986;16967;1888;8115;17488;24682;13880;7851;12079;18872;22737;1691;18033;23553;18953;10745;10624;13464;32568;209;10249;32007;29201;31512;6912;28672;25033;19774;20196;10903;12156;27394;25412;7599;22988;9354;17282;13234;23499;6579;7383;32390;29467;30630;30103;444;4435;13484;18870;27914;31909;15939;20620;23291;25534;19825;
20437;26597;26862;21848;8188;13596;26761;16395;17817;11365;32397;28064;17464;6061;3972;10630;3676;24827;22700;2585;14019;3748;19286;28276;18156;20414;14220;3718;24279;11478;2550;20841;524;12518;8447;24046;13790;7809;32051;6525;21745;1361;20715;2332;15354;19395;13101;18637;13254;257;31182;3357;15486;2849;32473;25338;7721;1435;21813;8645;25202;25601;12417;17320;7083;11498;1091;6186;7443;24880;7746;1280;2132;25435;16432;18726;21584;29532;31884;30255;12573;4735;23239;5082;27982;25499;1702;8677;16501;23435;3815;27686;7910;21986;30503;25815;31421;25051;8451;31026;
5666;23439;20606;5182;19147;9579;20386;17384;27331;5600;30059;13397;7786;27996;5088;30071;25534;26746;4483;16094;4824;17014;12779;9681;3001;15331;20912;31134;28999;31136;6535;14894;5523;20488;27822;23772;31581;20073;5771;21383;4314;7863;31632;2534;1973;3458;20833;19740;28243;20006;8761;20877;28251;20290;8074;19183;21622;13163;2019;19108;17747;16929;9239;22599;17391;25857;8092;30853;27923;1341;16433;5678;3102;23882;16579;395;27908;4824;21394;31219;3991;11527;3984;30105;8197;15064;19721;7080;22690;15841;13705;9362;12520;11590;2811;5284;32188;9444;27150;1247;
26355;5327;3037;28163;22037;1279;19150;10732;16993;16710;28346;7969;32273;389;1103;19115;26847;25120;17331;7203;11207;16559;19050;22543;25103;20727;11386;29807;21381;32280;8397;9106;9224;27655;19670;302;7241;11583;29560;5552;28627;180;2851;9169;9289;11273;32576;29802;32239;17922;8399;5257;5484;1340;2638;14788;31439;26396;31453;16589;2511;17157;27809;31303;21335;7630;27238;14808;16450;20851;26760;23424;20835;23818;9491;13097;8392;28921;21289;6783;2111;2919;5540;4353;4378;14576;3325;8792;4400;19869;31853;1768;6436;10771;19025;12966;6122;24842;24531;17961;
22406;20737;11207;5635;14103;1584;19667;15441;17941;30911;9939;26769;9431;31541;26491;25012;20056;27955;15934;28276;12090;1634;19311;6120;11787;19882;2727;31318;2248;4261;15462;6216;11167;28499;4861;25570;25849;20495;9899;29298;6840;20417;29958;3657;25789;598;28572;6858;12462;5997;24027;32448;21238;14163;5678;2293;10509;11314;21097;768;12537;11141;9063;26206;14869;21455;18417;26564;4881;12941;27362;19636;22842;26217;3209;16207;19707;12720;6991;5226;20388;4358;32666;14307;28267;10841;7921;13109;7857;10259;6752;587;3974;21652;19486;10898;13422;2527;18541;18514;
28005;18835;26050;1598;28706;4382;4134;13130;22169;15917;27612;27324;30403;5990;2884;646;26529;19802;15359;13267;22399;1973;12116;12768;6006;21176;466;8973;52;234;26167;12340;5120;21770;30609;7737;504;2119;30371;9698;28317;180;30346;32233;9618;19446;15521;19280;6305;12863;22433;27637;20479;30081;12813;20326;12241;4315;9165;20982;14062;3160;18200;19985;6887;14552;5272;22476;25925;26702;2761;22208;30225;30252;25763;29209;3994;13340;9080;746;20338;3825;28703;196;14522;32733;5970;7302;13215;7652;9557;32118;9765;25488;25816;21649;2596;31975;17695;14880;
9359;12698;27488;2444;16892;16255;29549;12147;7265;14657;9106;7675;19996;15703;6081;23399;30263;6450;10220;24296;29161;11451;3507;12213;20320;8700;3391;31325;23997;19741;9582;4188;32353;18579;2864;1517;7015;8596;29745;25120;26481;10446;29880;5420;19112;15192;29903;10502;8446;6121;164;24627;11703;5192;30767;14042;26663;18179;25109;31261;1469;31076;26060;27049;25920;30113;12544;6028;16217;1363;19510;31304;16466;13353;8880;25893;28445;10974;16784;23243;1432;13928;4672;28175;7695;20339;5136;9486;23042;13837;22817;4728;26153;30115;19075;6447;32694;25900;30618;3601;
24282;30628;29894;11281;10890;28860;3394;3725;22915;20944;19533;9692;9356;4889;8584;23078;28155;32036;9376;20600;17018;13954;15404;1559;22283;22978;11225;13845;10314;10140;19908;15651;7922;10607;31527;28582;23971;22510;26680;5645;7139;6677;30542;865;12898;12387;18246;31261;15490;24643;293;21313;29462;29643;10494;7074;9322;25000;30231;7044;28037;12633;30279;31850;6314;28572;162;301;17701;18214;15193;1100;15428;4503;14555;12419;6051;29869;28736;10143;7340;24504;5352;2960;29023;32078;4447;7616;3663;27967;10628;26787;4589;23243;2027;10128;22793;17171;14975;24783;
150;32718;25196;26099;13486;27197;6972;11881;28886;10849;23871;16466;5506;1643;24369;7054;30428;18036;15127;23321;18625;110;23146;155;3084;24667;28023;7738;24856;16573;29190;21171;25472;10061;3386;19369;29481;31215;15544;16957;3715;32742;8971;9694;8715;836;29512;26978;28949;9893;16365;9814;31688;17181;12559;2707;1642;25199;26037;17426;9694;10624;1151;24322;30058;18187;16267;18967;22974;14997;20376;29988;30002;1956;10860;15852;12624;10540;30836;7990;402;22858;3499;22047;17260;308;27068;29108;24461;25969;875;192;4195;25157;25393;20963;29149;19568;20774;31204;
15988;18968;6693;5192;23916;14339;12330;29220;9815;28425;10750;11055;32220;32201;26135;17691;12214;10908;21689;25894;10751;20935;11618;16364;32175;29685;4965;15231;18528;2276;28117;30649;27476;27230;30372;12497;13240;27499;17676;12333;22570;28613;22318;16247;28538;6028;24314;20979;17581;21307;22094;22544;11336;29659;7778;28989;16075;2934;11875;28669;7291;12751;5470;25662;7780;336;21344;8167;6303;24644;19932;27056;4561;27206;25420;21046;5108;3577;25115;24399;31322;13050;26307;410;24814;31763;25907;2139;6334;31154;24947;1926;17846;24729;7050;25626;2478;6358;12960;31408;
24744;14582;864;5204;4690;16758;17824;7571;23763;11386;11588;21461;15555;9665;4703;23790;30331;32473;25756;31983;17552;13199;28125;24130;20378;4778;10273;8182;21306;24281;10923;7767;5211;31721;29281;10690;3255;31803;2418;8119;28573;8822;21051;6704;27634;11129;31084;10545;20343;29844;21350;19105;28489;20983;10472;5208;31150;10602;14059;17529;5390;9535;26058;11266;28736;4997;31654;10145;10248;17791;19977;6858;9693;853;14025;8454;23535;26632;20528;27022;616;14763;15449;28952;14834;4561;31709;3569;14202;27202;6064;588;23860;25074;8773;2266;25824;20019;21497;3994;
32587;27689;18094;5363;3352;18046;5302;23296;21696;9048;24308;25899;23000;3720;32317;29693;14739;21509;25604;29492;12423;32408;28215;3606;11700;11992;12900;24070;5826;24153;1056;26453;8586;25377;15017;22618;26328;18267;31178;16069;4719;18768;511;10032;21582;6034;19418;23287;30514;7546;29349;12362;16476;29653;12873;8320;31892;18907;31855;6318;24174;23137;26852;14457;4556;16719;1346;29480;10404;17747;18381;18174;17668;27095;10651;32454;9299;23857;11256;12719;28633;5914;19720;30042;30338;15202;12206;30258;13278;5346;31405;27132;18541;15537;13069;4270;18202;16795;5569;14213;
31749;25550;13446;29266;4229;14551;23054;32533;12398;19405;31070;1996;5263;3532;11381;13965;5759;10917;1582;20435;12698;5588;15207;18198;5446;25523;26467;414;11387;17133;28525;15256;16002;10804;18878;17258;3324;3639;11169;32580;4903;13262;25301;28919;19037;29304;24115;11275;6109;31496;10640;29195;18382;30363;24805;26916;14721;4557;24238;8431;8439;18477;10639;22922;419;1006;25917;16621;18032;26079;19100;6779;6918;18845;27429;1240;27209;23046;17291;20987;9763;18930;24990;9604;15492;1310;8559;19791;23975;28009;17845;2121;30614;30787;28527;12162;2800;16482;14539;30084;
15594;24502;30535;12260;19092;9632;26902;24342;16734;32095;20933;26757;8410;6347;18974;14051;18883;13125;18253;13502;24127;238;7489;21845;30561;7703;85;8105;21490;4857;18992;28631;25713;16294;1513;25252;22616;17472;1903;8026;4257;14697;4649;29651;7049;19706;21209;30419;7572;5880;12486;9371;19409;15044;14874;10682;23391;10385;12169;20519;2608;4891;29491;17037;9485;28055;24268;6630;11994;1509;17658;26955;3356;3853;8702;15370;23992;12265;16279;14842;23037;27167;20515;26123;27365;27987;17672;11041;21144;10906;25682;11043;3890;15409;24990;1102;23238;30063;32310;208;
27811;12024;29821;25746;24534;9012;12942;19797;25328;28415;10272;22784;5385;2722;11181;1592;13316;20226;15059;818;21;23320;6650;24261;30849;28065;5943;20420;21925;1815;29808;1674;25658;26591;15553;15574;9687;16068;2335;30682;23223;7076;30779;12430;22717;31337;23977;22090;21429;31291;27714;24468;31453;5365;24519;23863;4004;27349;27079;17301;22961;30327;26050;24125;7207;15620;6286;8640;28712;20135;32506;20417;10392;11072;28594;8524;8995;24413;5218;27497;10881;28006;32286;29168;19960;22295;22786;23710;21027;23347;789;617;7923;15223;2675;32529;20211;7885;22188;18168;
17360;25539;359;11571;25624;30523;8779;4065;26178;868;4639;7867;19695;2793;26927;28653;30831;17512;15602;22309;29063;18981;24811;13033;20849;29184;11981;9261;27429;24996;6626;25637;6615;13058;4525;11352;22721;15614;30671;25846;2082;21607;11559;3435;903;6445;31293;4916;27977;9166;22241;2801;21335;10002;21775;32700;4405;23032;13078;19642;4933;15856;22777;13551;24390;5450;17686;11607;1562;7663;11269;3378;25292;25679;20419;6303;19153;17050;21008;6508;5006;24627;1557;31277;4379;17762;1354;6027;29255;22345;2967;15327;7644;20505;24250;30976;29988;1925;17640;21592;
8107;8055;20151;31038;17479;26882;30779;25984;21334;5529;25967;17470;17991;2174;15831;27391;30812;23676;27492;11518;31917;29145;16536;30917;5489;6279;18922;29693;12409;10906;20076;2437;3325;11007;17323;7617;28315;15466;14551;23861;413;1168;32036;22866;21627;20375;1391;26511;2720;1994;21797;30396;11377;21906;28257;20115;14476;31649;3412;28049;23117;17265;13034;30980;27031;3565;17066;29540;6097;23662;14303;11494;28206;26088;13813;8783;306;3174;30757;15878;32114;18099;25685;12142;29083;21082;17721;19570;31157;16849;28607;12642;12201;15090;22442;4861;1281;31146;22396;30415;
27120;27381;12186;17853;26002;29706;171;27870;884;14802;17729;140;14935;31903;3771;5563;12337;23579;2410;17802;32629;6015;3058;3864;24980;7685;13811;2969;25284;927;25065;10409;768;11753;28241;23775;26704;19804;8718;2726;1610;30405;12298;1352;24281;28918;7712;27724;16445;2748;4922;20738;9299;3345;20662;23132;5399;7570;23311;23295;14951;9523;5561;3482;29962;3889;22092;27511;10992;29768;13029;20816;10427;1575;4041;26211;15487;20257;12364;31176;28102;6693;20210;18947;30424;5872;211;27350;25401;3713;26692;15705;30578;15309;31411;11852;17940;7349;24019;11947;
5627;20277;8186;6787;32208;20190;20423;517;22737;9862;14087;2264;30933;27198;15577;20404;14730;3460;13073;7213;22786;27066;4827;13004;14702;2263;27809;5988;28713;2141;3886;10147;17912;10379;10771;17384;3216;23507;28489;31316;27992;27278;30745;26660;5489;32495;28985;17726;25332;11573;21048;19977;30586;19493;9243;32642;21474;12728;6985;22925;24910;10257;2212;7048;2927;11953;26105;12070;20483;23534;410;13691;26523;29345;3401;27219;27554;32;5208;20936;7579;5740;7439;25620;13226;30379;31054;11171;20054;16344;2675;2413;31629;30137;31870;4994;27368;29713;15476;16870;
14129;8728;11777;23968;26915;31272;25696;26126;6000;14777;25216;24699;18441;19855;9823;17907;30361;20018;954;854;25682;8351;4585;16300;5357;3901;12549;23736;7404;28434;27211;26064;9507;9527;12229;24812;18294;8329;16167;13820;10468;7074;11255;8319;29893;15112;21744;24401;7503;23459;18601;5828;1375;9589;23922;6387;30583;13957;126;2131;3586;31260;72;2187;28896;52;22063;29062;3102;26926;13155;14534;9221;14787;21765;1275;27223;11069;25482;8148;30933;19431;24929;14869;21764;962;27861;13802;24881;20857;22836;27514;24243;21399;25393;7104;25968;29176;1159;1430;
29859;15229;10975;20755;220;19460;22004;17687;9032;20120;24821;31524;20018;28644;31531;1392;10954;21742;5083;15160;1061;27138;15726;8022;25478;7659;19407;5398;16860;23914;12821;22342;29323;25312;25442;25996;11119;11854;15114;23549;19998;14719;12280;26858;22126;15492;22350;21757;4664;5729;31308;20869;1627;11782;17267;271;9475;24449;18154;28214;14635;18801;27168;25788;11104;3774;28339;24793;968;24711;9361;2258;19812;25692;1885;25806;16018;19118;19220;18662;19158;10627;7152;9595;473;28526;5516;12748;24498;703;13642;9415;29285;24823;19442;28704;30889;21119;12955;12705;
24047;1689;18127;20161;14239;11158;29162;28279;10149;22346;16323;17744;18476;21437;18574;26560;1193;9251;29185;5813;1052;22030;19382;14962;2195;29411;2769;32667;26607;9610;26850;19084;490;26730;27149;29935;22361;20373;20072;2446;9903;17215;12964;29285;12739;15989;9200;19708;4307;26124;11034;22772;14024;3031;4855;13535;2747;29213;28166;23893;15033;25417;8016;8772;11203;29156;27282;1671;11033;29889;20382;15802;17593;4983;13567;15437;25378;30484;9692;3544;7261;29456;10015;26030;20542;14976;26581;7605;31720;30092;20696;6005;26255;19235;14252;13166;2946;13038;14504;21167;
25960;9090;31830;5796;32457;28889;27676;21296;27601;28419;6683;26363;4433;11545;24663;28174;23815;23667;31512;669;21279;14362;8849;35;5369;128;26560;31925;17709;24431;22677;27791;27853;18496;12118;9204;17898;10317;4418;11061;3929;31657;8309;6415;19894;6670;25867;26425;7594;20502;20872;30014;31594;6318;26232;11657;9088;2760;14674;190;28878;20305;25250;11089;23504;13155;5991;31057;32545;10939;29114;31876;17729;22125;11441;26809;9109;25558;22403;2650;1711;22483;17389;2881;21456;6704;13268;31180;9131;21860;2603;17972;6764;32379;791;10778;249;6483;14161;11875;
888;3339;28365;17222;14609;7353;1689;7843;22773;22619;28167;21655;16543;6673;32526;24141;12122;25481;13806;791;23299;12218;3091;22461;16912;3285;31292;18453;24273;4728;26076;24275;8182;2085;32192;16291;19026;20468;18931;1909;10206;27012;29407;1816;10241;8503;948;3083;21774;16287;11278;11152;17167;19763;17618;17409;23489;15943;7256;10343;11231;6971;19920;10825;5539;30962;10206;30146;3211;21893;26248;29654;15961;11577;17490;9990;19805;23471;9895;13858;32758;7515;27003;6495;2391;17719;3631;7594;20359;31417;20917;12859;21163;5122;28148;13420;6536;24664;2670;11724;
18244;30422;8224;14447;15980;23906;21673;32137;30012;7136;4271;571;24346;4005;21887;13997;3939;4911;5619;31581;31082;19987;5785;4279;29118;16694;6417;9445;21676;25408;22199;29672;30213;24910;3715;11752;15906;22504;10797;6088;6180;6194;16020;6654;5504;19814;27488;12706;27324;5761;24038;30660;10611;26685;31565;13059;23455;19264;30191;10075;25624;19091;20994;6207;18519;9813;7544;12520;18304;7857;24355;18156;25248;27405;285;11026;14898;12676;14951;31845;25833;4759;15312;12679;9129;7455;9241;19528;5846;16006;32598;27511;22738;823;21911;12025;8641;15187;3272;8727;
22672;22438;8662;8220;13621;4825;32020;26400;22584;15081;26076;19743;31602;11992;22905;19278;8213;25762;18756;21422;24044;2930;1038;9441;14308;7702;20158;4157;6604;31152;28731;26143;25433;19631;13453;31873;9325;29182;11071;975;28312;3195;9479;7671;24544;30379;13481;27584;19133;23212;14104;1116;8040;1643;9950;2880;31317;20503;16063;22579;31742;7893;12185;26021;19939;27573;28047;31043;30927;20196;22630;15048;28764;27940;17199;11542;30649;22906;7975;15749;17323;16166;19931;23931;32210;26584;24208;23101;3374;29217;15073;26372;18402;19496;1706;3412;29239;18078;14117;30601;
12003;21492;9555;18867;17548;18379;8094;31907;23688;10924;16060;28486;7911;30201;470;8754;20403;19491;30186;20863;20854;286;27758;24792;12541;1810;1334;19921;7772;4948;3991;7291;30514;3988;1741;29239;17966;11096;11674;21191;23506;8617;3376;13227;25719;1803;23377;22954;8082;13235;2997;13487;7221;7669;4268;11734;7897;14588;3844;7111;5210;11197;2349;20803;13891;29741;17819;31228;17484;19122;29804;14762;30497;23000;22603;16731;4197;7750;30356;20234;11255;752;4792;19316;13940;3470;30948;31271;11517;12108;23517;28636;2618;3523;18991;17158;1182;22568;32390;10923;
493;31939;3932;32627;25596;21155;16852;21247;4793;2961;998;4475;26474;578;20925;24951;23866;14545;2653;13810;10993;7020;30601;18104;10755;23373;3300;25327;11980;30187;8790;20972;13850;15474;11697;13899;3052;28529;16277;10046;20345;17107;18321;29733;30836;24081;25482;18015;16783;11430;15969;5472;7230;4802;16848;8452;4541;23106;8085;26147;13652;27616;30163;16742;3034;10407;4789;13401;3192;30635;6996;193;7855;23542;6619;3631;14748;9925;14057;19925;2171;6645;8758;4249;14443;3768;28282;872;21360;29836;25738;17869;19646;15470;4548;20162;8757;1098;5550;5062;
14120;5815;29402;9775;19554;4833;26381;15042;14699;20678;3743;20353;19207;21926;22309;25540;27392;27828;1358;30347;29989;14354;21003;16147;23955;19964;25331;21415;3123;13892;8677;12985;4484;23550;14319;25137;6299;18300;12142;6405;14952;13437;375;9994;5690;22689;4726;3850;21381;28192;25109;1814;28900;22204;29280;21277;1114;27380;10790;11710;20701;18811;13986;13147;21781;15080;12378;879;14177;32175;1864;3105;13083;3664;31288;13337;27421;16334;7537;22162;17795;14435;13463;17840;13491;9842;25552;18196;4507;16829;31782;16047;27450;27864;26413;31699;28514;2782;30181;23696;
20668;23906;5857;15165;19980;32424;14249;23125;16054;19477;21854;17029;18562;21733;156;18178;8860;8476;22692;9248;2527;25791;16827;27681;19026;29507;23245;13898;499;1862;30294;17469;180;12925;6787;4482;27076;2542;19604;359;31247;25183;11140;7946;6152;12558;7660;9140;4262;25762;5925;14184;9644;19042;14252;8124;20782;21413;19659;20712;25169;20361;29558;5405;22354;27880;25204;15896;6346;6280;8127;5366;31280;2962;9516;31818;9119;7750;14414;30829;18649;13036;31128;4629;20877;19726;28355;18217;22229;10468;3183;32212;6659;26384;781;11737;22685;8332;21244;13350;
8614;30432;27634;1195;4127;29848;23454;11884;3790;20981;20364;26069;2366;29155;28232;2382;11783;11051;19398;21520;9807;12778;32001;13111;26257;13634;3811;28952;31902;1359;25701;10964;32481;21852;16375;17454;230;28247;31778;19865;12574;25987;14188;4245;988;11117;30588;13884;4004;1825;1918;15384;32421;20893;5577;11064;14724;1414;21695;17795;12123;30490;8949;7500;24322;18534;32405;19238;1421;28089;18432;13817;5653;22104;6071;8533;24252;3443;11131;30215;32491;26456;11955;30954;4830;3815;25103;25600;14435;1862;26219;5569;20702;30166;12022;19123;9361;18533;24211;5435;
19226;2981;5247;1971;32061;1500;27700;17596;13284;27102;13454;27094;14436;13881;8749;2094;2562;5295;282;8118;15542;19945;10669;20603;13615;9577;15534;13876;26134;12737;27322;8726;29335;1282;19176;9968;23070;14712;1197;11123;4446;13972;20733;30417;11416;16938;5811;27531;32538;12765;9779;25731;21510;20695;22606;26713;9300;19901;5222;9972;28186;17633;466;30047;4363;15034;26755;15319;21566;6802;1256;2594;31026;3455;21264;17954;14;15764;5391;10409;301;22872;6306;31887;16345;27511;22;21506;23127;23224;4709;10270;15141;9775;22179;5821;12159;12724;32408;12945;
18215;13972;25775;6512;24934;11398;8463;17646;2894;16096;31239;18737;4931;8714;13231;30209;30138;23859;716;3615;1855;23620;9973;2264;32701;24082;28660;4569;19194;4824;12911;15173;16993;32484;28616;5637;13316;30096;13633;9312;23265;16500;30308;23243;11364;18138;26274;8962;7982;18802;5690;5463;20245;1608;22108;23626;8812;22770;10382;30299;21636;11022;15696;18972;2418;18668;17915;16522;20243;28295;7663;22941;12110;8378;3821;28446;14233;9904;13506;6585;6591;14237;17446;27731;18912;12459;14563;31134;15801;26424;12090;22506;12581;27454;27778;5950;5092;19986;23314;23975;
1180;16722;32097;7632;32029;8728;7276;7123;5097;17524;13656;13391;30452;4890;27225;6587;936;22359;31442;31737;8236;15690;1726;20014;14822;26704;8526;7890;3391;11200;30419;13827;6822;15321;2527;28191;27863;27384;19367;31377;5213;18190;5036;4331;31829;11090;15003;10294;31862;6707;23665;17029;19534;29585;1506;29905;15310;23340;20732;8448;21769;25437;13576;5703;19257;20484;3505;2994;23299;1473;7528;10497;32764;31079;3846;4534;9067;13229;15027;9836;10321;15655;12807;28778;30886;1653;22384;27512;30694;8379;1236;8690;32460;23121;1399;20250;17501;5051;26398;31666;
22569;24795;26229;18635;4558;19045;31406;23768;6589;17300;17515;9990;28481;10267;25566;27856;4029;22111;31278;21965;9013;14819;23069;27085;21007;23043;11241;13605;10267;16614;2159;1863;10450;20142;20374;32662;30939;19697;15851;23672;16596;22125;1417;16556;11598;26359;28220;25310;12313;10165;16614;23416;26307;19341;545;1212;19035;4061;16421;8464;3194;13677;30701;15256;17797;1442;21909;30474;22572;14324;21511;16062;11830;19361;32726;3589;12929;10659;24938;16828;11332;8928;21086;10273;24472;7842;16934;17125;5943;3398;11765;28546;31619;29496;20445;27086;23242;8223;18745;23760;
18120;26196;19528;30163;11117;26265;2330;11706;17121;17416;25008;15507;2758;21577;10591;27503;7869;8200;29557;14448;7211;18342;13599;291;29501;8239;16010;10000;18729;7309;20297;25232;20407;22267;18935;14303;13825;20156;19229;17010;5750;11788;10069;19083;1573;11351;5296;22794;10553;24745;854;15750;28863;6246;26988;15004;26032;1595;1595;19591;9515;23892;24718;15857;29186;11471;1115;32521;32632;3953;17318;29398;22857;920;32419;9931;3307;32625;14107;10395;30740;5483;29456;28239;24700;15596;12964;1173;14564;4930;32055;30555;14167;10460;18896;10396;8368;11962;18110;2426;
27996;6178;17535;27022;11105;1173;18400;20604;16799;1537;1894;5578;30806;5944;22509;10994;27369;22177;19599;19381;18146;22829;3527;2227;31797;10637;11222;24633;17097;18339;28774;22874;6452;15414;29550;21825;8391;5353;30549;2757;31434;23662;20570;24638;2824;25335;23347;6039;17295;27373;18164;165;23985;3557;13875;9655;9294;28112;31594;9839;13142;1649;29852;13520;20617;13077;19004;26775;16769;15486;5450;23759;17139;800;12479;19360;1330;6544;14891;7272;20980;25401;1437;6157;16217;2897;2243;14225;5161;26635;338;16614;16733;7694;23208;9732;5346;6183;5809;23098;
2457;10042;15879;4545;22690;24191;7005;8087;12250;32746;17949;25994;12706;3307;16464;2707;8675;20312;11199;27494;25679;28328;23127;31047;12265;25953;15826;31519;7111;27347;31380;25807;26902;9479;8659;14532;11872;14067;22267;10188;18442;32495;25681;25384;12833;6509;726;21730;12118;31716;22894;12897;24902;15373;30529;7482;13823;22354;19810;17993;20160;3716;27567;18177;17409;10700;1272;9472;27315;14564;32355;13286;32457;9094;3598;18792;22263;7717;11511;30624;1466;22236;24601;16807;2968;28324;7384;32358;32425;4809;19615;23977;19286;19103;13256;17269;29281;19825;16316;28060;
26662;29882;91;6030;31008;7831;20638;4210;22446;5245;29306;30582;14103;18983;8712;4707;6092;2259;25572;29300;10478;23214;4819;23400;25360;19085;28840;8406;16446;19421;15976;28097;13630;24285;8108;10860;20501;17675;19783;29807;8142;23003;23337;23819;18806;25519;5507;25019;28267;28932;14636;21259;18391;5609;2884;7597;7031;7606;5143;10698;28065;1274;323;17558;5253;20405;29470;18471;4275;4040;14674;30087;20189;12201;17098;13576;14046;21851;17618;12503;11260;29086;23929;32212;25194;20323;13626;18081;11793;14210;25564;11513;11921;31919;7319;21828;31874;939;25976;20584;
15359;7095;24071;22497;14437;15182;22822;4116;27992;29971;20028;17632;8455;14601;26003;21623;29617;13826;9215;15468;2153;28506;31169;32013;11030;23268;14506;18162;6077;6949;13700;9942;18179;10688;6317;9126;25581;1586;8709;728;20203;15551;25610;9982;21013;22956;14914;15515;27316;7343;32474;10549;19460;164;17292;28843;32568;27521;4550;1225;17599;6796;30216;13082;6854;7884;23181;9469;3326;32189;29999;9723;12703;19016;19589;9304;30637;18929;6222;8168;10874;31315;274;31524;20076;2761;774;25213;15104;7791;30769;15857;5647;27209;3533;24795;5200;961;10480;27663;
8991;29527;32363;5670;24444;24468;25074;19991;32343;25663;4222;27656;2571;27092;31216;25699;6440;4402;19959;12587;25205;1940;20531;26001;21045;22210;14235;8130;1194;1417;7452;19716;18904;7272;15746;29697;5771;25228;4764;31074;1691;26367;1947;4768;21615;10780;19644;23319;27072;31558;3623;16221;28063;24281;4630;13009;29626;4193;569;25463;12507;29962;25690;24579;22705;4696;1597;25651;2259;23832;24778;16226;25858;29847;13933;2395;18606;7697;28862;6507;12732;5228;349;29626;18567;38;18976;8410;10533;11149;20593;9121;20971;18222;16369;308;23347;21135;98;3941;
23644;32033;25283;32063;8723;4976;10684;18910;6609;19613;28989;7557;5797;3086;14691;14570;21300;27492;6299;28372;21758;8365;22793;23528;5347;5339;1323;20672;4325;15990;10169;8766;11055;5261;17104;21536;31319;11762;16976;20948;28384;24743;28035;10637;29187;30099;7167;32150;25006;17529;12749;8167;3534;19499;9930;3062;6858;6907;7502;13007;27983;7027;19468;19815;851;6470;16185;10541;24148;4741;13553;8931;25313;10518;6358;17324;20828;18531;25338;13414;15358;21327;24063;31545;7707;28270;6268;14192;30888;14965;1443;20360;6138;4847;4385;17799;26320;9522;10822;9616;
29332;29586;2662;17075;1246;6356;14975;13833;30266;24550;7195;21505;7723;973;31096;3061;1136;11230;24807;26113;14213;30769;20338;4884;27757;12883;28353;17223;19375;30267;27199;13934;3999;26495;8056;15085;22494;18120;11717;3790;22052;31620;10540;22288;14397;26074;29826;8513;29522;3299;1746;9039;21610;32023;8195;11675;31280;27397;12468;847;7159;28232;31083;3314;16891;26806;9455;6457;21226;28122;25074;8224;6819;16037;16371;15418;11837;11616;21347;20037;20811;32229;25863;32514;16478;5647;12445;4932;1228;4719;30402;17990;13744;4928;26131;7745;18994;21917;8083;28478;
24841;27890;23117;41;8510;12465;27194;1576;6194;12870;11876;27179;14562;20300;10828;3267;24682;13313;20105;31799;968;25079;13491;20693;27363;3853;21119;9094;7372;28830;26667;21157;24899;18168;11805;2321;31613;15632;1479;15233;548;28788;12749;4120;30880;13696;22890;25658;3477;27605;23312;25757;8876;30471;12878;27555;407;12182;29943;6631;25167;24608;11137;23829;9888;8916;2219;22784;28392;13098;17506;26350;27676;2001;7654;7990;4875;18665;18729;8462;5351;30323;19320;3230;16641;21254;2908;25433;13268;26307;6083;17036;30533;11915;27227;11319;30761;19311;10559;21021;
29960;18023;11221;5911;18976;15431;18166;15021;16045;1520;9296;25319;14184;12483;10505;30817;29262;23388;12197;2206;12194;19068;6442;8862;27701;19014;31106;25011;4325;12207;25376;6800;15204;3632;5607;24227;1083;30141;5447;18853;26126;19707;27049;19823;10785;7086;4365;28687;32283;22896;25329;12315;5898;5289;27509;837;1448;1467;446;9008;8157;25213;7576;7298;9092;1515;12383;21563;30322;16412;1311;30533;10164;25204;27642;2123;5657;23578;13514;32719;24561;31404;15624;12919;19;9010;5357;29096;15397;5969;32726;6742;18455;6850;21485;1563;17137;3330;32006;4742;
28879;19274;9927;12981;22057;28353;21004;16166;6232;15089;22921;30666;18262;20599;10674;27739;29894;30719;12247;16112;15412;6512;17556;29903;8349;13156;5480;18818;25394;26331;20900;14381;14169;27440;7815;12062;30709;32332;5799;8614;16871;9497;22674;27687;6101;20537;26806;15983;29481;14585;27262;68;26205;2688;29886;25664;13431;11085;1361;7392;463;15072;22529;26583;536;6070;9382;25512;18334;379;2194;25459;6093;11132;7981;13583;26867;21339;3549;3418;27975;12294;1833;3789;20265;19689;2333;7764;683;9571;23280;31324;20561;5239;3556;18477;32021;27845;1390;2938;
13230;19640;19095;15414;4882;768;11938;28330;1594;5955;239;16837;18725;19215;23583;1971;16159;10004;20089;23729;32323;26768;24972;8223;13375;25354;17686;982;18519;10819;8485;9661;24237;6250;21372;26519;8383;1167;7224;31007;28465;15706;32180;18519;24781;7165;21417;19485;13000;17255;26010;23807;3654;24506;30831;4176;18209;31232;9056;18811;30694;13338;27668;30104;7969;248;28170;9533;8667;11536;4409;30871;22368;19208;5107;4537;582;22710;27663;307;23210;12363;17223;24807;3517;6603;4831;4376;22144;4289;8840;19396;5067;4656;28291;564;32660;1740;14601;14545;
27502;7530;19179;21817;9808;10678;10102;4754;28568;23332;14233;4127;6991;24617;12362;11792;19375;18858;14373;11423;25570;17077;4182;16728;6157;28783;17594;5816;16013;3661;10049;27130;18049;6791;6807;15150;30600;9930;28675;17291;24268;8494;23695;9734;3391;10599;18793;3620;2852;17983;905;12556;9426;3908;3732;25824;29876;7869;7936;16973;20117;24547;32634;1121;28698;3406;25988;6813;6800;29614;31075;8524;31208;19643;5432;13331;32000;18031;32621;20168;805;2674;9298;12423;725;22998;4872;29955;3529;4356;16799;22555;22067;10230;23675;22446;6468;679;9468;10159;
4849;9672;9054;11388;24311;9141;12253;28523;27420;21927;5917;16806;24248;13611;24010;314;7029;27091;26491;13418;15187;24363;1245;28489;12271;30446;11533;14216;26372;11130;26181;23180;6194;13954;8635;27075;8190;4099;3782;20793;3099;22905;10563;15462;15592;2386;1847;15691;16441;27299;10678;27069;18778;17690;21763;25344;27217;16692;13304;31639;29284;23727;19112;28507;5595;835;31812;25035;17159;8077;10299;5795;18563;14412;8869;6320;12474;28111;3042;17122;30377;27566;19326;24483;30695;8889;12888;21095;18402;24366;2052;32644;18539;3887;1901;26181;11125;19826;3775;8505;
16921;1083;1668;16593;15582;15495;17421;13354;16696;28042;27411;13352;30798;24668;4766;25796;31488;31728;12582;8359;16169;3397;5112;8951;27169;24544;26076;881;11399;14969;2293;14520;2877;5109;18408;5356;14771;5268;8769;28799;26985;14188;14354;30532;12975;8214;6364;19401;31408;30887;31155;29927;31406;27617;5790;18839;19599;4011;17213;20231;8345;21439;28334;15598;122;18595;7856;7196;17291;21210;9737;13141;6229;7771;6694;13919;18261;26178;19458;27482;4860;25798;18505;14928;22778;32619;8892;23309;22716;888;4311;5425;17203;1708;6065;18051;30680;16429;20773;9096;
4845;28097;3119;26197;12549;6464;19608;24481;3014;21066;28118;7710;21486;12341;27950;8202;27796;12361;7963;17152;27569;17456;21491;26133;990;9384;12232;29216;15199;15483;14732;15449;5217;16305;25977;30502;2688;17156;7856;9521;2444;26516;5153;17086;16781;28380;19626;6460;31748;19173;18051;28953;22132;32441;9689;5595;1569;25371;14009;24685;2328;9077;17968;15286;26735;1810;5809;22384;28622;23181;29622;32056;32303;3466;10410;15329;21473;22691;24327;23822;467;32678;10172;22784;24079;1021;13265;15532;8581;23405;77;13841;4874;32516;31064;15048;25504;26188;22685;31965;
8184;17093;17138;8669;23349;3986;26939;28720;30451;18803;12427;26281;11400;25331;9613;29276;15241;18659;16163;14000;24977;2822;13388;7093;32573;32014;26955;5815;3707;25543;14342;24851;19973;659;6060;4425;17960;7446;26522;19027;2762;16690;24960;30005;24235;27958;30399;14550;7147;26194;7446;9230;1485;21327;20094;15872;26554;28540;16466;28842;9609;27116;5555;442;8445;17630;4395;3491;6287;18813;2448;14577;25454;25546;9772;3033;11973;31446;9754;11285;8252;6452;14067;26863;449;31150;7851;19867;23176;19511;15541;11721;6480;18209;9838;24699;13289;22672;25272;7444;
24563;3119;2277;11954;18664;31009;18136;29118;26461;19515;4710;20418;23940;17008;2562;11642;31990;10124;18586;32557;22959;11558;12476;30525;3674;11727;29437;766;5584;12432;21403;2500;24027;16532;29537;8768;30527;27937;8139;12812;1787;1485;28267;11140;23756;26350;10123;24024;21235;27218;17428;2911;23352;20528;687;14894;23855;13407;22569;29418;18874;25542;16156;25050;1999;9748;10956;3648;7803;20401;8527;7146;16423;12276;16625;19204;6939;12182;13526;10800;4928;13158;23777;11993;18730;5951;11477;10179;4693;21815;1722;15847;18095;11546;5251;30591;1879;24599;25837;29021;
25253;21688;20394;17024;31082;14104;25791;15849;2425;26960;27435;1707;358;22578;13001;10818;397;2106;15735;13605;28246;28353;888;30111;30648;27508;22295;24794;14844;30213;11149;20029;23492;21536;17189;31991;19787;27553;2206;6108;3310;1284;6097;11121;5356;4636;14740;16962;22122;19720;22237;7036;26042;17252;10027;12215;15324;8636;7713;30740;12613;21318;23668;11144;5600;18896;10248;26231;2643;503;12118;28805;32387;6042;7185;5289;31066;32398;14601;16259;3528;13203;12111;22511;8455;31111;7834;1498;26148;30426;5353;23380;12987;18242;10602;5095;4354;21936;16027;24103;
13064;4738;12207;25483;11071;23034;27955;635;3641;7919;19697;28330;25007;11714;4373;11174;31943;7060;27278;5550;15766;13750;31415;27843;14308;1377;6199;5633;16688;15272;23334;1840;32244;6570;13425;4247;21547;10508;5247;30992;26383;22695;25876;8290;39;20861;23158;7114;2433;6130;24527;219;32061;19769;8915;21129;28235;9484;674;17536;3700;25504;26096;18618;21919;30680;15459;6992;11853;1465;12092;16528;19303;29982;17722;10577;2873;22700;32187;29059;3006;16649;10021;27914;21534;20553;29828;30413;14197;8617;5749;13833;21718;22912;23362;19948;22672;29042;6734;11103;
25263;5351;28340;25891;14022;8635;1323;25119;6380;8504;301;14840;31749;19777;15704;995;25923;30159;27412;1975;10476;23202;21878;1351;25693;19760;19300;1518;22863;12002;29946;27755;3673;8063;6189;14063;22710;28648;4270;10101;13129;11527;32529;18002;1758;22274;29487;29453;18355;6324;5577;30576;3127;4957;5486;20703;273;4760;23198;9193;24164;15502;18223;3613;16977;4714;1264;18975;5310;21773;10125;23035;22614;8706;9650;11192;3281;23732;28019;27697;1654;14302;6124;31776;24286;29508;36;15228;25338;8609;16696;7941;8792;2784;24501;17437;929;32398;8773;30425;
615;10896;23950;24152;31261;18961;14167;17235;8807;16575;9452;9462;8341;30263;10436;4078;21097;1469;4962;27588;13857;5681;19321;12905;5041;28222;24915;17938;19281;6357;29043;22853;27959;11738;6778;7476;32422;4893;2631;10827;4135;18827;26210;22277;2327;6822;5019;28931;19553;14898;8430;3167;6797;12337;22954;23870;21754;7954;17107;20388;1639;14886;1988;20877;21688;83;6680;825;16375;3852;2251;16839;21146;8576;21149;16389;9988;4114;14263;8583;26190;25610;20113;19446;9286;21386;24595;25259;15544;14787;20219;8316;5613;24424;3710;982;27762;10083;27698;269;
3098;29640;12587;12015;6726;22279;24164;8607;21860;25957;2145;26529;28086;15021;5651;23857;23381;2082;26364;18905;21877;16057;9364;31810;20202;10629;17130;22603;7148;3187;29838;2904;9495;6967;5551;23276;19381;23686;21121;16763;25408;19846;3297;19833;25635;22915;17724;30391;15297;31203;2733;24047;23992;4700;13925;10910;31335;23908;30288;31505;32430;31977;27382;6851;16628;835;23711;29414;32623;2151;19386;26944;5023;8029;24703;8504;32540;16372;32212;21297;13714;30900;31597;11798;18442;32020;19256;30518;21867;25581;3576;23635;25664;10799;23343;11253;2491;19923;16450;26628;
506;5392;15064;26262;7562;21970;12931;29958;10282;20840;13730;12614;11473;30844;32134;3446;15090;11081;32211;12725;4350;18952;809;12343;20523;10667;9476;16279;7540;16590;3809;28527;21472;8427;25763;2855;11272;4045;17972;7946;31955;21831;13935;21407;31109;4389;26942;4918;4344;11619;15615;11713;21032;16541;25389;28389;31222;29895;31804;23121;3621;17950;10948;591;10665;11870;25058;11416;24097;4150;29404;14701;20130;30457;7683;227;26550;32406;10974;6783;22692;30666;19332;17154;12786;7316;20298;21638;19753;26858;26782;1226;25048;27562;2611;24011;27611;9171;8031;9364;
18141;15861;9153;8790;8988;17894;24102;955;14188;8375;17069;17016;21631;25318;16426;19746;15715;22229;31945;24898;26956;18299;17908;19371;4756;25434;14198;779;14080;19377;24032;20673;27973;9202;22571;31726;13259;13686;15520;10959;7344;31600;17653;28234;31504;11040;1465;11206;30084;3145;13554;22848;8680;13796;17412;16283;3682;790;20692;14136;23455;21600;12846;4807;19552;28950;9060;11357;28214;7442;21304;18630;16265;13993;23036;17692;30431;28894;23288;17048;20315;32214;21772;17577;32388;15756;26263;30019;14153;17606;2199;890;24129;20552;1297;20559;21303;30791;11443;24010;
29669;14368;4024;13385;15360;7754;15884;12823;9845;14473;21168;31040;13299;4197;20065;28580;15017;19419;1396;1355;25425;18002;9477;13560;30573;13777;4944;29441;25808;12398;12127;32349;6753;9738;13286;18431;8732;8763;16747;25698;7257;27274;21417;15206;81;19679;9783;27226;17886;12857;19557;3162;23682;18850;103;23771;5035;24419;28085;26756;22581;13428;31409;16448;27441;27190;21898;25233;30181;22116;18529;20263;7955;21319;6315;30897;1407;24618;30167;2291;17323;9742;15152;11032;24805;13471;2308;20554;21379;2918;30982;8833;30830;17215;29169;6552;9181;27662;24174;26278;
12131;29358;19256;10635;10540;9002;12414;9417;2180;6960;27273;25494;2968;16578;9630;1583;8833;4399;16678;10350;2942;23618;28172;5791;1153;16313;3175;17552;13806;30456;3161;15079;15007;21247;22070;28344;26923;28314;32233;14167;17000;29399;17812;22123;10542;32701;13175;17988;18270;3387;16147;17007;17443;22623;22927;16007;12152;12489;21850;16205;18155;14942;28946;18939;30624;30529;2469;24022;16792;11775;14262;11267;24627;9;23618;411;23540;17512;24707;6146;27013;31404;11540;16244;14843;27173;7255;6112;8282;16726;27668;19450;12380;18855;29282;652;14958;858;6603;31244;
18684;15808;26795;628;750;32685;6105;18766;6003;21545;31881;11278;5885;20328;18801;1189;23949;24573;27435;9299;29232;16458;987;28861;32713;7227;18961;22335;19218;16180;20209;2691;18910;24135;28561;15955;16289;21163;30114;21931;817;22633;11091;14099;20942;9561;26226;15147;21345;27725;20180;27016;13313;8332;25592;30654;30395;3458;1511;16062;26003;5813;1374;6755;17094;13307;32559;26439;8018;32235;1765;4827;31416;24209;25767;29111;4097;14950;27231;20526;29695;9598;9243;28966;26837;30980;26547;28454;2746;23780;1964;13233;14841;6599;11612;30931;26172;18244;7759;2297;
7947;10836;28906;12550;3472;22535;29774;6306;15261;28790;20351;29909;19440;1529;7110;18646;1973;1178;32339;10525;25932;11721;1319;13503;27725;31825;19249;14587;6857;1162;10167;13072;12243;9424;27896;9298;32575;6709;31248;27773;12970;19827;9243;7753;7099;27685;15005;575;31655;8758;11042;15306;25595;1945;2081;17553;5270;5690;30502;12804;31476;15413;18992;31029;14003;24135;18520;9450;18255;24193;27060;12784;18225;31556;2683;1458;22504;6761;22890;13066;9142;21696;1382;342;6222;21948;28258;27087;16092;25452;23939;32534;21830;8877;2178;29456;3249;27551;25683;12020;
4424;16981;2820;12706;16184;18385;14567;10295;10495;14127;9459;29918;21223;17184;14440;6121;18381;26522;27058;12064;27431;974;16016;32600;11334;20571;14709;15432;32472;1473;13871;665;15536;18200;31174;14396;21706;9474;31143;18176;27529;19678;7681;25956;20548;14398;880;25001;27649;28827;32729;9004;3456;15176;28309;22003;13948;16805;2001;29830;20013;2453;18228;9216;23825;21042;9667;5733;13804;10431;11010;26422;12302;18909;6492;9795;22228;8962;14789;1217;12913;2088;2718;22684;3566;29122;21977;27151;24176;22260;29277;16241;12218;30723;13484;23378;14834;11531;21187;8390;
1192;3312;16194;20993;15124;150;16332;23844;5535;5717;17073;27479;31910;10663;14282;26136;18554;13092;28837;26322;17067;21681;19426;17586;19590;30196;12253;13494;20188;1291;6286;12295;22277;12157;15533;5256;1317;10096;3609;13231;12206;18717;6522;17300;24614;13442;2341;26183;3371;12118;20289;15207;13748;25410;15144;12272;16793;19534;32272;85;19286;27546;25323;8399;14092;4686;15756;32756;15048;22739;21770;22411;15368;5700;19817;32671;9851;27679;21623;30674;8201;14913;5621;6900;15891;3857;15095;12500;8188;26619;30862;21078;4840;22048;29091;21446;8899;23371;28710;10604;
15494;4903;14697;31329;17845;31920;454;21921;19756;30696;17288;15712;14620;19403;32009;31906;5713;18564;6679;31494;27830;23009;3228;738;15642;7685;22654;11669;3124;21597;5829;27161;7909;14549;13308;20952;19390;8011;28121;16321;1474;25411;21536;23962;1133;32733;20676;7064;11509;25605;31567;17965;8399;22250;15237;11809;5493;177;32580;5860;22887;27498;1967;24355;10863;4163;4492;6041;16682;17659;23785;31784;13764;7578;22534;808;8707;5728;29039;30463;9351;6651;21865;19953;10576;14333;6799;13370;7040;8076;8637;31834;25698;12891;11565;27057;23468;17370;29408;2379;
3329;22698;11840;3325;30394;31316;29955;23729;9702;29498;21330;20990;21391;1742;29483;20988;26432;31233;21252;14678;707;32767;20401;20128;31535;24345;1415;12011;25379;25090;19650;26775;2636;26943;21796;14441;5677;12505;9439;7389;6175;7765;32437;13246;17558;10981;29534;5619;12199;15840;8746;9628;12999;2928;27879;606;24534;19339;8965;6138;9564;23844;26616;31525;2066;10658;22750;2196;5540;23697;13666;31318;29877;17303;4064;26470;13859;27306;18634;24961;19341;18561;22858;9525;18195;3912;12584;4155;18525;30104;11247;20998;15071;2982;24907;2716;18779;28859;21686;19365;
10919;31972;18515;12225;11184;13034;14106;31775;6847;3716;14902;76;30715;716;23979;10312;3888;15600;10300;29919;24270;32554;23180;20022;28725;10226;10627;25765;1327;14706;30707;5060;16062;30010;21372;31689;8473;24629;14509;17681;6385;17115;25195;16892;26104;31145;10391;25342;3748;10702;12779;12531;16688;11816;32037;16819;17893;20590;1384;23271;26263;8879;1503;14107;28530;3323;8355;8468;11511;25440;27871;22883;2881;6168;12338;31290;14989;24064;18260;19839;31993;20300;509;18719;396;27769;30210;9637;28791;1924;3521;17163;3226;28506;21952;20431;3658;28559;19857;26186;
6994;30802;16377;5182;55;673;26193;174;3777;1209;23339;9202;17846;2769;8249;17930;9705;18439;15211;14131;22643;13211;12120;30392;2625;1627;21215;15371;8399;11358;19470;5652;11314;32501;12866;5321;14940;23263;7056;12543;28572;26300;6500;26239;2148;7620;26728;13405;10319;29369;22440;30597;6754;7962;10995;21399;26259;29338;31876;7669;24711;14033;25058;32538;5024;31536;22532;15917;12343;23866;15033;27349;24102;8433;19271;22864;6282;11663;2642;9407;30407;17015;26880;11204;1740;30827;5467;15183;7320;25343;26103;23477;15100;26190;10452;29699;31139;5355;22917;14225;
3153;10779;658;4570;20328;29761;19996;1162;32176;17305;2495;11225;29527;12585;8637;23832;8759;20981;22360;5001;7000;10867;13951;8052;20918;30270;3757;19319;31300;6158;29455;27678;11568;17896;1509;3508;11369;17810;4906;13400;29535;19786;15991;25171;29706;23735;18469;22696;9517;8736;11698;17901;17884;16348;10597;22362;31292;1546;21813;24608;9610;29826;29928;2811;9566;6411;11128;18955;21041;7630;8122;30944;26909;7178;21569;25812;17125;1802;13953;12189;31797;17236;10544;16418;29483;15908;3570;13710;15893;6424;4660;4259;32637;15917;17240;1874;15203;28650;11795;13960;
4553;10715;3348;9802;629;25921;19175;21508;7666;5640;23320;14110;18392;29689;11931;29649;28237;25649;18283;12345;23244;5842;12146;16299;37;11512;22185;6216;27077;31471;7296;18130;12344;15011;2176;21695;5868;16983;30255;21644;14136;5018;14388;2132;23708;22135;30395;22177;30283;5357;19739;386;16870;19103;27318;21470;5003;7371;15137;14599;24334;20096;22918;29330;26246;17676;21318;24679;12812;12468;32226;3860;13503;11689;25627;103;17164;28983;3672;25147;15916;22334;10825;10130;6381;25574;21962;14308;6582;3471;4362;10423;32197;25351;7148;13680;25020;25088;17069;26985;
4956;4545;24008;12355;12432;13851;2326;16510;14253;11935;22074;5190;27896;22030;32316;25744;14697;30225;22132;23142;26286;9002;3242;27263;23667;5355;28283;3859;17121;20070;16382;21485;11876;10980;26024;26818;14514;8922;25965;11713;11017;23832;808;28267;7607;24644;31805;16037;12512;30855;9853;11788;17020;9606;30282;17800;17823;9364;12283;804;7933;27429;18562;18461;10925;9606;14667;27960;20269;3532;19304;29017;16807;12043;7660;30290;24434;26824;27540;32761;16604;18096;21421;10621;26919;138;10801;17658;14289;13930;4916;6474;32537;15655;28030;12831;25534;3856;20602;30286;
27146;13531;8527;30830;21519;15070;844;13730;13617;1666;10121;14003;24292;8180;16331;18274;2743;17437;6313;14332;26002;21205;7917;23854;24635;27987;21565;16923;26911;22760;30459;16556;29520;31214;24937;29735;28362;31483;25617;14852;5626;29786;8036;13564;13441;10171;8353;1634;19253;9257;17912;12726;13672;26173;11760;24184;13166;18577;13830;27706;32345;22648;19606;3321;18695;25324;6655;22957;21087;19912;17667;5407;27863;4408;22124;4347;7993;25965;32757;26918;17064;30869;19047;2385;16862;16650;28419;12495;23991;16329;24608;26787;6899;18215;17685;8158;15671;6591;27993;25128;
29526;30127;32489;23708;6351;24580;25578;9433;12439;17522;15248;30293;32024;15689;21054;23029;22905;6052;25839;27611;14368;26595;13268;13184;27253;16988;10302;16898;5609;27726;4543;2751;31288;6422;16012;10786;27882;1958;29478;3773;11808;5170;1338;14488;31373;4652;7621;713;32451;627;26235;11077;4016;31176;9834;3318;19560;19329;4571;16398;3365;19585;20857;5274;17291;16999;1205;7002;12337;21254;17256;12496;4446;2070;25274;16023;12048;15144;324;9974;26691;32224;7793;3765;9583;21086;16682;31023;21587;18429;29106;27305;20721;20544;2766;1250;24538;24585;9770;20971;
7595;12556;10232;12601;2008;14212;11738;6905;680;8228;25858;11683;129;27217;2967;14802;11878;29326;8539;16467;18878;312;2956;5756;855;12659;12296;9407;5034;17508;19380;29567;25697;13473;2077;31265;29462;7653;5216;25703;20830;19721;17736;16889;26118;3119;183;21573;21404;32577;30791;28297;10289;9370;30512;7214;14942;19970;18285;344;22405;9696;29210;10683;10073;5291;24353;14768;26785;6818;6165;13704;27449;29117;12894;21280;27481;3043;9367;2485;12825;16733;2868;21498;7989;17291;8296;22632;14;10197;27462;27606;22514;7909;27174;8777;32157;11283;15434;25101;
12800;28961;3777;11525;5185;25129;20620;5183;5890;30163;29184;2507;23270;9675;13163;1230;4689;21363;18170;11218;21104;25813;18906;31072;30074;11739;22686;3793;29237;31170;17121;10593;19643;18636;8748;28037;1150;5685;22554;31871;9098;14953;14265;2095;21258;15732;24116;22828;6414;11706;32431;31507;9099;20200;9587;799;17571;13610;13899;9466;1063;8351;10797;2515;27227;11530;20509;7601;26617;10698;5455;18183;32632;11788;6284;15496;5005;15679;3286;27964;32499;4040;12111;11988;22888;21495;21591;9787;3576;31546;20469;7789;9853;26513;15736;16780;28775;3394;27230;26673;
24249;23758;26740;29440;19796;2339;2879;25215;2424;32275;21659;8488;17288;6917;5282;13244;19981;1515;16591;17371;19966;10868;18019;14546;16447;14722;23560;21172;30823;15582;5813;31660;31942;4907;17873;17297;25511;26648;23195;14779;5586;31962;24265;6421;6741;21722;15983;31348;20356;6826;26915;295;13631;20798;3679;13776;11379;9561;31015;882;20451;29509;20203;2762;18985;21703;13742;16355;19703;19282;9576;1509;3491;23163;26793;15661;27363;9901;4224;30627;8149;27678;24475;18248;10306;25089;28847;23311;14883;24062;7195;24046;30820;19423;24776;19508;17129;19852;21587;13085;
18383;5945;24174;3748;14836;23518;17283;14744;20665;24039;17051;9202;29958;30765;19071;17254;16271;13094;2588;29240;11350;14936;24620;12369;10097;17940;28179;31378;22286;19808;20999;11368;18100;5173;19572;8097;22476;27115;21663;32382;7007;11249;24713;31753;31009;24769;25622;26280;18351;32531;19310;18675;14869;13649;29860;3267;18067;17740;27798;21643;27297;18477;29460;32492;28720;28334;2628;2179;6195;4490;5444;16390;20062;9777;18962;143;18989;27585;31401;26167;16681;25650;31085;12519;3687;28112;7369;18795;29521;4335;9751;7368;21928;21978;4032;16848;7882;14092;1700;7411;
8241;931;4796;30296;8509;17937;13053;13869;31283;789;28800;15163;24709;25834;11489;32701;18516;9918;12261;114;32563;21605;14431;6641;25646;12879;5204;20541;24843;25015;1117;13465;2255;5406;28237;23965;32644;26872;8980;9610;3898;13477;15331;8923;3660;26530;21137;3868;31460;18177;6462;4095;28609;7958;5430;5805;22072;15732;279;18778;31097;18200;6711;11036;24340;16099;23872;30205;2236;20558;30237;23375;842;12889;26394;7743;26373;14020;11078;15533;11552;22914;22556;6715;32388;25707;611;24996;24528;31537;27219;4176;24222;9109;13049;24613;9225;7642;10461;927;
4204;8570;23521;26659;17515;21017;4204;29328;15160;183;19400;27160;23055;3369;32713;1358;6403;31690;6576;19839;10493;4974;30798;19526;15106;6039;3437;14171;19636;29420;11883;3756;7708;26086;22568;24751;13478;3533;27171;10486;3949;22499;7391;32004;28857;13535;14220;31583;24774;8348;18659;12518;19912;21011;26450;26725;27947;10119;15449;6247;16927;8959;24372;25419;27988;2809;17082;23962;10754;861;14981;3736;7213;12976;23379;24345;21543;18314;15020;27286;11094;29258;20933;26240;24119;9992;1957;5076;1955;15307;9862;28400;24914;14076;16510;4517;28061;25115;18270;31629;
28296;29873;23515;13471;19967;27526;6123;32256;23392;24595;22642;1308;570;29754;18974;19702;24149;9781;15759;16828;20722;8397;1724;10911;31571;23500;27538;28130;17022;8372;26078;23344;16447;18353;15468;28722;17772;16589;14192;19297;20844;15715;29734;16665;8954;3542;7094;18159;17959;1922;346;10565;17310;1779;27586;16156;21804;25173;3512;4137;17280;24620;29184;8490;20783;1606;24194;23162;22267;21741;29355;15587;30036;16993;1296;22708;32543;2693;1108;15124;439;9944;24396;17814;3633;679;14434;9230;10213;16257;26679;21666;31785;7660;5005;30244;18272;24150;22627;20639;
2868;11854;22113;19503;31263;30196;5751;18966;15408;6574;5570;5133;28940;1053;30639;21976;4915;3152;9058;21789;8324;3127;20569;23414;11268;15194;17996;1733;15579;8650;21592;29640;7839;14168;17245;30445;1749;774;18341;22375;13237;20155;13766;16513;26670;17211;32457;23858;26922;85;14219;20978;24595;1375;12132;2253;18070;32223;23047;950;16295;18059;4265;10525;453;15988;28262;16068;13951;14462;19424;1742;29495;8467;7721;13081;12070;11288;15587;8909;23200;7968;21413;7733;31641;3040;673;1230;29545;3812;29316;8606;20940;26240;24478;6599;22829;30216;24643;10588;
6180;2371;27249;8819;15421;27678;23730;25212;507;10910;3652;12753;26140;3352;10872;16782;31775;9380;23384;15266;3588;31695;1932;6438;26963;16272;10111;13038;32095;29822;30141;16478;11980;3135;32416;14463;1103;28484;21291;18770;4277;20147;25398;22885;15911;21157;17099;18339;24236;30866;24273;23920;9711;13833;25831;9974;28739;13221;25235;9657;31460;13372;24476;4466;29055;31833;30644;6938;29941;19949;14170;26181;32605;19521;16383;11441;18760;23599;30568;16415;5192;21650;18003;24161;32435;4859;10845;2997;17572;18598;7971;26449;4675;5036;8872;11839;19270;14457;22775;24683;
27576;3969;4873;15355;26105;31535;15592;734;8711;31262;30485;16040;507;10636;24359;30365;4055;19468;19382;3083;14462;10362;32631;12510;14340;21812;6056;11374;6952;17287;14767;25243;31263;8040;17406;20764;20628;22373;1593;30484;5868;24795;17563;23270;206;3176;2710;8779;1251;32419;4281;28834;4570;8459;14807;32647;5296;7998;27494;9638;13358;17516;17701;16337;26035;19722;31746;12369;16179;203;23610;26746;10880;10444;14018;12419;24008;13838;15846;8596;15711;11306;5424;1567;2751;9280;6283;5236;1230;31793;7848;14224;23903;1550;15009;23094;10234;19408;16604;26690;
9696;15177;4915;31289;4938;20058;30801;24356;23026;871;607;30879;19668;14856;18657;7469;20790;18433;31194;29902;6374;23157;1591;980;20931;30550;28010;22514;28286;13088;27734;2966;27810;28359;4971;4984;15314;12781;2066;2675;10834;30041;30027;28565;31434;29093;28564;2674;1862;17974;20494;27069;5504;3186;19163;12313;16482;11052;17610;9004;6855;32355;11318;12533;28546;10029;22827;24416;17057;6126;14539;23064;30707;12493;18416;4765;17095;105;8467;9878;17143;31943;8557;104;29477;18576;26971;26119;19525;22649;15367;27149;16987;3330;581;29449;32390;5219;29883;19737;
31294;10435;12613;31163;24538;32428;16280;12768;21589;30652;18725;20034;3665;28061;2112;2552;24156;10551;12929;21319;3187;23075;25194;7868;11972;8803;17483;28791;23992;2641;2659;4042;26929;28886;27720;6403;29457;19420;13705;24965;4859;19718;10129;25118;26461;16030;13006;7060;14254;11471;19219;10625;3060;12052;23355;30561;23946;26096;7184;19434;17696;224;21099;7836;18947;24718;14492;27544;13983;10567;5899;31157;5698;22959;20512;18129;16418;14771;25441;3685;5026;13760;11226;7772;18897;31282;24002;28198;51;25360;1883;11272;24773;5110;6426;13494;2875;19538;14600;10531;
9100;19411;25960;5784;10672;23327;10906;25860;32424;19653;28735;32659;15040;2674;8606;27521;14609;615;13639;16689;31817;2346;22517;15225;20655;892;16057;20800;20321;27788;25685;3404;9952;3178;13798;6229;19663;29374;29383;10590;31992;2490;17329;20549;10640;21837;19751;20120;16572;12954;16657;29354;27476;11176;13223;10470;10470;13147;14224;14180;27902;23971;1355;22458;8612;26611;12751;8981;13095;9717;14446;1160;2329;9852;23551;9635;4251;9402;9020;2376;15323;6579;29801;18618;6874;497;5175;9975;29043;11129;3047;28232;28313;8191;15026;19478;26848;32598;5737;7935;
17470;24106;24409;27433;25875;31985;19313;26838;21608;27423;27815;24889;31092;27289;22167;19849;3173;10093;18285;27731;9821;6080;22534;16660;4794;6152;30546;12807;17818;6011;13565;14396;7070;26822;8014;21994;18159;2819;14415;18182;3455;32485;17966;8212;15506;31798;739;20286;30076;7044;28435;13219;14252;18455;19508;16113;19433;3622;499;21814;29916;6474;29394;24307;2255;30514;1046;16755;22708;29337;23776;12634;2153;6773;8346;4993;15418;18801;10388;24577;16296;16798;239;15246;2408;12389;11451;15111;16559;11969;30044;1354;10157;4523;18738;18253;3927;7893;28025;11883;
14442;31130;1901;23803;17837;23605;16562;3367;9078;28978;2804;22012;2159;24867;18123;18109;29594;26772;20961;19581;19347;2625;16470;5612;790;12678;17763;26994;26304;22806;3902;8570;30746;2544;6718;17169;31187;18063;16192;25263;4429;13921;329;19284;8540;9595;24173;7127;16970;11403;10223;20091;31518;5390;9641;24260;8221;19907;2222;393;31378;863;28975;9033;7627;12674;2971;8387;3428;16362;2314;28096;6344;32743;30428;7732;4084;7694;14749;1413;13694;23602;12076;24619;4566;10128;15389;15225;3021;24394;18523;4026;27219;24343;28434;16512;9093;8760;26060;30521;
7399;4782;24282;3075;16621;22698;27381;28866;3521;15941;7717;21103;320;31601;31714;25779;1605;32303;28281;2996;18219;771;19890;22575;2445;4517;14512;2503;30544;12794;18200;2972;30948;27970;21878;7968;1222;28563;28892;10534;2122;23942;9676;21820;19863;12848;13911;827;755;14676;31623;13084;18241;31190;30203;25357;24519;9331;20945;5060;31541;23216;25033;26388;9699;25104;21926;3262;21339;6026;12248;29065;8471;14138;15961;25749;13964;19543;6869;9964;26215;23909;30221;6490;29974;10412;12925;31871;10378;1256;4668;30498;1339;14914;31781;22216;23661;26495;7220;16005;
4018;18296;25394;14355;11697;27338;10645;23329;19493;14798;31138;32493;17193;21196;17620;10773;11698;6251;2177;13483;21341;1132;9659;20615;24427;4760;28789;27617;2313;22519;14822;8735;4309;6723;23091;12011;14239;31644;32072;6025;4716;3709;14086;32359;24513;26095;8868;21750;16926;30205;4431;24505;968;22631;3092;16540;18379;18843;11520;31622;19520;29152;4998;10545;8652;20181;30752;19514;31849;20762;9017;31860;361;589;19275;23682;14008;18232;7749;3493;30561;4680;31279;5586;4435;6721;6416;27656;28774;26929;13328;7904;31385;22435;25050;18790;413;18452;13380;18983;
28056;13995;22834;28811;1315;28964;17079;5221;30356;2830;6782;19401;1667;25142;1129;13086;1927;18275;29815;31603;32577;8003;7147;13079;7324;4006;12715;31843;25426;3306;6630;9947;12467;23478;12537;24182;32162;23276;15764;25913;480;10712;19992;2826;7309;32430;1348;22468;9707;16691;6673;7047;3686;15802;3802;22866;28369;1106;25536;16339;28147;18494;18509;9341;8002;21413;4184;13532;16110;25483;28712;21029;28449;0;17372;19218;23174;9367;26121;26604;24584;19738;22950;31977;11228;14972;19237;30393;25025;1039;11491;5468;15494;18679;29378;18742;18125;5599;12564;26213;
4368;21227;8892;8786;2273;19949;23183;3974;21878;13531;9217;3008;23908;5249;22269;21572;22955;12147;8980;13429;6643;16710;5594;678;24085;511;24717;24366;26845;32204;8440;27066;12303;5362;12695;24808;19879;14343;17660;24593;5733;13409;20593;12133;31113;9422;2527;23102;3548;23173;31983;32686;28655;21085;31598;4442;21927;2621;27894;29836;31481;19156;16843;14723;19443;14730;3331;23822;28668;18102;2538;18521;6748;19473;4260;774;17407;28523;15892;19327;12917;7580;21245;2443;28734;12734;3687;20256;6725;7321;1861;23417;9898;8287;18772;21607;2244;29850;14662;10732;
22119;26210;1056;22534;21090;18643;7649;31433;76;18878;4964;26800;9601;32415;13191;18229;23399;15823;21389;19871;5878;6139;12993;10780;18807;1493;16732;15631;32395;7689;20137;7851;7024;26483;25191;8897;9088;7055;17775;20182;9722;27953;32151;30329;14597;10102;16597;29140;9714;14586;9128;8832;10946;32587;1715;15006;29928;26270;1963;31267;14672;12737;31092;22131;3487;32337;10119;16434;26301;22829;26775;31574;24721;30506;17524;15745;13067;26121;12591;1679;30824;18854;11135;26474;10417;31089;11875;11046;28293;4642;19977;5706;14617;20393;31215;12395;12157;17252;10824;19456;
26913;14997;31905;16497;3991;26899;964;2673;19866;11328;20189;18062;12112;31290;27611;14854;22476;20822;26905;24029;12247;15306;6718;8236;29168;15273;9314;20412;14225;13077;5490;26067;27572;7344;2773;8782;18070;10323;11087;11760;14011;4099;30758;14074;23346;14624;14724;15356;29466;30176;2589;30954;26213;31484;17937;10866;19420;23977;24852;7053;4195;11722;26572;12629;9087;100;12410;26902;19733;32338;32477;31911;4213;19258;8020;8443;16534;22719;15682;4851;10659;31224;30902;26230;29623;19233;32588;19396;8934;16785;11342;16135;22652;30700;29727;22060;14729;2714;7898;8432;
7837;6264;5686;20286;28880;15309;19117;4536;22533;3967;29661;26772;7792;5255;12334;21673;27990;2978;18357;7881;18196;5961;5720;10578;25187;14820;24883;0;19162;1083;6971;6661;27317;2093;23841;604;25044;25508;5242;23130;19975;30664;11804;27270;26760;8307;16331;13738;7369;32741;29973;16938;31856;12986;17274;3477;13472;25;10704;24186;26747;23085;32486;26749;5349;17113;4968;30377;24970;26791;11010;4104;802;4098;4296;19057;4852;7334;19158;16290;32664;20308;12595;22671;31490;3018;27644;25337;2492;15090;7358;9537;6003;7514;14115;25727;13493;8676;19665;4303;
25081;5311;20623;3051;3040;14997;5289;15871;7354;11270;2198;27832;18252;1366;31193;2206;28369;15970;23589;25765;20542;16089;23748;3070;20682;680;17722;10803;5550;25270;28965;14707;18729;21970;23399;27435;12488;15850;1671;32470;30948;5501;17493;31509;22892;4434;8397;32002;30693;2667;29758;4545;10926;17461;24748;20057;393;25345;15986;6594;14167;9911;15403;23872;28963;15817;13779;3823;28258;17511;1834;19102;3705;17394;23897;27872;20352;18098;19416;25697;10822;21451;10383;11639;28565;26477;29500;11257;2743;15180;19476;22356;19768;29520;15789;27867;10222;653;24091;7263;
30007;23669;2906;25344;14466;17996;18156;2114;30481;23773;29890;29028;3581;8812;352;16109;10618;10475;13117;26759;16732;11377;11112;19216;16090;12775;22897;23791;12178;32261;26247;31908;10702;30845;23518;3491;17926;20341;2132;22371;20902;28475;26963;23218;7952;8756;6905;4427;5861;27926;4982;19370;28289;31575;11702;8479;10180;12262;18241;9762;15896;11800;30047;23782;9391;28389;5503;5169;31245;13908;15577;10346;5319;32052;19283;23284;19850;8973;9633;13242;10846;31830;23217;8459;20268;4328;14406;18857;22398;7859;4835;17692;32135;13488;17642;11852;12899;31254;10501;17487;
2976;30161;5061;3456;10748;27184;4233;12497;32112;6366;26018;31074;2670;787;9140;14418;5224;31243;17503;30933;20881;5048;7199;14982;3047;22452;9073;9727;21361;14457;23352;28583;9669;11476;20574;23756;11982;32151;702;7922;1740;7055;13122;31082;4508;4533;23880;25894;25402;26536;24395;9931;19844;2139;5823;2824;31553;267;29500;15655;15457;11381;17631;27617;26502;7749;18926;12407;29892;25297;16314;27646;13733;26375;31434;3834;20081;7332;18997;32559;21676;11944;10832;4020;14047;23046;2697;16201;20892;16031;10899;12522;21948;15473;21188;4773;25579;12556;27579;26280;
359;10566;14661;25246;18948;23344;15490;22844;884;31817;323;25110;30149;18417;23223;13240;11563;18976;21319;25586;2304;16983;21438;627;15369;13015;17837;16793;8699;28690;13582;8584;3645;17503;13607;20858;30704;31729;3249;15190;10029;27914;27962;28035;18317;20588;14792;22270;1007;32273;8383;2474;3957;25115;3332;30440;16336;15886;12899;23144;7358;2621;14638;18239;2256;2946;19751;2873;26481;28978;5024;23664;25636;3920;19681;1309;16141;2305;9418;431;17075;32576;30394;17690;18180;6099;2223;6002;26010;28798;430;17080;17212;21110;8037;500;4776;14872;28431;26243;
13455;1755;3480;10163;6370;26500;13057;4237;17740;22169;3335;32754;9472;15127;11519;12010;1460;359;3333;12600;26093;16527;28757;25650;30846;16294;8953;16335;331;28554;23717;15874;28499;11477;19167;19526;22510;24076;1634;31610;14162;16922;30661;25072;6748;765;28504;25537;5518;24768;29775;21859;11604;2217;3874;11389;5003;27827;4915;13049;24131;12094;11186;28763;7108;30470;12221;15698;26576;16210;460;13709;26152;30830;32333;31696;18002;3162;15755;1095;13464;7108;11476;22810;23636;1844;17115;3393;24427;6279;21339;20890;26392;24734;17917;24633;12779;7511;13436;12799;
17169;15292;13319;12910;5845;19067;19943;26043;103;28823;27489;13605;5340;15452;14558;21894;18295;24216;17481;31784;6951;9736;23225;21977;3408;20241;26960;29762;7630;31664;25955;9588;6200;26548;32730;27076;609;11563;10202;31705;21541;11546;8354;7939;23650;28785;11955;10190;30532;5437;8244;29400;31174;7200;13460;15839;30325;10750;10097;5918;16247;4602;25273;22234;18893;15265;7183;22328;21973;14692;24944;24145;275;9036;22806;28296;9520;2537;14492;28956;10307;5516;14180;28409;8784;9654;54;19412;31758;1231;26153;14198;27374;1051;24775;18776;28248;5099;4972;31345;
12856;11280;25583;29004;31417;6293;25732;21597;32080;32430;5345;5781;19197;11755;16032;29236;12238;4529;28901;1503;11172;22251;24384;18418;26681;6653;10197;17431;20578;12537;17594;22296;11410;26134;11424;23793;26784;13918;26294;1322;26314;26790;5578;16739;1017;4291;16049;561;12615;21243;19946;13864;18110;31674;8318;16185;29538;16262;5162;21055;28274;14133;25280;29908;19948;27742;19659;3433;9807;2573;22386;14742;22436;1467;8607;24238;11199;21629;5216;10391;10691;123;29325;27352;17124;12964;2987;6132;15473;1184;5648;17143;31505;12038;29768;24398;4941;26576;27064;13019;
17230;1292;641;11849;14824;14292;12967;8093;20184;29567;28787;29454;4170;21785;19989;30231;18847;7953;22158;20682;26476;7474;12749;10599;23750;1236;21528;9773;28093;9556;15534;16752;806;31937;1963;9196;27550;1240;22315;31065;11723;19507;22450;29504;20453;12221;25548;28172;14453;18537;2800;27748;3165;24868;32682;23736;11801;2312;12538;23834;16964;5586;4855;29008;23902;10902;23223;24359;16076;5809;12659;9482;15648;8448;8935;16082;18331;4943;19192;11488;8432;6676;1689;29033;14155;19550;11247;30738;15762;28680;3507;7101;27115;20018;19929;16034;32126;11249;17263;10401;
31100;15174;30663;8150;9568;6221;32472;28527;19061;9911;12002;20666;18584;25466;31569;27266;26687;32455;30436;23196;3514;21053;16654;32189;12729;1884;25245;27023;17167;572;23961;19715;21941;25727;29807;10984;17170;15492;27726;8893;8057;13533;20178;15299;10484;22532;28384;26199;4928;15433;13521;10111;21784;11279;30162;8899;23223;7736;23178;30270;16792;4830;6398;7412;384;10308;1458;19302;9918;31756;16401;31332;433;11434;32271;5155;28556;3864;15117;30607;8278;27851;19965;17890;32309;24039;10950;11894;6635;5039;21226;11479;16545;10047;14694;27933;7908;16509;7642;19065;
5357;10573;8937;7181;8229;8452;9187;17409;32232;1056;3489;13523;27529;7222;16049;24814;10135;11307;12980;18559;6239;3239;32003;6532;15282;27847;22169;5669;17385;2834;17197;13640;1573;31407;4510;12640;7644;18645;15252;31109;27025;5762;26725;14538;17634;31344;5941;26571;9160;16197;13410;7301;29467;21001;7711;3179;25172;29918;23646;29878;31383;2539;4084;23804;9969;2714;23799;26628;4574;32515;21611;9945;31758;2472;8478;8733;28776;23394;31697;3488;31056;9115;10904;23089;15141;20670;3972;6580;6158;13548;2686;26997;16631;25329;12918;22204;22486;22390;10686;29090;
1843;17015;4528;546;13031;1272;24983;4979;9764;14068;9421;18837;25269;18839;25632;13611;30087;6573;15994;6536;29801;1625;29890;22796;2320;24586;27901;31665;11614;17323;28857;993;31972;13850;10923;1419;16293;5084;10135;13173;4636;10511;24176;22228;20097;1439;961;25882;6985;25021;11339;10255;17132;9869;751;11299;14570;28447;5583;26882;28688;5537;32433;22634;26103;8403;27300;28473;1999;9659;17637;11467;21594;29081;2307;13442;24379;4125;66;9638;6513;472;28221;9584;799;14065;28880;20321;10894;8729;5941;32728;7284;30656;29805;11492;10615;28041;12514;16727;
9453;3580;24394;11804;230;29820;6350;9674;27500;1400;9324;13944;20745;30437;11674;13780;26762;15595;20012;13167;11267;11998;28535;25947;25363;30833;18103;17144;8809;11046;28846;16907;25735;1033;28814;27152;8134;14750;5657;12754;32155;26136;3847;23352;5912;25035;10152;16738;23222;8676;32458;19700;32593;28504;12509;690;10356;2586;15957;24654;8151;3217;12624;31613;18470;9033;18041;5968;11524;27881;7468;9154;21584;5733;13019;23438;13479;1908;11696;29763;29994;13125;14963;5273;23169;24941;431;1286;1312;805;30736;20109;25800;26802;3600;15319;1361;27428;722;28804;
6312;24131;24142;2755;25108;24263;22191;800;26301;20679;9465;16030;1902;8820;3311;1798;26522;9991;7220;23934;17821;7672;25776;23389;10309;14961;13877;5438;1425;16130;7011;13396;18104;406;7625;14845;19821;27558;5452;8601;24162;19116;1741;21660;5387;1243;22022;9442;17572;1549;20149;16707;27253;30973;18685;22632;5461;8374;27913;24028;26221;26187;23026;9574;3902;28361;13283;18583;28902;19818;23931;2719;16542;9739;24690;11877;21896;21472;18816;29398;936;26727;31610;10620;10287;5786;15807;6995;19200;24169;2514;12249;31085;3175;23624;2661;15937;25028;3301;4537;
23300;30843;29186;5594;9850;14284;21297;2080;13421;27885;28452;31113;10924;23549;6347;21330;26452;23865;12221;32201;23630;23154;30681;26973;17433;16575;5165;11767;5066;14959;10519;13453;20049;17729;27049;7924;7421;30936;5202;25077;20803;4457;8891;17828;13243;4791;12528;16365;17515;5953;24512;23920;20552;8121;13926;11407;32762;30393;18281;24260;17376;31922;7360;5176;16724;28709;12090;1426;9520;1557;27933;13;32656;26300;5133;26574;3290;25213;25136;13428;4092;29466;25232;7152;8693;23847;22721;24471;6807;1470;4035;28533;30347;20597;4137;22501;24213;6541;379;11615;
13337;8300;15066;27280;18143;30285;18146;29872;6163;17719;24277;14864;20112;811;8437;7922;16478;26018;1585;11422;13688;10551;23300;14002;18387;416;16283;27322;1181;17890;29494;32256;12994;11461;28368;28070;25269;11654;4866;1265;11117;22733;27941;7656;14510;15838;22455;20510;3721;12307;31231;460;9766;138;27380;3874;18369;27;31580;31711;17907;23949;27441;25376;32307;13321;3656;6517;17052;24014;9269;13626;4337;24359;26473;28965;15070;32154;6045;7451;25472;22371;884;4424;30248;3873;21851;22382;31324;24526;10164;32381;26911;11508;9269;19557;26483;25374;12938;16936;
2587;15501;31298;9779;1701;15917;15336;2286;30120;200;17776;30610;2635;6776;1494;20795;25350;15458;1025;29246;22445;22689;15597;10684;26794;25729;11529;11639;13193;2798;2270;32741;4283;25388;26866;31875;16019;32712;27884;32364;15765;27086;6648;21802;16880;23612;30829;31692;24137;21431;13486;17976;19386;18045;18254;30915;29467;6299;26743;32255;7040;8288;21132;11988;25090;20241;6157;24787;24259;20958;4283;11974;6956;16149;8701;12172;15737;9110;26243;3876;3448;1159;31017;15879;13965;10568;26398;10939;27386;16809;3397;14757;19549;15451;25819;28447;15738;24997;859;32714;
315;1624;20894;15141;19189;27397;15943;1119;9197;7021;28510;19818;18971;25145;14139;18513;27694;9452;20646;17099;26320;15381;9788;24592;26410;7113;10517;9451;5803;24656;31395;2577;13317;4895;28125;2225;15737;15366;9117;21836;4181;4779;17991;15559;8635;25655;10412;22463;13475;335;19502;2076;12579;18502;4644;29929;239;8081;7296;30819;5404;29819;8623;13391;31017;4634;14272;16529;5951;25729;23241;10235;4536;31799;12934;10083;21983;26088;23364;25336;19446;10843;13821;1494;18558;2724;965;32727;8882;19611;20580;21932;5205;11148;28741;14125;18093;16688;5519;20462;
12496;31452;16529;1555;11038;28409;3939;7013;23567;9908;12490;25765;25135;12278;32349;2848;24422;2967;486;3203;18813;19407;27147;27889;9182;30445;12846;20307;1691;587;401;26607;5810;31105;1470;32061;21392;9689;19494;27381;24019;18947;24328;23405;6996;17930;10644;11042;23653;14215;26449;10900;26199;27157;8892;12888;1856;11268;1842;15720;5882;23378;2575;32189;2415;16086;12056;7968;30228;32703;27670;11325;14516;22333;28612;18937;3951;17534;20459;15621;23042;24284;25292;28083;24137;6229;18366;24073;13826;1083;25368;17941;18899;30252;20817;19071;32143;3397;5478;357;
29109;32659;1660;14690;32313;14794;16583;14064;19079;10042;7594;23537;9926;13822;30496;28040;2649;27511;14938;27693;23468;7417;3498;12801;25901;8387;3487;19294;7064;2869;25970;15795;6520;19517;18080;12431;29675;16659;985;11515;19621;3622;21273;26381;17719;21846;31509;17850;14225;7267;28632;7404;22470;30629;8878;19924;8976;19710;2369;16770;16404;17166;8194;29107;13415;12453;27594;29674;4944;8318;16065;15042;2512;15658;17536;386;27615;14666;6514;5618;9977;2049;29056;29805;15833;31145;4589;27192;12677;4293;8830;12818;31626;9015;6623;16140;32137;7092;18754;10651;
2546;28532;19273;29420;27152;7214;23078;4727;1350;16963;20737;471;3480;12090;23705;15065;21868;27756;7983;23507;12946;9728;19360;26167;4739;32282;31697;19303;9190;8272;17999;15307;14681;10590;22327;27682;18797;14106;4180;17685;12274;13482;29832;12562;5238;14068;25197;31831;6664;32086;25147;31565;15426;27287;2797;27416;32134;2590;17055;16492;19079;30050;24123;22690;14091;11682;25684;16651;30704;15830;30546;2180;15981;14565;10960;20298;22683;26648;18498;2320;15156;15823;18139;9551;22682;24691;31406;4574;26907;25003;16147;19394;2163;30163;8268;29255;19602;16298;18536;4176;
14752;1098;13160;4075;14143;23390;28321;3112;27408;12175;26465;29996;7288;9023;3285;14977;1444;11642;18730;28592;13770;809;5619;7954;26802;8329;12235;16099;30582;1756;11579;31896;18054;607;31966;21106;21742;3195;3778;6996;20700;7743;11538;6354;21852;1806;18418;8074;13671;7061;14507;23991;30748;20736;16392;28675;27213;6254;17408;14493;26941;3746;4244;11404;19112;21499;8187;2883;1540;8358;11773;13429;775;26898;6813;4138;12649;9892;24570;15635;19947;6317;8055;31002;30872;4505;2586;30782;75;9321;10290;7582;1905;18019;17469;19155;26128;14599;32008;14723;
27913;20550;17176;4915;28314;26863;17737;15197;12326;9066;4277;32707;10553;13992;26583;8962;13255;28506;5361;30058;4532;12129;15274;28685;27545;390;28156;1558;11462;5484;2125;8285;24707;14274;6364;30520;29852;6845;22111;16019;1308;710;27115;22595;5464;11120;4115;151;23087;30892;21844;10544;31121;18496;29105;30227;25406;30581;1946;4349;9936;28944;18962;18167;27388;22404;19985;9257;27157;8038;2855;499;6097;11809;20323;15162;21584;20715;10867;31488;20570;8184;5132;22840;1769;8685;20877;14808;28647;17303;24287;8751;20536;30685;24223;30841;19195;5107;21887;25009;
6157;15313;13545;12710;975;29412;30950;8529;7210;9475;23871;16230;11984;15268;28130;20265;31940;4944;30342;2435;18204;25940;5522;29781;6406;31162;30267;17420;29449;13687;30189;31606;15245;22758;14573;15828;6302;629;29244;1840;5869;18847;25278;16112;16919;1562;21403;22700;4650;5969;4070;30525;21094;16404;8573;17942;25920;27278;21808;31960;2477;26744;18981;16672;1436;909;4218;23203;22980;29246;6957;28030;25249;1190;2361;11975;2745;7616;2562;18280;29220;19672;24819;22829;12107;6975;19558;23067;3312;25155;21444;14852;26991;15710;16621;1624;6979;27822;18650;62;
32459;15269;10113;22755;4430;16386;13048;2066;15678;1280;10718;28934;15289;30413;16631;18812;12117;8765;13334;30476;23581;7360;24128;22200;8407;10386;7438;8902;5513;26929;851;27339;29499;15380;7935;21001;10493;2458;22083;2042;16940;8769;8182;12077;498;31768;6968;9809;22540;25719;19029;26512;4816;31213;29932;29214;29294;634;30032;29201;374;29182;29998;6771;22170;13554;23920;26005;9142;4950;32098;12199;13837;16362;11539;24454;19413;26529;28415;4565;25335;21843;21738;31311;25872;32178;11279;28507;21691;1919;13434;21473;24594;9214;26547;21341;31858;19367;4764;9266;
28543;13086;18076;17472;26984;3173;26109;25528;5229;26705;20371;29231;15774;19514;28063;498;31461;20471;11250;30106;29254;22537;6486;11232;9830;16407;14377;7602;27722;2459;16971;8838;28258;25306;25659;20206;24774;6681;13180;8556;19135;20750;25662;29064;2441;1173;570;21793;28759;15524;12510;28673;10648;30849;13994;25012;15737;11058;22490;17817;25003;23606;17477;31033;30310;16498;7301;7384;21678;24430;21080;586;20949;6337;26694;32264;7233;7626;21636;20099;21871;13217;2841;3512;3384;20813;29503;24837;595;28216;19468;23355;19484;5344;17489;17652;20883;3534;18883;16167;
12712;14028;21336;29689;182;23123;10996;18902;32589;6979;31301;19649;11828;18646;7915;16872;25518;11991;2525;6524;17917;13839;11784;12991;20261;26881;16953;9823;15858;12503;23100;2818;6204;24219;6982;26658;8810;21674;3984;19227;28725;25702;23877;12930;29359;13356;25758;17337;10115;16774;2379;32448;19838;21409;11030;25678;16974;29185;4547;16929;28042;13171;20538;6546;23795;31043;25320;21612;30202;27312;3426;15358;24706;17565;15179;26223;3814;20873;26745;3666;1854;7617;21587;2170;20958;15316;1149;19472;12576;11592;23224;16610;1636;17291;16899;18430;2132;3372;14086;12928;
11885;9035;12209;6824;30139;27471;9761;21296;25315;8407;19139;24796;25959;15346;8635;12882;38;1938;3975;2604;23330;31806;6367;20300;8838;13064;23008;14191;22248;1215;30826;5;29387;10597;5575;10561;2408;27619;909;26476;17070;17916;16325;15998;22663;30848;31820;31727;31069;29634;13690;715;13277;9291;7170;7685;20474;30672;22041;19725;14645;11874;23515;16036;24092;19429;29418;28144;10513;15811;3416;5579;30285;2274;4039;28257;11045;5075;17102;26874;21131;24908;29599;24084;25303;20184;2023;25013;4296;11213;2294;12799;21445;15486;27168;29701;32617;32179;3683;13021;
5695;15446;20810;21751;14794;21871;5904;31660;23497;12883;10249;282;5304;21783;23358;2096;17306;2379;21591;21253;23286;3301;22719;21358;32544;17788;2;10703;22969;21943;17274;1585;18041;9988;12586;8085;15660;15245;17898;13704;7419;23656;12997;20472;15597;30733;4511;12614;26030;17678;19738;11932;6286;32002;16315;25217;18380;17346;20041;28075;25621;3801;374;14868;25416;8501;25282;29776;9340;28451;8347;12061;21828;32378;15817;25916;15410;5909;20489;19839;3225;22407;4600;13604;10135;523;19507;21601;28243;5562;22973;20800;2436;2049;19361;25773;18995;12881;28632;21965;
1985;18456;16236;16274;7979;26865;30686;21645;30605;8983;25542;5379;12261;31264;5817;11074;23066;17896;8303;25141;26429;32203;31525;27191;10510;17431;14657;24613;3266;17856;13877;19127;29443;16982;20133;528;18745;20533;25548;13715;18440;12540;11804;1017;31513;19008;8996;22944;30238;5761;29367;2342;23312;8796;24395;21047;5563;27139;30111;19107;28797;10987;26529;23988;26187;32196;3726;21950;22004;19630;22619;9207;31402;31146;9300;23177;19902;18766;21251;3302;13739;26046;3411;2652;9814;3543;1781;9961;5780;17581;16387;1616;28397;5432;2531;7532;21920;15946;21359;24005;
31718;23236;82;16225;20603;23050;20405;7389;15195;23732;5660;5564;18121;18823;20106;27390;22934;11939;18156;2548;26272;17149;27572;14676;13721;7184;30405;7305;10506;27600;1423;332;9623;23264;23163;11128;32388;21252;19849;4890;2936;19929;12343;18632;19329;31684;10406;29749;14681;22312;18424;8450;13544;30684;24572;19926;9737;15068;23565;29104;15505;4670;8503;27516;29070;4456;14748;4069;11724;2433;20246;18795;14750;18981;14622;32437;23002;23133;8685;13096;15910;15822;1760;5560;9330;6704;6177;29182;21958;20738;15236;14219;24638;24956;13999;2941;12883;9926;17534;6224;
31579;18023;6566;4086;30035;25344;7320;5161;31709;26426;21672;30976;5253;31997;21614;5568;19528;1251;9068;6133;3671;8684;27378;3266;22552;11635;27199;5238;28270;10080;30185;29791;30778;30368;1663;31459;8738;3538;6764;27084;12177;18499;28446;23268;7422;4893;21864;21186;14194;14043;9509;30179;19780;21760;5151;5117;23591;28169;29743;32143;24680;928;7333;22461;10608;11026;745;25179;22416;9219;18019;25672;26366;18273;13209;12797;27674;25238;663;613;25846;21250;21652;1520;17430;30120;13522;29667;6260;16167;8390;498;30407;4077;23417;31248;2053;6311;4142;25222;
24871;25339;2117;27714;2092;21114;30815;7026;19040;12752;10435;24146;18398;8254;32001;1602;22612;29515;7893;22300;11526;24758;20557;8388;21526;1198;10542;5889;258;6213;17301;23435;15982;27683;7130;28261;27940;31607;10169;30828;13401;11060;26804;9265;18226;2425;32179;30980;9094;8528;30702;27729;11750;13980;30476;7472;20186;32333;20620;28215;30062;9942;18021;29074;8941;17633;4329;23382;25581;30785;16367;28179;23179;23848;14129;5545;15864;7578;18931;9308;29493;14113;14822;26154;8986;18627;7499;32347;29085;32049;28763;17243;14929;25921;21991;3269;30253;22174;19260;10176;
11919;8894;21321;25998;8576;14869;23812;30818;31546;3977;26889;4722;18664;20517;12932;31566;2220;17169;24402;3952;31462;26050;31587;24084;6324;6254;17251;22858;21429;28355;665;19529;787;30936;2063;3078;8640;6244;30451;5637;16895;13870;30269;4463;23079;27588;914;26214;20131;30064;28008;24469;23870;104;14444;2571;19870;10565;29728;18249;2829;16054;17097;17817;2944;7286;6280;21154;10193;12923;30151;15418;18768;3185;8406;13179;4218;28006;8918;26137;22792;21447;3031;16882;16172;31115;16957;5863;2583;9390;24936;2795;8126;23521;27540;5209;26078;21376;21245;28299;
13373;9924;7751;15528;15412;12602;11294;20157;2410;7283;23066;15632;32738;30205;4837;19889;31544;24979;1951;22609;29479;15249;6273;7255;18767;16299;12481;15665;9269;2013;6582;22760;31628;30629;2365;27896;14771;26481;28507;32094;5758;9299;18212;12786;3897;6140;28379;24055;8170;11496;19290;9713;8663;17110;15028;14262;29512;18299;6682;18632;19598;18295;25339;20194;26180;2952;9071;9937;21717;5630;21974;7557;15679;5231;23484;3944;18198;6571;8193;4591;28619;13298;9270;23406;9006;13157;32073;23856;15666;13499;869;17351;22768;17461;14612;20897;4335;11476;11687;18396;
5283;18377;24279;20827;14131;24621;23980;9242;23424;32498;15006;19646;24930;13082;31995;22641;30772;10790;10632;20716;31380;11474;7275;16085;14180;21503;14920;9804;19476;2545;15531;12737;29732;11194;7590;32520;29156;24310;26299;17071;29823;28601;26363;13711;7991;19142;5232;161;5618;26626;7353;6931;13046;14632;26868;20123;18929;28861;6369;22028;7228;13639;14659;18983;25184;5306;14730;20659;3802;19507;25776;16848;11803;14312;24929;14216;2003;32607;32094;15271;25967;20959;18467;1996;8672;18213;16584;3009;26271;14423;6949;11784;14830;9534;24633;31414;16992;31151;28109;13445;
25499;18250;6484;31780;6237;18280;31254;465;11709;14670;7821;29994;17332;28839;12559;10048;14043;10289;20398;4846;22390;27830;7005;16233;4530;13374;16980;12567;27435;30083;2485;23717;31153;21413;6767;20564;14156;12831;5474;1939;22397;17658;12997;7379;455;28992;28869;19863;5486;4532;5487;1226;23167;29632;2000;24406;17424;8367;17499;24306;10185;18204;28811;16187;3748;22698;20937;8455;752;12278;11151;32758;32668;21194;18638;9802;25778;9364;13453;4856;5410;7446;26067;1534;8641;22366;25288;9976;9617;3321;7959;31214;14147;20836;6550;5745;5114;8643;32041;21734;
26450;7381;18660;26145;21665;30504;17263;2358;9597;32649;15791;21387;16766;18367;26786;16178;21316;17785;17035;29558;16060;32644;24400;31668;19616;6977;4128;24685;12093;24151;11864;22168;17529;30885;3496;31037;14612;10875;22898;16703;28974;6921;24946;12154;23050;29463;6564;23821;2321;4087;20834;26105;19482;25272;26061;25068;3816;20381;29551;24407;14836;8653;19231;5318;28269;26444;11812;15473;17278;18730;5533;19982;26831;13307;2336;2794;21070;25735;18593;4152;20783;11458;19861;25513;15921;1278;26456;11837;6436;15711;30412;6488;16808;25487;3396;536;11575;12468;29344;30438;
15974;5023;22201;13131;8551;11078;12799;3589;20947;17781;6496;3419;11686;13760;2412;5549;14732;6332;27831;26191;31323;22383;24959;22680;2016;32516;655;5429;15582;16579;14179;13251;10324;11841;20365;30878;9215;1492;27992;9459;13344;9034;938;3357;5247;26843;27439;26926;5808;13403;21171;5067;13717;13493;3792;11070;548;13204;3274;18630;19818;10083;27831;16945;13264;8568;1763;10669;28062;27788;24690;32732;2237;28527;21319;19494;28609;10233;27941;3923;25127;21060;18964;17497;16858;4120;28167;25458;23036;9383;25019;7026;740;6267;5858;13656;18275;22956;22401;22051;
28492;11350;17559;4839;4915;32586;10239;2847;7540;30980;7575;32069;23672;20702;22434;2464;2611;18563;619;5982;27889;22949;2860;4066;30035;27635;20013;25695;32148;10053;28720;4518;3601;13850;26381;5692;19209;3141;30106;3760;28577;1507;7885;27691;31275;29328;21541;31049;28071;24795;25413;8487;19594;15863;26339;11454;12479;7603;16096;27247;9452;16043;21432;29662;8950;7872;10525;1540;23495;13255;991;8064;11343;7294;9999;22830;25544;24004;27748;11515;16191;9;15325;7928;15952;8451;9896;31917;13617;19874;10563;9903;16370;14407;22753;6261;31490;7985;15;8807;
9462;30519;28311;2616;3462;11965;165;1398;30168;7393;8488;16991;17922;28917;19323;29431;15306;13874;20549;3671;30383;16298;24990;15432;1326;4223;10867;7952;22334;5203;29995;28556;14877;15359;9610;8063;16718;21128;2518;30250;16611;7759;18233;23325;15608;8839;25959;17228;29312;5356;15744;29797;23876;23474;20536;4705;24360;10172;18229;11098;27824;32527;9657;13724;25284;19334;27776;13310;27056;16839;13548;29811;2415;13429;1887;7388;21289;10152;28904;31264;17402;14490;7203;17791;17653;11683;29018;21539;27753;16999;496;25848;25698;1102;17152;190;6771;21300;23361;8285;
7347;23138;2093;3448;18438;5565;24162;12612;11166;14142;26952;17819;17857;162;28148;7244;32204;25955;21836;28854;32632;2278;364;30613;23388;27894;4681;8475;4275;25713;23956;16707;25696;7745;7650;4706;10543;23694;7433;17918;23902;11314;24013;6116;16732;12398;2236;6005;19408;22235;8278;6977;7901;1955;16497;4823;25252;9712;27868;10970;10507;29861;13123;30552;16061;13133;9298;6232;3443;1872;26653;3250;29553;1389;29120;10020;13395;28516;5698;22945;26377;31219;2752;19180;1313;12036;3527;27238;32580;16421;16385;30245;31492;23864;28692;10053;7637;25452;24007;30851;
2392;30828;14439;15111;27872;26070;23657;28034;20527;18670;5200;2425;31616;27284;24785;15073;8395;21363;3125;13803;10820;28796;3328;7969;21028;23443;31696;14770;26541;7303;8327;20490;25960;30280;23212;2726;15538;5204;26895;10535;31350;11379;21676;20901;10556;26788;722;27205;5219;11607;12933;12558;20650;4060;26912;1528;11766;4380;4671;6982;30287;28807;22235;22;7723;11085;28599;14647;18927;31697;30459;23610;19635;27995;32031;24780;1093;22540;25867;7235;13937;22808;19325;7030;21376;6959;32170;20178;16895;828;17192;15530;6082;5458;32523;11727;25640;9699;27727;2145;
28575;11060;31094;19684;5227;17165;1905;27030;5284;16565;4036;22528;4478;22302;30182;14540;1998;13148;2022;25046;30153;7003;29268;4742;3598;25810;11103;16988;7143;22643;6459;15820;31947;21861;30662;1357;21288;18675;16746;8877;22112;20102;8005;26791;25617;3024;9351;20663;13978;7499;22812;27437;25819;9954;22412;5505;3900;23789;543;27366;24048;6499;4932;8993;13435;20811;3379;21404;15985;32372;19666;18102;14721;20838;17365;23902;8371;16280;7722;12000;7406;16868;22164;23294;24253;22327;32406;16963;17746;8077;15762;6292;30412;8989;19250;1544;19893;6608;26887;18938;
16335;18168;8048;5212;8720;15679;16830;2381;28139;7901;32149;8942;27601;11791;31125;25970;26360;16836;18234;6517;20059;29337;11265;143;26370;5127;1485;14376;29571;19931;20104;16014;29897;27111;781;20036;26644;10744;28998;926;9793;14856;12689;138;18508;4788;20329;689;13587;24560;25922;8127;15452;16377;12212;7166;25370;28299;23516;3882;17644;12373;5376;19329;12007;4778;5489;15129;22421;21369;16054;10102;22589;1407;31974;8028;19301;17595;31062;28386;13462;3874;24692;24008;5471;5525;16115;10250;21404;6416;14889;25781;21753;10276;10165;20218;29617;20647;18532;9601;
12444;6570;10838;5120;18024;22955;30300;23307;550;15628;11429;10798;1289;4292;5274;24633;21355;9557;25606;9691;21777;24062;24954;5746;10928;16433;1520;27426;31920;5959;25006;23588;10031;115;18541;11361;26441;29428;2235;4928;28055;6287;12958;30908;31221;2621;12666;14265;25737;17697;15668;23192;14337;27580;26264;1545;16667;10084;17144;1568;14187;15858;31510;12716;25433;12220;16709;6084;25961;29123;29386;11170;703;6189;26760;25269;6882;1269;15069;30961;10944;28385;31943;20330;242;21684;12875;6433;1858;12453;1559;18973;17770;17;614;31934;287;29549;20772;16719;
8014;23166;18258;3034;10918;8396;16301;13376;9046;28244;2186;15496;31768;16509;26885;20856;26734;3917;346;14690;24619;21213;2707;9537;31798;32010;14692;6149;4235;15214;18515;22570;10114;5519;27931;8079;16980;15189;15699;32134;731;6082;17995;7975;8857;31709;23607;29163;23292;30191;25743;21622;8928;10482;8117;18867;25942;14407;13785;25126;5540;7079;2842;20350;17549;28508;7917;22122;6866;5297;31427;4782;23800;13991;29670;16758;23628;1769;17572;1514;31013;18178;16560;23554;6761;29134;10437;11676;15954;6446;24972;15820;2162;19456;4544;24179;28917;6223;27536;9235;
31015;32198;9541;3041;2358;25707;25892;18460;23352;27530;9366;9886;5999;9454;20102;17841;1484;4183;7435;2851;30899;27433;31303;4509;21758;10338;26767;48;23364;9422;13771;49;5723;27518;32288;17735;4891;7798;16845;23490;17765;22438;4691;12590;15972;5660;6873;2856;6163;2935;1998;24689;14848;23967;4560;18497;23375;12467;12237;29662;26113;3395;13416;26220;8055;30400;23198;24327;14897;17968;1449;10511;13532;7462;14372;18115;10892;1266;1649;10770;30790;3605;2136;28589;23489;1016;3568;20577;28525;2269;7107;15524;10165;11797;29229;22126;13697;23667;9221;15690;
29184;8450;127;24748;14244;12787;21585;19589;19566;16345;17941;9237;16747;26393;20975;16128;27519;21915;10351;7333;22881;30918;29881;8619;27367;18348;19939;21468;28036;32129;22430;2103;25103;22610;22041;14144;20421;12275;14626;27547;18578;31034;25231;32473;652;2410;11228;6290;10944;11762;28437;9140;21810;27736;5878;11802;11807;32368;31314;26209;20613;24273;1713;11255;26086;31113;32317;25972;29512;21776;19679;4398;30592;18299;14501;17415;16048;3058;29031;2698;3855;19556;17322;24631;4840;29561;29380;12570;9190;23241;32321;6563;23438;10571;22150;22705;3341;30224;17588;10224;
3124;817;2511;28261;26049;9478;31008;327;27872;10648;4567;26385;16881;21593;23541;20693;13964;16915;3177;15827;12994;18719;13433;32074;32678;10711;100;654;6925;9037;18758;16219;30865;16446;32315;30825;21468;28737;10439;18496;30755;16708;4214;17486;8432;19769;16831;30775;22565;12301;31790;11116;30014;6618;19395;9471;8662;20829;20885;25014;1900;15018;32698;28766;2664;13854;19563;26721;13913;27542;8292;11931;16257;21982;1162;31850;15763;8813;21200;23812;955;14671;28251;5390;14815;354;18149;10346;6949;13509;11103;29264;32181;22926;12250;928;1984;12987;10919;15222;
13761;15724;3261;19967;5634;3663;6492;11660;23906;9051;16624;2533;14679;32193;9016;23008;815;6175;31911;9010;14491;3319;779;29828;23917;353;30060;17866;10913;10236;25399;13008;11930;28714;28316;17429;17071;13693;3636;14813;31206;876;4583;3458;27903;16715;28429;7435;1973;23162;6099;13567;15168;14044;25056;27772;14878;6026;16441;1923;8467;11209;21602;21398;12655;29242;6855;12933;143;14929;13914;18309;16550;23048;8060;31362;1726;27605;14881;17846;12793;10457;5935;379;22557;13146;25896;8797;23375;25971;21513;7540;3359;30730;28786;26353;709;5635;14854;16118;
32426;12211;30997;16555;4907;8856;6009;26510;25241;2375;189;32522;8324;18341;19845;12364;14393;10074;15913;8786;15497;6275;18596;24644;1228;27303;15789;31240;6950;4589;18723;4881;24585;19596;20910;21367;1787;15490;31652;28493;20634;18825;21289;14383;9693;24391;24987;27930;30876;23493;12845;15488;3411;16930;2513;11420;4643;1417;22108;24068;10009;96;6372;23677;15283;27586;20333;29202;26016;27440;8645;12392;5320;131;21933;9292;18572;31781;20025;26510;10831;15745;6778;1298;12597;22456;22362;25380;13098;28310;26822;10252;1831;24516;19987;19682;7344;3135;5530;21156;
11426;22024;13222;19846;26411;9758;16529;14985;17178;3753;25129;21327;21081;23928;25688;21550;16311;12973;17669;26755;23019;28599;14133;12617;20438;4737;24950;6634;521;20713;23421;28500;3463;2164;12046;27984;29644;22080;24604;13839;1038;27450;16434;26630;27074;28816;4369;17917;1122;4202;15003;9570;27758;30421;6127;5858;18865;24319;8150;32059;24261;170;27742;1611;28121;29147;26052;14957;23218;20690;5271;5638;11760;19007;24347;24923;23955;20403;13804;15014;32445;4693;29667;1640;17593;5590;30013;14848;28989;28583;10746;13437;6636;1641;10116;6577;26399;26021;32145;25478;
12261;31165;21066;7574;5961;18466;2477;32501;3795;30664;31792;22097;25169;15831;167;31806;12502;676;19815;16331;30468;21215;29868;345;3719;28942;56;28589;18146;6969;28733;6979;31598;22759;8573;21477;19103;25930;24240;1149;21130;2487;8486;296;5796;31833;17581;31627;29389;5925;12981;4458;16269;31504;18610;10614;2973;29568;32194;4711;3753;11777;2960;6219;14676;6714;7800;1054;1661;1567;20716;14746;29120;19048;30230;26448;14144;6977;30654;31992;16548;20803;19311;23558;25440;16035;17109;30334;21558;25769;15210;20488;29692;7524;29010;5447;22943;3485;31106;15719;
15720;29449;10024;27125;10622;8898;24647;30964;5037;19448;9634;32045;17509;21220;20956;4294;12038;22526;21469;13846;8026;16240;26744;15032;24675;19658;5962;20702;16472;9975;30437;21224;5610;22640;31790;25910;10955;8111;22787;27194;12145;9191;11809;31953;7192;25074;5189;25811;8966;25995;16530;14824;6162;8893;18483;10398;29031;923;18241;3513;17798;32306;28391;23499;27274;18108;16068;32516;6832;29207;28048;13130;16918;7285;17667;140;22979;26708;29938;20820;29672;27057;8636;22428;23909;20856;12772;13283;30863;27968;7935;4736;13617;20277;19921;13109;18897;12885;12723;3847;
4660;28384;16183;4173;14116;4873;29199;4360;880;29682;27179;4978;2613;19159;25634;26842;604;12938;4307;15022;31588;6431;4172;10714;20321;31208;5099;30800;30277;29604;27586;28904;7775;3827;832;363;11809;18701;4366;15082;4902;14004;32312;11349;628;21351;18573;19273;3582;20697;25672;24360;13165;31393;24816;8815;18463;563;21884;3652;26224;18191;22459;1103;16441;28472;755;19147;31383;25576;20937;3805;30446;1666;20320;24868;11565;12744;25541;24721;31571;23374;16267;1913;3634;26926;10930;20200;18290;4094;15054;7225;17626;19711;13412;11491;27851;20631;7064;29846;
9229;27906;14341;8583;4303;23876;4077;15112;3816;30818;7826;3675;14691;9425;18915;24008;11579;8239;23387;1517;26979;28465;39;3414;28681;2525;5255;21069;3356;6137;15990;19187;26124;20931;7053;2960;14033;22754;1573;1832;24622;7581;13756;15951;11063;9291;16026;20541;26129;16138;13491;8741;15865;4020;30160;4291;31367;26127;24298;24629;32308;20036;28886;24075;12315;25491;10280;27041;13052;15172;3153;22189;3462;31713;14858;24084;10198;29858;27894;4354;16955;18729;19586;569;18748;1391;17;6569;10972;11775;20054;17985;4380;8290;19456;518;9666;22490;23965;23650;
17241;27219;4280;32446;14201;20886;4165;24403;31304;21696;14400;5692;32577;9714;3216;2256;820;2123;5937;24368;31630;4627;29074;30748;2779;24377;32060;20235;7817;18432;4021;2170;6639;28661;5540;6276;12942;16676;28981;14259;24982;10123;6079;6678;3756;8399;12965;7315;22506;29742;18298;23679;6951;9909;11112;28012;9337;32691;17874;8514;9721;12653;26168;5778;23750;31251;12635;294;1869;20723;27042;24797;4295;29677;5821;6838;5634;26919;20616;10282;10085;18690;12594;20671;27695;25676;12958;8666;2815;6839;31497;6356;31641;30089;23790;13137;9703;23190;3622;22989;
29246;27499;23124;22648;12003;25805;21632;23108;28366;4706;19458;6716;17837;10925;2210;16151;1324;10048;4605;5389;24436;27948;1579;6633;4849;22973;17310;3936;857;1892;27213;1953;25578;24309;30738;8237;22259;18706;1105;24297;9877;5095;24283;25969;31435;24857;5650;28336;12456;12280;10317;19118;14048;22524;25726;19624;5002;1903;15890;24422;30500;6759;6168;13257;216;24055;19366;15780;6141;5030;28024;29388;32481;18720;5851;115;710;22572;13769;27313;27946;8926;10326;19044;6732;24590;10059;7482;22763;3081;17424;23564;30545;20869;32207;19310;8592;32475;12758;14980;
29964;23408;27453;9239;27961;29044;21961;26087;3494;8144;22545;579;27963;2137;6367;8152;1727;11850;29657;15303;29340;22769;8545;16890;28135;3752;5561;32695;21147;15367;23403;9333;25893;23384;27880;17647;6950;12363;20847;5240;16244;27628;304;18574;5986;19665;21682;23217;27969;3992;882;7286;9254;17297;30157;20951;14574;22455;28191;17869;21632;29669;19757;3361;21330;29254;30144;27518;26159;3342;5011;3788;12343;5223;18799;5305;1575;16558;2709;3736;13018;29920;9052;30575;25872;1359;13595;20555;10863;22170;10569;22231;7111;26843;24547;2605;7834;8994;7438;29164;
24540;29475;31230;23435;27639;5419;23830;493;2066;6233;15697;21301;12435;29450;13536;18651;24802;15253;10005;1536;2160;22841;32127;12286;20729;16723;16471;13636;6662;5332;3610;30305;19893;12787;13944;1374;29372;3615;31853;28497;8108;27704;17326;17455;13171;17150;11590;20706;30501;26570;26497;16283;3324;20860;13577;4714;20637;1972;28495;11276;3228;4677;2092;23300;10563;31974;20169;6893;14479;17195;31676;14;892;14516;18547;303;31874;16805;5590;5035;15200;28501;26152;19911;26136;21835;11822;834;11067;10854;16788;4141;12646;2651;24204;17917;8205;27493;7352;11999;
9591;7223;17226;6987;7690;24118;19050;11740;16585;28645;3032;22879;29979;7072;26322;1322;13774;7822;23352;19375;9563;31697;24558;1872;14188;4095;30850;8565;5019;30934;19982;22492;5501;9515;20320;27697;3551;8484;7257;29151;10575;29351;16531;11813;8159;6674;326;15980;4645;2861;17005;30936;14214;12893;18212;15133;16821;23066;20821;7060;6518;1186;25747;12430;22696;3567;12358;25064;9602;10727;25865;30943;21277;4820;31056;25126;27442;31763;8526;22070;1318;7440;32278;23526;3651;26738;18432;22843;26441;17298;30798;9857;31525;21042;13839;22426;13056;10860;2628;12183;
27515;1256;8002;29317;20281;15698;3927;2441;15007;14091;1712;11568;3287;31263;15482;2560;2587;7288;1864;4947;13104;19281;4277;30821;13872;2285;27722;28587;23693;29320;5538;19558;6739;8846;6603;4729;8877;779;28656;31863;9643;9314;17717;10241;6978;27715;16355;23631;16277;12503;32197;7948;9330;5181;20946;2919;31776;13370;1291;8039;344;556;7847;29566;8337;22336;30574;4194;18049;6373;7267;22296;30688;385;17573;12113;5743;24930;24215;28666;30521;27639;30783;13839;11800;25920;1772;7600;12924;17283;21020;4470;16744;6465;1436;9223;8381;23400;12017;10216;
10171;22474;10743;31123;12485;28622;16584;12234;22628;27493;735;9770;11663;30784;6014;5635;14122;10561;3916;12647;29388;2607;31043;29825;12485;7085;16073;8488;29024;19309;2845;6324;10085;15521;16885;2065;994;29874;18790;6674;12075;16437;11011;9223;4896;25627;20553;145;6830;28455;24123;3253;2713;16294;29769;31536;22392;4442;21110;29194;7425;10167;10938;9838;6790;26706;8613;27321;22720;31126;16966;25297;23756;14776;26955;21176;3187;8686;27497;15201;10158;27100;31487;14786;31593;32591;4342;23594;12680;9774;23787;25045;25128;21678;144;6334;18983;8132;6735;19892;
19174;19424;25393;688;5965;21976;25599;24422;12816;2082;1447;4122;8497;28743;224;1717;31431;18580;28945;21016;12029;10771;3695;32688;13149;6842;21350;15178;29519;19425;4411;8489;10716;7418;14319;30294;2232;13948;21862;15160;20608;20768;4041;19556;15936;32080;7976;1462;29240;32476;2660;7073;13280;4336;11084;7875;14121;9795;15878;23997;18182;31120;32689;6465;31019;586;8264;15981;20244;8588;3017;6999;26698;6991;20119;16873;10722;12255;6429;3311;32582;27024;9909;31598;6200;29356;3016;22071;18451;1969;12086;21437;27220;22969;29432;11812;28762;30010;20484;24474;
31850;239;26992;30954;11766;26902;23259;17998;799;19164;17929;13957;29560;13334;25549;14374;10253;2865;7212;308;29860;13164;27071;29938;30274;16708;3161;7161;31473;21296;20202;25223;5825;25231;25763;4378;2573;8415;8539;13118;23807;13615;4402;24739;21590;28119;13172;7282;9063;14950;23744;16097;32610;476;1129;7430;30679;10522;284;25320;14457;23958;30915;21468;6177;30803;1962;25871;6422;3345;25312;26207;16011;31169;31201;11631;23401;2619;23409;30458;15951;1075;25035;29287;24279;12137;27131;11166;28700;11809;6793;18203;31865;14803;32087;17472;28307;6179;28876;14832;
11161;23571;13362;16729;8906;18296;4957;785;30264;24747;30094;6757;8396;4224;21399;17134;15755;23676;22847;1125;21527;4418;13799;20663;20089;29007;24686;18524;31773;15335;21075;6373;17950;8271;32281;10709;30917;28989;1264;2994;17996;11405;28561;23900;26343;11061;28266;7069;31237;3451;25851;3840;3282;14182;17536;19431;27137;29042;31184;30936;5834;391;29317;20248;8494;20524;32093;2427;9090;28153;2528;13690;8491;3402;2883;6790;8359;17467;653;11164;9933;10960;29688;14106;30549;10611;19354;18641;16026;2980;30020;29275;2207;10988;11179;28078;10576;17938;17093;19954;
31243;22674;29046;12944;4191;1611;24172;12428;21012;28536;29768;26132;2667;225;16638;27737;25766;5203;25726;7069;28619;30029;21140;21901;4006;7676;27660;18898;32525;16489;13083;26851;18280;28658;7930;31005;20848;32503;21204;533;29494;25813;15330;557;8039;16408;23253;8805;6607;18668;15476;23668;21789;18389;25990;18200;24038;25760;13810;31914;30444;24986;1829;20469;19103;5887;2484;17224;21988;17077;9794;30154;28694;58;26021;31502;5194;31964;9284;20711;20440;15400;5315;26494;31255;164;21987;28577;6503;11457;8099;25438;6517;12299;19372;31953;14010;21667;15595;3898;
17221;239;27264;30290;10427;16784;4567;4064;19356;12180;21524;29575;13255;1773;17077;23778;7745;290;8050;31699;23602;18501;21352;7959;9008;5669;24951;27934;12992;21444;22505;7962;29466;19724;1364;29271;28973;19645;29889;17354;23523;13482;29965;2540;26278;26149;12176;8393;13603;3768;4605;7251;13390;11542;3977;5373;1190;25168;32080;8837;22970;25420;3572;30993;29420;7796;12423;23678;4469;27051;22187;24053;4009;19589;26103;6079;32124;15031;22685;23386;26182;21196;20810;1484;9155;29978;9806;28215;25182;18165;10237;8878;15023;30242;9813;26439;1090;20622;31201;11121;
17818;1088;5084;27016;25973;7053;22938;9383;338;2443;20260;30910;3377;23240;21795;28900;8346;24123;32255;6126;5344;23162;15943;30528;22695;9006;31828;30691;7332;8900;17193;23000;15780;11366;7326;13740;4048;10794;22206;15437;28463;31625;14445;10524;14700;6162;26958;6723;5338;19039;4323;17225;10421;5961;28918;11748;10923;9560;32568;32014;26010;14461;16937;26202;7580;5636;30007;21897;30017;25796;14378;28248;14363;23961;19903;24733;11904;24596;11667;17042;24203;16240;27971;25969;24164;23496;17618;22593;7105;23432;12875;3311;15533;6434;167;21408;32137;6402;13808;8262;
12368;7107;11431;20081;16671;8355;23652;22377;25588;27700;5564;11897;20405;26453;13671;14221;10869;27233;4770;3072;2804;18598;11475;431;13156;12313;23660;10322;26995;12615;2833;12556;3973;911;14077;29760;25409;22927;17826;2471;1360;23004;27023;9887;11873;4086;8087;14022;13681;27003;1840;25288;19273;5018;6681;31093;3912;19659;1856;28439;24930;32445;13538;26370;5481;13456;11764;31596;27531;16709;32450;14207;29213;10867;17622;30637;13463;11067;30235;9284;23519;25469;9026;31298;9162;1868;14693;22122;18912;8864;1770;13975;22879;17739;1963;25937;30851;11055;15443;926;
6917;13485;4363;25882;15841;17249;5975;29258;4189;20236;5946;1326;11847;18129;15265;29717;20350;4773;24063;16053;4276;18689;13620;4475;14705;27865;27571;4896;9051;18386;24804;12413;9910;13488;6599;23200;12327;28173;9435;27423;25533;13649;30014;8876;28977;26078;30997;30186;32109;18571;28462;7296;17740;15188;16356;5739;23969;336;23875;7064;13434;20195;28269;10674;14246;26164;19004;9273;17524;22497;1321;15060;17598;15346;5741;2536;7462;30476;22630;10601;20640;24551;26683;7664;32049;22786;10435;24590;5622;12950;27811;28129;32359;26824;2999;6884;27357;4642;26548;4619;
10834;4676;9227;15888;15720;25815;5392;3079;24237;5315;10843;15417;24606;13218;22638;13615;490;25972;17817;3341;9848;21652;15899;15650;1962;8683;13194;13244;20836;9571;19317;14401;17736;4766;16711;21883;19396;21993;8046;15924;5711;15723;5053;24579;14063;17058;25359;6245;20735;2065;16430;16399;18223;24370;2547;131;2764;27314;13486;10210;28738;12509;25287;28417;11487;12888;28838;26046;25049;22798;30673;31125;22675;21356;3412;19054;21532;12241;16230;16825;7160;19520;5705;8125;9252;28249;7282;29485;30292;6023;12778;12029;16511;27002;12020;21107;11421;11992;6640;22401;
26032;23599;29823;23378;28161;7471;25576;13603;10924;16918;14523;28500;18526;8555;6580;22207;23902;16879;21985;5192;27850;24785;8711;1205;12068;10273;17731;17089;17421;10631;30957;5995;12623;28981;32705;17556;21281;17690;14401;24009;8615;25688;11861;9054;28601;23289;28725;5052;1765;15837;10888;9979;17591;25335;20430;26804;7479;27066;20219;25616;9908;10189;7524;5669;4800;19974;6111;23171;14460;22934;32550;1545;5142;9601;4989;9214;24463;12370;5013;2397;10434;27148;8879;12911;2210;7779;23044;7839;24515;20268;2405;7819;15388;4883;27423;18519;19467;19596;20257;1606;
665;19724;353;29579;20736;14456;28539;31580;6506;15582;20891;28233;16124;29283;23198;460;30483;30588;13172;28193;16333;7521;17865;7767;8140;14527;6628;9896;4918;27309;19407;29958;18944;30178;23480;28662;7021;29733;23959;30625;21201;4;19473;32040;14747;9929;668;9273;658;13994;8933;8928;31327;15680;26991;21407;8524;19003;13692;11712;4683;19027;18480;6122;23354;3714;32500;18675;10853;21360;3353;10997;30029;23855;30909;29860;31912;31528;24307;27870;20904;2133;17182;3204;16512;15281;28062;29321;17445;23789;7599;24136;26449;12645;4749;9243;14030;13650;12253;20521;
10481;30017;16712;27519;7781;7108;8553;5987;24617;1895;18409;29412;16092;31973;744;32438;14137;18844;24479;29501;16350;27199;1604;15592;9297;2507;3374;4800;4420;27836;1850;23361;13848;7296;20845;21352;8097;26412;25563;11277;12329;1902;10695;4467;22711;2242;9483;20766;30609;15337;24763;4580;32767;20376;30469;21063;20306;24941;11867;8450;21285;6950;29141;17378;25827;12309;10448;16599;32393;20175;12764;32075;11437;23333;1237;26546;25024;1109;16463;24419;3728;2945;9783;20134;9232;20063;19384;11022;25180;27187;92;20489;6392;2810;12404;26549;15448;15080;18105;22005;
29862;17941;20787;22981;2495;1652;27994;22730;20607;11268;16252;2349;32062;21834;31070;28074;32666;3070;13350;22500;19319;31237;8568;25852;13125;27295;22496;10337;14210;27618;15984;30954;28543;9319;23466;5154;28518;12611;2976;3043;20348;8248;24921;12838;14500;23085;14199;30489;6693;4572;13335;28018;27820;2763;17401;26883;9877;19581;20705;27535;17766;5609;14140;21469;4252;9515;16135;778;31147;10106;7149;27683;15680;25946;14511;16884;10697;32530;20937;14106;12087;19809;9043;1120;7170;14957;11813;10568;11118;9980;22590;6887;18702;12262;27751;21750;11654;26571;15635;295;
14484;22785;28298;10421;11346;25552;11334;9279;11701;19682;19869;15830;11866;4085;11681;14677;9090;19155;14917;14064;11867;21636;32449;9232;6529;21698;11575;11871;20420;28589;27542;27934;12332;22976;26559;13503;25402;26628;30438;18608;5489;28803;17467;24437;15125;3840;21194;11513;16691;8677;22176;26406;20449;4989;10544;30899;455;17251;23797;22077;13534;9275;13400;10650;22648;24991;32723;18282;23681;8796;10071;8942;9732;15071;25323;13342;11504;25578;26263;1013;10013;18828;1408;21264;25738;1615;4180;3703;16617;24243;29416;1723;20061;20699;21792;7489;7554;19591;17168;23517;
18094;10050;8288;10914;6262;8413;27381;6137;3956;3099;4301;26353;31560;28590;23851;22486;29917;13154;16629;24325;2542;11673;31322;15870;16840;9463;24503;12987;24401;6750;20924;12609;1097;28445;6347;23412;6608;15204;12704;11055;8744;26876;19767;660;22461;26164;2026;5793;15714;1311;7131;26628;990;23292;4753;15921;26791;13302;14822;22705;29165;28430;24608;19133;11226;22101;7006;13579;19225;18270;8246;20968;22677;16371;27548;1927;19075;8967;17413;29849;11938;18924;21965;11037;18881;13766;28374;3450;20611;30016;7539;459;7519;4733;13956;28538;2026;7506;1762;15120;
16729;9650;13309;13387;23105;14953;4035;10866;21922;16397;25540;6885;27940;13362;30612;11768;27296;12510;22129;30209;15074;17469;6182;9392;7598;28821;12591;10911;5888;26747;3614;29994;1432;23368;32318;16001;694;26055;12661;9211;28451;31536;19823;30382;20848;23130;24056;31292;27010;25388;9386;1519;7503;24661;3017;15369;8930;6460;16491;19285;2981;16442;14300;28418;5343;4360;9280;8369;24956;13171;7290;12493;269;13911;31565;14619;26639;14026;14785;7570;15728;1944;18633;3948;8527;27888;11810;18045;20740;16476;26750;25796;19552;4342;24290;14400;24629;5082;24397;20228;
14873;30935;28826;4494;26984;30570;31655;22357;29064;10220;4023;10657;20849;32010;17941;10399;9324;29046;2299;18101;16410;15836;16817;19987;29625;11032;12793;25739;19619;21670;31915;418;1047;28505;8605;2791;31292;26704;28869;2691;25187;28711;14498;13330;1165;18026;13271;11185;14381;22863;31258;17240;31791;3492;30796;8811;20536;17158;13289;2955;13104;26708;23971;13490;27390;13411;30538;25983;31122;22259;4335;20430;25385;13794;24905;22156;10700;2720;15704;14026;8730;29667;13127;18191;1352;20380;19607;16627;25702;28969;15226;18665;24804;1996;30589;10333;20052;18780;3434;28159;
8561;13626;9837;26718;20577;903;2677;11960;2103;5268;8669;11280;23484;29850;14924;24706;20335;18348;4826;19668;26314;12777;29556;15437;5831;4086;21377;24778;16803;5036;21445;29966;8162;6413;3974;22874;14995;18301;2286;24125;23253;21295;13489;12718;4762;29405;26864;8792;17067;23996;13148;11573;16877;26031;23198;2398;2530;442;3831;9762;3186;23738;3619;20309;5868;15444;16004;27626;26184;21548;1404;2757;20655;22871;23835;12746;10301;27154;27898;9018;15109;7604;10854;3391;5205;20705;17345;22469;25404;513;23334;1164;10826;20976;21580;21883;7319;31991;14765;11576;
19462;24572;31975;24053;3275;24053;5730;23181;12843;14755;18483;32207;2179;14204;2112;23577;12428;7145;21925;21290;16349;22961;32087;19505;19122;1205;4615;25641;15083;23775;6986;28265;6232;1365;16374;1399;9779;15346;28623;7710;31214;9462;20579;20672;28464;32508;28978;19693;7450;21293;2834;11059;12494;30132;20178;4408;20786;27249;1822;23559;28657;498;4514;17576;11203;17055;29555;13043;10223;29236;3242;12965;32014;21365;12114;16052;10001;27677;7556;22240;5253;26391;13008;5003;15126;26352;15583;11210;21842;23693;18263;8636;11696;13849;24319;2331;6865;31298;4132;7184;
4357;9125;9275;4684;27921;20614;25287;28244;23600;6853;22909;13596;1367;11277;28582;17368;22461;25167;18630;14351;8859;6255;14971;7665;23088;26429;22951;22762;11785;29350;25297;31351;21631;5932;457;31545;12161;2963;15499;2632;11924;19165;1382;26313;4631;23161;14430;30659;29644;16568;1998;5678;14484;16256;7250;15693;20346;10052;27619;5438;25075;22067;3140;3024;22884;14256;1182;28564;24037;22531;25191;16695;12869;24654;5511;12046;4430;3778;22462;28403;28746;32530;9024;27216;19142;22312;31907;28793;23445;11288;5115;25407;26392;13138;324;4546;31421;5147;8192;13702;
17862;27966;20000;17865;28492;25342;4648;5396;3459;18768;27791;27921;8767;15943;22628;7324;16567;18640;16184;11292;16521;20383;25655;11284;8703;31849;2712;20981;1937;24404;23352;22327;26795;26284;19841;20135;25008;32471;6033;25603;17726;28299;27032;14788;21172;17214;30850;22843;13809;25054;7127;26847;13407;4035;735;7398;11057;2018;17673;5650;17128;28739;20877;8910;31772;17333;593;5753;31097;960;22026;11010;11016;18139;5539;8373;16047;30431;26850;4180;31228;21436;7753;9066;24862;3690;10810;9948;20276;4131;8543;11201;25547;16848;12873;10867;27041;26561;25175;23526;
6831;26016;4570;15673;25959;32424;2934;29067;5947;26130;8908;30224;4190;13264;9813;23652;25806;4478;10385;32543;3730;13206;25698;25769;5440;29411;16562;17488;20163;6712;14172;24983;7515;15457;9034;12753;20197;9818;14811;32751;349;16831;13191;663;12449;31620;26565;6262;20856;742;24620;7894;7634;29857;9945;5747;30290;18020;21522;2698;32009;1666;7976;28212;19845;17386;30370;25586;30218;12889;25495;9097;5663;24270;15452;29200;17996;2111;27232;24647;11555;28810;18259;17194;25981;14766;21902;6854;6662;9019;22447;23372;31228;15367;2947;19556;27443;23587;3114;29379;
7517;31501;8053;14336;25224;13863;29331;17571;28904;7016;2541;16512;29143;3154;26702;27971;538;19748;12615;20299;1894;5200;19154;22716;32546;11823;16949;19151;10863;2292;30761;16749;15206;15583;22588;7421;26528;25779;8052;15994;1020;23145;30261;18888;3484;11302;24932;25160;17457;23915;20173;5546;14713;18571;16578;26882;31238;13411;23813;15390;13120;29253;25321;30487;31405;6197;19635;13863;6768;11096;8262;26554;1808;20137;13056;4296;25211;18926;25823;11105;12363;31979;5864;21386;8007;4821;24777;13895;3117;2569;18877;30457;8623;25598;2224;32490;14779;4472;4004;27431;
25599;28415;26195;3214;13741;26000;6165;11815;18043;914;14597;5560;32495;8715;18015;29331;7129;27156;26157;11955;2849;20107;18979;22023;1474;19975;14791;2062;2839;4369;2005;10148;8534;14481;30433;15644;32602;28806;20798;16014;933;6906;14367;12914;7333;10038;28156;24686;1590;26930;8247;1133;105;1359;29696;14321;25475;17480;23158;1450;13641;25446;28686;23367;9083;13556;27449;19852;1951;9459;24129;25253;22527;30223;20596;22202;10741;19153;29317;3779;10598;20245;29231;11678;10637;5567;12571;32606;13050;32426;25348;12007;13018;14561;22297;31160;12152;13586;28835;22023;
9732;7231;4839;16147;30100;7863;1102;7094;31592;12101;3267;29497;17522;32423;21341;25709;30741;19265;16190;4855;24622;22803;24507;32492;12881;9705;8125;31390;32341;11729;18534;12981;26130;21458;5880;31873;617;17115;27123;24206;6533;23290;18814;1913;2657;32462;20232;9987;4490;21823;12335;23908;19239;21356;28897;13538;5686;8933;193;22945;15640;14363;18380;957;1872;11541;26172;18326;6280;13412;11180;16491;16596;14424;2430;18731;8763;31348;1146;14215;20340;18208;27063;19788;18413;4510;19135;21488;29970;3135;1262;5738;3275;4311;22555;11591;32070;28014;20603;20731;
17912;26936;1985;9845;25054;5576;394;14838;9993;16512;9977;7202;16217;6220;9630;21848;7817;23440;13725;9023;6507;8798;2828;13473;629;6381;30364;22397;28541;15942;31100;19799;3265;31553;20602;14803;8490;9648;14956;24450;10194;17370;32206;7932;8899;9259;29100;27695;2818;7465;3523;11766;460;2474;17891;15342;10015;21828;13463;28293;14716;11526;22792;30035;25324;10341;27679;26542;22337;32377;4330;17272;10142;7018;25665;20028;28473;10789;12201;3193;15712;26195;17272;17214;24762;19083;15418;14327;30672;28358;14164;8839;27339;11028;15079;1431;12927;21134;21751;24877;
4265;6796;13773;29568;7541;536;18841;31755;20036;19874;5468;13536;22955;27381;23301;30271;7359;20841;18650;14439;26000;12890;14362;26540;18163;3546;16097;16074;22917;32675;6475;7033;3564;22607;11740;321;29792;22220;12576;16016;7531;5642;11406;26634;30700;758;27826;7712;20578;28332;6796;20708;21863;4328;1075;30235;17787;3774;22717;26004;10755;22924;23395;20409;17297;31276;20961;612;2918;7278;12828;28660;28214;28357;21255;11423;9259;10816;9415;22026;18988;22204;13334;6422;8286;8025;31973;18941;4587;19242;20549;17055;27139;11825;20871;31510;23073;9866;20130;4240;
13712;31206;30678;11870;1581;10043;14991;3400;24174;186;17292;32036;3235;8706;27712;11431;4988;5779;6009;9082;3020;17541;16703;8848;21388;28538;17919;24248;11811;26577;9449;18798;14821;14876;16790;23543;24281;29396;26862;6317;6847;19020;7497;13975;20049;19684;28116;11068;28618;21375;23863;1721;18085;24631;7028;22034;5287;13135;5906;32710;20511;11368;10620;20134;21357;19448;25252;7910;9665;26873;14315;24949;16677;28382;6725;27018;31166;14283;14232;14464;27214;22277;27494;15331;2558;26536;8876;12747;20315;13208;14090;10088;1182;18105;1315;17887;12592;16995;16967;24916;
15469;1296;21840;32328;11689;31320;14025;16678;11632;10016;7254;31768;11282;17934;29519;20255;20831;2112;28335;3683;6576;20029;11309;25288;17447;27947;13480;22721;30263;21571;23496;20841;14438;9859;17123;2512;12369;7330;797;11410;15345;17225;17108;8623;21022;27008;14907;4246;19537;21351;27460;18563;32174;1318;4292;779;15170;14886;2258;13558;14729;23682;15983;24908;25395;4280;22125;8882;3367;10661;9097;24311;11209;6320;9691;22763;28024;11845;6512;5232;24155;16005;22581;16595;31070;32315;4886;7516;19063;11282;9832;3107;1582;23046;3460;18214;14940;27417;14773;27545;
31795;6471;20565;20349;14206;6075;5170;21876;810;9539;32311;13012;7942;8962;18760;23546;32455;869;30061;2785;1615;9560;1587;5107;23343;28601;79;32030;28522;16652;27269;2859;10620;1905;21960;14667;19866;5332;12451;20211;3132;868;27095;2026;23001;15942;9798;673;29681;650;3599;26818;14161;27742;29947;1547;11155;25729;25112;16733;26596;507;15011;11280;13578;13324;5163;7050;4261;18530;29172;272;30132;8590;29082;29659;3676;12729;10998;8559;13029;3475;18245;6184;23046;11149;4999;8214;24162;9032;4646;5643;15698;333;20440;31985;13029;766;32710;14689;
22309;20173;8942;11122;8348;31915;16070;6863;28695;707;26402;10509;2474;23145;8023;15931;7924;29005;22177;9146;20132;15093;962;16719;15676;30314;9196;12406;11030;31793;8417;6649;11172;10364;25177;4546;25083;13730;3748;25837;26259;6861;16016;3618;14920;17138;10381;17442;27301;12295;1807;22175;19298;24176;15924;19793;26923;31930;1191;32070;6564;19339;5060;2170;19625;14809;8957;31655;730;4443;12924;32350;3415;18237;26889;18775;31432;17688;2351;22278;21921;15905;16794;622;6052;25761;23748;2106;30375;5029;5073;7690;28311;16630;2231;5131;11453;19275;11169;13514;
16448;30910;3990;22346;13291;14717;29269;22356;30001;706;31620;26638;11374;22021;30474;29903;27248;18544;3770;1074;20278;7827;18225;20841;3575;20569;17409;4052;29287;2362;5903;3282;19253;30899;7993;9176;24024;1779;14908;14528;18315;16856;19925;11363;28566;5657;27687;32617;28368;10437;5981;5984;4194;25836;26768;23052;20429;4507;7659;4862;30767;1038;21517;22376;18626;16930;28334;23600;17061;10505;29830;29251;991;27713;25194;7468;21409;199;14777;30693;17355;18568;19958;23533;2994;4632;5558;32410;32;16550;701;30897;19613;12336;9572;27700;20973;10739;7998;15483;
19930;32038;10490;3206;12340;4071;12171;30610;16661;31862;19591;14314;31849;3745;7629;12288;18094;13695;16491;2492;24313;15713;29375;24596;12858;26118;8668;9949;29632;10510;26158;17633;7936;17585;13154;5169;18066;24241;16256;15549;21628;21389;25946;7457;8115;1528;1578;13762;31455;17033;11895;18970;8287;2996;568;11344;8077;25081;13372;26380;12099;23643;3273;14729;2462;9492;17284;6636;13569;11911;12432;12756;24157;13430;6394;2354;10416;23925;6741;21339;5580;4255;31137;4699;27738;21383;22898;1164;16158;17522;6990;4200;31101;1219;28758;8860;5436;10166;23848;12893;
23946;31057;13573;24575;25409;12696;20527;25028;1641;26625;405;13042;14590;23335;4018;14632;24306;24770;13491;21489;28534;4567;27096;2714;15222;1836;540;19521;32098;14847;22552;30255;5684;23799;4901;5224;7087;16731;18369;4223;7140;7298;30516;17071;14843;16779;12915;6440;2096;9038;25668;18855;17180;12945;1699;16713;21046;27776;18276;18081;12697;11607;24603;520;10504;7010;9529;24628;29743;15911;4215;781;16427;5602;19064;13499;8781;18225;30633;4356;27675;12049;19565;22741;152;29449;11383;9246;3782;24997;22902;26083;21864;14118;29944;30353;21516;6776;22920;6286;
3401;26212;3866;11027;15942;4871;24234;32574;12155;21379;18719;867;700;15348;25973;14500;8819;934;27163;9921;13869;14213;26010;16945;16472;28884;27256;30833;18762;25634;12892;22172;15238;23674;31858;32316;21819;30427;11025;23647;21262;12775;25756;22254;14361;9695;15270;25659;22324;30927;8793;16601;371;25350;11544;14256;32240;22473;26723;12368;11978;9801;17915;30598;1901;9938;25927;30253;14356;18500;15095;19015;12941;4551;23527;30285;27708;27835;28486;6851;355;19182;3063;28174;7585;32018;1335;26250;19896;19822;27265;19160;7827;13011;16046;7285;11655;12242;10849;4241;
3545;12844;11682;2846;10112;1674;5321;20519;29485;13422;13470;24419;14217;22122;12734;11786;11197;17040;22337;13031;9016;5929;16537;30895;9900;32682;23229;10897;7770;17891;136;20238;29072;890;13915;9483;16240;1944;18698;22308;5362;17634;21494;31044;17453;23467;29302;1138;16594;5223;8316;17646;9721;24163;3701;28285;18720;9908;27760;19201;32368;7022;28803;14156;29251;12054;7274;25142;15332;28761;1650;493;3477;2557;10646;29581;9687;32537;231;30961;26085;30593;29233;2248;12674;12421;19419;25835;31732;26075;23055;27374;9809;18137;22299;21236;4857;19431;15127;20680;
4708;53;11976;19242;3358;5033;9669;7527;3855;18716;25560;5933;6144;5317;29095;11932;21851;32501;17556;6304;10546;7941;7649;15231;8835;17037;25880;12206;19131;5335;426;17129;27768;23188;30678;12674;14227;5581;19660;2554;26206;9756;30227;28366;18474;14619;22568;10899;21773;7965;6248;19013;12002;22556;17967;12765;13200;27891;8002;24353;1168;26829;29546;20160;10153;1758;27490;14238;9470;26705;14067;4205;17995;26241;26206;4989;23404;21867;29434;13525;10271;19044;15134;16002;24330;15111;30017;1839;19968;2162;24160;30454;8064;19122;10145;20086;21886;28795;26421;25638;
24934;1820;4226;19432;32095;16051;14210;7394;10957;32413;9062;18825;31257;7729;29824;15870;32692;5550;24927;14494;6745;15217;20284;4309;28307;24940;18837;24626;15232;26323;7447;16833;27860;4632;6593;7061;3616;18202;16455;9892;853;28058;24244;10456;10884;7150;24660;5474;19175;23033;21713;1874;29989;4186;29340;19044;14546;30692;6286;26141;21301;7502;4816;24343;15183;19756;9976;8858;12056;31774;11124;20587;9740;32584;11820;22249;19686;10498;28259;5461;28332;7632;11742;30834;28395;30100;7497;17742;14660;32002;26582;1631;18983;11093;8743;20177;13535;8256;8302;18463;
19151;15912;30675;15841;18427;13456;12054;7141;10442;3797;25205;4736;3338;6939;24272;21798;19508;15751;30731;10041;7921;943;7860;11039;478;3150;30949;10135;13708;5949;620;14157;32716;20894;30762;5804;4649;12890;4793;1011;14773;31439;21586;25995;15369;12226;28141;10904;1415;7835;32681;6606;3298;17105;14447;645;4065;8099;6354;1040;3423;25097;23866;24395;8343;24298;21314;1652;8606;16783;7774;24380;12081;32344;12225;27421;1457;23981;30078;18925;18284;13112;1261;19124;6686;5457;17488;32443;15800;10426;22454;741;95;21645;21792;29506;13240;29298;995;15586;
1891;20245;11085;16871;27845;3800;13451;990;26635;19141;9162;18512;29291;31174;11421;27539;20909;31256;26015;21990;2283;20221;24409;18110;18069;26289;8806;27226;29623;31904;22740;28061;18559;27606;9934;1053;2554;1463;30328;5240;21790;16624;15131;32487;6925;21677;28546;12821;12952;5133;21412;561;8962;7634;11651;30273;3079;13406;4435;32698;20253;20955;29919;20558;24058;19641;4649;16902;21078;8285;23888;1424;13042;11799;4535;2778;2521;2645;6756;22496;12262;10775;22950;16834;29062;1187;5115;15385;28863;32122;560;12939;26738;10890;20170;8349;13533;19109;677;23497;
17763;50;9435;17361;23440;9251;4583;19794;15192;17703;19979;6812;12447;10016;22255;5825;3583;22231;14474;18156;2245;9710;26949;17908;5692;8983;12638;7729;11823;25220;8587;30095;5801;10911;23777;16352;7423;22778;14835;27511;24592;5001;32574;15346;4044;6671;16069;18263;17907;19414;5368;18787;23583;13731;20186;16670;25349;15337;15203;3251;7928;13629;11299;30591;11695;2314;26921;28264;14663;9862;7203;20080;23691;26596;30407;393;7284;13772;6257;23980;6892;32520;30477;31269;26327;22656;20279;28465;3412;22888;24481;13258;20544;1976;29621;3522;9725;26844;380;18447;
26225;2733;24255;9062;18769;6305;20844;13579;6559;20798;32570;10215;17009;28629;144;5083;6389;24172;6820;24404;1970;17404;25824;24351;32528;17117;23945;10367;20251;31614;12706;18813;20100;10073;15374;23424;29416;24614;32758;9245;15957;26447;8810;14384;9739;421;10059;21804;22143;15185;30056;25775;30886;10253;26087;24154;23663;29588;25319;31711;11410;22102;22883;29531;3976;17009;601;11239;23002;23773;18220;8297;13727;5862;17736;25777;25408;31712;13572;193;30591;1814;14284;5739;15032;5635;20863;1314;3430;19141;4374;10;30184;29390;11399;19025;15238;17885;5096;3522;
12975;4396;16344;32663;7812;8939;16155;18319;19355;2542;18308;23873;18428;32163;19992;20400;23664;582;27248;11039;11004;7512;2399;28967;5800;11853;13013;22278;22660;16261;26371;15930;26093;25469;22208;6991;3085;29255;31532;16117;25761;15159;20627;13653;2047;32480;14484;12197;8279;17726;18306;11258;16953;25653;266;20318;11863;19002;18454;9763;24717;24913;1522;15991;4126;7735;19629;20792;1345;4064;30915;27913;26588;804;5624;22437;27535;3765;2951;6515;31988;6996;21372;26459;21541;15428;16735;24281;4223;27647;7186;18511;16806;297;3836;21408;457;28610;13928;762;
1320;10911;19239;14323;17107;14619;12669;5848;6836;21770;28475;13377;7375;9454;19752;16617;21961;26222;10149;10173;17575;7427;12945;21043;24025;6389;13419;1757;16247;27270;31926;5694;31434;5484;6562;18908;5902;6277;4328;18838;12662;7623;8182;27448;24177;26230;18252;8269;12332;18329;9510;30261;1624;19118;25435;23671;2861;18077;15493;9560;431;1259;23650;29868;18736;18224;8058;4332;14870;16587;30210;19081;16350;22740;28161;28032;21601;18514;10417;28975;16470;26798;16168;23142;17689;18024;23095;962;5035;19465;403;16438;13561;6489;26162;3051;18273;23249;11256;16202;
13682;13651;30355;30807;18931;6681;15780;11840;17703;5868;11295;9013;22352;30358;3828;10363;9330;17817;5871;26812;13657;3873;29148;11426;31197;26168;32496;19876;16485;3897;8804;19231;18090;23943;31843;13736;18366;6526;1830;25761;11084;682;24670;10762;14881;16951;16850;30874;31723;25001;27977;12302;8769;6606;4010;962;9444;3568;24418;12158;29509;18254;31238;28306;24391;1230;17721;26917;9541;13036;22225;3018;13655;8182;10293;32084;8657;16507;6409;9964;22285;6145;1294;608;107;6646;28995;8894;16021;5865;5201;11042;4872;2554;15909;10188;9424;23183;25311;32117;
17042;26185;19691;25315;17872;26423;14957;6332;15209;2633;27107;21400;30047;18951;23046;3161;27101;24962;16624;10943;889;27531;32388;15927;18102;548;3595;14580;28877;29236;15131;24897;29613;22399;7613;27926;29504;13524;8654;31721;10224;23688;7590;25286;19050;15652;15352;32418;27809;26203;15609;237;25622;23103;21189;27238;10584;32436;7422;10291;20678;17188;1974;1841;156;20084;4495;29065;2094;18743;15648;10884;31854;6178;12699;31904;32180;6848;20141;3555;2751;16999;14246;20079;1271;5483;6618;13655;18932;29329;12871;16305;1604;10439;22136;26092;9577;14098;1193;31588;
802;18631;16171;11316;16876;16894;14090;3403;27335;28740;2542;29379;14909;13200;5951;110;16033;13177;12428;10417;11157;29861;10542;3477;1742;25221;2344;30747;4636;8511;26450;22992;5796;15340;11959;3234;30064;772;21307;17650;8491;12054;14721;27114;25893;7101;22027;18449;7582;11983;18339;21020;17728;16343;28922;25608;31725;5062;21904;15461;27323;16613;15827;8181;10557;3854;26251;23413;2053;10268;16245;6075;25702;11424;32046;13313;27007;214;595;6785;25204;26071;25575;17218;511;13071;3317;22833;17192;17394;17782;13683;18256;28139;8308;9466;21876;4757;5488;11350;
24240;8750;18690;15822;11266;8777;18623;5552;6481;3266;15967;12517;430;6903;24096;4552;16601;20789;5221;18233;28167;24177;13987;27116;13282;9273;15229;1031;27090;31466;15918;5869;21115;1570;20776;13140;9095;11640;25594;22430;15013;3435;16503;2150;9169;29849;25365;22361;21719;16690;12947;19527;16914;12971;23263;25721;12410;951;20278;7238;26846;24691;14221;14049;12397;3296;19760;14453;10875;20375;27305;18036;1922;29880;21219;25132;9575;32036;29583;12699;1279;19948;9927;19076;14546;29705;14321;13250;12575;20557;12263;4317;2336;16281;11349;11227;14734;4945;18018;20824;
21608;28173;19602;13017;11761;22673;21482;17246;5880;8960;25686;16950;3163;26188;17481;26647;32718;14833;10147;27246;7641;29155;17879;18676;13600;30916;6989;6530;8935;6747;23045;17958;26837;21058;19838;29046;20472;29406;13782;29988;15626;14484;24114;11987;6643;7482;29280;3881;30862;32716;22459;7974;21168;29793;3407;28596;2919;20573;22334;10111;5503;18151;14691;8966;25419;10654;1332;23283;930;8583;32493;1191;4135;29770;24043;8474;20685;10655;11349;28130;14491;9475;18946;27793;8109;1967;5783;29764;24188;28362;1776;377;11871;25054;10690;14369;29521;1417;24446;19447;
21236;26229;18808;17167;15574;28809;13384;18098;18419;26209;368;30313;2428;27900;21568;29016;18647;32693;1527;2509;13543;24693;9515;22297;32397;22566;1131;6559;31855;23403;7202;9514;15352;26510;17342;17796;9120;11194;1554;20804;2669;21098;5369;24295;26809;32545;8253;20514;1591;21596;5047;10103;18737;5572;183;23559;2835;15017;13990;8103;5677;1196;20201;19253;12469;28347;12297;25901;22795;2115;19473;30327;5953;4256;7736;8579;2011;26329;11200;12184;979;8586;3102;2153;2529;25377;15451;18410;19705;15949;16826;26209;3092;16052;24475;9920;5939;27109;25759;16178;
9633;19597;21261;28660;24953;26605;26741;31846;19561;5003;18579;14946;25013;10024;20341;11212;6527;243;20192;22122;12613;15356;15089;19958;23979;10987;2560;9330;18811;27378;19401;13500;1514;8960;15310;31586;20509;17208;21239;29111;20459;22689;7292;7975;13285;18719;20996;21703;20115;2978;783;18224;6401;12445;19345;31374;15994;20154;24031;13556;5524;10188;25551;27379;10861;6660;31515;23146;15923;12649;20743;18335;24554;28034;8516;4239;617;3925;7187;2691;13222;918;30638;24036;22836;15640;12515;21584;5642;4999;16130;19693;15750;31321;16121;19198;30642;9218;22974;21172;
31429;25959;27117;2118;32237;28054;9395;17732;18763;9652;18922;6184;1855;19766;8069;25134;15079;9813;15407;1893;32738;18107;25903;25862;30554;24707;911;517;1601;5984;29821;11751;18650;13852;14577;467;24444;22597;18576;30699;30867;23587;3025;3293;15335;12524;16734;8116;31521;21819;21181;1013;19339;6591;23599;31207;27927;31792;27608;306;8867;11912;15393;14763;24443;7791;27995;18031;28191;4343;677;26415;29767;9865;9743;15306;30757;23328;30719;26145;19178;22196;28116;32295;31883;8698;970;3127;15557;4938;17949;32171;19807;2016;30066;18346;27055;15688;19058;11329;
18271;24340;7352;21941;5233;7376;28909;15384;5761;23608;12849;2331;20298;23464;6845;28195;19052;22739;4039;8351;30829;4024;29862;28824;15101;9682;14647;11657;1662;21903;10111;19826;15555;28164;13458;2600;9496;31455;22707;26863;9603;10397;12988;24650;8522;14589;31425;4114;8373;7092;2032;16326;9749;32610;28091;5922;21509;28357;29754;17651;18672;20012;28618;2089;21460;19759;15355;20270;26181;8350;23977;24950;26548;6327;4200;18264;19953;26524;17190;25628;7919;11268;18443;30293;16328;5168;15268;29297;13568;11553;26433;27534;14350;12808;8859;32399;17944;28670;30906;29551;
3071;4597;5142;2262;21403;26862;13821;7658;22088;1133;15668;11880;6305;12074;32737;21747;13195;9226;31912;18348;11894;3917;10005;770;20191;12297;21306;5836;281;11735;1177;18837;15950;30412;9284;1590;5057;14763;25154;18347;12117;20568;17973;30495;5459;11920;13114;28745;25448;10456;25361;8187;17645;10163;7294;28920;31851;6936;10478;31495;9823;16931;19806;10309;6458;6923;19065;17599;1708;3924;10240;11328;16930;12358;20335;2664;20622;6045;14814;24830;9574;16514;13605;18567;12527;27834;1091;7960;9147;27166;24321;6504;2928;19531;5330;27177;11468;28314;22270;29593;
16102;21075;28159;14164;27575;11549;24107;30828;14808;15289;16276;17339;17293;11504;19757;21112;24323;14538;28462;31497;7126;14337;17593;9240;14806;20405;28861;28137;32011;1377;11803;1515;759;20238;28423;22669;32026;29639;2993;5458;29884;20556;17445;14632;31718;21515;6512;4854;28594;19019;16901;30324;12228;17323;15711;4415;28441;13259;19175;5677;512;5961;18455;13021;19813;13807;14816;915;15189;21802;1353;31043;22719;28350;7002;26092;120;16313;7224;9000;14210;17317;13713;1792;7822;28674;16442;6916;7359;17396;24855;18844;10161;56;12604;30105;19642;7004;12625;12303;
24432;17968;3131;103;29035;5240;27897;29360;30540;7651;27595;24630;16125;11073;22170;9814;6971;17392;22676;16272;26706;12183;17687;29406;20008;16407;2512;3396;25469;30655;3108;22953;5745;24512;30158;19173;32327;8928;13514;3099;31336;16498;12914;27465;17067;27525;1512;21021;19667;27228;9651;16651;11098;2590;23725;156;18797;31439;1564;32009;10295;10111;21791;8;354;24257;11084;15590;29403;24415;17047;25302;6102;7500;11893;10633;13075;21210;30786;3070;20063;12845;23264;9628;29533;19184;24994;25982;24966;30790;28264;3086;25967;27396;27403;9941;13642;9245;10747;32401;
30384;29534;14886;11144;20894;20059;12828;17437;13501;5033;13937;22945;12006;3661;16227;14187;485;19829;25021;6187;21117;9318;7932;17787;6573;26294;175;21943;15154;13499;804;31759;25933;27715;4928;7898;7622;4485;9135;10285;8241;17496;7486;17581;29040;5539;11908;1185;19577;20757;16072;4940;19546;3862;2079;30841;30586;8957;7381;6231;4129;14723;23566;25991;20026;15223;6573;31092;26200;18612;32117;1763;504;24401;23918;23243;3334;791;6027;24422;31906;31032;11913;21896;29475;27709;11802;14384;25948;3137;6723;32348;9503;32605;28163;12066;29952;13923;27957;31741;
2395;31183;19895;21861;6809;17146;31692;11682;27822;13713;32191;24033;28646;19782;15050;24968;24290;5061;10549;23495;32221;29418;10178;7023;24373;30513;1609;4360;20774;5742;416;27422;22744;20158;14013;19675;24220;12733;20767;21211;28530;12281;30826;23099;14288;14503;16721;15859;7070;405;9656;32358;3973;2912;18458;1848;5993;13799;1577;1888;3636;30975;7861;3966;6870;5481;28367;27246;30346;20993;2606;25629;26714;6455;13010;29339;6629;2755;29670;30066;10592;21909;25579;32567;7387;28171;21011;23902;6853;29799;25323;21074;2995;24448;24637;13766;2397;16312;16437;28485;
16105;11821;10178;32529;7789;15412;27711;2346;4015;30467;22611;5805;31791;21421;14358;351;23655;5972;28789;15754;10833;3993;9687;30216;23850;12120;13825;11933;21110;25491;2358;24714;18500;13483;32419;17758;19635;2006;30715;17424;18101;5325;18527;13387;31763;25541;2688;27657;14513;26529;8711;19299;31508;2150;27701;15015;18977;12783;25542;20140;6183;15074;15388;1890;22304;14306;14233;23725;8756;3846;15693;3444;8319;24458;29137;25845;1300;4549;22386;27227;20546;9051;14738;11922;13846;948;26444;11354;20000;5293;343;28314;28794;9101;24365;28919;25607;28218;20332;28326;
16889;2221;14204;4990;12950;13987;22130;17234;26427;3477;12084;27517;30113;29419;24030;4798;30815;19053;23653;6983;6320;26874;31355;27408;25975;8060;3250;28273;7040;29211;5859;10480;17161;20401;30161;18520;18049;23934;19466;28171;26255;11038;13838;8856;12118;25271;2483;10128;21240;18807;9416;7062;3416;9278;3833;9398;29989;21655;29426;5368;24084;16877;13000;15668;12396;25340;7060;25127;22984;31621;31841;1991;15128;25158;9288;1748;14314;25385;3033;8368;19176;4540;11709;1392;17313;8161;21146;51;4492;3271;21559;15794;16457;16408;7137;24857;2347;25972;24589;23318;
7668;7199;25918;14127;4319;20214;17961;21336;32228;18600;1815;13765;22839;22562;30860;29949;1810;6475;11558;26160;8372;13810;1735;1482;2730;13060;7927;20040;16461;7683;3715;29002;30860;11955;22634;9962;2027;12567;31738;1869;9164;19355;29239;8823;27373;30099;6780;19044;22323;12772;23141;17236;31910;25089;29931;20070;14780;17690;23761;17000;15578;30608;1600;9966;792;1707;31662;1441;13381;27791;14852;26074;43;2156;6143;9840;24851;26358;15574;10702;26508;28437;27166;2120;29545;18141;7403;15535;32265;1216;19001;32546;23003;258;14986;16936;2848;23406;18640;1532;
7667;2376;2188;30248;7559;32642;5944;1365;4273;19762;7395;31586;8102;14916;16411;10675;18181;15980;4367;14796;15384;25695;12277;18974;26199;27971;12970;19744;4653;18532;3480;24226;16639;13096;989;863;14955;5445;25258;1745;17101;27953;3048;27465;6920;24795;5154;8254;11651;18072;30623;29413;3185;14944;10958;27907;9558;4922;2536;5632;19910;19701;27600;19004;3440;14873;23614;7334;18780;4637;16668;30346;13425;12250;28464;27050;10554;5184;29180;26769;20714;328;2786;22820;15261;16681;11148;13690;19936;28111;28555;12013;10100;19593;22846;1905;26447;4610;22006;5413;
28900;8818;19799;9256;5796;8725;16386;10926;19909;27101;14705;851;20290;13412;6433;8623;18979;5924;30455;29994;2814;7146;9949;28177;15550;3720;8108;22762;9891;21194;18766;1029;2954;22188;30244;25428;3695;29898;2981;9852;16432;23320;7752;29996;14995;18899;1188;17838;27787;16056;9686;444;31671;24691;1828;28052;24364;15962;23776;1359;6004;14427;8846;17518;10198;9011;32329;2998;13528;31969;29538;6462;27651;17755;10315;18118;6374;20351;17331;586;2910;7756;9459;13527;13076;8786;31657;2974;5190;27495;674;22343;31179;8860;25086;30087;2129;24688;31886;30965;
5866;13123;11393;793;28871;27149;13120;1222;25666;30543;24726;22698;17186;74;13588;27684;14363;27760;948;27221;5525;2328;22204;7546;431;5493;7141;31353;9090;19145;23485;2745;13738;13526;74;10295;8707;28309;28400;16343;2736;5931;31124;3576;25698;4889;27394;2378;1494;28083;12940;28644;20640;28371;29428;10897;22312;14542;30861;31339;9202;679;23196;9388;1570;17027;19460;4288;1855;23645;24355;3231;28215;10491;16631;11097;29603;26913;12165;29170;2893;30980;12155;18033;26351;22529;17684;21812;5694;22671;13372;24710;26663;3187;3061;11892;29017;16691;249;2268;
23555;8396;23456;966;25823;19111;32005;32247;10607;30922;16228;4036;11143;1356;13767;23589;11787;25611;3810;30730;20218;25761;7995;23538;683;20627;22158;5049;21591;14796;9327;8369;4056;3402;4145;16885;14512;15896;2055;5882;29261;7292;11113;20583;15756;11633;5305;25383;12155;5719;26151;29116;1379;28906;7634;24534;14854;7025;29999;17444;37;22839;20399;11370;17989;22335;31900;26580;10163;26932;20548;19338;28358;4767;22618;9604;3172;12381;12185;20896;10439;22095;13482;9457;12673;13651;10312;9050;2238;7539;30370;13148;14794;28765;12289;17453;22227;6163;29866;6666;
25583;21988;22534;13517;29537;32155;32512;1218;22296;28918;32175;25015;2936;28506;14389;30802;16221;3524;19175;8616;7517;27395;15790;22794;14926;29733;1708;17442;19720;19759;8227;320;4972;12817;13715;12270;2214;25560;11299;26570;20654;30246;2626;4501;32021;4319;654;22151;3838;31270;9717;6629;23147;31880;282;12502;11962;32118;10490;19571;26735;22521;31439;18973;20531;20385;4917;24083;27421;12223;16523;19523;8241;27347;29852;9057;22310;20040;31102;11831;29805;7775;28091;3900;22126;11882;19375;14951;14357;18746;49;16709;7309;32218;21622;9546;10315;9342;12081;9317;
2895;12214;28927;13270;24742;7655;28675;7492;10036;7932;22221;29194;14256;16985;27265;18643;23536;16656;31797;31078;27495;14424;2458;19139;4332;26683;20703;18286;7612;19086;23506;11275;3523;5670;17993;9259;8471;585;17344;18790;11974;24163;10307;6314;5329;20986;30863;20946;27000;22756;17780;30074;20920;20408;22141;21778;8467;9346;26579;26930;9871;32699;32607;25133;19201;31096;7471;9961;25739;12001;19227;13806;25444;19429;20392;7356;15319;23852;2092;31074;12687;32333;11827;14924;26641;14402;3106;4189;23690;9241;25882;18238;11467;9707;5151;30709;20370;21522;9850;18873;
8715;24215;30043;13572;28310;2794;707;31979;20683;6102;7585;21163;6843;7603;4412;22404;8057;16094;25552;28874;1754;15462;26748;8761;3704;17160;10331;25225;23549;1118;26354;7746;17566;28755;17866;23762;11749;8922;19293;15324;27572;23008;20791;13524;16263;1918;7509;24777;23801;21620;10961;11905;6026;9939;26049;16075;7583;249;24156;23313;25802;19650;14174;14893;11084;26365;21422;1917;13016;32541;1854;24634;6298;7985;20275;15109;28280;28695;21831;28099;31128;3564;17003;17835;14882;198;9392;26013;8263;11686;27751;24246;4738;21416;17543;14113;10525;27005;19024;21296;
17144;28443;26670;29867;22406;1971;22496;17512;10776;28644;4057;6683;16990;9262;8167;30320;20010;19369;16658;25431;20600;15095;7367;11935;16812;9079;3894;12999;1306;17083;26872;8721;22475;9789;29685;2007;7294;22349;16261;29730;10478;846;30677;1401;30803;29730;19597;17655;26411;27875;10927;2209;23610;16084;19906;20470;720;10903;27697;20167;31306;24992;750;6728;7899;15337;1114;11368;20365;30183;28265;12638;21890;2750;3073;21380;20608;32433;26020;31081;19629;11740;9551;10785;26006;29477;29090;3040;6774;15216;1088;12488;14262;22802;32633;9726;31152;11144;18215;30979;
19640;28522;24789;10050;20061;19098;7975;11237;29676;26817;7286;8173;31286;15356;18618;8322;659;13778;3757;28551;295;3178;21549;626;24676;24570;23010;29531;32208;21635;15906;2130;25609;29628;10001;17654;26118;27467;22541;14916;32671;31547;13897;2220;8016;10411;183;18538;15674;2243;16172;19475;25450;14317;11455;29038;2910;20801;8562;29830;29893;31296;16148;30973;22919;22214;25957;15779;8965;31034;12668;11847;1186;8968;3174;18382;8066;26961;3344;642;5010;4577;12646;13996;8648;15457;12989;12132;17324;11213;31086;24488;23575;17449;29636;28076;25914;4208;21529;2161;
16355;25806;31291;15257;2044;28942;3093;13690;4692;22358;395;13169;30627;6930;10149;2168;20680;31790;24304;29179;2132;4744;6433;12008;25932;15781;23036;3334;13099;15523;16244;24711;11047;622;21780;6624;693;6711;13981;28120;17231;12322;17905;17375;20341;4671;30767;24226;14578;15804;32288;29404;19552;19545;19410;8303;30190;22043;17282;435;25441;6981;1983;17678;1881;2692;14541;1221;25046;30570;8520;20753;12794;5405;5641;8310;29969;2385;3406;6736;22222;11123;12564;28591;30423;17447;28872;13924;10117;24821;22047;31324;2532;4159;8515;31021;11010;6519;28719;15343;
1638;1423;30044;845;4574;2992;413;14811;13950;13870;25927;24747;23269;21436;27798;10779;25282;2268;31564;14064;18327;5530;2971;10665;11965;9082;5189;1037;8361;12207;6658;775;17773;25997;28706;27827;19073;32065;27763;1209;21956;29376;4709;6874;10686;10493;31084;26568;24360;19807;29350;11323;22446;3954;12734;17985;19955;221;32016;12501;9942;12692;10510;8628;26612;23630;25314;14700;30573;14138;3669;31158;2284;15597;15087;30213;23521;415;29791;29279;12049;26776;29214;25708;3409;19941;27216;2765;22414;30799;3051;3758;12305;26510;25626;25503;11009;21177;13028;22943;
26666;27393;29449;5498;31228;13983;6444;25430;15831;6155;20023;6024;2438;21871;10492;29100;21001;13403;11032;13812;12183;32186;1309;28864;25315;32261;26096;6255;16287;21942;22895;373;8254;11776;31319;22702;18175;9661;31589;6131;20519;2728;19388;10474;6541;13004;23175;10786;17244;2620;15839;2655;11797;10501;16623;28210;6611;1377;7510;5069;19155;5677;25548;10518;22323;31133;22537;18426;506;29743;17379;3332;18265;23517;1462;31790;32305;17303;24072;10231;13012;31472;16493;20149;7952;13848;11177;25133;25450;29194;19733;11617;26023;26886;29508;3241;30865;11074;5093;27653;
12535;12253;26859;32690;3062;29204;26860;27387;19063;28344;7879;18770;9721;5599;9354;19871;17041;1243;17811;27608;558;7272;3061;16594;7458;18217;15645;11351;9182;1110;2485;20856;19965;2735;29896;28964;14981;6068;13863;21242;1385;16151;7180;12380;22098;20082;12286;21957;19614;6454;8948;28252;27817;16611;17597;11721;29260;19839;2719;19527;11428;10817;26943;2298;18197;23181;1472;9860;9102;31525;559;5587;10766;25501;26911;17212;12647;31759;31888;14798;25922;6929;27670;4320;19811;32740;13879;22509;23086;15598;14612;29858;6762;9834;13900;10036;32326;6495;19997;10487;
19353;11982;13772;6445;10094;12080;11591;11291;22720;23072;30730;20579;10370;22100;23871;16013;739;24017;29481;9959;15823;31327;14786;29071;10425;26171;18595;17614;18840;25869;5157;17831;27439;10521;3526;18096;24722;6329;9166;22817;8678;2059;25650;29739;9832;15079;18104;9867;8113;17172;25180;1630;31288;3771;4594;21303;18200;15131;19470;32367;29459;32639;12833;3516;28375;17517;6884;3077;11393;15137;7162;31861;5728;2362;22225;975;25339;23730;3273;15361;27221;31763;16024;26107;24687;9960;23277;28097;6415;23154;16467;29887;14528;20125;5720;22110;30490;16178;16879;23252;
22083;21838;30996;3136;29622;17683;14766;25078;22083;29597;10169;13847;23895;14648;5796;14694;13694;5072;16888;22870;30246;23977;31035;19560;19622;23632;17172;14515;22655;15313;15280;10436;7393;18986;12899;17065;11121;1792;19091;30025;27721;23441;9170;4087;10048;3818;19786;30790;12908;19033;2142;29214;27110;16934;7822;11791;21709;22142;20123;4582;7054;16560;5356;28542;13154;8348;21297;7641;25368;32359;6982;10351;1300;5236;8538;2246;10904;30096;6480;7747;1090;25453;869;22592;13270;26962;11284;18015;27454;3856;25399;797;31951;14392;11886;11434;16590;907;31428;24568;
29747;16050;4496;27153;29868;16944;21658;9135;32229;18836;1407;11014;19463;7155;7255;28645;18303;6293;29076;17917;7680;31727;16173;29056;27851;28881;15613;25071;24622;16865;23654;3885;27722;16200;26425;11479;794;11435;1498;10200;27569;19293;28831;8759;7875;21715;20602;24884;19559;31064;4824;24980;28443;14081;13512;1593;4105;7396;18784;5365;8329;20101;16220;30112;3302;23441;10761;26472;27749;16335;4450;8297;29315;8019;3448;2942;1407;4853;12567;6230;7704;6401;1958;20938;21656;32304;10831;11885;16145;21207;12384;20325;1255;16479;32497;8570;19342;21237;15304;5229;
24725;2946;26489;23691;17636;19934;25297;29313;32066;32577;25461;17778;19482;26874;7111;21319;14462;13155;6665;6983;1644;3348;8901;7911;1104;21079;2668;25827;20939;18652;21053;12941;947;17326;3176;28517;18779;17254;19316;26347;30484;26271;8414;23729;6643;16041;28419;9908;30933;23682;4671;16876;9889;10753;9559;5410;2509;25429;25876;22018;32036;17582;30513;17521;28102;16442;6264;12321;6768;20563;30247;31842;22525;14839;13976;5691;32557;21368;29985;4281;26534;9076;13626;23431;5176;27656;4317;18367;29797;30273;9779;20224;24353;12755;2156;20673;10966;32014;14318;14820;
1707;10509;26035;19086;30982;3633;1516;28215;10063;17614;30187;23037;19192;22051;14655;25918;30650;31120;4641;20581;5921;12803;30991;28164;15690;24500;14262;25124;15084;6674;11029;27609;4245;26108;28896;27929;10038;7221;1058;9421;29154;5138;3367;20265;23763;26230;26777;8249;11694;23808;10729;19645;14599;24963;7408;5431;4392;439;2775;1858;4622;23342;17972;26917;28341;905;17013;936;9110;16619;14978;15911;29293;9902;10910;16612;19263;27221;8590;4513;18076;1218;11518;24175;5410;29610;25888;27329;2114;12101;23446;21188;6215;10314;29074;6387;2963;25114;22844;12774;
9004;32059;18004;618;28792;17929;4632;983;14405;7080;22120;670;1804;17213;17448;11042;23159;31582;14566;22729;1056;25543;22460;23378;10652;3406;10616;9833;1464;17945;2043;8056;20226;30222;22751;32193;26508;8075;23389;28842;14828;22615;3437;87;26503;20185;27694;23678;11280;12168;5001;3447;6731;32419;273;15251;5655;14882;32302;175;12203;22508;30075;30729;17440;29770;14188;82;1840;17564;29236;25604;23101;8779;24806;23541;5268;16894;30170;8237;8436;27409;1106;31476;5194;17219;11613;4656;8639;686;5116;23278;4084;9213;7300;27455;5004;25817;15171;7749;
13036;10916;5734;16013;5950;8042;32538;10911;28348;6932;1522;10196;17451;11487;11913;22376;28581;22797;1640;464;1180;24283;9002;11342;24860;6834;19422;11458;16976;22689;20908;12227;584;11019;23484;25838;25337;6557;10835;17790;2694;15491;5439;10526;5310;6108;18806;7419;24037;19307;2554;12572;27319;27279;30719;12278;4522;4213;9808;29755;18804;1164;31727;20724;16589;825;10747;16335;9078;32461;14551;18874;12410;27828;28809;23984;1460;29422;8288;2515;17553;2500;2522;19132;29719;26035;29380;25871;17446;15789;8867;32082;5630;16769;20307;25087;28162;21655;15598;15319;
12988;24800;5360;6266;23840;22029;14488;821;32277;10495;4753;8219;15665;26495;11217;32087;13508;13360;1986;3776;20249;16065;2975;1966;2296;3175;29985;1804;15727;9355;9308;18863;24275;30144;15587;22246;16641;1783;25139;23379;22761;18678;4943;9721;5454;7174;27047;31637;13511;24044;16190;13362;15626;5147;12;22264;30569;1576;10914;10309;5789;23678;17420;24063;27075;5971;17147;28200;16548;29147;13860;11186;25913;1467;10723;9621;20079;17088;4388;31776;28711;3793;13699;8332;19585;8738;29362;13015;10842;29611;16667;29136;5395;18905;21447;29038;2452;17283;19839;2917;
29841;27935;20785;15867;26124;13878;29077;27928;7708;23317;17423;14749;22252;5830;6872;25335;28678;12606;10841;26356;24274;15832;7639;21461;2137;7682;24405;164;26703;7222;5814;8136;10577;13101;9251;24534;4715;21839;6572;3754;28125;18541;30770;29367;19743;27058;13188;20123;20002;28119;16840;17142;17881;29079;14877;637;29688;28259;18046;3146;9212;26454;27881;24694;24427;25195;29633;25322;5469;494;25970;24690;23355;21040;30547;27156;10951;8063;22480;31391;16732;26709;10184;6790;1143;16336;9012;30191;3959;13410;15626;6408;20129;3786;12897;18074;19303;32067;22741;7392;
3562;32507;11309;31897;14269;9158;24379;26204;15340;29716;29700;16940;22589;5409;7969;17740;13237;32107;31333;27220;18014;19817;19136;12165;28232;8314;23907;3930;21966;27164;16421;26463;3866;13150;22822;16710;2284;19608;8626;12856;16534;18265;2152;17513;21836;19617;16027;7919;24730;9040;29944;24532;14390;31455;19305;23658;31992;20046;30778;15326;6951;29533;27259;8208;8182;10751;27557;20642;2126;16396;1152;7248;27854;7478;10563;25727;12049;19262;28925;1816;3119;20072;23605;6806;14470;25132;28365;12382;26810;28206;8493;4431;27642;18288;27805;10395;15237;4550;30449;4309;
9069;21899;8556;30539;26779;7571;32479;18837;4116;12640;29969;24942;11131;16281;3427;8899;20182;3255;14516;16394;5013;31234;2691;6357;19664;30908;12115;26279;20688;15772;8788;11270;31697;18558;26175;6609;20486;5208;17794;24276;22238;880;23965;5530;10118;23500;31180;17538;13999;26602;230;9237;21393;4018;31365;8087;30255;32169;28519;17372;17117;9319;10516;4190;26368;14411;5313;24204;13078;29037;19829;21348;5622;10708;4458;3907;23896;11242;9910;4092;24471;17708;29482;31016;29366;28966;19323;14014;21666;12447;15775;11748;26806;24849;23162;28676;28292;10332;17082;9249;
5587;18618;31488;6764;5092;28918;19264;15890;7674;23769;11626;22873;27928;23014;3914;24555;12045;1095;27565;13169;2222;20486;32453;5732;3427;12928;6606;16672;20453;23;23026;19771;28741;21032;18026;27412;19249;2365;6631;5551;11891;16259;15152;14528;14010;16254;10508;32005;15005;21243;23906;11993;26333;32326;27551;29447;28650;31646;24152;15836;31913;2790;6193;16512;11893;27037;15357;16518;27236;1808;24614;3521;18379;18638;4431;2649;18436;29533;26681;31007;15214;2859;14051;1566;30646;16839;4342;15730;17237;17233;13151;25694;6746;30768;3902;26776;12394;3842;31743;23015;
21509;25305;21702;8688;5898;4516;1297;28237;24702;22251;18585;224;19337;32448;8825;23143;30657;1266;20369;29520;11948;13443;14381;30414;639;23388;9442;13356;18988;26176;15033;14946;7836;30975;656;20966;15673;22252;32700;18628;29616;12176;6643;17649;30965;9120;24170;4316;22407;5677;23610;5703;19701;7707;8200;31573;17057;11220;4837;5604;17348;14141;16499;10524;5298;2538;18505;8520;20320;31118;32409;16869;10531;9909;16;31225;17850;5045;15614;21159;15247;10209;16311;11263;11578;29441;12857;15387;7239;17663;26383;1127;22841;28131;26997;12608;13518;14849;22716;6081;
22149;32369;4848;17881;23646;18880;29369;22689;10209;3301;9343;3309;31841;20599;22225;15906;21122;18973;18952;18247;1273;26181;807;31326;14995;6681;9734;8692;12665;4526;15024;16631;20402;3711;25097;1224;7401;2587;15796;7569;2417;28954;3891;28889;9862;2645;21072;23125;13270;24151;22204;28417;9792;13070;7415;30320;3035;28614;31343;3680;28986;32089;18668;11410;11246;30367;9515;29401;11853;15660;201;2416;18546;17979;2916;29584;31365;13285;14076;4674;15421;3735;23455;18803;23970;12994;15941;31558;25880;18132;32505;19886;3737;19816;12857;28219;20546;10169;10656;18484;
2065;7261;12226;24807;14061;13872;15192;20029;27878;3982;23965;31633;19135;24005;28663;12482;15529;20681;17626;3975;21074;6954;24553;31491;22558;13892;31071;7578;5556;14006;20654;258;21949;17685;4710;27805;6888;3809;21847;32262;9778;17335;29434;12266;12900;29385;16141;17177;2269;23692;25214;15836;21393;3248;23946;30090;20562;20565;29990;22102;18767;23676;3998;23915;30426;14523;17532;31035;11886;16950;9131;17427;752;23242;30684;19699;14901;6283;2089;25246;15301;2417;7416;5357;23774;24398;19491;24680;11708;6147;20566;14359;11288;30196;28600;24982;32495;23737;13773;22376;
8068;26135;1179;9613;5032;17198;16651;29783;7481;15859;7827;13689;745;28385;19986;10081;22080;31468;5115;8904;23269;28087;2486;26247;29465;1030;3651;21932;13700;31350;10785;23501;4148;13420;27246;27548;7395;20299;30543;19388;2680;30186;27026;9683;16337;2117;9106;3041;7104;27506;12635;26576;30291;5591;29711;2380;18265;11163;7305;17876;5665;16218;14655;24337;5765;2845;23405;9063;5927;13705;6000;31947;9467;30550;25711;25044;2054;13571;8001;23828;32101;24776;13451;7848;21136;14541;13865;19470;17888;13721;24528;567;20559;15565;20209;15837;15488;27666;29152;7703;
12031;4176;29237;13611;969;7457;7795;23459;9487;14469;5863;14755;16183;11991;16851;31353;30244;25343;19148;24182;32695;3818;12641;7932;18325;26679;11005;22745;43;32051;23567;28883;17648;24072;11367;9860;12778;26161;15075;18793;5236;14897;13388;17461;6462;19845;4475;29291;7061;1239;192;29739;31205;18548;32388;29772;4988;6912;24876;5292;21392;2153;23617;29892;28036;281;16078;1664;11879;30064;28938;9549;1982;17777;30007;9075;14211;22715;28618;16805;12653;29371;31436;17622;11634;5921;18560;7759;32651;4752;22854;23039;7351;31642;18623;18194;28994;16363;30258;3781;
27719;4548;3119;11640;25716;18860;11122;516;14861;4194;15625;26448;23091;25877;12218;3103;1895;21463;9375;32044;2890;28752;20243;5497;13734;26799;3026;18660;19634;17638;29531;31995;21138;9751;27545;25617;17438;6729;31939;3730;13540;22624;28033;9875;27760;30796;27216;2477;26827;31616;15399;13580;27201;14758;21083;14275;27751;1425;9152;8034;12381;7795;11025;4811;15441;16720;657;3905;29764;28338;25331;31682;12305;14495;2423;1687;29355;11464;18775;297;9894;12035;19553;11798;1017;22523;18149;13700;770;11302;8913;13238;202;16120;26139;5597;30859;5719;22623;14640;
30319;25166;11210;62;10139;23813;11574;21123;11116;26353;16278;14906;2560;13128;9877;5235;29689;6328;25722;1893;12157;23128;12111;13061;22145;31967;16706;20440;19016;31764;2123;12293;38;29829;30991;22190;2954;5500;2309;6528;2364;28463;5079;137;20450;28983;12299;22602;2505;11587;14050;10766;7138;12814;896;3706;32267;4750;11598;3684;26768;28015;16797;1513;31474;2239;16524;15801;16359;21995;24875;11958;12961;29162;24800;9150;10579;30136;25098;11716;18674;11014;7653;7718;26169;31024;28078;31546;30703;7791;28423;9002;32364;2384;18332;4355;1114;26212;19463;30728;
7353;13881;3569;10572;549;32650;5498;30592;15196;29107;18907;3337;26875;2919;19786;26710;8328;6565;20511;29296;30901;8936;7988;25554;10979;4767;29073;27516;28134;14556;14665;19523;28168;29264;31647;25707;1616;3191;29805;21367;7940;14864;2247;12864;21868;11216;19675;4421;20697;8535;8475;12610;26854;1635;10911;10756;254;28740;10948;29563;15646;3984;31258;1297;29660;27159;10877;32570;425;28953;5249;4940;24915;18359;21524;7570;11726;19880;30814;9627;28979;16941;27372;14552;25865;4935;21006;21351;1988;11559;29309;19241;11147;24038;21569;28954;25150;8566;11986;23778;
27320;27097;24702;5799;849;14224;29962;4902;17831;5719;32668;13826;28575;21007;19417;20059;15782;30716;10826;16803;14909;30768;23556;22701;9908;31559;24968;25351;24885;16469;12520;9354;27653;5917;5931;16687;31239;19076;18675;6949;9346;3909;26205;22304;11811;19173;30249;31475;30534;18154;7195;23137;1905;9288;3744;17968;20513;8988;4021;12672;3274;4764;27909;16731;25625;32078;19281;31373;11900;25977;16661;438;1508;9690;1129;8605;714;19095;12325;3015;19056;30329;25672;1865;21097;10325;17819;474;32091;29899;8337;14124;29956;2099;13170;25213;25979;1237;25528;11881;
32184;4440;25274;22274;22871;11134;1415;12834;14233;4878;21525;4608;9132;24849;5019;13826;29228;8000;20539;15826;14313;29630;10724;21172;7659;13571;26743;31511;14003;31256;6952;19561;14532;31498;18216;28464;16994;21913;27009;10583;2714;2608;20545;25285;9090;17690;3802;22581;12738;18418;4553;28737;15699;1883;5494;26303;32647;20722;1115;16977;21066;3457;105;18488;9383;29558;7079;25193;6286;15763;1053;11235;11732;14822;9968;5951;7803;17660;3790;25481;20532;1362;396;21326;32546;31500;8462;23030;1505;14313;4968;13140;26311;21367;30274;6524;31337;28547;8577;3285;
26465;24788;32036;25199;18255;20505;28267;3222;7454;26399;8255;20903;137;24135;10958;25890;8925;32312;24182;5889;4352;27089;13796;3400;22194;17505;13181;15326;26387;2075;11772;3739;28261;8388;20573;31138;28948;7855;20731;25585;23539;5611;9205;8246;27081;32187;11477;26596;524;9286;13172;3207;29932;2704;8216;21333;14484;15529;17120;12037;2988;31269;10850;19428;8482;17099;19858;8741;14634;7058;3302;632;19331;8137;20151;20703;9980;12949;15083;25021;10808;25760;22993;11568;31150;25104;6732;19617;22259;31926;820;30362;32060;9864;5113;27863;10015;28754;6281;4255;
8601;24744;29812;4437;4181;14111;10574;26954;18219;28605;7254;7381;23784;6829;24404;28582;23373;23607;200;1111;12378;10480;10048;6724;17612;4654;31754;23965;23524;14015;10507;32185;8298;11227;28143;32173;754;29270;4227;29470;19806;19482;11358;10067;4004;1493;9671;20110;18897;2287;17363;18845;30542;18879;13774;9644;24418;26110;2012;20061;20217;1916;19168;9755;8100;24337;29597;30891;12256;19415;13596;31747;12443;662;23117;21344;27636;18816;25328;18579;26947;7199;26550;12187;4697;19339;2468;10361;15881;28384;28857;13120;17383;14319;7632;19052;32079;52;5064;30580;
22441;8713;7137;5539;23532;29208;10601;14115;20321;27926;8345;24667;20906;28079;1210;3451;7170;32444;20875;13908;17862;7612;999;17518;12853;386;5539;12116;2932;14635;28854;13107;28372;14163;7580;21923;11864;7561;12540;11461;19314;23551;15496;7310;3854;31110;18212;32354;25297;6074;4171;26341;20387;1914;8879;32270;17771;412;31264;7549;4121;22494;16559;10510;7658;12831;26387;21934;31463;11215;7244;21101;9648;26020;26758;2005;8567;24462;28479;24954;26959;12014;7340;21971;10407;25859;16985;8264;23825;14756;26385;24972;17737;20021;19965;6701;16754;7380;30991;13162;
2210;26579;10914;2628;22433;15723;10842;12504;31982;25518;20818;23019;26115;16574;8566;8903;4570;4925;27693;12102;3248;3844;19516;19500;22793;12824;30439;3001;27124;26073;10328;4223;4752;16509;12101;31346;3791;31421;23502;10814;2426;28110;21924;20189;17270;11667;7536;29032;16453;4881;15731;29485;7119;19235;28009;12803;28003;15727;11700;18138;23545;24472;7606;4758;18362;18614;4479;3358;11458;6403;10920;2735;8996;2518;30846;27511;8238;14806;25444;26975;23791;2407;26482;30760;1527;7017;25186;27577;6238;20002;30893;22711;4104;16504;22001;25431;19238;14180;19606;28784;
18176;30627;6321;27861;6643;26543;18984;7905;20149;3565;6680;13907;1249;16168;12147;3676;31407;4414;5870;22007;25602;26137;29210;4729;12969;8929;8656;12393;13278;26480;28627;5777;10003;23047;31665;28501;12783;23359;28394;7236;21907;13890;15444;2029;18721;8506;28350;18932;23935;8714;19156;20837;20056;11069;18499;2375;9316;1339;9757;11125;3306;22467;7806;13737;19075;26517;32112;13530;8992;23663;7948;23240;28494;9019;6370;4565;11961;16519;4763;790;17903;10037;4573;17066;18791;26484;15727;5706;31170;18927;23454;2594;21840;11076;4063;18399;25302;11191;7093;25610;
6543;1832;9941;5524;2672;10562;21129;2994;11952;20982;7250;21995;32648;24103;21457;4718;15160;2215;10215;22186;31562;14179;3868;1561;26;10458;3901;2908;21910;5588;10313;10125;13635;6992;26255;19409;18817;190;24592;12588;13839;11886;8490;8858;2513;26697;19576;11611;32209;8383;29172;11150;9605;30720;24926;23809;29776;15215;31714;584;15434;31059;18677;11788;2628;31952;21120;16550;775;17943;3136;16876;9693;21209;19052;3403;6227;19201;2969;1047;24380;26018;6620;14878;10489;6702;18222;20611;3320;29162;18708;29386;25723;3486;30591;10799;8347;13201;29424;31548;
16780;31156;30177;410;21282;24606;21857;32296;4756;28600;29950;2890;8577;12602;12775;27524;27184;4182;2386;9799;6428;32562;32284;26378;20400;28188;431;21149;29775;27514;25641;18106;17303;32767;4027;14302;1767;6949;4942;8534;5150;9175;16493;15261;31398;365;24671;27877;434;12510;17555;10228;23491;14897;13890;11569;13169;6709;2383;25087;30056;29810;22130;12873;31665;8543;8341;12382;32307;27862;27006;26368;27769;6340;31151;4535;5301;30757;24458;12140;15365;13872;27065;9010;3062;7630;8397;22375;31047;30033;1061;5884;2031;16995;3602;4369;4192;2620;17208;15045;
27150;25113;20792;844;7979;25577;140;3650;3509;23369;32178;26686;6579;16050;15756;27051;21692;18673;263;15315;16056;18136;15355;13373;1003;27956;25426;31289;23599;19199;26221;10937;28544;11222;22467;28258;25534;32429;2251;13795;30639;5313;7453;4230;20292;19662;22740;20740;21789;32386;11830;29854;21838;14898;20119;105;13668;12493;17018;18666;28067;22542;19706;22498;10130;7925;7784;25707;9658;18039;6710;4420;22698;12917;13331;25962;17726;18155;10328;13032;8225;9578;5027;24559;17041;24264;11713;17961;23650;27926;11218;7243;1862;2514;3495;7658;8011;13406;23151;25999;
1189;31921;4243;11533;10926;26189;19678;26642;6187;30576;27873;27901;15569;18575;12438;8175;16392;10240;8003;21541;11502;9719;13217;22405;8095;7347;4926;23670;22452;2297;21792;13813;21513;18114;7083;6630;23492;1585;1477;23975;6290;3271;15159;24811;9780;5850;6230;6854;15163;27971;15588;32004;20239;856;561;8639;24886;12570;7301;30513;17875;23983;27586;24006;7021;11794;16198;27765;19954;3081;4367;20305;19196;6487;31778;29787;19282;25395;29229;31387;21938;27130;29803;5999;24270;20769;21448;26146;10900;19309;15430;21952;21170;5990;3999;10537;5722;8201;21292;15717;
22338;5565;13573;2615;26608;5000;27754;4341;3892;9347;31073;11670;25846;15755;1953;32269;27697;32570;30895;21462;3648;21525;22855;25550;23385;16135;17917;10311;13399;28175;804;10588;16828;25909;19439;8066;23542;21954;7382;9312;18657;30128;32059;26081;29326;27488;3150;3975;31555;8587;21806;24066;21186;6011;11857;4353;12494;379;10277;12104;6380;19852;20215;20738;19303;24665;17429;25689;18326;7789;29231;8261;17249;5540;24835;6561;15362;23263;27706;11908;1033;28668;24972;15310;29347;17926;18987;20737;6171;12200;25439;22099;7073;22504;2669;22785;9803;4370;8126;29157;
32601;4081;9533;31307;15805;26437;7169;769;13019;22386;25900;16813;29325;18038;10771;26723;7274;29725;3999;7031;19016;15992;14579;31120;18431;2699;23886;27134;30832;9542;30003;9550;3014;12471;17096;11291;27388;29053;14717;8231;31904;4224;2285;13226;9942;9439;20233;8937;12959;6698;13683;27659;29787;18130;32296;14632;23949;18141;17250;12452;23519;28382;28349;8123;10598;27429;11160;13148;29222;24371;22718;13115;29401;6513;15686;29474;29932;12065;1207;28295;19403;5268;18032;16996;14174;1437;7239;31043;20435;21063;3185;23960;24223;25539;19106;18004;18623;3492;5236;4535;
28228;32591;11533;16998;8974;27052;15356;29373;9432;11554;4965;4710;12917;9155;8542;8747;10328;23491;4248;25096;18010;22063;23618;9605;696;7643;23338;16963;3675;19101;1574;19668;28253;17592;32178;6095;20168;23707;4826;10532;29345;2764;22363;6574;25893;27679;30981;4871;20562;20011;27747;24480;7337;24574;10910;16657;15923;23312;1695;173;21186;14454;23924;28250;30073;18008;9717;16800;27534;12709;9127;4351;3663;22533;16608;21382;5731;30224;21548;8353;11347;1469;21744;8755;25161;24861;17229;27876;31511;32073;18247;12989;8826;20889;19239;1010;31392;16150;5405;4606;
8937;3122;9258;10485;7147;18615;21565;21270;11448;11774;3485;23200;11619;20321;902;7656;23232;12018;17943;27047;5996;2670;11116;19864;15885;29804;21511;8003;26843;3546;20084;7955;21088;29610;7724;29615;13179;13513;10683;28551;17067;25681;21534;21677;14474;7167;17775;2791;32152;743;9924;31746;25914;11366;21844;2665;6659;25433;20699;22006;7985;13708;26944;17159;2939;21366;28533;30677;24842;6179;28064;17409;9925;19825;10872;9840;9937;127;31729;25945;30296;31331;11547;27804;10890;12571;31559;26198;24290;17606;28269;16818;28843;23829;4298;7170;5058;31484;18893;16398;
9373;4781;24628;12203;23436;454;26483;27536;17727;13769;7253;28006;9353;5838;29925;2078;8547;2676;26511;8839;26932;8989;11651;32;9296;20315;1114;3115;25790;7589;13052;23298;29246;26703;21953;21934;6026;32185;13782;17334;21725;6342;12259;10037;7090;15759;28138;7983;30670;20057;30835;17445;18816;27845;25318;13031;29992;31559;5944;14762;11254;21209;1225;23386;12788;241;13965;7474;17735;8624;5227;21129;2738;10844;21474;23279;9051;14352;23538;1656;20434;14002;8250;5208;17487;29734;14174;32688;4667;29633;12459;3752;19186;5633;27902;22462;16328;26747;32481;12638;
842;12820;22008;16306;4038;3956;14748;5307;14093;13240;22213;5793;16247;8551;25901;8263;21032;28584;10162;4131;7826;28594;19452;14669;22331;18051;28001;27349;27584;20181;16133;346;9243;22350;8518;14040;289;4343;9815;9410;1614;16879;18986;11345;20677;4193;24980;14619;8083;31155;1196;4583;12596;18944;30836;11200;6744;10185;23483;13128;31207;2023;6977;16463;11842;7620;28957;26532;28620;7115;29532;7979;29865;22557;30187;10288;453;10630;17335;29691;3352;4271;29458;13989;21801;405;22873;7210;4561;24889;25043;21438;8770;2970;19421;25957;23623;30176;5188;1470;
24782;16602;3571;23583;6563;20394;28110;28391;17534;14015;19933;10768;12096;5892;27565;13316;2426;14679;9715;1202;28463;32317;32115;29408;4315;30164;7456;11203;7347;13321;11653;18637;19759;13578;30563;30662;16582;26111;6556;26910;32504;9717;22095;30850;20114;21274;15173;17325;16686;14384;10636;9089;6137;28220;97;15190;26041;1662;28500;4754;4622;4262;13222;27769;8695;20805;17654;21063;27033;15490;13596;892;2876;2318;18262;16504;26519;28506;674;9031;25421;26887;17258;31422;9655;1182;4198;23495;13540;8577;14015;23801;4830;10273;29040;12396;16431;4722;8178;4043;
18340;22684;20504;11946;14161;5620;7992;10010;10965;31274;13963;5243;19168;23235;26326;20626;26098;30922;10058;1756;1637;20163;31657;4641;10669;31457;1451;22603;31967;6521;17824;6265;17008;9141;20054;24400;17727;9869;28733;5521;31958;26099;8137;23793;18157;16462;6936;12069;23088;26154;4821;29500;22083;14894;23132;32049;5378;27982;25375;11201;8461;11074;1864;6266;30084;27446;26528;3605;27407;14531;24751;14597;30242;2334;23333;18000;6783;28815;31608;25758;14332;19493;29903;23439;5254;13225;799;11602;18278;18384;20627;30324;27075;12468;18994;32757;12392;24709;10172;14241;
21192;28284;10964;669;25407;7697;22884;7745;31899;26222;14142;805;26843;3619;17151;32383;9527;12059;14905;30124;26464;14031;26833;2060;2056;14009;1957;787;30373;6412;28274;23709;6770;3490;7414;10114;17591;17206;24401;13931;6219;16595;4529;24804;2647;29580;18222;7858;24668;17518;22515;28006;20344;19123;6815;13362;8421;28216;19691;6652;32706;3634;28556;433;21526;28;6491;8412;20242;31476;1459;25719;3222;17062;25114;6144;28151;10185;7972;720;4608;12169;18581;28585;3638;30692;10438;21134;19808;11290;15178;215;14151;7518;13008;12164;1467;21458;5707;11218;
27350;11186;14673;524;27781;21199;5057;1700;6467;14912;15529;30082;31272;20564;3175;7068;26147;5835;10766;16071;6788;26949;2059;14284;15549;2042;5128;29375;10601;15020;7696;18828;13453;8154;15092;27859;16158;31799;9710;20214;17860;7770;25989;17776;19678;10935;14256;21608;19910;25550;2366;22661;2390;17058;31861;773;25515;29549;17146;23561;11560;2706;20209;16179;31934;1491;8036;1651;32619;28100;11241;22302;24833;11135;13183;17729;12841;26266;29370;16692;28583;32598;1312;882;3808;31001;30162;27303;13209;26911;17263;11;29441;15724;23349;5615;18418;28677;20329;13461;
7284;31327;19705;18757;3203;7448;5217;19357;17938;20453;31179;19753;10831;28108;12410;10036;5161;29075;25960;15069;26639;22136;27950;30573;20731;28962;2341;6887;20144;21720;1995;24801;31040;6385;17512;5011;7632;4747;18929;13102;6303;22144;7468;10095;4165;6038;29205;12147;30265;13558;20609;973;28822;3296;27649;24278;4383;26524;13065;24388;32128;3764;22865;30974;27863;25696;24956;26671;7794;3906;27128;23193;11738;3667;16677;17197;26641;18718;1209;3032;1561;28716;20579;6559;28853;16831;16302;22254;29044;1731;18217;14381;29930;23553;10437;28309;16961;7062;1918;15682;
19441;31395;24125;9353;32203;12103;24061;22411;11324;13002;30509;12298;2256;29723;4694;5244;16373;3709;15358;1118;9218;22653;18380;16075;2423;24359;12013;14157;14470;8569;11701;19699;6099;8216;25738;30628;29817;5442;32766;24498;2893;26884;11323;5042;14182;13741;22436;20620;27101;28802;2233;4046;20177;2739;19259;20550;17326;7822;30865;19663;687;31987;24427;5483;10146;12040;3749;16018;29164;16429;18286;6858;26572;25651;23209;12920;16100;19912;30099;28150;11765;18742;8615;9701;3050;28494;31679;3525;24600;1182;26235;11459;18372;22763;15334;22737;21733;15067;16983;26620;
18988;21489;26774;3066;22594;190;3392;3075;16465;31062;21869;20707;32709;24066;22159;30540;26964;31796;6046;23664;20283;24512;11634;22735;8907;1096;30320;7502;11557;15096;14696;26250;17730;6260;11198;31339;10038;32527;8904;9212;20661;6462;29816;8570;1750;22604;19259;14507;26903;19279;28960;25968;13729;25178;22077;22174;8910;29172;22095;11530;29161;2761;416;12515;7989;31136;27950;28997;21296;909;19977;522;31000;12904;25597;19428;7855;17789;30577;8873;316;6789;28303;5613;27602;8918;15781;12246;19156;14550;14027;5676;6329;27061;31943;16816;2061;1884;7469;16303;
3768;5792;5579;12758;13955;28092;18755;72;22232;5886;9978;29166;7113;19392;2609;7950;32341;7066;5234;29216;4582;5078;1838;10973;19229;31524;24740;6040;9170;30095;16388;30929;16471;9392;21717;17160;31229;6178;23956;13007;29402;8758;31134;26403;5833;25831;21072;30204;11697;11024;24428;12067;25355;25052;19134;324;26270;18046;14080;13636;2701;7203;28156;29652;660;32293;14832;18759;10383;8834;28214;7072;27196;8332;25380;18160;17473;4066;26930;21471;28273;5022;30554;31880;7499;9680;6341;29578;31939;14124;23971;8539;18502;30463;21339;19424;9208;22376;18404;23611;
6976;8644;23666;14053;26758;12138;11094;23036;27195;6809;1311;13790;26906;31662;2310;29686;5038;1690;7305;8150;21269;7316;1621;26246;23811;9739;12393;24604;9994;18655;21881;6029;7960;20176;7568;17603;19777;20535;28154;27888;17086;30452;28769;23841;31286;28071;5430;13078;3389;20259;5459;26705;25371;10783;14046;4973;15566;27951;22896;21425;16978;20211;3446;6885;29983;1678;15064;18788;11252;26714;6873;20595;31699;15067;2367;20177;12876;22513;28851;23440;17663;28241;22122;29474;23133;30517;18693;15031;20398;13395;14006;3527;24664;18956;28325;2538;21086;18919;20882;3312;
19495;16701;30139;22830;14209;8246;16896;21526;21989;3316;17477;4875;27133;30477;18200;10867;6755;32575;27283;29453;29100;1887;17540;14724;8101;32403;19404;3141;24540;15809;4869;7054;10594;2119;5736;24520;3024;1261;8429;31255;23944;17175;3251;815;7997;8256;25251;15465;14518;8611;7505;22294;29390;5691;4898;17939;21184;5358;19380;19870;15009;11014;17530;17767;29486;20192;26791;16618;712;27368;16462;4605;30141;5317;6855;22949;31689;17616;14420;6958;32477;8651;14084;1403;5918;13520;18136;26266;49;6535;26917;32155;29622;32412;16185;7843;3346;2672;11329;23868;
6770;30735;20075;12527;32525;99;4935;18453;2729;25511;27507;31978;27232;10013;24951;8419;5796;23300;6126;4674;25217;31941;29415;20455;4130;18797;28810;32617;3735;5215;29951;6501;17621;30283;3467;12310;3582;26714;28412;1062;19171;8107;13128;23492;11464;15619;6769;20471;7527;9408;21163;1074;26679;4879;3009;31784;2285;16479;22965;993;17219;10774;10919;24078;26617;21378;21495;11418;27418;4882;31406;18305;12161;16326;23322;30181;11163;21220;13241;15711;19311;20973;22361;15251;13275;5327;10876;15879;19232;15452;4097;3125;10913;27899;2305;6110;24039;8605;3064;1954;
4841;10995;22309;20430;8074;11999;16947;19829;100;15400;21272;6082;13508;18033;6718;31628;7157;7788;6624;21803;14274;14923;15544;15498;30774;25207;8151;14206;29862;5765;13268;26198;13810;15974;31016;24244;30215;31709;23513;10395;30888;12342;29270;4552;24943;2614;9122;19270;11022;12366;30901;1341;9179;23315;7456;32011;5004;29683;21231;12693;28222;3104;24019;12767;14525;16337;10625;14811;511;22954;12117;4479;5617;19064;24379;25114;19831;18722;4047;30184;8109;11997;14787;5604;22644;25502;641;31197;6186;28373;23058;32460;184;88;12351;5989;13266;1437;1270;10988;
1658;7981;22511;22090;3526;2645;15246;17248;26852;21279;3852;2715;27739;25217;9170;21193;4755;15571;21029;9003;21912;1158;16648;7115;22043;5396;25950;2063;29626;18995;31824;32655;14977;18254;1262;2340;18864;21301;32025;29761;6078;7188;26016;23687;14239;30626;20905;2963;835;29594;1363;11547;20319;19055;26521;2361;3183;4156;19322;14598;30972;11257;21590;2411;18714;28917;31132;52;26422;27776;28066;14182;12814;15336;27604;723;23553;32424;12817;5099;20361;14555;10578;4053;15622;14839;397;19391;13757;23479;17625;9074;30752;11609;9682;7721;20816;24330;3391;21923;
14304;415;10994;21367;988;28293;3568;22696;26633;27643;2002;17273;4207;24958;24427;1922;2581;12421;5803;27652;22540;1391;18371;1146;22958;13498;23946;6000;26152;30837;11040;26520;16694;8696;9937;4891;19758;5074;19516;32045;7744;6147;27060;30180;21244;26220;23782;5194;22036;28547;700;30385;28004;16203;24194;23878;14895;3204;15432;21225;3756;18462;21127;22588;15553;16628;9991;17658;16910;12215;15103;21387;29997;16168;17023;2773;6200;25739;27403;31316;29836;7256;30088;31853;25549;24371;10077;29439;27179;25374;22226;12860;17891;31982;5819;3511;6152;13819;17755;15293;
2691;27164;643;745;5977;467;20730;26099;21804;7364;26401;16841;27909;16492;29399;4577;7504;24335;21659;20173;28200;19186;5616;6928;31445;27083;7942;12848;29843;15478;28566;19980;17045;3817;24334;30320;25418;25706;10222;28391;29407;29696;17010;14032;31493;18727;21105;20404;28660;23751;11397;15831;32432;14951;13932;30477;4235;1438;9902;13263;10219;29643;26496;22158;31309;3590;8425;23879;27530;20311;11811;4440;20057;29477;580;27026;3606;2033;16414;21135;9666;6724;2403;20806;2122;3045;18701;13276;24076;27472;31996;17598;15255;24420;17121;13292;13746;31580;11356;10904;
30369;3840;7777;15599;14499;18204;16352;11831;18879;12850;15269;15130;31936;32108;22909;24129;11135;32212;12954;17189;11872;22983;1336;23330;27935;26279;27521;18638;27853;3793;31150;5512;32533;21455;1904;25940;30404;16590;10382;7398;1417;24914;6351;11772;9976;4136;7962;32241;15573;12957;11228;6799;16528;13293;13994;12582;11788;21758;7976;31706;2980;9294;5417;6465;13168;12842;19479;558;16836;21794;32150;4551;19706;4793;32612;21470;19058;97;28803;3454;17622;12454;16795;13251;18339;169;7322;17647;9189;22992;28573;14267;29250;15292;7955;29931;30265;8827;8991;3877;
18092;7423;5183;11523;24476;10191;27436;22887;309;8189;30721;11791;10;25176;21662;3177;27297;27362;22095;22696;10290;2181;17065;27415;29868;30977;19381;11181;24057;297;5969;3042;9859;21839;21970;21186;12535;26109;11246;28480;22857;25830;29658;17612;24312;5659;6575;9768;17555;16770;5906;29303;18556;22661;21012;2199;23276;9223;25431;1200;13623;3740;1907;31757;30289;24313;16279;11051;26769;30377;25972;18960;21686;26882;13910;31454;1576;32344;6548;1704;25728;30576;9771;23684;17993;9527;11174;1762;24840;10420;16961;2844;31355;28476;9805;26446;16159;16101;25302;8807;
25076;26429;3972;8832;27012;27195;9663;15725;20002;12661;12566;14226;19824;9108;24290;9464;5924;11781;12582;24737;14091;5874;22714;3608;24654;11121;31401;22859;32244;7675;25815;26781;11432;10527;30183;13624;444;19063;15451;15776;17263;10716;4349;18062;30315;214;12414;7675;25746;5718;6238;5243;250;8872;11019;8396;19766;12195;24397;25007;9176;18723;32481;29174;3123;4537;14437;17119;31590;4000;2164;28832;9878;17907;15889;17731;19066;28190;7753;23988;3101;26003;27412;9497;22239;9150;20861;6753;23485;19514;770;5152;5587;12613;32318;30362;30751;23153;19141;4125;
10376;25501;11344;3989;27679;18468;4378;18778;10404;28244;16265;15948;8012;1826;1809;6434;17601;5659;30806;5631;23147;13726;26768;2118;11502;27465;17460;29360;7156;8369;29905;26012;20268;5206;24119;6054;15507;22230;14047;27770;25586;10336;16263;24043;25511;19052;7709;31551;19113;6569;24542;29389;19399;1079;26303;22987;13872;12311;17932;9825;22328;26080;21071;4097;10585;5043;26739;18939;29816;31856;12329;19532;17258;26410;23947;7863;21175;25305;13823;23064;23710;29263;23647;21492;26201;13422;10327;10324;29346;23703;3342;5588;15733;3941;21256;24567;25880;30620;10571;11197;
9305;10076;20928;2680;535;6555;27869;9947;6659;26578;10369;18516;25256;2037;22047;8348;5289;9897;11295;6028;5962;29106;13953;2354;5682;26282;15044;10788;9328;31225;4870;1556;4283;10753;17516;19621;20222;21145;21700;24701;6932;21693;9065;23707;14543;26243;18791;1003;30016;8017;17632;20248;19762;5198;29615;3234;23800;6422;8522;18224;32105;30898;11245;26151;12840;15047;1269;15483;19753;18701;4234;31174;27504;2307;10368;12695;12060;15842;18047;27916;23205;18127;6498;31395;12642;3412;2526;28749;16718;14353;29284;5060;31243;30127;3656;7455;13607;29718;25634;1956;
5023;22496;12149;25821;21665;18445;3470;26094;2454;25080;29103;3877;19296;10633;9325;18899;21728;18861;21079;18522;9916;14595;28120;28808;6239;5849;26719;16419;31297;21590;1724;24517;11624;32248;21710;22506;21551;14658;31835;7240;70;19118;831;24927;506;14313;13513;28752;15542;23103;14946;27890;9418;30036;10095;16931;19052;9750;31865;10332;5628;15855;25995;31369;6541;24127;14300;19735;7072;26633;29358;31566;16178;5101;18294;7905;27898;18006;27965;9667;25068;29684;17222;31293;1793;10861;1777;28990;30266;4431;8415;29426;20707;30538;19799;4501;19221;16284;9193;650;
4222;17356;16977;11687;26212;32155;7838;18132;12008;3384;17555;9684;12680;28595;589;20578;19688;31156;18470;27264;30162;27245;16346;268;10107;10957;24296;25236;10504;3318;30779;31339;19536;8178;4362;25084;2532;27553;31997;7263;7757;10486;1425;12330;3220;19043;8381;5002;10760;26770;31446;7826;5947;26454;22448;30674;19022;26337;3846;12076;3694;21815;10267;31459;7327;13283;22690;19189;12728;26088;27355;9899;17839;6650;20224;2158;18455;9454;23519;11228;1511;24688;712;539;7293;25076;31401;16493;7651;7663;9848;15621;19024;19270;15057;3610;754;6918;26337;7993;
23018;6231;1154;12511;25497;17579;5031;30279;11546;17467;1275;17793;31759;11956;6085;3524;15265;22573;20239;2053;15042;9821;16903;21960;8117;17931;19365;567;13521;21701;23950;6513;29314;21205;31289;18980;27280;29041;6736;17758;30884;4402;345;20640;23560;1224;17813;15925;7854;27627;3880;16321;28020;14996;21115;18205;17830;16494;2527;26978;7108;17543;12915;30788;24454;2380;4167;17826;286;19636;32193;17754;23485;6331;19008;354;10584;30738;27648;5141;25516;25365;2366;7370;13952;30973;7324;25259;26410;22871;14534;6597;21844;12725;12118;32347;30976;21411;7925;14976;
458;26332;11459;18917;31597;3006;27898;20463;7049;508;16078;5132;7332;10131;8087;6216;19054;25599;14641;32283;9033;21422;12195;11653;13064;18357;29184;29277;2807;28098;4747;999;31516;13393;27166;10916;28861;16163;2765;30830;7715;32748;17862;18116;20381;18253;18555;28514;4551;25089;5380;29460;3339;5723;22974;717;14953;5616;27705;7923;21876;14225;27473;16638;12189;3452;19610;17217;18612;11218;22786;31495;20652;13132;23729;14562;30367;29738;3636;9024;10513;15725;28891;7999;11129;11334;13919;15299;9470;4046;25544;21189;3198;13559;15758;21742;5588;11971;16127;29540;
1115;28340;8416;7140;1710;16771;13143;31505;32690;1045;3849;30987;24791;9386;24959;25668;31130;17496;22734;16015;24655;3256;29303;24698;22557;3551;12684;26334;22602;14479;20;7860;6328;18607;16305;25386;18352;13305;19840;8695;19679;28915;32065;31211;15774;10784;20408;10186;26231;12663;26706;13658;3556;18452;1548;7867;21593;3630;913;25079;21893;12105;8866;11482;28374;7852;9915;7428;20283;30742;756;17980;13357;22701;7973;29447;30704;17463;30797;21369;21782;27276;8245;3660;838;24907;24656;26671;4411;9677;998;30048;8207;31575;3441;2429;25530;31124;23368;22936;
3286;24386;32634;1161;32677;32043;20221;30088;31828;19799;27656;21755;7297;2688;20413;31628;18940;23494;5899;7039;4810;26788;5843;5186;32368;26915;31561;9286;18542;1613;30366;27918;9225;7909;17116;32134;27981;17493;31505;22165;27475;1000;4015;7669;1984;20537;23091;29507;8078;7916;5125;6994;20751;3739;13471;30149;27438;10515;31474;28893;25081;5569;9733;28559;27740;20583;8416;21978;12079;14355;9640;12119;6516;2642;7179;9234;21977;7841;14047;12184;30085;30244;5381;20049;14352;29595;27028;5392;5331;20369;28467;26345;26979;7382;10951;15683;29016;28976;16719;13869;
27475;1614;25867;23798;3903;26365;7652;24823;14806;31903;28936;11956;29031;4312;11221;7972;10199;6026;22008;12620;24039;21764;3798;531;2996;13430;23083;30289;29316;25256;8176;19241;15295;236;25475;153;2364;1106;30210;21071;23230;5402;10231;12990;27839;623;15931;31858;29804;7762;11796;19872;23792;5588;25761;16898;27125;6536;7544;32481;25448;27192;3213;17780;11901;7639;24406;32616;30708;12471;22828;31168;21402;14076;3829;16863;29970;16977;1536;22755;26069;20441;14896;12597;23672;21096;20317;10846;6446;11508;29175;32541;27533;12614;10988;22966;17813;30453;10956;652;
32750;7829;20524;23794;13169;21804;27976;9791;19434;11237;4332;11040;14364;6153;22164;26419;23302;12074;466;17105;8805;29602;26864;25387;26234;17724;29398;16536;30477;18992;11311;30509;31154;25685;14280;1423;32075;1682;7736;28165;26318;32405;16582;28113;6985;1736;29575;16065;2851;13441;711;5889;676;5754;10154;23347;25527;6016;12307;14017;11503;31087;24005;3698;29129;31837;16585;316;10289;1558;4367;27482;28487;24009;19288;8094;13154;20480;5458;19207;21333;20181;11525;13974;10994;25187;26479;23390;9933;32124;619;31963;17731;2714;19928;15748;10426;17687;28662;24995;
7977;12960;18707;13413;17116;20711;14952;17197;6257;19352;21566;25390;20007;20111;12117;13625;88;18504;30085;7123;10051;12438;23974;22411;4623;10136;7854;15755;4877;233;7705;15468;16702;3864;23950;9039;29461;17240;27583;24361;22141;30072;23697;8798;18974;26645;3197;10898;23516;23822;13109;6331;4257;20024;2443;3963;22877;7763;1679;2990;22859;22077;30712;11071;24949;16998;31174;22079;17786;1156;4389;32312;28047;28040;28307;26558;18884;13264;6981;12872;2697;22942;5575;4670;17008;22473;8676;29011;21812;24754;20421;26901;22523;20346;32349;19394;18136;6002;23812;12126;
13204;18387;12385;12034;20910;30640;24206;22135;928;11816;1655;27652;19812;6880;9859;3203;20535;12977;5751;19898;13213;1181;22679;23273;8101;23304;1550;16288;11374;32036;23183;21715;27370;9390;9021;1072;27362;31704;5320;21936;25146;14214;19673;31597;22903;8636;689;20403;382;10327;11021;31065;5790;17404;4940;10834;29905;19279;14291;11391;16703;1637;22961;12487;19716;5755;6015;5226;5427;1512;3466;4242;1051;5200;16693;2092;22473;4891;23448;26613;20942;26149;30573;19672;5186;31927;1581;25719;20488;22199;4214;15368;10324;27163;21936;29026;28523;31907;3824;31319;
8362;17864;22812;30277;15306;27888;2641;15848;25954;14307;30337;9586;28845;32130;26465;9438;13966;12471;19330;23169;24017;6056;24765;7138;30900;816;24021;2251;7078;6799;24408;21664;20814;3936;7110;14832;4047;19916;8949;19530;4939;31998;11444;7250;16806;25558;15023;25107;31628;1506;4499;8599;32437;3210;19826;32181;15719;20618;5480;11563;20285;6054;12927;17901;24360;23192;3536;21180;15027;10062;23019;26361;26251;29522;27513;9404;23614;29322;1312;26913;21827;17953;6823;4834;18235;6085;20315;5931;30070;29971;13233;22697;15289;32591;1580;29925;30270;17241;31617;31696;
11005;19932;20986;17822;22570;20425;13336;23256;3071;26372;11900;8877;10683;24413;15623;19338;32747;32705;13121;8682;5096;14257;1015;18798;18081;16628;11305;3120;13978;2441;17699;13397;821;31200;489;9185;21809;27466;7128;7887;20592;25261;29323;31586;21245;25468;25340;11446;9549;28390;6635;23450;32709;846;25988;418;2429;12284;19004;14967;13380;4370;24316;16242;6628;18369;13441;16745;16039;17084;19459;5321;23833;27373;24852;25573;7952;2152;2764;23438;26602;29597;30755;1508;5142;26321;19358;18283;20950;975;23086;12898;30530;25050;20821;9296;31121;14311;2186;25055;
27028;30473;479;9453;6531;26925;24033;20705;20476;10247;18111;16699;11337;76;5807;26224;8162;5410;15758;9460;8498;22485;10694;10904;31646;10187;14453;11798;24772;11962;28876;19690;7936;19736;3765;31588;8501;10963;8376;15100;7114;16451;15647;2789;2802;27485;4696;18149;26161;25897;22172;26723;11548;11126;23246;24002;12640;13004;17574;27629;16901;29858;13326;20019;7156;11729;22476;2134;17335;24905;13666;7902;11393;29442;10290;10675;20590;28470;23526;29931;7691;20942;17935;9185;24345;25114;25356;2695;31886;30404;14894;12541;17373;13831;27930;13666;4471;9756;22126;32746;
1170;8693;31655;32048;8233;1582;22082;21198;32068;10817;14369;16940;29305;31225;20273;11669;21683;17193;3146;29584;13618;2973;29014;5229;16595;849;2742;22046;9362;26337;6113;23112;6989;26177;10062;23194;2251;25518;10645;32606;17916;7908;16337;1101;642;8338;18760;8104;24433;31243;29774;24452;10067;11582;22118;29030;18288;20712;20395;2063;28236;17672;15726;21401;29552;2964;16417;16323;27757;6506;6259;27786;4895;13193;24509;5369;24879;11393;8093;22593;1243;5672;3296;6412;4858;15247;27046;26383;6714;30516;21184;9950;31661;14713;31837;27653;11396;21333;8678;14676;
17690;22858;11558;7034;308;12951;22702;20950;5511;10414;20856;31113;32378;2792;7114;28368;11310;14968;16221;22673;12219;12958;32447;4659;19901;24861;7670;26547;6672;25326;31846;22516;215;31030;1525;20823;24771;19062;16236;7308;6802;17409;29216;27048;14805;12212;15059;13175;6903;20961;32725;27923;12923;9100;4718;11701;22917;31962;32641;20172;17308;17350;21353;12364;430;29462;21799;5961;13908;3469;31935;23236;24408;20835;10463;21189;22645;16370;22466;15786;31581;19890;26452;4030;257;20071;8343;24845;2060;29081;4677;28023;25776;25413;32439;23300;7590;25810;24837;14967;
14960;29254;19823;30246;18146;18362;12539;8968;12256;23308;13408;26640;23913;7635;17955;28601;11733;7064;4096;6115;13914;18499;23435;21469;27861;4819;10775;29891;7879;4178;983;19466;22942;21256;16963;23641;10295;16880;22973;3226;18848;1128;26229;4434;17698;22060;138;45;32639;22405;7026;16862;13688;11710;29851;22053;32658;2008;21842;7729;17178;23423;11237;8489;13415;28220;16388;32518;20063;32491;1645;1443;25405;9072;22473;7191;10897;11942;3792;30786;28807;12952;20916;21158;19053;29428;2749;3192;29808;23484;21552;31735;15526;20543;23414;21245;8018;26184;32634;21460;
30819;24981;11859;18506;28221;906;17955;28424;31164;807;32063;21279;12150;16696;5520;16868;11841;3275;24377;21246;22262;3047;20089;14013;12660;7291;10451;16046;8935;16789;3437;21612;22858;28884;23735;21176;4138;21536;17228;29900;4781;21400;27677;20461;7892;31692;7628;2880;3581;5165;18262;18910;26284;31170;16373;31530;15242;4636;15941;1379;31662;27275;19109;32373;6172;22418;12512;26389;8843;10393;13581;7180;18796;17378;4019;29139;21799;16062;30001;11873;2728;17921;11357;21825;5914;27315;30828;31207;26866;9992;23058;3140;6704;12178;27625;21400;20449;25782;24087;2952;
13033;30813;21804;22384;26111;7147;12361;32762;7417;19061;31367;12016;14666;815;2966;7502;4041;2083;7077;26524;15284;29993;20098;31866;8948;17171;31235;22909;4002;2856;11172;2617;715;7892;12657;7583;9328;18333;10791;1418;29905;17241;24726;5268;8940;20638;30281;3630;11328;24443;8553;31984;10710;14949;479;17197;28290;15220;20921;6603;23143;25040;29903;29009;1977;23398;11174;26946;13511;22239;28052;20906;3896;12754;11813;27382;17556;22328;4542;22536;31751;25121;21888;30347;7522;22694;28271;4484;2403;4895;9172;8746;10038;9110;10464;4856;27451;20859;31121;14592;
15114;32152;32474;30594;21173;584;15870;16829;3917;25572;5949;28421;17063;25983;22450;5398;29791;21971;8828;23720;13342;10362;29980;1092;24857;12130;19230;1365;2778;2171;9468;3970;20291;5042;30271;20027;22992;1315;16103;11410;26652;26506;21517;2893;30631;8955;7111;7481;214;23508;16460;24001;25403;15855;7768;21950;26391;2076;29394;8849;30749;27598;2989;29552;32121;5396;12;28925;29457;28363;13225;17181;10251;30483;10615;10503;18063;14335;27014;22427;2254;14481;32295;4598;16195;31205;19538;12355;3128;21676;19268;2259;30861;19164;24428;28529;17845;8614;23688;16111;
8449;22441;29452;8453;7201;19301;3267;2140;3816;9714;23736;4325;17999;24049;9815;14959;9405;26308;32720;12665;6021;24570;5052;6724;1456;22797;9731;4653;7166;32080;24573;23354;6695;15395;10199;26099;1382;16745;1849;11635;25656;21052;25893;6590;26466;25055;5923;23637;9265;29427;3483;31496;17413;6382;8066;32012;19729;11722;14648;28237;26716;4090;29361;11525;18699;31906;20692;13710;6371;23047;13856;24693;3594;1605;18069;18127;3597;32320;17106;16592;551;28892;7803;12953;16577;4721;21981;6994;12341;17529;18133;6777;1751;25996;4333;24441;19510;23951;16585;14207;
32671;14888;19138;11657;2019;28532;6352;28864;20570;4349;12205;29959;14120;5862;12087;468;12479;873;12823;9022;17574;31876;20640;12632;18296;11758;19193;25022;30255;1872;7807;5997;22178;10930;2661;25816;333;7987;18333;29752;14417;7166;30716;18979;28603;32633;4249;5728;11017;18112;17270;1786;21483;6481;11362;20883;28230;15625;17693;26363;19838;1615;25790;1281;12021;6287;20050;6793;24015;2794;4806;12767;17401;17707;18951;21835;3177;10493;26471;8678;15015;23388;11587;31915;23436;16970;994;7633;13129;2755;14241;26201;3244;19186;25165;13283;3487;5285;977;9925;
13554;3071;3601;3678;25946;22124;26645;28584;8633;30170;11370;23053;24223;25639;9925;32380;3345;725;21738;15547;17034;13061;28364;6911;8768;10659;14838;23482;27560;21470;11305;9652;21052;24539;8519;29277;636;15786;10351;13922;30771;11385;11370;30846;2555;10247;31558;19091;19971;19036;28992;22777;15376;30136;19176;1045;12482;23241;25215;14382;13849;12064;23716;30589;13623;10214;2096;19075;30056;3275;30046;2720;3167;30528;2095;15072;9155;4582;2572;25368;14314;27718;32429;8498;13284;14018;16443;25797;3771;31435;9905;2281;19961;9045;16008;16457;4459;27016;21139;1913;
3109;31161;19752;4490;3782;25752;13440;25308;1789;12459;18016;3636;6220;8187;30457;18446;12812;32269;22286;17461;18098;2579;9556;4496;2128;20836;3870;26687;20063;3626;25657;7655;2235;24154;16917;13385;25583;26346;31270;13850;691;14142;14218;22030;28851;227;10220;1079;12946;30591;11176;28045;5935;27912;20784;6606;11815;32309;8110;7048;1947;25394;29931;1651;8499;14488;31343;8197;9314;21660;30186;32321;23020;31879;30930;2256;30374;3686;13134;4178;9597;29442;28243;28662;29370;27666;28940;27976;31877;4784;21888;19019;3239;6666;4207;15816;32660;10842;12412;17893;
7336;26648;6290;2297;17329;31597;14720;14495;5038;11244;3814;11018;28374;25725;25429;7832;32732;13209;8114;23465;9330;7101;10715;10417;24844;18456;5773;17548;16870;31111;12934;23314;19784;16324;9958;10220;27401;21211;15579;15270;25938;8413;1149;5892;26276;25559;25335;4250;6428;21509;19432;14487;19190;19012;10761;12002;15441;26310;15119;8040;31281;4105;25299;22708;27338;24074;14768;12480;28412;17846;23084;11274;15642;6305;12763;6891;22767;11514;22913;8484;19715;16831;14455;23482;2330;29485;30544;6405;2558;21371;1467;22275;11902;31687;14251;31730;23991;10577;15798;32029;
25234;15079;31931;26614;8334;8864;2248;357;1472;8141;18235;28512;24088;21805;31783;8380;27621;3936;18169;26434;27035;20382;21083;30726;22740;28329;15192;17908;17046;27648;29633;27308;19668;15702;9168;4496;18743;12866;20236;6426;8478;16440;16492;24180;17123;19128;447;26434;29792;15301;25163;24002;11953;153;20661;4888;26428;16023;3105;31715;27119;21633;28825;23316;10441;31723;25267;3840;9372;7920;7790;13492;21265;13859;27998;5512;9708;17096;2057;4855;6033;14661;9872;1197;24775;28627;1170;15586;15293;25977;23629;9959;22603;30011;7430;13310;25977;18831;24747;2671;
21573;9232;25784;10968;14241;19830;2647;32709;26044;16838;8651;2944;16002;27846;1294;10283;15206;2740;17849;3595;11359;311;29221;5159;17968;17558;13776;24338;26093;7464;22786;29189;11707;24844;25520;22064;24279;30233;26528;19538;5338;12312;13774;15496;17979;24369;783;22626;11797;8868;16372;9020;810;21434;10225;21708;8233;7418;19390;18935;300;4511;6910;30697;14981;22858;12575;5476;19642;17397;27009;28248;31182;23080;32474;5557;32706;15727;14809;27005;23644;27915;29449;7453;32295;17128;27641;15869;1723;15567;17306;26198;574;26077;2536;4676;14379;29748;14028;19228;
31058;28400;2113;7423;3873;28765;2999;2735;12321;22631;22196;29602;7619;849;12993;8277;20317;22698;16516;26851;20080;18045;22058;10710;10284;31945;7432;31549;6198;32048;12929;24063;20648;21235;20522;21358;858;1822;16172;4895;4192;9472;6890;21242;32211;25310;9956;21901;7381;17129;15323;12965;32719;16492;4151;3616;9725;23882;24485;12541;45;9128;13828;14517;12995;28647;24962;20686;14593;5845;20482;10925;19845;15396;23490;10156;15379;27931;19258;26988;149;21387;2119;15469;22368;5381;21128;4315;8889;12874;28936;30123;18840;31491;10014;18919;29612;27058;28818;6214;
18078;31721;18689;20736;2202;23226;643;21984;19468;26478;28554;3227;2215;121;25614;27488;17836;4782;20967;13232;14697;19120;1146;20336;512;31401;16279;1085;23401;2110;17826;28927;30394;30402;2289;2497;22182;25001;3190;1472;21828;31552;14238;29633;14098;25500;8568;26792;28474;27600;5914;31815;30996;6500;24897;2164;27371;32258;3383;24158;9732;14193;15610;26145;18396;11208;17050;23703;16562;21979;2787;9073;13125;13818;6972;22407;479;15067;9935;8557;11410;14036;32490;29767;25794;13645;25253;11998;31204;17526;29126;21235;900;1845;18145;18131;27789;9059;31940;21803;
17349;24631;8978;24350;30103;2306;26157;29845;21269;26653;28249;18134;2621;28192;14879;10585;29563;22869;30704;5334;22640;29037;8971;24739;6130;11121;26529;9789;19284;18939;4662;805;20711;19877;3658;11501;24512;18882;14393;2962;2236;29004;1632;19980;18626;28702;19841;11556;4168;25699;9320;20614;25625;3151;10959;2583;31573;31757;14208;23432;32441;28664;12729;31276;19744;3853;6612;17670;26954;12704;1319;24871;29917;79;4394;28727;23721;32565;4567;5457;6704;22880;32599;15380;11878;132;26330;22006;14773;29936;25287;476;21828;18882;24085;20968;4473;14679;9976;9106;
15805;24070;5313;15867;23935;25358;17663;10877;28283;16844;13291;31623;25660;24370;13315;30120;31967;7540;2292;20201;21275;13828;10685;30816;20862;28609;28178;9730;27385;1388;11006;2233;15519;20571;717;28343;31914;2929;27689;15881;23231;16973;13443;32111;13683;16578;437;24427;18701;5767;5861;920;15245;816;24748;25149;10734;24157;3191;5666;6825;20530;12078;30882;31098;28167;16148;17410;102;3936;25839;12289;12797;28447;26728;15536;18653;27896;15284;8068;16503;806;27252;1706;23318;17500;28634;9882;18717;30207;14350;17903;21903;6802;20688;15222;15317;114;3422;4741;
2748;10435;8600;18830;14526;6826;30818;24307;19842;30396;18762;8220;17574;24247;12651;28360;3515;1392;21392;28832;19857;31501;17309;23826;17589;2420;16683;23900;32569;13572;1395;13031;12723;13698;10349;6103;26504;31574;24889;3552;26219;5367;9661;3931;27424;2212;28048;22169;9094;30293;7190;12151;2516;5617;21997;1842;1315;26049;17800;11901;29485;7461;4890;465;32596;14213;5046;27653;27366;11147;29620;30494;10911;8847;24662;24424;32111;17491;29868;23750;24702;27377;28084;5702;1134;21265;27078;29688;10208;7263;14127;17153;31545;11837;30237;24555;29094;21684;4539;23359;
9053;10673;21660;19542;9510;7790;7261;18028;31002;14638;28806;9206;31915;23341;178;7221;30693;8919;19952;22284;12788;15928;872;29455;12005;16820;16962;12764;31409;22264;25795;16046;9591;22576;31929;17199;21769;11130;4378;16014;4010;29339;24296;21202;9238;25330;8535;31854;21187;22954;9522;26645;7271;51;11131;23247;22970;5362;24402;24653;125;11319;25367;13177;14779;32112;14547;5458;11599;4253;2516;1527;9894;24580;4504;5121;30406;16934;12269;13846;14223;12273;26197;25276;21569;15159;17583;23146;31551;18783;2324;22501;23827;26203;30464;6858;23729;17370;10674;102;
5376;14526;26069;7886;22422;21712;11871;5676;2243;23730;8378;3160;31954;16918;23586;1704;14987;27694;30798;5640;18173;25699;20306;2381;24186;15178;7876;6598;16098;14804;17437;17940;26405;12997;6243;20284;28675;2151;12037;3067;25110;14975;31751;1626;11539;4224;9566;6017;9293;13311;926;30160;9338;20327;5586;26924;18106;1262;27819;6551;17621;20935;20702;11268;29380;12697;10439;8553;29044;5681;24914;11285;32454;1908;24091;28484;1754;32663;13524;23793;23181;22418;14312;9707;12096;22481;5213;28715;19420;16685;1791;18277;1810;25116;27835;31709;31464;3108;12873;25468;
4465;32150;26382;12579;20187;4984;30528;22079;31920;22467;20811;8862;6741;16335;31347;5761;14039;12043;22203;6898;6118;4593;10246;5207;21026;9529;2173;840;13974;15693;25648;10142;14722;8702;13824;22988;13918;21109;3004;3699;13595;17772;5514;14384;5292;31134;17545;31673;16069;27259;15540;27176;18659;15649;7690;13718;9868;14728;26860;5100;20696;25596;454;17398;1840;19153;6129;26809;3414;23634;29656;12039;2725;22778;28762;29008;28315;13799;9072;19899;32404;907;31248;25205;28888;11429;19281;9289;14552;8559;9935;882;26805;17177;25169;21165;19458;9079;10921;9362;
8139;27895;7132;4899;3030;1749;9347;9638;16680;18834;14449;18608;25035;22434;5782;3203;5583;28261;9763;7577;29071;17240;12015;11137;4406;16781;28954;12778;3457;15192;24560;22526;11718;25676;1040;23025;31541;10085;18637;12505;6494;11655;14548;27840;2035;10279;28175;29943;12751;13384;14538;8878;27960;27050;16917;27074;20833;27198;11625;982;1331;1500;32142;20901;27469;17976;16571;26262;20298;30483;18432;29330;30786;32430;28129;32274;17555;6788;12356;11388;13025;21560;8589;30895;31835;17101;29959;8156;9280;27669;10886;11929;8354;23148;7498;25648;107;15014;31271;24637;
12957;5701;24803;20088;21214;32239;13536;1231;7987;14368;24826;18360;31500;18461;4787;10437;9089;24873;12430;13176;30939;6650;4024;23642;342;29806;11501;26183;2341;3451;27802;12812;951;2404;9791;11316;4665;4147;32536;19742;21340;28259;22524;24403;24664;11741;21125;23;6961;15142;12657;3646;12856;27350;6216;31553;31958;29516;28223;12945;5509;11936;26717;2859;21791;14553;32476;30573;4955;15968;20946;26408;20628;3765;16657;4086;11469;18273;15179;4046;20467;11052;2170;7637;10081;31119;4990;15735;7338;23148;30472;10167;10642;12797;20920;24259;27997;28939;9602;8140;
10061;13664;18006;10004;14950;20094;7168;31305;7796;31377;15181;11537;25167;28579;6767;21478;9054;1295;25762;6436;7770;4408;12560;10336;15700;20346;8434;25596;18170;25185;10489;6392;4886;17945;2540;9483;26711;18214;15506;17139;26452;20821;21714;28937;9934;10995;8217;9752;25909;28732;764;18543;29550;25366;23071;6965;15572;25344;25173;5629;4221;8517;27656;23194;4030;25973;24028;15669;26097;30229;19087;4765;11637;31126;7716;14557;9719;25476;9792;3604;8176;16896;31188;18817;16751;32624;1020;27358;2073;27765;13863;13295;11374;9758;9593;24666;19022;11355;5997;4025;
29371;15540;16831;5614;2784;17722;16777;9654;7250;958;3500;2434;31383;9538;26737;24194;25061;31149;5232;1538;29483;4035;20657;16633;12630;19795;24594;10719;25549;22450;8168;192;573;24681;29161;32143;3484;10795;32074;7356;31336;23050;2852;6664;4144;26858;540;3481;25174;18741;17731;24393;17939;5328;31291;1092;27067;22350;31388;15058;28995;18532;29845;14449;15360;2717;32471;32295;14257;16975;9134;18198;25792;6350;10097;17745;28613;32735;3613;8430;1100;18800;9277;27997;15576;26502;3853;2296;21544;26742;10206;6874;31672;856;9916;8949;31627;18617;24655;20575;
32552;19344;6911;4589;13283;22131;16219;5379;7261;267;26556;9898;15694;14790;4901;10979;1922;6091;32622;7740;8994;2355;28322;21920;53;12662;23461;28787;20582;3107;25114;12511;19976;10197;23939;11880;29783;3426;938;5831;3329;10069;32321;28917;14053;15775;18373;5766;18970;22921;20392;22328;15667;9709;10670;31436;28609;8102;19608;5396;32282;10821;9216;24654;601;23813;31108;4528;26278;7170;31014;23620;11448;20901;21747;5622;20119;23651;19427;13036;7335;1191;6145;2837;15586;3852;1995;7685;12133;16080;18140;18688;31790;23686;6600;9044;28196;5386;4424;29932;
32599;17594;30871;31523;23178;739;795;28630;5615;378;32072;1725;2865;5389;1218;21755;28855;30968;3009;22259;6184;9180;11194;2142;30250;16461;2876;17050;22384;7627;23320;21829;26355;11764;11972;3339;27007;25079;13313;7356;21106;31820;3516;7330;5569;10915;22066;5137;23355;31770;3160;16703;30482;1970;28794;4950;19351;22276;5154;2760;30789;26928;8507;29667;31233;25111;7286;12197;8352;14794;9965;32465;32170;65;775;834;12381;2385;24731;27520;13045;5336;13400;31889;3371;18235;7780;28178;4092;1554;9283;19590;32427;3361;16891;21997;18697;20363;5749;1177;
15092;31042;12071;15421;17694;9410;14064;19783;17168;6399;3139;17007;25198;9115;648;11408;3964;25437;21183;24759;2785;5855;32615;23674;3243;17286;12190;17548;6292;18615;17801;12686;26499;13128;13302;16167;2646;25909;22336;4438;10719;26005;21875;17415;2092;27852;18865;30949;9996;257;16085;30576;14286;14035;15701;4943;14412;27207;28781;19687;24873;1029;9850;24620;18774;7877;12452;13751;25307;8452;26047;27162;13524;7931;19571;24432;30393;6353;12443;3384;28899;26896;10220;611;17996;30550;18903;19883;2967;845;7856;16423;20304;7132;2575;15900;30580;5791;13431;4631;
6196;7061;14389;30264;10230;6425;5515;18385;13469;13332;12814;6448;32266;2160;26445;5560;6626;19920;25779;27703;1170;13438;26799;13171;17297;3748;5393;32006;31973;6592;25272;2668;10217;31826;30826;22619;15181;19415;26883;29778;31838;12027;7378;20597;21384;28683;27200;2456;18969;5033;8626;21402;5447;18371;4273;32756;21109;16070;16457;21137;22706;19214;29358;6369;17283;20130;9254;14121;6882;21278;4898;8221;15494;24048;5038;27312;27237;21703;12812;31275;8824;1609;26780;27772;9150;11013;27904;17105;17539;29352;22652;30822;32226;29043;12195;31643;20617;492;3376;15690;
26300;28372;29746;19031;6045;31066;3436;9097;12202;3982;21499;18328;8839;18200;30009;9095;2558;28714;26594;23859;5700;21683;32373;11309;21373;30678;30941;13509;26755;27034;22865;6503;13027;739;121;13867;25641;7585;21714;15015;1118;7495;31059;5640;32206;23423;22353;26977;5647;19739;32672;29762;30782;29519;9979;12173;13452;27934;16805;2693;22777;15635;593;32296;1888;5937;16448;27327;11444;19244;2217;29619;15753;7898;24413;19874;7126;11492;29355;12978;2553;7105;18049;28965;20219;16613;6869;18478;28694;1077;4419;1795;9076;6079;22008;8756;24634;22440;20430;13115;
12229;26213;7096;5716;9267;22830;22369;6799;6182;2224;32528;30755;7108;23043;25295;261;13059;5083;30412;16313;18723;5122;767;30825;32124;30982;30221;16436;11641;5167;24429;7880;24549;14259;21705;28211;30053;13613;18087;27894;16966;8268;2120;13915;30073;10696;3792;5385;28892;9883;11176;25558;30396;5997;17953;28892;20631;17488;22618;5839;21286;16557;13155;142;25498;27518;20130;19191;25127;16318;9846;30976;7615;2334;28187;28163;13600;20730;6350;25178;2320;6027;32305;1580;9191;11614;7664;18054;14927;16645;18085;26798;10568;29964;9209;28596;5487;4655;30732;73;
3967;10697;1048;14036;25112;15504;25681;9155;27839;14720;25359;25119;12327;26901;1838;31844;28590;6333;25013;5007;3115;6797;24247;31864;31719;27955;7543;18274;1001;8236;5071;26065;5751;18487;211;25244;31449;6153;29361;24642;8800;28994;25564;20865;20135;416;13161;8229;27929;16498;31929;13855;19379;24656;4696;7382;2827;2314;8229;9922;29074;28126;14515;22326;1046;5102;20976;31869;1931;23793;29956;12329;20490;10792;9596;12712;282;11155;17320;20248;9007;12134;28225;20572;12912;1463;10063;6256;2749;19577;16458;28921;21745;14253;20864;13345;22884;10711;16566;18593;
23477;12463;6930;9247;25542;14874;17977;18363;6151;5464;19636;27365;3320;5247;18840;18545;11753;25128;14182;16877;8964;24424;9776;19762;22670;7682;7421;24633;2922;19162;10863;20272;32479;7341;26787;20685;16283;6912;30809;7395;6135;20822;14165;22835;6524;17062;13829;18564;24486;12556;12387;28662;28649;3519;3613;9875;23282;9539;11763;17191;815;23520;97;23633;11409;3666;13695;20187;14737;27330;549;32327;14705;22005;16466;938;11204;12484;28367;16062;7472;4556;21519;32050;371;18278;18522;11332;28324;13786;27435;18578;7611;26063;18390;45;21588;22278;11629;15088;
7088;27464;15845;32016;26877;32157;30837;22515;6871;31167;17215;23878;28686;1998;14386;18506;23466;8261;14639;20846;23084;7213;3946;24611;11287;5521;6676;3820;6575;11313;20535;13748;9217;634;6625;28261;18211;1718;17540;18358;12733;23681;5789;6725;5576;31356;18068;13285;30358;20549;22755;19769;6163;2214;10619;32130;29514;15372;9315;8373;21547;10043;29091;25553;1163;14913;6240;27503;10348;5032;23880;18586;12159;15344;24625;12258;32743;13629;15612;9900;15936;13132;13248;6860;22240;4011;7205;6230;11356;20010;10253;4528;3918;17805;14714;28140;25430;16515;20396;20821;
5471;10972;20361;21576;18212;7926;11074;7238;21490;26488;11572;2886;4783;18755;27148;31056;31003;10662;7727;11335;1110;25809;31321;519;2723;26765;9091;176;23147;26410;27147;16704;19077;14008;31759;26728;8116;12410;5913;8600;27505;9367;32002;20573;18411;13843;12304;27628;5453;13054;14946;14591;7231;15595;1166;21983;14767;21924;32648;19650;30673;9244;9670;8280;14436;1445;6049;1697;21560;16227;22271;17921;21485;25601;26159;26774;9725;16802;19988;14793;30205;27675;20358;16931;2335;14175;17397;13667;17404;13882;29007;1741;15760;4419;21796;6084;902;18956;11017;13467;
29622;16027;12858;21417;20205;286;30339;19099;26860;22490;8288;28174;6579;31077;4195;20318;21503;22805;18902;3256;1297;6072;28834;26487;8625;27781;24175;5293;1139;6739;4877;31743;313;17673;1042;22711;20985;15190;4037;28948;16576;2210;5947;22500;13047;25412;960;27733;31206;19189;15225;3081;3190;27524;18759;11112;3643;6092;15341;18490;18353;28900;118;27253;29638;3477;15313;10067;1689;13841;26559;23208;20866;2017;14063;2675;10322;5664;1126;10419;27612;23015;21029;10108;7604;1800;6918;4937;24886;6399;31720;10132;3530;11301;30731;4516;13927;30503;23741;21927;
19030;30903;2103;2560;13113;11649;6082;23778;5195;25185;16670;6174;3817;30419;23331;5945;12370;9131;22953;25538;27819;6662;16550;27618;19270;3712;21142;1845;10275;1191;32288;15832;11959;28336;20214;1476;29165;30057;26109;27226;17771;31855;15534;21054;15382;13985;14268;22377;28632;24276;19702;25978;30369;26825;16496;4685;10411;15964;15581;25807;7171;23805;19264;32273;31045;26468;28100;22683;3494;32641;25063;4610;15928;31922;19934;29373;16490;21049;23861;10292;15310;14829;4279;25882;14624;30511;17805;23549;643;17952;14250;18459;22797;19218;870;30840;9094;5692;27240;4397;
31341;4017;24522;30467;13628;24467;8056;6464;23790;9859;21721;3521;10173;6749;5298;13129;25136;23330;11847;19993;26965;5174;6083;21185;6731;15820;31193;21301;23300;4766;7852;16931;8265;3553;18412;132;5375;1400;12354;26994;18088;13416;15343;20537;31533;18828;7344;9392;5082;20106;27876;12746;8618;31493;1520;10856;3781;18452;5603;30833;327;22515;14422;549;23363;1529;5783;22958;31752;13002;21254;2808;9890;8398;17342;31683;12708;29922;16504;4599;25637;12109;1965;5175;9225;12533;32507;30904;22914;8403;21194;5716;11221;17828;14639;27610;31586;10209;23569;29097;
15583;4082;11914;10621;6628;13471;12687;24712;31404;11719;27604;22469;23834;32596;6378;18057;7418;20590;21418;27483;4490;8943;16343;7941;9272;7959;30463;7659;17582;18306;15522;31644;24076;10582;15767;29863;12660;23745;24234;4784;14796;27043;24202;22210;31935;25735;20195;24039;27909;22488;10439;13302;16869;19794;82;18605;26616;2998;7054;15103;28463;23746;28820;28335;6679;28512;20212;8222;29276;10782;14423;27234;1677;478;11363;29591;13598;10446;27615;13178;10419;10651;30488;2100;27036;17122;19331;3443;10395;5864;9379;27071;9966;906;17453;1548;24457;13943;1387;25483;
21924;20892;16350;966;11381;13280;15655;5868;27711;14866;17960;25705;6283;3103;2918;8634;31669;19081;27825;11136;19371;12308;25608;21715;3058;31683;6071;16600;20714;14082;22466;31382;18514;11301;2694;16133;11022;8465;19614;11624;31784;10809;18436;20957;14614;10701;1656;15923;24379;20269;17190;9467;27312;10916;32643;10978;12867;10579;24440;25150;17600;3435;4290;9446;11120;13984;16793;16455;13792;20186;27279;10164;13027;12077;28604;8446;15066;4363;23832;8005;28467;24504;16936;16397;21296;15871;28893;7828;8682;5156;9145;29028;17813;14873;20275;9764;21509;4596;8797;28595;
13425;9889;31428;31352;21112;8916;20375;15091;609;13378;22540;2712;31399;12049;28928;1758;1717;1421;1502;26259;22254;26652;193;14706;4592;8564;1501;17911;2842;779;32283;31090;16972;30159;13571;7771;4333;792;3551;19685;10291;27099;5149;18901;17566;5152;27382;18325;15046;182;24653;15748;16727;29989;9946;18833;7258;3044;31623;20488;3510;29388;14874;19883;12022;28109;9493;4101;6220;29152;25818;18427;30934;27708;531;10916;1057;2509;24401;5211;22764;4834;30195;25106;17710;12070;23114;29929;2906;9681;19195;5119;3297;28191;20388;8327;32248;9218;10946;20511;
1693;13587;8914;24926;29908;22991;26294;32428;25655;12032;4443;17239;32429;889;4249;5859;14970;11782;29530;21153;14712;32675;25343;25987;11683;9708;19455;27182;26331;4565;31185;25425;28134;13979;10765;4661;20661;13563;23246;7062;1000;18081;22618;28338;32148;32227;19973;8863;27971;11695;24146;15841;13628;3522;1628;7228;2309;28443;20596;26311;21799;5296;6668;21058;21553;1119;28884;6057;29951;25639;19234;23305;30268;14232;8087;29843;23334;4488;8192;20463;7569;3592;7034;21971;16687;10391;19418;5075;11278;17045;4683;5755;26722;28154;26425;10651;13189;20551;366;29410;
32316;12733;30843;6830;16956;3277;26202;30499;20717;12753;19537;28027;32621;21241;16153;32156;21464;3208;7744;11248;6087;15680;23244;15729;29718;17178;4385;31235;31211;28731;31269;26887;15603;19492;30625;15405;25327;29993;16363;23689;19568;13860;27842;19946;15070;9322;29049;23655;6079;23038;15448;18490;16694;8197;1855;25554;32714;7546;7052;22563;2409;24099;3391;833;13741;17860;12636;9517;18270;17298;21393;20206;28471;23018;28441;18404;27629;20035;28384;23898;27501;5474;14568;20570;4453;20429;2283;21957;18183;27265;24130;23715;14346;14311;261;3767;8433;5381;25204;16214;
21135;28401;23701;15482;3787;15500;5407;13843;8865;16492;1943;12189;24937;10010;31417;12279;25948;21886;25881;9075;14676;31639;1290;9258;20435;16240;12223;7314;27463;5199;7088;30802;23436;4655;10815;22356;13491;24944;29852;30492;25346;3790;8166;18009;16443;23440;15507;22202;3618;24065;13585;8451;31289;1572;4013;20320;3790;23204;1973;505;13623;522;16857;16838;11613;27698;8151;5541;7799;12288;30552;28074;9496;29007;12308;22710;620;25386;3389;14411;20670;14911;9755;26270;24894;9104;20980;750;9986;4972;2862;22549;21322;158;3511;4445;1800;24548;13477;12692;
15776;29603;23322;99;21740;17368;17515;25051;22147;21074;20353;19537;26171;24351;31103;20588;31212;20804;29604;26492;15991;6065;20596;31757;19975;5747;3090;24765;7063;29740;29681;10570;14261;23488;12715;6639;21125;1618;32049;8433;7944;8559;14885;3701;31646;25992;1156;32404;970;28838;28808;10673;28470;14681;461;3850;25079;11761;7602;11662;4625;21489;32002;16111;26174;31681;24788;10487;29163;23715;3759;6431;29316;11496;22514;32350;12785;2660;12403;21823;29281;18207;6247;31286;18246;28237;23938;30260;32672;5505;30559;31097;1407;19997;801;30890;22211;19213;8795;8227;
31527;3765;16685;4494;7038;13607;1968;8116;7740;11930;31380;31892;27959;32280;3848;3506;18607;20598;13786;23218;19340;32649;8672;18981;1256;21911;19862;8355;19149;9484;1032;30234;10816;2158;28915;5477;6270;24211;31783;31265;18821;22290;29743;24764;20438;8951;19508;7374;27002;7611;28959;10669;7747;627;31230;10556;4948;327;14249;17667;14307;18726;26533;9605;12094;22968;3656;29645;7180;12692;15390;6475;12502;11444;17036;12766;10694;10021;7091;25650;5038;14339;2455;5196;1099;6309;12417;9315;10188;3093;12450;14322;18318;23235;760;11531;11818;13946;7542;16366;
3249;6802;8799;3290;17718;31848;7923;25635;16013;24587;7501;9349;9555;9528;3468;4024;15918;8329;18993;19780;11606;21737;15304;3991;22357;24907;24523;3925;16139;30364;14019;20719;1268;27125;23984;26743;27566;14102;22187;12211;1461;1808;17610;8816;28786;3905;8004;21784;16500;23685;8149;14727;765;24235;28772;9755;30912;18470;23524;21258;28137;5637;1656;16889;21342;21542;28890;17354;32068;29094;19197;4277;10950;14747;23025;9882;15121;17414;29960;24981;13219;29443;24119;724;31686;20547;31166;6565;29015;24252;10507;723;15052;13471;19676;29235;31350;29067;12965;14970;
18178;25856;28977;18257;3398;30998;30859;32172;16187;13679;22815;30295;29765;28266;1565;18129;24251;29849;5918;19550;15011;22646;19722;11608;6589;5713;24121;1222;12484;16013;19928;27696;2544;28172;21135;22449;16575;10984;4192;30797;10997;31076;10707;6277;4833;15650;27728;10025;26339;14998;7116;25710;555;19642;8616;25920;29379;8963;8917;24793;24784;7060;16701;31891;31509;3507;3166;2554;3256;6265;25912;27430;8265;18893;22890;4424;21504;12691;14744;18818;17222;13600;28431;19452;10615;14065;21676;16692;8679;26269;5882;12693;10531;19721;24474;4940;17273;26843;20456;27223;
27834;28465;3803;11998;13630;1170;28205;28103;12329;549;27324;22405;5869;6944;3121;12592;17936;30340;26591;23515;30512;4360;19182;26146;23620;31570;20408;23554;36;18541;25203;18670;4172;16504;30993;8222;29660;11163;612;32555;21476;18752;20614;32473;30943;18303;632;1587;8573;20185;12553;21470;13990;30250;25337;12711;187;13017;3167;1630;16927;6482;7496;14823;23286;438;25505;8078;23084;25808;17495;23195;8121;1356;4028;28966;29732;14627;29997;301;14662;26458;23026;19428;6225;3564;5989;2892;20753;25605;25686;17927;3697;27760;28079;5483;25664;3155;25172;4565;
23093;31258;30285;22848;10289;6321;8487;25622;1989;4854;7063;7237;16116;19310;24673;27286;18490;29750;13432;11835;15309;25405;31335;21158;24098;30385;21743;30626;30643;7607;23794;24476;23040;22879;28304;6209;13779;18903;20879;4431;9929;7135;16640;5540;6158;27260;5663;23196;26216;26865;6780;6553;25463;26859;17752;26595;7739;4348;26706;16563;5334;22346;3907;30090;13203;5257;5990;30919;17704;17190;16828;13945;14392;16069;17582;28530;24092;6126;8437;19101;1763;20483;15799;4241;7831;4470;4082;17765;12226;14392;20766;5318;28465;15989;2318;17480;13560;24958;28440;8186;
1719;4871;26229;5437;5915;2706;6634;28630;24231;2859;31400;27969;12724;12630;9842;6728;30646;23878;30973;11989;26562;3407;19612;23557;28237;15518;11805;16509;8247;6696;2029;30465;24328;11232;2179;29507;4729;12845;18428;8440;6966;24475;28931;31025;25314;14545;28916;489;11611;12483;29505;27610;3904;21800;11284;17046;11697;7983;13878;25298;11094;15469;2095;11013;26275;25626;17583;6706;27994;3198;27180;20737;18769;5286;9677;10517;2677;13915;19847;22170;12815;21589;17798;18461;25414;30891;21710;14497;31973;6030;11554;10223;95;27191;10788;11565;27153;30238;3007;22450;
24262;5229;12226;4633;21120;3508;3789;15252;3190;7646;113;27523;11353;29796;2707;4934;5339;1216;16401;29263;24434;15141;29353;4219;15705;26989;15382;12962;27097;83;8827;32109;4550;26850;23557;14951;21580;4653;30156;29527;16620;1857;25083;22478;30401;8536;12593;8444;18696;10831;31527;26567;3295;858;14994;8479;29773;9207;8267;13451;6787;1312;8621;24840;9569;19653;17982;25620;8252;19833;30866;5894;29663;11884;24173;30368;8143;20377;31784;18663;6356;15936;10070;21810;28852;19863;3239;25218;11074;10173;19724;28689;25751;27375;30235;23598;11424;9982;22966;27975;
15321;20224;2279;29000;25943;29510;30223;26404;27148;22415;576;26288;4423;14715;31207;15032;10874;23363;17582;24909;23616;9894;19616;26204;25758;31783;24718;19589;11913;629;5554;30761;24745;2603;27795;20677;18781;22969;15656;3199;19455;30114;11840;23039;13161;14569;15394;23680;3512;20933;4720;11815;30032;30364;15697;23699;27424;26415;30158;5045;9767;3603;3453;27362;31798;22112;15709;2086;18424;2477;23554;3548;28721;19003;16114;1659;29763;32112;19278;17075;8694;14983;31157;23993;22648;4487;20837;23519;31907;15985;7843;5991;639;7358;26718;28569;12296;28424;26895;28179;
32049;20232;3811;22113;13608;22976;18204;21453;15580;27641;6324;14712;8893;752;21060;2218;23490;5453;20261;12647;20913;30804;6101;16707;9883;9567;24988;29815;20901;29580;12655;23859;30991;6579;9748;5430;11630;3227;11655;11677;27196;3437;10653;20728;32659;31848;18407;19363;18742;17367;4313;28244;22225;28480;29227;32496;27010;17119;18560;11171;27287;26450;11334;13359;16282;32150;1501;15748;8075;12082;11515;914;19820;3762;5967;23899;23555;23639;23140;18252;24283;781;1225;26573;11404;24989;4719;16919;5692;13348;82;2885;14438;12740;17243;21934;18650;12953;9861;1651;
1541;29167;21568;18772;11123;16562;3859;30408;3986;15397;23940;8268;20153;23767;11580;14075;10088;29140;12647;95;27602;23576;90;19847;11416;7753;13432;10329;216;5285;5206;27434;3942;26937;1565;30348;15705;6227;21040;31079;9674;6459;30991;32588;16088;32542;8316;14597;20463;9803;23516;13169;7499;16802;21471;28815;27831;23624;4451;5848;18331;9120;28566;10962;7733;3447;31067;1762;12327;11903;13808;1377;24114;21759;10445;4339;18753;15304;2255;3860;25257;26987;29333;22772;20911;4009;6699;13957;21067;32555;16357;4050;28971;884;27790;18578;18683;15123;14530;31229;
9444;16413;9113;32478;11346;13530;15494;1514;31739;2239;9342;7760;20509;2460;10844;29329;9222;5399;1668;9618;27354;32345;31174;1520;17809;31751;21382;2963;23103;12916;8986;21382;12440;11797;6260;3589;14259;25141;22529;4824;22798;32745;17872;4064;15571;14663;3063;1520;9049;17619;24627;2014;30702;13626;19662;28633;212;31043;198;32508;20617;6146;27435;6948;23627;32079;9673;7935;23516;27254;29447;28774;22147;24368;21263;20717;339;3794;29743;7352;21167;13765;639;27536;28430;25398;6853;18485;21244;2830;25749;29174;24162;29733;6077;23680;9478;22194;28896;25076;
10325;16135;22880;23356;24161;2171;18049;4766;10790;1191;5068;17553;10513;8917;23730;8912;31171;11189;6514;3502;24594;25938;829;30633;27216;13125;919;10049;31696;1832;13056;19211;24743;13646;10964;5121;20144;433;11888;18972;30675;31020;28566;3877;4486;27371;29203;17352;30099;5663;21150;17130;16412;24566;29956;26428;3805;9674;23938;3856;17842;32665;14706;4716;31833;1717;23339;24413;31096;29884;11554;12430;24290;11979;24661;4633;27414;4335;23017;10397;29705;3548;9233;28305;32549;30434;26163;23512;6801;28;10310;11157;23475;21739;25983;13376;9971;20642;12844;1530;
9410;12163;30944;17181;2011;19435;4816;26392;2249;15305;16253;28538;15018;25172;16275;6988;7474;18942;5905;13476;4083;23203;15019;6263;2779;16391;11373;28847;16382;5247;19360;21629;2709;9198;23537;17137;20295;23283;2000;11208;12712;13921;25111;31365;17152;18160;10988;22467;3661;7474;23528;5321;9611;12744;16249;30047;5170;7637;6020;19424;23297;14259;5967;7057;22778;26597;13471;13617;17838;19021;5149;465;8378;28575;5374;28646;14994;21270;16355;13981;14973;22630;7422;25454;17889;26097;13687;26100;11457;28477;17422;3580;16260;934;22785;12252;12792;13648;30000;25350;
12182;27744;24703;3804;1288;31340;16252;14790;744;559;11330;20098;32203;1922;22173;19388;3966;15240;28526;4575;32143;22824;25425;17194;26895;9664;10366;27142;11159;27159;9197;22935;1417;30612;27070;31889;408;3502;23767;1613;12683;13220;29135;14876;10301;23150;6411;15579;21737;23283;5158;9415;9124;9340;14998;15251;1835;12137;29069;9912;20447;2083;23326;27149;29710;1617;161;30871;11636;1103;31832;18338;4098;10971;26195;6160;32222;9490;2192;27122;7338;20636;7783;20053;12297;15907;8997;2910;32095;5641;29688;18074;7385;13658;18699;10639;23470;5887;18929;13463;
5028;23861;16711;13294;7125;3902;13205;2825;14003;24406;23926;18985;8522;3305;23801;16945;10181;14083;2630;2740;25396;13064;17285;11859;1164;15269;12283;28998;20719;3078;15990;26168;13102;15178;25324;17752;1677;27700;22367;14765;32454;9507;25603;6313;20816;25668;29347;14338;992;17414;28993;21949;1073;17358;18429;18060;27905;2285;26168;24153;7260;11215;11000;18211;32540;25972;11406;14857;13745;12580;9079;20132;30238;13919;31873;21658;20292;3860;22062;27504;12643;15891;27997;19616;24542;27075;15655;31724;12350;12056;22024;20977;14970;8384;12351;5375;24182;18077;32119;5160;
17097;12664;15782;30871;12483;30452;6966;16676;29103;10688;21091;7205;4437;8721;10212;4998;10691;10832;13005;16156;7245;25615;32180;28982;23507;31042;17170;4469;11330;28076;18669;6622;31581;9367;8116;27182;14014;28360;18539;25965;17175;13490;1543;3526;30910;4330;24092;4758;18793;28379;3253;1219;29494;443;28547;9551;25838;10174;11323;557;14218;3465;5689;21843;24822;9705;5993;23056;1046;18885;8295;3232;519;5201;25573;2046;12455;20357;24910;30201;23127;1230;680;17802;27391;1539;20927;7013;28243;666;2176;12494;17237;32028;163;5294;10523;13526;18061;742;
2259;22482;21364;17891;8452;4357;12996;22130;30231;18122;5825;11734;11285;7567;8302;32281;11698;4814;24238;17567;17547;17472;18602;27393;1708;14157;14194;27160;15701;13510;8935;9047;10494;3286;9688;25694;18072;22326;3435;18637;31254;929;30655;28246;16940;20104;17871;12055;22870;28166;25754;22054;26653;2838;12673;621;11414;23300;32240;11192;15147;27937;30272;32268;15517;187;28636;32571;19786;30540;25251;12981;25004;14066;4494;12193;21539;4383;9875;23852;32756;402;17865;18721;3473;22918;23500;19643;21531;11049;11107;29623;29733;2383;24160;22956;4027;28520;7624;29087;
17314;26031;30004;27602;17890;13733;1399;11742;19842;17086;19073;4353;10131;23386;30852;23225;7536;5622;13397;9106;4163;3748;11028;8252;28107;6328;19727;224;25181;14533;12260;23220;27689;31432;23526;20430;13247;30882;2242;26934;19922;9420;3427;22334;19003;11590;1810;3094;13376;2768;31714;25755;26647;4189;31819;21360;24998;3781;2069;16976;26765;24762;14967;7586;15718;29437;385;15950;11339;7377;25783;9680;10393;23729;7935;16523;22004;19774;4029;8799;8844;26235;18236;29053;22174;24380;12880;29562;15677;17116;10553;28835;19026;3887;26059;24977;25058;28343;9420;6909;
9359;25371;30366;27605;25954;29652;797;24974;11463;13610;17611;9917;27865;15199;32555;12257;19168;20010;29802;10883;8728;28775;7748;25218;9141;4108;28198;4520;14371;29279;22672;19840;1426;12390;12222;1900;16306;22431;4487;21234;9403;754;27781;26199;19377;32740;24694;2415;10214;21517;32226;26291;26048;14028;10495;29332;1212;21305;9169;23823;21171;26203;917;16770;11357;3484;5472;2238;10003;22905;30212;12637;2009;30846;24883;29270;11163;3698;31719;27598;17591;3023;7680;23089;4540;6517;24367;32642;29041;27806;27412;14063;30746;5909;24739;26281;27126;10147;16588;17394;
16140;11978;12379;7544;5160;31670;4381;8161;11552;9585;13892;18599;27739;13398;14348;31526;25492;32712;10911;27635;25052;5156;15414;22128;8926;13555;32386;12445;871;20325;24394;20785;24358;28923;5205;15338;31664;5763;32394;2081;9414;26441;18518;5537;24027;12428;17230;953;19665;13615;18710;7824;16900;9649;9089;14009;393;21599;16377;5895;12728;31176;12834;3235;4839;7538;18874;13659;25721;30411;16324;2109;6936;23138;16101;19557;19518;1879;19214;29203;29434;26897;19547;513;29169;8494;16699;5875;30371;28096;23506;5519;8687;16310;3739;5743;6617;5528;19538;13941;
26764;28280;32529;16734;19611;26917;31417;27290;24204;25505;28307;2139;12183;11989;6711;1261;17835;10884;18861;31301;6322;23934;23763;11228;29974;24086;24062;21182;26500;7893;27620;28637;5616;29552;31418;6316;10713;25080;12441;29161;12238;5201;24870;19642;4145;32229;27762;6652;1339;2457;1311;10200;12864;25601;8645;23959;16436;13775;7571;27063;9071;25234;19514;5694;28333;8093;1286;14158;22361;30532;26958;26618;20235;3151;27151;2392;22095;12712;20692;14295;27816;10839;20441;10963;16852;9648;23919;12903;3154;19403;24226;18307;10530;28213;25882;25150;26828;12517;1087;2669;
11683;16242;417;22132;16203;25219;25750;19548;30585;2438;10533;22822;11258;7333;6690;21087;31223;10997;5787;13813;22135;18673;18035;7241;2085;13096;589;4229;28244;2354;29355;17200;14656;13544;10839;19200;30614;20949;16387;26607;7479;10471;11052;31888;26425;5226;26692;12708;16687;24631;10255;30697;4011;31273;3662;23602;1025;1745;17307;25020;23885;11883;24212;22208;15031;13840;26683;22341;25333;14637;32669;29240;9490;5939;24754;9406;13934;27024;21125;8137;12807;5599;16532;3050;7414;20571;890;16230;5181;8858;7371;6795;1983;19064;27200;32324;9872;1361;5140;4332;
24687;7027;15021;17760;8337;16338;10111;22616;9633;6142;1326;14327;6916;83;25330;2464;22369;24687;1856;16908;25697;9194;21927;921;13235;11073;19448;14053;9556;18706;23209;4508;17165;8079;7291;32654;21821;29229;12635;8709;13528;16284;16518;22869;32432;14332;26097;3252;3059;25422;3816;9292;21493;3112;2549;27023;6960;17069;19971;16843;5002;3005;15555;30462;20950;4201;25679;747;15516;25002;1038;4205;22557;9298;22743;9996;5010;14658;29785;13518;31669;13790;9146;27215;30338;16574;10622;7444;27711;9894;20139;9245;442;15289;3882;25273;18386;23785;25969;30111;
1080;9650;31071;13881;30583;11784;13927;2115;17458;25742;3313;9621;23469;22792;25341;23613;5008;2835;30730;29393;18663;4372;16438;9988;13420;11118;31398;31350;21513;6136;1832;16849;3481;14766;16151;10769;28399;26790;21888;10275;12057;32326;642;1714;21733;29109;32251;1598;9893;6287;3425;17262;18224;24541;10477;22439;9257;4420;31743;26589;6532;30844;17598;5545;28229;32004;22270;1692;3723;1044;18024;30164;9934;11988;31700;972;1125;18635;14842;14456;24395;31386;21834;27538;28962;5354;8984;1839;32120;1955;25596;22677;12106;22878;11641;25424;28614;13086;5852;27267;
6741;21562;11623;9341;12761;670;29615;19596;31539;19252;28739;1814;8457;9884;3982;19429;17606;22051;23807;19139;8418;3315;22375;32327;8291;14727;25762;24814;4004;866;10361;30829;19029;20737;17095;11078;2755;27150;14555;5274;15961;2518;3614;19006;871;30205;20469;18705;13347;28016;6377;31628;8942;924;20230;3738;27608;15326;8576;2218;32613;31034;2461;22275;19090;5711;21198;17752;8211;14730;28191;5021;18143;14747;5330;7705;20974;9765;32327;19387;9537;18618;11552;14001;19492;12806;6050;17207;1200;10058;12125;6317;9363;1037;3087;12525;15124;25614;15814;29147;
5201;10620;2629;1342;459;13161;6569;25294;3109;22653;22092;16525;29225;31207;1002;23899;6412;17049;20994;22981;20979;26293;28031;4895;6325;30530;21912;13522;12259;7716;30709;29686;15878;22091;22547;10532;20519;29738;17897;15493;26005;4715;26572;6191;26850;14049;7056;5298;14895;17342;29424;5101;11945;2310;20271;15911;10580;2627;24576;5467;12552;19579;2468;21202;10169;16479;30290;17143;1787;7365;22235;4968;17860;15704;5774;18249;19316;22926;1625;17885;5140;10203;17202;14167;27099;16677;23477;9197;22519;22647;30991;2351;14986;6905;3866;22935;4082;19488;22473;6753;
28493;29218;7623;5020;18492;9901;6747;18050;20456;24536;27279;7685;16195;17754;24465;3498;18065;26105;11865;4762;23078;24902;17036;19191;15473;22920;14497;5996;26937;16886;17218;31496;17959;23849;32757;11596;15493;32720;32507;4738;8261;27558;632;3665;2117;22177;14549;25743;31697;29292;30307;7254;6506;2072;12865;6490;6853;31759;19071;24441;23063;20041;21379;13460;15504;27330;30380;5278;9765;24107;9270;11250;23187;17119;7262;19434;28577;31258;5062;3501;13477;1381;30490;5960;13129;5205;4596;14081;11663;6773;7421;18663;15635;385;30550;6830;30609;19413;3894;16826;
15526;15140;15828;6010;4315;20333;6791;20471;10719;12843;2347;24237;4116;25037;1992;7577;31053;12645;32622;27283;16599;28836;7267;11998;8374;20486;29057;1278;4144;21834;27353;28873;27536;29733;21404;24001;18724;7991;29500;22433;8072;25918;1486;12598;8486;28298;5043;3440;28926;28337;27767;32441;5283;24195;18681;12421;18310;4672;22732;20267;4983;9;16094;8691;21097;19093;16727;2928;32118;25637;12484;25616;27939;23994;19061;25329;28388;13957;6691;2294;21475;16287;7895;16923;23805;26618;14086;12549;10253;1176;6145;22750;622;26874;21645;6495;17595;25564;14029;12590;
7129;29727;29033;14955;25400;18951;27625;21893;29781;26790;11874;30291;3972;31640;12373;1888;16876;13553;3796;22406;27859;18292;28134;1470;21020;20742;2349;24374;18957;18786;14278;25508;1622;18701;26481;25563;1615;15501;21234;28315;8322;22486;30647;32686;17769;24069;3770;9520;24441;4432;3241;3887;29791;24381;27973;15732;27529;7443;19976;16287;7656;26766;7178;15226;4852;215;22821;11655;3825;11187;15447;6107;22129;31483;12649;4911;19227;1612;31694;30261;17834;27903;206;1832;20793;13404;31972;27559;11197;22026;10340;19139;12243;4810;3936;21847;3004;23910;8397;10392;
27045;29155;14562;16108;27948;27902;10945;25344;10785;30679;3417;22804;30857;23527;20363;12954;18921;4919;22411;0;25537;10452;12682;21706;9046;32126;4498;20963;11956;17568;11441;10805;14068;19845;11609;21879;12219;27848;18183;25926;8195;6668;11555;12408;28702;5614;28967;18605;22775;11320;3076;28198;22684;26199;5826;30171;20473;16912;30310;21959;11750;16494;32536;19335;19301;24831;21125;20771;23844;23872;32131;21548;7754;14421;6387;25351;6256;30461;29164;17544;11500;5062;32022;11715;17238;893;6483;2590;16709;24041;26021;2475;12122;32441;11852;27061;12160;12986;13614;11161;
10353;17741;22908;11735;19069;537;25235;23401;20871;32509;29216;25940;10320;16968;24968;14972;20728;6445;3719;12732;14017;12913;23319;6710;19735;20839;25747;9704;8141;11550;13852;25217;14506;20441;31292;13426;32292;2751;28617;2119;28523;20948;9740;11832;25001;5160;17443;5115;8840;25679;24484;20701;9206;1296;9859;14353;5413;11873;24630;25928;3285;7828;2582;30594;10453;19403;4873;28195;18119;18865;31326;23625;14885;14188;22008;26205;9089;18893;943;15848;19729;17866;2547;4008;12394;32559;27570;6116;2444;12176;29564;20732;6943;14722;14822;28740;2044;11275;27436;9490;
26095;6742;4122;19990;28091;7083;24108;6378;27743;1951;21236;16362;22936;17032;7868;23110;14247;11828;8813;29270;8276;4827;1199;22061;9011;5201;8786;22128;22822;1920;24045;26473;20771;15382;4804;22615;14904;3707;12015;5384;28364;22022;14521;9642;17703;880;17223;24799;18741;905;5754;1039;17286;14889;3605;9730;12698;10602;29731;14254;4956;6420;23187;1869;12780;21081;14374;31155;17313;17347;19595;28127;4431;8554;4040;32464;197;21866;12507;6042;10394;21652;26529;3512;20778;11108;7672;13732;1755;22323;13344;9637;8613;16302;25704;6888;26065;25735;2566;13523;
8704;4971;20294;31382;28272;14899;1767;24323;29051;10590;13505;13983;19808;23231;2476;21497;6982;4211;22174;15930;6014;24598;15123;13822;25353;32310;4786;31842;32346;24072;26157;4190;24924;31066;25449;22102;21687;21705;8415;24043;28752;5172;12354;14871;25358;13169;17505;8057;26596;14142;28240;15597;3084;27258;13762;608;10896;31637;4282;18915;16655;3653;32355;5885;446;5498;18747;24646;18093;2453;13431;5937;19020;20180;6308;25130;18733;24593;13194;15585;28939;4525;12117;29413;16652;199;9463;10356;16195;689;7624;26002;10105;10404;22639;22360;30509;11186;21766;15247;
31449;21757;27769;10877;16503;13863;30511;13055;4932;17929;18157;31960;25796;13736;30711;25929;18182;4452;23928;18914;23593;627;3363;30103;24351;17550;19995;25622;10673;9194;28432;20312;23491;5994;18347;15222;2010;19219;26925;29887;2267;11968;16979;13319;25878;23831;14972;23873;25218;28347;2061;3153;12362;3523;17941;25627;18825;23916;3373;21472;30034;2570;5027;18122;2036;5445;6359;29125;18812;12929;8164;13201;9595;18334;15747;15125;2057;26082;32045;26615;3081;20275;8576;6505;24239;23434;17380;24390;31808;21156;5998;16733;10777;3579;21253;4365;20979;30452;1731;30994;
8805;13658;24733;16286;6314;8715;9287;28331;22437;20977;23122;22160;28706;19764;31384;7891;32351;18094;5593;22847;16587;26528;17062;19254;3085;931;20862;24904;16456;18657;3128;260;9118;16516;1184;11533;17907;13167;13925;12145;20979;18220;51;15927;28502;26406;14364;20023;6754;19993;24380;2095;5298;17350;14493;5138;21303;25323;18264;11939;3452;31602;30717;15683;21038;25833;31029;21511;17627;21810;1958;25102;26874;3964;12567;30738;7724;32626;21205;23868;12737;5297;22357;26173;10622;29312;30490;17050;11165;18363;217;13383;10262;25361;27868;25976;10013;22384;16292;20660;
24812;17596;32722;28459;706;6343;17224;8521;17708;23678;6027;1419;14211;24928;18795;12690;25782;25397;20455;374;13641;29180;24139;29020;12958;14373;24987;13643;3956;28928;27956;827;6573;9078;23217;17263;31060;29943;8460;6917;24798;10419;9989;1228;4784;7949;5320;27733;24546;26956;26826;32589;1091;17812;21492;10505;925;5910;8451;27747;27706;11907;11055;4037;8870;30406;10250;20355;6839;23026;18604;2670;8651;29305;30221;7334;7761;23712;11442;23727;26763;15407;15244;28359;8337;19053;27165;25207;9626;75;18908;20073;4727;12512;14043;24185;25440;10261;19367;2062;
10483;8610;19567;22699;27770;11321;19817;4801;10605;19712;6258;3272;56;30533;5621;1677;1597;11374;15629;26830;22301;22574;20206;8964;19251;15615;24961;7040;30562;1228;32078;26041;23057;18925;21151;13029;22899;11353;18914;12486;30476;18199;29520;19143;23665;6646;6604;327;9551;15230;32014;19253;2734;26406;30464;13789;21367;15304;4200;14081;11828;15953;18632;25900;22552;29885;5506;2627;13631;11587;23616;17501;15926;17868;27795;10452;26302;1962;15579;7581;25037;27527;28262;23764;26326;22939;23772;22171;23626;14883;15578;25893;2911;27150;3549;1806;16656;26617;25442;5102;
101;19805;18763;7981;10740;26631;18309;32025;15528;1993;18664;7733;5057;21616;26974;13524;17948;16373;28488;22759;2741;26872;29725;7700;18026;361;84;20488;9986;3465;7813;18701;28525;3857;10699;5855;22861;28848;23404;25019;12214;17851;23484;18874;1842;12833;23102;11869;14089;3741;28941;5225;30655;7471;22394;7669;19165;25036;10231;18625;4085;29525;15668;26313;27360;22726;27271;1306;24394;18096;5009;13541;17777;20713;26399;27346;31785;25729;16718;26774;31780;7673;30963;25800;12400;20400;7225;25840;14401;19614;24716;32226;30193;19268;18870;28234;3909;29923;19528;18311;
17138;29933;28476;6333;14175;7353;12504;20517;9901;28538;13014;18088;3061;10866;29121;10669;13776;7523;2978;14127;25117;26439;23004;18;18174;27456;25173;9399;11556;4562;25558;16334;32589;10832;437;29547;29450;148;21169;19548;11974;31475;22301;28603;4356;21617;6721;18111;31976;18224;765;7383;20473;15151;6063;25594;25893;19761;14679;4920;18694;16890;6649;21398;867;14785;29251;28440;6650;14307;14960;13855;12412;21205;27244;20213;27098;8284;1337;9127;28351;12800;29585;25107;15709;13758;29133;16961;9837;3837;5381;1783;7025;31683;11129;27783;12861;6697;31791;31212;
437;25100;10718;26645;15320;26374;15627;4993;10494;30364;6514;11276;26717;26297;25255;5897;6610;10332;5117;14224;21727;29325;20391;4377;4336;6549;10525;30794;25314;26222;28354;17934;13253;633;14019;16615;21729;19311;13122;12421;5368;9114;4532;20375;15051;4677;27015;4065;2271;18545;32264;25743;11905;24009;22405;1737;18952;23000;30638;26759;24666;23930;11585;18855;28082;144;19175;9021;29600;14328;17753;23850;10321;22461;31942;496;11024;1418;13689;25796;25101;12133;951;28133;25949;23193;12006;301;6979;24308;20469;13029;27054;25139;12023;16094;8450;10171;9233;30141;
1051;2186;32663;5271;4496;10092;15730;15038;29236;13682;1989;29146;12515;23200;19664;31803;8059;5862;27668;23917;3368;12114;16055;20749;12773;31619;32555;9180;29503;10081;21515;8978;26204;15627;581;5621;13117;2833;2686;30121;15680;15076;13746;22346;13545;11146;21787;15416;30433;25750;14677;15538;23615;13656;9407;16551;24583;21585;15652;15048;15856;4841;16539;6626;28267;31077;427;25707;9184;24339;28339;12891;11579;21191;10377;31037;24999;26507;27746;24197;31129;14739;21746;1060;30993;16239;14036;858;3869;15236;7211;2507;3742;25021;9098;19670;25678;1406;17937;18210;
11778;25562;18649;29817;22317;24069;23955;32730;24230;14348;13931;6089;10667;12227;4403;23786;2085;32767;32189;7886;20013;9222;25480;23309;9936;28484;2719;12949;1039;19776;11199;18753;20522;15822;19384;17326;17439;24965;26133;22346;1901;10867;11007;8365;32029;1296;21599;13357;25091;3441;22083;7340;8258;9406;28291;15541;31758;31462;22436;17864;32182;24721;8956;14833;15585;30039;32279;11167;28951;1583;26458;12212;27524;12330;5606;13785;24057;7009;6336;15124;4916;25131;28974;2716;31841;30868;11364;236;14305;10251;16479;1302;30025;29531;12306;11354;23214;30429;15040;15351;
20256;6379;6825;32065;20084;7831;5864;6132;10823;30877;27804;26312;23615;23703;21318;31301;19860;32368;8306;15833;14287;32283;20122;29480;722;23941;27463;30627;17433;4808;12409;2140;17215;2721;19785;30744;10180;12068;8653;2982;13325;18094;29244;28784;12716;16156;21842;336;29410;14650;25078;19877;3426;26750;24603;5797;12888;6903;228;14069;18346;32128;25099;10359;9854;28729;24707;7267;8956;32568;32348;22937;16725;21371;24552;21813;15364;12321;9244;14692;16212;20442;7224;20087;32290;13981;9899;31286;996;19353;12592;18807;26602;20333;9790;14319;17892;667;18847;10823;
8101;4154;18526;20082;3110;4332;32743;22079;22478;14864;16490;16426;31216;3385;3712;8824;918;7134;10257;11395;27517;13139;20597;21074;23392;1271;10201;22124;25209;7856;4581;9710;12614;18324;28572;15068;17033;5353;12419;30901;5522;19280;32517;14154;24000;24637;3094;28623;19270;12202;15895;16435;20779;14861;18169;14509;3221;32391;26022;10136;12614;17758;22172;22400;8039;28333;14299;29565;1668;6490;25602;1471;14809;13897;2229;17515;6604;23503;31809;8358;14010;28010;5763;19438;4342;27567;4358;10161;6671;131;12907;21272;23378;7054;18702;19236;26000;13037;14566;20733;
28194;31783;8365;2695;15657;12643;23105;4405;20762;14040;23115;25378;23419;13444;13086;27230;31463;30753;16098;3717;22104;13141;13553;1175;32166;27177;11905;20739;13130;9660;24196;12293;872;16185;204;22578;19469;22278;17523;19282;6837;19518;13690;10605;784;18530;27056;14889;21253;13131;29909;8275;18424;9059;26624;27579;10568;7701;24638;32069;27676;15490;26748;28989;17504;2166;12967;1003;18186;9626;27665;9319;418;6891;12567;10671;11009;20586;25601;24055;20825;5397;27433;21568;10613;16663;6752;15404;25410;18492;19341;10257;10127;20647;27287;31052;8977;8647;30853;26328;
17066;32647;18916;21023;1258;17861;1129;24079;1239;22534;8152;31857;8681;14696;28196;25974;26969;24792;28376;11667;9372;7556;29109;28047;12586;8083;19613;12507;1411;30996;10416;7713;1908;11061;10932;3615;6038;5046;31418;1206;30233;20125;28414;16446;25791;24618;24080;21277;10795;15117;23601;31640;23132;30423;26624;11753;2165;19119;19030;1169;17855;8262;11630;2799;4592;21261;12105;5650;8366;28581;29520;8140;6223;1942;30524;22535;11747;27973;12083;24668;17012;27680;11571;26082;25996;20764;22452;3396;24824;22369;29577;25879;12748;19779;1288;21098;4775;1397;19562;11166;
31544;26745;24949;30072;14593;14939;12888;30324;1371;26783;27094;5212;15547;29816;166;12314;6963;19771;32282;29643;8764;12050;11264;18196;2994;23029;16838;23993;28192;13526;19169;5227;30270;12572;19566;4066;22968;595;28186;21036;26417;32290;10816;14917;22408;14461;18770;8679;17498;12315;11386;3491;26568;7979;11137;9009;2426;17475;2543;23045;15587;14233;18292;6690;21703;8309;20358;15667;12283;24294;19532;9688;17261;32181;8379;24894;1380;151;19967;1778;7688;25254;18460;19191;292;22802;32213;30230;21803;11796;6093;14453;19321;18468;13036;2667;19932;12652;6660;3987;
9555;13180;17076;12319;32277;23359;4493;23663;27861;31022;10612;12003;22853;29123;19015;24557;29145;29233;708;16490;3277;23890;14758;11826;6761;1249;21008;14061;3204;745;28463;23849;22343;18301;6940;13226;28467;11946;21759;17153;26725;12970;19066;28001;6937;3674;16453;17581;29038;25583;28181;1749;17001;15332;20931;13411;24123;28726;15786;30033;12231;22484;9809;16414;5983;18001;29514;30497;25294;13277;22361;28700;1692;8563;29657;6676;31885;3412;19292;13664;27499;2995;18322;20993;31749;22450;22124;2097;32632;28813;25216;7998;19117;5909;10928;5785;27427;16225;15622;17706;
6383;19136;6371;743;2561;7665;15449;4261;2728;26519;8405;12846;32601;10983;27393;11923;13228;25252;20968;10948;6823;20557;348;4701;25663;19349;31636;707;3100;9747;15898;27760;17821;30523;11749;24203;26908;25741;3777;12476;18035;14860;2552;32574;190;26354;2091;11574;22371;12962;25217;24899;80;15838;12036;12374;30596;9274;11335;27332;26577;20944;4172;16281;4320;24886;16038;10800;20085;5549;10715;24064;9460;17819;25612;9401;30501;18748;8920;25232;18740;16788;14973;13526;13564;19368;21568;24272;29572;29677;25616;30915;8138;32257;8550;5454;5824;21657;1903;20732;
6293;13755;8301;26;3893;28461;8283;28358;7699;16173;4815;26441;24358;11618;8229;29351;28977;28691;11738;1908;15176;12695;24118;6888;2448;18956;13102;18486;26438;16716;22664;538;23043;11549;22848;689;25150;16296;17451;28046;25874;6701;986;22538;25409;14324;28097;11227;8570;1415;19608;6121;9687;30750;27138;861;11946;14683;23405;14074;1657;15159;5689;12464;22855;18493;3868;21870;28437;25590;26821;30009;28585;4004;30143;21883;5006;18226;4505;13725;26204;19052;5444;471;32314;1644;27324;10311;19616;13140;1002;17473;27746;31299;14538;5095;4330;14209;20681;27641;
31428;11517;15217;7662;5473;14586;15431;1091;8724;25861;3572;10515;5217;24874;16548;15080;887;16231;22444;17361;21755;865;27247;22196;1287;23126;19586;9958;12147;3923;270;15865;15955;4007;32118;17365;25024;5015;32570;3338;13532;16211;31004;25445;13328;20521;23425;15554;26776;10745;15385;21536;27970;22761;8386;22779;12402;23385;29098;10454;5994;18458;22196;18199;26312;9434;1054;1815;5200;227;14944;7290;26092;10246;32087;1468;497;465;18082;1293;21668;28937;14157;7007;28413;18260;3244;14781;17067;8501;23690;7390;24407;15933;23684;1786;5421;10624;14511;19420;
8345;17991;15745;25401;17230;5380;22766;30016;28301;17547;14033;5490;25252;25470;31886;8116;26549;17929;26613;27554;952;29648;21866;18983;20931;12838;28995;330;24201;32384;6258;14923;11810;3369;11364;5615;20234;8247;24105;23320;7787;19133;13524;29592;8607;29762;21285;11079;6384;12402;16485;25940;12195;16148;14482;15320;27958;18492;18364;15793;19429;10434;13487;16013;6259;25330;32466;27973;32550;1925;29519;9325;27156;10961;7540;10537;5277;14908;5722;19521;30777;17910;30660;8568;30324;4840;30281;16666;25654;2279;26294;18389;23112;20782;12974;2249;28436;14603;147;9698;
15788;11480;4778;614;24078;24365;8569;17354;12967;28756;13684;21706;12053;10749;17369;7865;31793;9011;4825;27925;7501;24719;10488;12126;31418;17580;19382;3368;30094;25818;20847;112;26787;5655;19072;27180;15075;17979;17835;21797;26307;30066;13245;23305;6926;25583;11885;24508;22756;18399;9864;5872;13058;8092;15691;2037;4676;29732;19728;978;9063;8137;25902;16788;21012;27946;15642;5350;29978;8801;25298;29410;4092;19582;10363;14631;19883;24373;5448;27436;6292;31955;23967;22996;29661;31350;9847;26946;31212;29822;6149;26862;9258;1855;919;12792;16390;32760;8384;32701;
13628;6665;9653;13993;343;7264;16119;3404;3188;27445;10802;19375;15178;25079;30821;5352;25191;2438;15172;28396;32444;32418;8667;31909;22364;7332;18547;7748;27777;16491;16313;27609;22480;14234;3869;15904;478;12289;13945;14750;20722;15192;29427;4077;13581;15155;19236;27477;13607;18738;9850;14492;25020;28536;29658;17182;20615;17759;9098;22304;1422;17514;30799;24161;27998;27004;29650;10994;19608;30279;25160;25672;18604;26374;18770;19088;28133;28783;15906;17474;22182;6627;26336;27129;22515;18409;11084;1154;22322;19162;22692;12594;11571;17886;15560;8317;14959;534;31900;8901;
4237;539;10670;30576;21803;27048;23321;4669;16858;3475;19881;19160;25962;16386;20287;10924;2665;11483;31095;19704;26342;23164;32649;1317;31098;8877;4973;16215;14218;14290;9795;20290;28870;2662;2033;8511;3061;8868;10766;414;245;17031;2559;28222;13309;25589;1631;9820;5670;26423;9125;27817;12074;1453;1024;12191;29803;23744;5766;3092;4407;9495;16782;24080;1098;27150;3162;21468;13972;21860;3066;14171;28477;25395;5996;24989;18663;4646;1800;3250;3123;25574;796;30652;4998;16853;9683;4424;7181;6655;29787;7135;10238;18510;29510;215;22049;8189;23089;17775;
21136;10574;10916;22044;17595;26496;11834;7197;24238;15099;8194;4437;29079;13263;1316;18010;11138;26716;30920;3786;25192;9298;28467;18398;4200;989;13363;27969;25940;20249;10430;28706;4463;10700;982;1160;11637;27476;6831;22757;25564;13022;29716;27631;16218;3033;11015;29867;17063;13995;25768;4298;11652;27042;23896;11577;4860;7725;20765;23796;9450;15948;17224;4635;22715;17989;26966;27975;18805;11929;15637;5918;31480;12854;31240;22565;25221;17646;2571;25302;22652;20008;9530;1011;22378;31701;10512;11545;11330;16806;27340;3480;31723;22652;2329;11650;16891;21025;237;16130;
11459;5429;2482;6639;31371;21867;31908;5537;15390;23541;19322;13572;8330;13372;19016;22762;11809;4309;20644;27814;3267;31920;30216;16598;17760;11411;28023;2176;6840;1223;17507;11361;24421;10002;2255;26753;27932;7397;6833;26635;8496;29141;11418;21340;599;21071;14232;1114;29617;648;26204;21767;6406;16820;15256;15446;20560;28024;30635;11581;25721;31137;384;27659;23909;4118;22195;19964;4403;27915;18166;5898;23232;19320;32436;27143;6509;30154;9460;32489;24099;20184;4223;4965;27028;26392;22597;18879;24515;29203;17149;27104;21702;12310;23052;14505;5834;8235;9128;22919;
22873;3655;18493;28231;9688;20933;9999;26924;13652;20499;7714;17727;6014;6060;2391;6375;19187;10054;15575;14009;10945;13644;32436;20625;21799;2958;17358;20706;28573;19256;13300;24138;27668;11520;14668;15722;13183;4516;7925;1268;22930;30356;746;22533;15818;8939;7978;6838;15789;8356;11798;21742;23635;22027;28186;14202;805;21361;2191;30559;16357;10532;24544;29550;9199;22943;2284;22554;10430;15357;29612;13703;15793;25268;1814;15331;25359;23167;13377;4601;30282;21916;17609;31235;4992;5944;26741;14528;12359;13096;17943;29383;21418;30169;5044;29723;3951;2186;31205;5631;
7836;9656;18045;14092;19769;29146;12908;31104;3414;19535;16100;15321;23888;11413;28090;32675;25425;24507;22798;12942;25110;14873;28206;3523;27381;4414;20408;32632;28958;4650;8959;21186;8737;18366;19632;2475;10160;25968;24758;7557;13990;10819;18778;6526;3913;28663;27055;17268;21196;14972;16173;18186;21017;23469;18076;5883;14797;32571;10292;30894;16259;13031;28418;28171;13397;16117;20365;29070;8352;25309;16826;14489;19720;19011;29165;28687;23740;20009;19825;10014;23803;22116;11802;23644;28120;28492;26920;24854;26682;26552;17775;1764;9510;2858;7349;19329;19009;19526;11356;30426;
16272;29577;22849;24421;12931;9783;27363;18612;18994;22933;456;4170;28902;1625;19740;7341;22235;12383;17308;17085;4676;5789;25522;5443;144;8025;16097;21197;19692;21657;21604;26042;16393;1244;32530;10897;15647;23559;31365;28823;4146;2210;17275;26784;29076;16708;22396;30245;25259;15948;6078;5783;18420;31698;21317;21235;25672;22494;15438;28567;6494;24791;19694;20052;4498;26686;24311;14020;14052;11676;31515;30941;6980;13752;9044;7623;13837;8718;7299;6891;6863;7293;31575;15181;3409;11072;30832;13083;5846;287;20420;4486;160;7654;12098;1232;22451;21271;30902;9382;
24027;220;23277;14001;3056;7999;1561;8552;2393;26525;32630;296;15567;12888;22574;4998;23139;23757;19323;27876;4803;19334;2059;11330;18361;23728;10408;8535;27124;24271;8216;6368;25611;24496;7234;17209;14015;26527;9363;26922;10881;29915;30624;25347;14900;19271;27661;1515;6963;27746;22701;31605;1686;19321;18410;14196;10161;4636;31336;17;21470;2254;31973;15386;28541;30720;21860;31645;9272;5441;2954;28342;19596;20655;4168;16037;14468;5809;18618;32035;12232;23016;16463;7671;21719;31074;17963;11972;19857;22289;31177;16677;21752;12924;2789;15099;6711;7093;12441;262;
4324;4747;7110;12211;5762;9728;26805;22069;4426;10238;21502;26583;27691;18757;13993;22417;5135;12712;3476;4569;23136;26745;4116;18619;24778;8514;6623;17964;29251;16565;27690;14492;27977;11750;2574;11722;9067;17336;13360;12252;21003;30357;18337;14511;6242;611;1027;28524;3781;13491;31982;25692;25382;10043;14994;16125;7901;32390;19869;4693;31145;234;23135;19334;24049;6587;24363;28323;592;7358;14849;5570;15441;24032;12651;26194;28791;28968;1189;28847;17281;9963;18176;11764;28907;6207;2696;4113;27320;22449;7653;22557;9839;6715;24959;9965;15204;27760;30694;31717;
13880;18426;21872;5646;17827;7494;29476;27497;9329;9598;10454;10883;25803;4280;29332;31306;184;25709;9537;27679;21476;7724;22144;21548;25247;28303;31700;31736;4648;8303;1285;25400;13868;84;30149;745;6026;22575;17043;18075;22617;21324;29920;12304;22828;24194;23152;22789;916;22701;17412;18256;7655;10078;5942;18219;3136;976;14244;16336;8903;5150;2896;13894;27955;9396;7751;29306;3981;5635;10625;31377;9270;21114;265;22653;15147;24753;11613;24014;24200;26087;13336;22987;16459;11438;21454;30146;30043;997;14136;11164;25033;2535;25489;2740;14933;14338;26175;16106;
16180;16939;1462;3571;5136;7919;31130;16115;22865;19373;28195;8269;27291;8451;22214;8121;26263;19334;21522;10392;25591;15542;12504;15493;30644;10289;14990;31277;28826;24870;30965;1632;27655;11277;2298;2920;10224;22677;7898;17049;13860;14302;29578;15401;29909;17129;8534;22850;28756;1357;13256;11350;4636;8235;28363;13235;16658;31075;4368;8791;22283;27400;5553;11013;3983;1810;14613;408;21469;17235;17683;1688;2094;8621;26714;20747;15934;10369;7440;2701;28937;16234;25273;20899;11730;17452;20315;5709;20074;27623;15327;9434;10415;17553;4027;21248;22355;27298;28622;812;
32735;18193;21643;29207;14839;27008;19290;666;31711;21172;26427;31683;12350;17223;9389;27944;22818;25249;17614;11643;25669;21028;25539;10079;5263;167;20058;26746;9435;21030;23278;9932;2046;28599;18828;12351;27141;21440;28499;30847;22207;26216;12577;14603;10620;15947;4460;22413;10771;22898;21869;1639;31530;25218;1412;21390;15793;22067;19672;6555;3504;7428;31806;1823;15427;27950;13404;12343;27362;2262;31502;24161;27622;11398;16392;4750;3145;16862;5309;28025;10926;10887;7040;29238;16289;14185;29161;22286;15135;8222;6779;22666;23385;3750;10627;17102;24757;4956;14659;9512;
17174;5416;26960;25577;19549;4599;27961;7284;15408;17256;28265;3988;22778;31688;17743;1555;4658;20289;19900;25480;6113;23886;23180;23408;2910;20082;3208;31872;11612;23082;4235;1594;11559;26912;2276;15551;32043;10145;9724;12004;20662;7249;12857;8839;9983;5918;5409;6948;1894;3186;4547;11939;21245;12461;17490;7284;20296;26578;8980;23262;20033;23936;1658;3732;6047;22821;31889;8330;30552;8814;27545;26118;5477;2562;18418;3834;31429;27247;24896;20113;26564;13668;2759;29192;24445;24866;8983;22975;3230;18989;16110;2192;25451;23879;31578;15711;9478;7582;15134;19186;
10221;23365;21335;8707;2500;11745;27487;16788;11861;1957;5106;387;12245;29824;22927;27486;9320;22932;22049;5496;23784;18667;1503;13373;226;15717;25457;21954;11234;21237;3924;31649;28657;20237;1663;1795;24923;3415;11335;11006;4022;9382;11136;22818;4127;22572;29413;23630;31943;10477;20666;5576;3503;7027;29103;4237;11951;1476;18184;24294;14013;31121;6139;30268;9324;7856;16985;32045;947;4557;28273;16352;24816;7004;14898;16021;27948;21201;8079;2688;14241;532;6696;25815;8313;23855;20518;21546;26841;25162;16998;9203;1054;30170;18395;622;3687;3861;22573;12458;
3155;2217;27046;30944;22540;27053;26191;24325;24452;15064;31830;16283;6142;15345;19891;20684;19153;3462;17163;14777;8040;8929;1493;13328;1678;4152;26043;27612;27368;2340;11587;4514;19139;9044;10670;21161;7953;12675;27169;11161;13229;19111;31234;18760;21735;20844;6821;27600;30268;4064;16424;32741;13925;15216;21915;25189;25748;29971;3172;561;27386;6597;15074;21564;17036;30519;3665;19937;21511;14533;5102;22906;27185;8360;23899;31022;6498;24941;17476;3082;16452;11173;4419;26963;1495;17375;2561;17947;30904;13523;10911;6419;13218;29152;3668;28832;11061;32185;19287;28465;
2294;26971;17919;25039;14232;16194;16168;9462;1146;11996;8666;19363;31344;3134;21541;15534;22982;30742;3919;14938;20866;17376;818;2091;24042;26205;18655;8951;28742;5185;26759;16192;17383;20780;30364;449;1128;3292;3123;9799;10548;8353;7853;2242;10824;16657;31382;17564;29243;14332;26061;24137;12667;31395;11493;11040;30425;28708;8140;27497;12616;31801;16810;19127;32481;8738;12300;14968;27947;21472;1346;23242;3738;16804;14853;26000;2389;15751;19038;20421;828;1915;8643;5393;3882;5506;4738;24986;32631;11294;23651;3613;16834;23304;1672;8765;10221;12836;4249;20763;
17000;17077;16158;9254;12211;16590;1836;18485;1310;22793;23876;12499;13524;3706;27512;1497;5399;13542;29391;3907;27853;23345;23531;4924;10556;14870;15081;23163;8466;31515;19081;20178;2216;27587;8847;26628;31623;28933;11625;23256;16172;20221;8465;15979;8968;6370;32565;7114;8651;23864;24726;7104;10210;25158;4014;18157;9022;1739;13973;3096;16472;6893;9253;199;30834;17778;27741;4108;21791;18738;26627;2977;3333;16076;22413;21303;24034;5785;11586;1548;18381;30430;17053;29372;3519;19014;31986;14681;8017;4751;9555;21437;20423;21379;30645;30751;32334;10794;11599;2533;
4994;25662;1603;3257;30771;11231;5760;19935;26985;7048;23015;14278;19877;20034;21421;989;28522;16407;15616;16039;16636;4810;1773;21010;3432;2757;13185;2565;15044;22611;18990;18232;440;271;27505;21576;15934;32157;18354;4363;15781;24471;32108;26657;11740;5066;8845;17099;4589;5283;32032;28416;24520;8420;12073;11198;11074;19099;22992;20383;605;29269;31682;15788;24266;655;3797;7285;20652;32621;10475;866;18079;16047;9240;4676;5881;23520;4615;10031;11856;15568;32409;9868;1852;14917;17872;2410;20317;16622;236;9749;23968;32408;20179;26346;23999;28580;31670;25449;
21767;24761;19442;3980;25694;14518;28212;30039;27524;7915;22753;11441;29081;20872;5813;1394;30432;16469;18090;6077;5058;16292;21275;11920;2326;26501;9257;16537;9631;29496;20830;27468;9430;13544;5776;9266;27370;29078;4104;5252;16902;14675;484;21240;31954;4018;11962;28635;8764;30845;382;1888;1656;15527;3750;20024;30021;31618;12427;19554;20851;23602;17171;14917;19874;29538;17037;13308;8780;12597;20956;14065;25862;27519;27608;7597;25858;22582;17393;3566;12505;3107;6678;3322;10631;20957;1493;11828;18103;27896;31939;4077;28738;7546;6174;6780;4338;30606;23985;13713;
18059;25469;4088;26566;21260;23001;18821;5239;13106;12284;26530;19412;32318;2225;2104;24884;29432;15664;7919;15277;22004;21072;26007;5345;1300;19960;11207;6682;25678;214;18883;9114;1967;6228;15011;30252;16032;3272;8626;17151;25705;16363;16149;22964;6643;24461;6061;16566;19666;24711;21566;10186;12162;9712;7120;26855;1777;10388;27989;2887;28990;12961;15501;31934;2497;932;22055;30027;3659;28852;20265;14573;27055;21741;913;11191;18305;26145;26684;27687;5405;16841;13320;26548;5099;17986;9270;7590;24802;3126;24594;1066;5451;5208;16341;17318;25800;32084;31434;15434;
23700;22021;176;2536;10252;24553;608;31237;32367;21971;28079;10288;7650;2784;24726;13458;30647;30124;22416;18631;29166;31686;6980;24300;25084;4449;12644;32505;9420;332;21717;26193;30724;28964;14608;19864;30857;30152;7368;16581;27205;19469;28621;15736;11560;2483;4144;2957;876;23192;25256;1009;3358;7724;18996;14772;7386;31013;17154;14688;18902;12148;9360;21130;25377;23159;20241;8102;10285;20336;18450;16416;27276;18998;2653;30888;31991;12330;3357;11725;5012;32621;17988;27853;31097;15952;11306;30379;16236;32524;31350;387;18412;19380;15938;9243;21622;3687;28026;8122;
30721;18890;3461;31805;4811;13749;11560;10855;15191;5165;13735;8313;14518;21139;22317;9474;29191;19226;5229;15353;30522;14975;12682;27145;1817;15860;2612;16940;13960;27997;4885;29051;7435;26046;2667;15685;10890;22516;7158;10078;2641;28580;31764;11449;14171;9842;15915;21049;9680;22387;27207;29637;9676;9956;5636;2459;25442;4636;1199;22502;10209;15295;4776;15506;16469;18485;28682;3935;11601;24154;28302;18484;32748;8311;26285;24503;2058;12658;30725;7706;14301;6721;10494;19511;24747;9124;10669;31456;11473;30740;15865;21616;31496;8694;4860;11430;32487;14869;940;17076;
19113;23119;4282;27026;9777;10383;4026;2712;22347;3579;21893;13900;16181;28270;24539;14201;29022;29736;16973;23681;10093;17348;23130;27379;13957;11371;3801;29024;27079;10312;7831;27499;26137;16699;16960;27680;31526;11730;9603;17031;1446;14965;31601;19576;18144;21216;12838;27568;21869;16343;2476;20773;2878;27924;4636;4759;5345;19333;21766;15976;1535;9140;11795;25005;5930;27783;5865;13445;28885;31273;27215;24746;10148;6472;25234;5701;19943;27265;22311;25351;15969;4632;32145;32629;1101;4077;12678;1667;1187;21419;2125;19301;19607;24899;13162;16802;10594;6553;30333;11114;
27974;31612;13416;553;1484;28892;22448;19804;18257;31799;6694;23460;4544;23125;28614;4632;12961;27701;6367;17888;10323;32071;8052;21504;10901;14812;17378;27505;7244;27098;7364;15734;19072;17332;28180;2093;7335;27545;31635;12132;6694;29420;23146;22447;26901;27637;1553;14263;10818;26070;15472;5077;22137;25792;25924;6112;259;10854;2245;835;9069;25266;6534;23378;22155;2231;5532;6110;7355;6120;17154;32262;8558;23943;2876;7505;4581;32352;14907;8954;29497;1206;9345;30603;6558;2686;30853;23213;9448;21451;16217;28991;9807;28042;20618;31141;21359;9327;15688;6755;
27283;26671;30406;32490;11314;28400;13284;14001;3514;11517;23052;2696;2445;29887;27993;15402;12361;21225;19455;25617;24397;31474;14567;24974;16505;22472;31129;4376;30516;5315;2911;15589;7860;13015;13223;31671;32122;32271;28586;29177;4635;30518;1867;10506;23878;1495;18242;28889;3331;1641;9849;32690;27961;2243;23222;17495;16755;21206;8315;7763;27619;31642;14891;28811;1448;12873;27245;16918;19532;1484;28117;24910;2193;16498;14274;15655;21101;11240;30338;26816;22099;20838;8893;32056;32692;2598;7696;19907;11462;29722;9464;8701;20356;7902;6130;27262;8182;1260;24544;9134;
17330;9487;29103;23258;3747;20506;13623;2440;16649;32473;21346;15112;26305;17480;12177;12364;15303;12291;4155;30202;14841;13566;15063;8382;13341;26742;1789;9189;8742;11559;11464;30248;691;7872;21118;30917;30169;20884;7539;21717;29986;14994;18986;17113;19669;21367;4030;28822;14968;20290;21120;31011;21652;29416;27106;9024;8120;26186;32148;23017;29888;4452;15852;4907;7255;22983;31627;6455;17339;21577;25150;27061;11969;16123;23330;8026;19224;22363;23052;6589;2257;24779;6695;22374;7199;28482;3551;13864;3164;19010;1534;3506;13389;31754;21525;22624;6055;24844;27678;24151;
12754;19361;18783;5840;8684;4092;6802;13236;22545;3164;31042;2922;10202;390;12408;21740;25635;20339;22167;27169;26642;27206;16005;1127;12629;7041;1035;10094;28586;25463;14207;11853;11685;3845;27808;11983;30382;21885;12481;9998;7753;4835;11306;10564;3226;29276;29371;31197;13352;7395;18386;21457;5345;16446;22895;18224;28766;560;13974;26111;4969;13297;1269;13122;22716;23003;14791;2138;18700;23398;23032;25745;31814;28502;1418;23284;8217;6195;21047;4705;18356;17658;14680;3040;26833;27154;7429;9014;10738;9857;10366;32184;26090;18784;4041;23390;2208;19340;29341;32280;
10512;4511;26239;7013;1170;2591;27691;3105;16223;31733;21557;11934;3665;6432;22256;12023;11754;10666;25487;10657;19096;25307;27274;23619;15927;16046;10052;22728;18136;26497;11498;28338;6849;3088;15006;16049;32181;12196;6869;11380;15221;19080;4605;8895;11142;20157;8292;23998;8757;25838;6997;12185;29401;30118;24964;29512;26456;21185;11947;8617;20716;5409;21110;15567;5671;674;20125;1437;25141;4175;8271;12180;22882;21718;14551;1770;30427;32569;27002;15580;30649;9671;18078;20037;30523;331;17970;14446;8275;26755;7497;28712;6245;8147;8456;20248;1867;20795;11971;27475;
24732;16519;24419;3371;21038;4037;2571;14152;31705;10236;23035;29946;21630;6683;31668;25293;24648;3120;9564;9566;7218;1754;32357;17006;17098;14081;10858;4149;20020;30660;31577;12024;23409;14515;3799;16606;21218;5183;23264;21504;31239;10862;28078;12991;21133;5076;25821;3674;27272;190;24524;14272;509;22704;28998;23202;10659;28178;21602;28365;16106;6694;26791;21431;26941;21821;14708;19031;31876;7979;5279;16698;25838;19448;29789;9940;32749;2264;16482;13844;1666;11613;10825;28987;27834;11500;10549;16109;23161;15470;22713;23944;8566;71;16117;8374;21639;22156;15874;11582;
25631;4464;13457;10016;25620;13824;4558;1504;24230;4881;24715;802;22718;17526;3482;22391;27507;30326;28026;14711;5842;32125;17719;21264;12767;5649;23179;8477;7127;24840;20297;28986;4792;28664;19451;29143;21251;30192;15818;2188;25793;28773;11167;25260;14788;23663;26248;29725;303;19510;6493;22631;21561;28838;31651;18954;8237;27499;11184;9237;29109;32025;29712;8692;1369;25514;40;20874;16707;32046;17433;27520;31813;702;7144;1500;13853;28594;26075;21717;9463;26900;7206;28133;15411;14676;12742;16673;4201;13372;13998;15558;15530;5927;1825;20244;11529;14702;2655;14943;
29274;8484;17539;28515;826;20483;16300;25048;3664;23717;4187;2886;16850;11256;31004;4123;11338;24300;29033;15099;6810;18542;5067;16983;5949;32666;14146;3137;28369;25132;14311;25726;24018;6968;13008;22749;19369;540;14644;12232;14053;26034;16079;11545;14024;6090;18312;6447;13829;19671;6226;15936;19144;9192;28496;20464;20471;27354;1852;28963;9143;29388;27145;19472;12083;2260;22215;28824;7065;26352;16072;27861;22628;12608;7681;21493;22241;21362;12978;10057;7916;21117;22602;21913;8443;26258;2437;17595;26975;29007;19927;6499;6342;9271;5645;12605;17923;27487;19506;825;
11538;28777;6831;23079;20310;18870;11959;7555;26918;10712;31202;7314;24712;9030;14104;4014;4412;21588;14001;17373;6653;3938;13786;9385;3843;21331;17723;6188;13772;10305;727;24939;11804;13422;11059;31973;11331;7550;17850;11115;10398;2532;28768;7985;10336;22171;3718;32550;914;21782;24349;13441;19545;9593;15887;13980;15224;265;5338;18694;17941;2273;15998;24532;16576;27880;25242;7735;13233;32511;3026;9044;17489;1663;32115;6479;22525;26594;3162;15017;21510;29888;32530;16845;7932;30718;14652;30437;18220;21058;13876;20466;29287;15017;5873;22300;31493;30653;18221;19270;
24106;9377;32198;12006;24392;22159;7269;14612;1253;13957;12893;23777;21151;25402;9942;23273;25709;12119;20010;4396;20263;4068;28303;32025;27209;20224;30711;9196;26356;22230;29492;21818;22581;10444;27744;31690;4234;21757;23676;28839;30882;1514;22103;1139;17253;29804;31409;13054;9012;22510;30625;13592;25714;9944;5940;25763;4419;15182;8535;9964;659;12315;5367;20795;603;2536;31846;15272;25375;178;24833;30257;12476;32123;8720;21514;24160;8255;13037;16692;5594;25129;1129;5713;3092;10247;7531;24247;32477;22780;9946;17603;16364;19828;28349;6255;28962;10845;9889;9255;
22032;31893;24891;17369;24249;10398;4943;29260;20377;665;7121;16562;10982;8818;5961;27776;16149;18520;636;1917;32416;25968;28744;26137;1287;7370;22224;18433;27925;20628;14297;28400;23652;3981;10356;6088;26659;30397;31710;2529;14103;23396;5540;12449;1248;20784;9994;29517;27262;24754;23470;16158;4115;531;14697;30616;11242;12291;14198;16663;29369;9971;20694;22955;23843;9348;5618;29733;26241;15167;387;18802;10466;3718;5295;21544;31312;2762;32372;27231;28502;28159;21066;10690;26303;13389;4612;27110;671;15625;3832;10458;12952;15331;26207;9727;13142;19041;7423;7961;
10076;11660;7687;25511;11523;9193;8506;12912;5567;20394;15439;5471;8869;4390;9112;12176;27178;25991;24035;12715;19246;7618;28574;26737;4409;461;16702;6548;11780;13324;17633;8908;11323;26892;7985;3879;16257;18291;22412;5793;5557;1079;21347;15348;19827;3855;8416;31921;13790;25383;21708;18320;15261;20504;32687;11524;10020;20247;32313;32275;4149;14444;10464;19813;10918;27943;9931;1691;20580;18702;26607;4066;27832;28889;2680;10695;11465;20642;12138;333;6499;24215;648;10300;32246;30194;31093;26557;16610;24107;3609;8484;4337;21099;30790;12557;3109;7493;10907;2218;
17333;7329;5801;29019;16722;16888;31829;11903;29102;25287;18557;29067;6207;27965;18143;21593;12353;21815;11062;19906;24314;19823;13733;21614;23361;8432;30297;9195;28225;16590;29803;22525;29051;23059;15363;21045;28170;2044;6083;7621;16683;30310;31075;17811;27132;2179;21912;20620;25732;22481;30523;22587;13812;8013;3495;28058;3628;26340;31331;16424;8833;810;8705;15163;9662;15694;17477;3480;360;14158;8074;20289;13383;24679;25442;14734;31265;3536;13949;9599;8393;2983;21452;17489;11865;14892;741;17999;15547;2861;28586;25579;11886;29633;9509;32013;8326;9785;12215;17067;
15861;10324;10866;7834;22538;6578;15299;19876;26679;16011;17748;24538;24343;8865;19248;4907;25775;26739;22057;15414;28149;6324;21879;12637;19342;1531;17313;27675;5596;6332;4769;21655;6712;6007;9027;27513;11644;16175;19406;17916;1989;16414;12774;4164;3447;29351;31665;2547;10625;22668;7225;12535;7394;15969;16145;3749;26476;4417;5948;23308;11719;15551;5450;27267;16570;9503;18628;6533;10662;4551;28874;10943;24659;7152;32763;19302;3567;30113;6037;12750;340;7390;15837;2617;14474;20253;21442;9709;9101;20729;3517;8329;1104;24106;29691;28568;4097;21941;11710;4199;
13711;30304;7169;18452;11626;16233;1883;10728;13962;18807;25893;22502;9394;11217;30687;12708;9206;16846;20176;25946;21883;25741;26861;5945;10622;27877;32508;4862;6807;4511;14585;15302;11839;30179;21177;11812;24209;31729;29645;18545;20813;12306;16041;3427;34;24525;23302;5345;13869;12637;32644;32534;1725;20323;16020;7621;8537;31961;6805;18396;9988;9543;9533;2891;25791;15673;11835;12566;5968;1776;17690;18345;7234;3928;4713;10093;13357;30522;19481;9624;14903;23731;18726;26953;29915;30949;30842;5844;25577;17900;16142;17754;12238;16659;338;29342;7702;7496;23503;26899;
12079;31182;20234;19514;18800;28978;25260;16170;5465;5248;993;22896;28445;9910;8958;24090;4445;11385;21606;26895;23863;9223;30894;1698;25471;31085;12287;26982;4940;2810;7356;12867;12727;20979;14693;32457;32479;904;17852;12741;11313;15879;3878;10770;2022;5712;6227;23474;460;6537;25633;32541;27978;5907;26558;19161;9374;18108;26637;27467;29034;7990;17996;11469;24175;28872;32755;3073;22168;6211;26079;8292;13626;24120;20143;5414;11162;22120;18543;9273;8112;21372;3444;18344;26666;17142;16518;5418;2484;1384;13381;30711;22903;5859;16837;15578;10463;7091;29308;9351;
24226;9545;350;28720;8446;17273;30534;7251;30018;13798;26264;15830;30863;20922;2596;13653;5600;28570;19278;11451;23880;30169;29548;4879;24699;21227;3184;2705;14480;31773;13511;32006;6405;17540;27265;19024;5124;8243;4529;17729;29668;10161;14871;29361;19955;28587;26620;16078;12915;2277;25694;7348;7650;15478;22605;17470;3967;22581;14229;539;26889;8047;16029;20004;31690;13275;1935;7148;26324;2767;31417;6553;10891;17075;7732;20723;5475;27831;2243;24251;28139;7873;31741;13374;32267;25001;27055;5930;25481;20393;26748;21407;18898;30479;23494;21641;28920;21813;21202;5678;
9719;32179;25382;9987;4156;16851;566;10948;30824;27718;8768;5059;27729;25877;5749;1665;25673;20954;601;7035;19876;1583;22636;29510;7796;22631;11274;20702;22167;11900;23184;11836;4596;22345;20416;32550;4097;1017;26983;5707;21641;30144;15932;24719;17836;13257;19468;27300;27431;23919;20756;25818;13013;27823;21679;6456;24182;31965;9009;1995;32432;27031;16658;7486;8019;23032;6479;14251;2273;3085;27405;28081;15182;29837;14975;19399;1540;1732;18699;31695;24874;14545;22696;2799;27686;6161;16011;16796;13664;475;2306;16887;12105;21614;15520;24669;30365;11303;27802;27193;
19941;248;12913;20253;29247;14357;18641;24594;11617;32240;19898;6444;18652;31848;28637;10593;18078;16701;2889;11418;699;26824;31046;19467;8813;24809;6017;14528;29785;22592;19050;13433;9747;11680;32475;7352;29413;29632;28410;11288;12236;23860;11872;26080;22724;9372;16763;24536;837;17692;17456;24156;23054;5900;25541;30382;1569;9456;12287;11153;10511;19626;1927;14355;19573;238;9106;31914;27335;16119;1729;17026;30028;3192;21318;18710;31594;4566;19529;20990;22308;9364;1674;7943;737;22031;3143;5769;31855;23147;30816;501;22855;23501;19641;6830;28691;3530;2016;22810;
15213;5408;15856;14840;23018;6052;14517;28148;20311;2172;25360;10104;27458;1166;925;31430;30909;21304;2708;1092;7006;24386;30445;18710;32138;15377;5832;1522;13299;2845;9995;24624;31328;21925;5709;11553;11693;11937;28403;17314;10002;12536;11416;3057;23720;11763;179;16831;27432;8177;19059;7302;27894;13661;17902;21020;16991;2014;13947;10121;12063;21453;4188;1046;28967;17388;26017;15014;13469;9557;6728;32073;2339;6064;9129;12047;15452;3497;22290;2074;15788;12706;2990;16375;28480;676;5035;12847;2127;15772;20635;12568;27807;26308;26395;31473;7498;1887;21939;1326;
9922;29609;29438;4625;12307;11534;5899;17530;3944;13466;29698;9728;2001;25009;25099;21312;5187;4352;8811;17013;25569;16307;24048;22602;27513;26344;25232;16108;12370;11108;25677;13154;12325;13701;17756;15649;2665;17784;10629;987;20179;22444;22733;14233;5406;28039;13651;16137;16904;20055;18552;8217;7581;21643;11074;22212;7863;6947;19971;3628;4038;8037;25397;28650;28877;10962;29097;32162;15021;6488;20961;10458;26534;20425;6842;7436;25883;30348;16717;28665;21141;19603;28696;11329;12811;9868;22873;27185;28001;28252;2235;27356;21806;14025;30772;26989;31938;14198;27694;5819;
5992;17685;23269;29470;15080;6616;25360;31362;11088;552;5571;22201;5108;16794;6036;3094;20916;17439;23805;21559;12925;28539;1537;6946;19987;10488;7442;21140;23565;25435;15667;3989;11041;18711;25434;9808;7585;22209;28440;14370;20294;31172;5755;26609;18477;1878;20788;10431;24863;8106;32501;23166;15637;20839;19741;10534;31739;4442;8087;25094;2741;23143;255;13143;13408;2502;24071;2583;22746;19308;4122;533;27780;10950;31551;7240;9542;7085;17215;12132;30932;3991;23562;18095;20528;27402;31063;25361;5233;28503;8587;21099;30914;27780;26588;4394;9645;20362;4534;27164;
10650;24769;11101;18562;21138;18072;20437;28774;21833;8329;10239;4399;25948;20044;25860;26226;8919;14155;14838;23307;250;9815;6325;25197;2621;3481;13840;31798;9617;18123;6445;5639;16617;9128;14891;16274;1273;25248;29701;25844;30269;23505;19898;838;10046;31283;24235;2926;24593;21778;21060;26427;24352;32194;20190;21682;5933;21902;17380;2978;3731;32753;25397;24959;17359;17673;18890;24428;15168;30792;7065;32410;6699;14189;5817;32465;29442;5554;25030;2892;9958;1863;6535;8650;106;8448;25038;28642;27546;75;32160;6807;28476;28516;12950;9260;19285;6604;31619;25658;
24815;25847;20055;17919;18202;16708;31044;16633;12593;1843;23327;16307;2654;13523;31496;26848;27232;8057;17229;32422;18316;28087;25484;18492;2578;28044;7704;14775;25730;6873;1182;20001;5519;27156;26633;18380;30482;11072;32674;19173;32338;6429;2940;1612;4482;26780;30223;24227;22155;27797;14627;20390;24332;8636;2544;30650;21919;14034;4227;456;4191;25880;11875;24907;11431;11529;6261;5288;6172;19272;18461;25023;10989;31192;1958;16575;14169;20875;7652;26942;12914;24509;23831;13705;23073;17473;6419;20536;31851;27548;18590;24582;17394;14705;22042;9696;11711;14141;25444;16700;
3134;6981;1275;3756;15242;15308;14437;21683;27371;17032;6606;13015;8094;13399;7411;1783;21716;8495;19774;15583;23804;4179;22834;15386;26693;31949;27914;26631;21599;30232;8349;26160;10626;14621;31877;7894;26802;21857;23168;11217;3905;12924;9494;10647;29589;2509;14973;7834;24364;10348;30393;27863;2524;3424;10503;427;23136;14354;30844;14313;4112;15106;31722;8235;14832;26297;2307;9061;7916;8447;32449;13248;31586;15437;3845;32677;14305;25477;19326;23319;32049;28129;31180;21319;18835;12073;29413;8290;27465;6186;4536;27054;1113;15203;29969;4053;31631;2561;6333;29057;
32449;23822;2542;24104;31318;7909;15073;11050;10761;10473;14781;7961;9963;10614;20159;10071;5799;9752;17812;3047;24586;28155;26118;5501;2243;4259;24539;22999;8295;11485;11770;8784;23736;11254;13520;8371;19238;15658;8178;26189;15254;9567;17156;20806;18531;14100;473;25649;8098;1684;987;15329;29099;11887;13998;6014;10453;14378;25616;9945;20096;32054;24324;4861;16729;5151;3119;29959;8409;7686;18818;12087;4623;2129;31001;23622;16800;5793;13155;18682;18188;18692;25732;11257;19762;29293;22775;4059;9239;4961;32120;9090;8163;19698;22049;25774;26924;32753;28883;22732;
8823;27744;22231;18447;1788;25894;16837;11970;26282;27654;6053;22749;9067;18898;29269;23510;5033;30428;13867;25273;28177;26542;31706;123;8855;4603;20890;31884;17594;15829;6019;19883;27401;30495;31546;14078;10214;13126;22224;15202;32650;32556;30439;23296;32585;18789;3095;20257;23063;7334;19344;14403;11852;24186;768;29291;22692;26167;9143;958;30858;49;2313;22859;2454;12589;32243;17964;13908;19993;17922;30925;18503;15354;11633;23179;22829;27685;25745;3457;10629;26802;10862;31902;16463;1326;2736;12795;14355;1936;12991;26476;23844;23918;8747;1366;294;12657;14922;960;
10190;29959;28963;25004;28905;12887;11146;9895;25504;14970;653;8863;32506;1000;30735;24565;13218;19760;24243;31699;10987;22509;30972;22720;32529;20469;5042;24433;18626;13011;8071;16866;9692;19320;3578;29862;7545;5677;30076;21116;1321;8396;16593;7714;19326;15152;28090;22126;19406;3050;7889;4250;3892;23861;1204;19680;7896;13869;25189;31046;19312;5179;12529;5820;3591;22740;9808;13412;26109;16227;9101;13617;22608;28547;20007;5043;29721;32626;22710;6193;90;31426;16081;13561;14070;16722;30768;31988;12545;21117;26382;26749;26682;22673;1489;23667;29142;2179;6125;10125;
22144;10721;25094;27118;11165;23303;11605;6906;20948;26006;6732;8551;31950;14114;1661;12695;26682;21035;2488;26149;24085;19279;20083;18110;29224;9917;18799;12594;5842;10733;5273;22730;28423;30095;28975;20445;409;31681;13603;20382;12726;9860;10180;12856;8371;17009;4507;21277;23815;424;915;18842;667;11018;6494;12720;12353;18856;15123;30495;30337;28794;8732;22211;9116;26197;9551;2595;4299;19991;4187;20808;21704;7973;2662;20171;32655;535;20468;27186;17254;26033;17419;11389;12059;24597;7317;19195;23949;12344;11781;21602;15981;29587;6717;13343;23622;25627;26287;32747;
17339;12914;15811;17311;28689;20575;24441;16201;24813;16252;1360;19327;15710;14382;15718;22515;10269;15578;224;14408;10516;27990;2444;13092;20510;11934;10949;1927;29966;31433;12696;23643;14578;27963;4133;20044;11417;24347;22599;4057;16466;10248;18807;20395;24823;22279;30189;22822;26154;30656;17161;9023;13791;14315;18674;16781;16667;261;21885;27554;15866;23111;5712;3739;17143;9944;11847;7414;10088;5186;14870;4260;19784;19747;2096;21343;14393;17445;2024;318;5577;11055;13270;14727;6901;27357;31613;29124;23276;11822;28714;32537;31509;22141;14623;18900;26706;27571;4849;24390;
29063;23738;24111;21970;27478;9269;324;14147;16685;9582;8607;25954;6019;21903;30737;11465;25438;1302;17526;31218;6937;23939;9367;25747;25700;26451;21071;1326;25484;11314;3309;18659;4093;18797;12762;14218;12805;1702;18556;24574;28122;17611;1369;24251;32735;22857;2176;12972;3619;10620;23333;21566;13098;6762;28811;17081;9713;10418;11815;31696;9004;15551;16130;4471;31698;3905;13919;20980;27867;12766;17822;13881;9289;4132;2400;2673;5989;31939;12780;1241;3659;7929;2769;16081;2216;21581;9677;17459;24515;23168;11502;11491;18874;21953;8183;29863;8718;1824;261;1337;
7010;18245;13426;9883;16000;6498;6138;18859;23197;27238;5404;24823;19166;20596;12995;15314;13595;24211;27174;6056;9698;24743;17133;23438;11711;5024;31381;12829;25530;11761;15125;30081;28962;19523;9410;8653;2697;5739;12144;16785;31248;12442;9946;2223;7909;19668;17988;4458;1545;28836;14174;28608;87;17165;30828;3834;22978;30403;28068;3457;5598;9372;8663;2803;21922;10817;31316;7286;19052;24873;25098;23373;23109;16840;12268;16809;22886;18179;19610;18881;31996;9704;23357;804;27433;11676;27058;4686;3147;25492;27628;20090;384;12296;1683;29112;25706;11941;27889;3903;
13359;30595;22031;17412;5060;29782;19739;21900;15724;5608;24845;13054;20347;32199;30603;3196;22112;28730;18185;29875;14306;8826;15412;16561;25514;14623;20113;6647;27906;2777;2145;30416;29148;31584;17865;27873;29462;686;28463;4608;508;13419;13031;24394;26383;23465;527;19055;9733;32465;21687;2385;784;24541;31046;13262;28003;19656;29464;14297;29427;21571;11372;21456;8570;12970;32638;2825;30914;2870;23280;18607;21024;16756;1390;9420;24894;1782;17554;32678;12830;29000;27397;26447;18524;11301;4584;31608;17332;7147;370;17286;11715;1101;3290;10984;21778;1864;25975;6055;
22864;4184;10534;20286;19679;32747;12268;7597;3987;11030;23772;29385;18102;903;30267;27094;5711;31675;18659;28503;32675;31601;6885;31013;2301;30814;12658;1215;4779;1826;28156;20449;32073;30843;18072;32600;1346;22200;7591;10260;30611;22385;15541;28287;9170;5494;30369;12301;12143;9989;13566;27412;11835;25664;29882;22751;9254;29149;30205;28158;21581;25632;9044;13535;308;3590;29711;13987;591;20676;19944;26154;21192;32623;10725;16752;32124;11005;127;7453;2631;27244;16643;20055;20609;29505;22585;9947;21192;5684;2628;30540;2048;29738;9161;3018;13721;32611;18003;22215;
16144;7413;21494;15894;3769;31353;15923;15941;31675;27652;15388;22573;20828;26201;11192;31943;23423;26972;8873;27458;7274;28362;29196;13650;4045;12584;8609;24010;7936;24313;9772;17773;10893;3636;22299;23041;19694;1013;26472;15270;15000;9331;26049;19558;25400;7986;2023;24077;14396;11130;17748;29243;15509;26887;1312;16567;16827;14594;25381;30726;30194;9008;20578;27709;10189;7018;4765;10259;25328;15181;26444;5178;18969;17458;19894;10480;21090;32096;15446;24017;17344;17025;17792;19439;8912;22099;28487;13860;26579;19872;17053;27559;9974;9840;21948;14558;3544;24445;21957;23155;
23110;9191;21415;9898;11849;24361;22595;24818;25954;19788;974;27578;20244;23387;15478;19589;29347;27670;12360;13889;16412;21738;11857;3540;21141;10017;6915;7417;10166;6487;987;26442;28792;9517;5697;21917;24365;11585;32176;11156;5825;16221;27926;31600;7999;18158;22398;3110;918;17336;7148;26037;31902;22729;10376;30646;19798;18347;22783;3637;13424;11230;5159;2239;5903;2693;27874;1980;18639;2656;19012;1024;5382;26618;23288;1180;27977;31268;22495;26362;24882;23201;23035;27945;17249;1827;18316;1653;8129;3703;7288;1595;26380;7676;4592;15611;29586;857;26961;10159;
19254;30319;24136;10587;17081;16269;1082;742;26171;3555;4835;32040;19198;4666;26173;31044;11886;12770;13731;23352;1630;26091;17974;690;26261;6808;7296;17958;24457;8976;29015;9245;14954;5463;28164;7888;13922;8829;29605;30197;11036;16149;29136;13017;13443;12265;4217;15023;19404;20204;12566;23335;29110;7280;2816;1347;19984;28825;26397;10855;26748;24850;16060;28591;24180;12030;16832;11140;14986;20786;2049;24946;20724;28321;29167;12340;17735;23831;31865;26129;7555;30763;3117;12140;1616;25711;29600;5014;11399;4841;14608;13286;20468;6343;24392;268;29531;12110;13764;23202;
19896;28692;29718;19716;24779;8559;9352;24930;22740;10029;8707;13331;6556;27525;11567;17708;7348;21582;23772;14162;1281;6255;28065;28876;2937;2455;13506;21212;10535;9774;14935;31568;8821;1931;16043;17492;22442;103;12003;30346;32434;32657;19680;24925;10782;2788;3686;19858;16747;26231;30589;32287;20103;15379;29719;13121;17553;22250;29940;25545;9184;18309;21443;8374;8008;1023;17034;22281;9880;22641;19015;25557;31335;15277;7384;11926;11537;23599;15896;15811;13564;31056;18507;31143;29728;23741;20412;4460;22726;2088;10660;13945;31631;27453;6734;8702;24249;13784;11897;6348;
12958;6773;17406;24939;17277;5352;1458;24678;29821;2382;24206;20202;27631;20291;10253;16271;21716;32085;6102;25974;22943;2233;12443;20884;15420;3389;14913;6733;12112;20862;1345;8517;21699;23387;32078;27507;1404;10409;20280;16247;18027;24616;9744;32301;3789;3766;17293;27010;17323;17603;30638;19846;3236;10245;15265;16323;26093;19821;29668;26830;5014;28505;7594;3099;23055;21515;27520;16917;8170;30810;5424;6254;23778;21159;24293;3252;31261;16915;7057;5414;1966;32239;11916;11205;27486;6517;20606;4014;27820;28597;7038;12454;16914;3025;8827;30967;906;24941;6107;27003;
9809;26978;18275;15350;26091;30386;26455;32680;15975;22465;1250;25635;23524;6082;4023;9819;9044;29807;18681;21500;14464;23549;6489;22784;9549;1871;4734;2944;1597;1130;8105;10698;24632;17705;10649;32437;909;1585;12716;8241;8244;8744;10312;31778;28502;9506;633;10095;5646;13404;21211;9045;9586;7725;27067;3330;23501;9785;16505;27487;2863;25064;13360;3885;18728;14615;21401;14675;19408;24333;17453;31606;6154;22448;650;1739;25866;23800;536;23849;22805;14501;28652;6243;904;26157;7405;15316;14364;4345;21301;17467;12136;17104;6842;27082;4264;22164;12589;18553;
18620;812;14626;25248;21108;4801;25714;12741;21514;6701;7645;14770;13808;17584;30196;20939;5836;2021;22327;6303;16578;21493;17786;17853;1009;5131;11405;19913;6720;4872;539;3279;30810;6263;16083;27350;12279;20931;29382;11961;18270;23463;30992;29490;10791;32743;3771;29240;5958;31550;20704;6795;12357;24471;26127;9101;3537;26240;22257;4947;32120;18395;23084;27388;19633;26838;6023;27969;17693;30494;9807;13134;15884;17488;19193;976;26435;30129;14344;8272;12541;23582;22066;31935;29999;2118;22462;5458;17936;28438;6960;22160;1497;12917;8488;19369;11209;25138;6536;1801;
23149;18746;19413;31021;11038;6927;24288;10677;21195;5493;17317;1723;1017;27247;18291;15972;12807;1641;4429;22196;6583;1719;3729;30631;13034;29758;4823;7037;28587;5745;12060;6485;27759;29312;1056;15869;30107;19147;5132;26377;1607;12957;22360;21538;9282;2583;6380;8865;15702;30314;23941;10077;27085;10826;23131;6848;14387;4767;16129;19233;26206;15229;22156;18765;11180;342;17399;17255;30860;25198;24006;499;20288;1168;27882;15149;6625;17152;21221;12447;8611;22704;23342;19186;2906;31414;15319;10245;32061;30462;2413;20284;20970;11068;8736;27;31915;26661;21539;20243;
760;5343;17238;1179;12093;9910;21027;29315;24797;16656;4517;13189;7542;4515;32016;2334;18279;15589;1101;19356;7567;28356;10724;8311;26712;25496;14367;27364;30708;32086;20845;10920;22503;14598;24580;15658;23494;6263;10442;13517;26942;21553;1398;14972;9047;27051;2546;11655;23290;22974;6404;30125;26802;11098;11310;15226;21423;1656;21203;31443;27152;31567;11418;9167;11874;18891;25368;15816;15971;15675;26281;16562;5900;28746;29342;6316;22991;3376;7326;2005;30494;24105;29510;23137;25132;16934;28691;8428;12791;22979;16514;25869;21382;122;10869;3119;12655;26134;4057;23708;
29853;23658;21894;22747;16976;11586;12646;25916;7013;3226;9178;27569;16600;31502;8281;29151;16775;11410;10587;21877;5433;18275;25461;8893;26846;3902;25541;14705;25;20687;15760;13263;20475;8556;4906;17391;14098;18179;11798;31573;30370;23633;25199;12483;20786;1365;16774;30800;29258;18437;24525;25022;892;23871;12788;28937;4769;3586;17745;1340;11621;28894;22405;8584;22022;7081;4445;19607;13656;7540;26870;31262;11789;21693;28453;12978;13619;30183;3093;28124;5118;21991;28466;21103;30408;19775;13894;20761;27990;18224;4066;19769;16477;20779;23808;18416;16452;16010;5606;16763;
28972;13437;30286;17600;14382;12871;13507;20774;28131;27050;18766;5802;31274;31647;1874;14384;23845;27979;3765;2070;18821;26927;22592;29455;13320;8351;24905;3375;31807;24949;14991;30018;4757;13318;32357;610;16269;5461;29203;28617;28747;8583;22137;31459;11350;17047;11253;10151;6300;14155;28039;7976;11191;1639;1843;23655;30574;12832;2983;7020;11135;16339;27934;16021;13724;26615;15748;7725;8883;593;14811;30272;9586;614;9437;26286;26123;6198;13539;14719;32564;18727;6405;25462;19570;5440;22915;29417;28056;31895;5988;24784;9098;30989;28508;30747;27207;16440;1011;18249;
29735;24993;29412;20534;27233;5424;14787;27188;5839;19940;19939;2654;23286;25799;27511;26153;6209;28706;24567;9276;28045;6893;21446;3970;28138;4233;22289;125;13472;20658;13818;28893;31345;32687;22518;27985;4126;1739;11891;22941;25133;6409;30399;15085;27112;28692;21285;31848;12201;21877;32601;25097;16981;19464;9238;7594;18471;28081;3589;14946;3247;20811;19425;21009;12314;3297;30681;16697;23475;10273;12341;19728;8106;4877;829;28627;24084;29940;21078;16220;26420;26529;28783;8695;11001;29394;32667;17778;9159;23532;20991;3187;24187;7660;20975;26126;17321;7585;13652;17303;
1575;28185;81;8373;23248;14681;6950;20920;23938;8528;32596;3117;18281;11534;16386;23983;23168;5682;29087;1280;9812;2721;13513;24920;2572;13950;26733;27644;6054;10838;18224;28691;15491;29082;29710;29877;21286;27987;14913;3398;569;18193;1125;1026;3280;4132;20185;4824;30706;24847;6504;7804;10582;3386;7209;10168;25450;16103;17315;26371;17049;3943;14389;18004;8142;28558;29878;11576;31796;29796;12376;21283;23105;23581;8146;3075;10226;24396;20926;17179;7768;8787;10815;6159;14931;23326;16872;21051;12958;32529;11225;7753;3851;3390;26411;18947;17680;18652;32655;29285;
32131;30708;8497;22519;26530;31326;9187;19802;15702;19692;20855;29728;23737;19685;27500;15329;6869;20405;13262;22410;13231;25314;32087;7417;31620;18498;1754;711;13650;620;9698;12389;12954;1388;1174;21611;8292;24507;30431;13612;9605;28526;10957;12174;13853;30637;14391;6169;16483;10855;21410;12877;5797;31300;10340;12857;14986;18651;7690;31817;28059;17702;3318;5984;11009;3634;9805;1318;28304;28187;4880;29860;27909;16696;3720;782;8588;23955;32744;32479;21638;3740;22318;24875;32648;31006;12618;28977;12967;31601;1922;17969;24307;24050;28181;7037;10817;26544;9758;10961;
12334;11112;1724;231;21600;8372;368;71;2575;23935;17862;1629;13508;956;18488;26317;1633;14167;12367;12555;32354;12396;29195;29734;28258;15800;5765;29924;10209;19277;30675;2580;14148;16777;29740;4896;20509;20552;23628;15586;20141;31321;8474;2232;29352;29999;1161;18907;14135;12505;20924;3308;27715;7221;24685;7632;29937;31072;26511;8126;20329;22128;25394;27542;18908;32358;4520;10357;2245;30302;19430;21126;17007;23305;15660;9243;21431;12893;15849;5372;4627;1419;21977;25598;32467;22322;10608;24280;16295;18898;22139;23603;98;2691;1029;7168;8701;21479;10615;526;
23263;7517;20740;24284;11355;19063;22852;15020;20859;28335;31263;22232;2812;31061;4333;22889;27801;24012;30683;22246;3981;3062;27793;11882;20051;19693;18962;27641;28080;22516;6627;9492;22259;13229;16495;907;18300;14220;18602;29331;6523;16779;4853;8728;2554;29727;27458;21589;8222;4203;19064;10657;6569;16564;18201;24204;196;26390;31010;12330;20220;17525;21810;23215;16778;2998;17135;26172;17111;13614;29349;13817;3391;9818;13873;3428;27413;465;24862;32745;14312;13176;29709;32434;1797;3317;5978;30912;4925;1638;10492;16699;23529;30546;25005;12294;4907;23519;21836;12439;
16758;31302;21119;13062;16976;31877;26012;13155;32342;21076;714;19277;1665;28505;7011;448;29865;14751;8861;19759;13639;15429;17770;31699;7807;29299;22940;30274;30814;16018;18509;4163;23136;25021;30590;23521;565;1906;30462;12990;1988;14734;29838;27050;4721;20600;15170;25204;29595;13212;16938;28672;19049;32283;3634;16538;5319;23488;27463;17034;20907;12855;16571;14057;6301;27257;1259;26291;19062;28299;5151;11805;16232;12136;28337;21032;5694;18236;8818;21622;2277;3026;25417;14684;27180;9552;5917;29754;12488;32034;22773;28167;13211;6452;14174;23088;31542;14180;12814;19875;
19612;15671;15046;19494;20808;20426;15741;16366;114;10252;29626;3949;11663;30507;1858;17771;24599;28492;18419;32600;22666;17535;30960;5601;26293;14834;30974;13249;30002;3941;18990;20186;28206;25309;15549;14212;23918;23197;16696;12837;29588;11090;9699;20226;20127;20110;17244;29780;11186;32119;23676;20127;26134;17345;13694;6975;26497;16089;9827;323;28057;23907;11412;27775;18612;13031;16330;7901;30690;13255;28203;27636;17965;28021;950;21212;19743;3810;16608;27200;133;21818;25727;21172;10099;12494;3304;9033;26248;13906;13396;1119;16243;12360;19593;27835;10678;25788;15798;13530;
10410;25394;19614;29828;708;28381;11256;24228;32278;22801;15638;3926;17945;24571;17350;66;24233;26000;4470;5929;18513;4803;27547;701;14793;15099;12627;22966;4797;5060;1096;12322;27600;5316;30936;5884;26593;5106;4468;14849;10893;29186;2374;4031;6133;27427;12823;20463;16833;24557;26991;9220;9573;10901;26878;17924;8098;21604;30266;407;14672;16231;13642;19294;12636;6247;8995;25221;26637;9499;31473;12444;3979;17053;2744;23458;17825;10267;15163;15971;31426;16847;20253;15109;19018;14385;7494;7133;10247;30571;19080;30343;1784;19213;18050;17717;23892;25090;4037;10823;
10702;20163;822;4636;24088;22474;15028;10024;21158;11338;16122;19527;10164;20765;4294;4433;14218;23037;19771;21999;32255;17144;29059;3757;6460;32286;442;24656;18370;2429;5895;1385;1967;8527;6412;12842;15164;25201;9857;27257;30347;28951;28955;32323;23200;30655;4275;8211;8621;4707;4516;18915;16530;31219;17013;25650;16804;1026;1208;25430;15533;19136;9521;20244;4149;4392;32571;26734;16384;14202;28520;25020;7384;21484;22888;23806;6541;17308;17708;9329;28985;18378;22346;20832;712;836;10404;21821;1464;27681;16709;6384;31774;1458;14987;9839;1514;30390;19595;4239;
31083;20429;19121;3354;25878;5680;21415;29985;24195;26270;14456;8083;17080;17562;24310;18959;19370;27091;9049;1015;7937;10724;32040;20422;14876;15933;27485;28323;24405;3681;27588;2614;26758;18515;420;12474;8908;23882;4001;22355;6026;13996;2273;22178;26289;14138;15726;5527;5695;23688;17883;22151;31494;5297;21035;23167;7855;7240;24558;20183;18174;30866;7085;14602;600;25074;29064;21701;23938;12964;4382;6205;9899;11694;26797;21190;25005;12820;23418;6562;20880;11852;14196;30486;15183;26609;11796;4035;17887;27580;21639;12852;7022;14767;28431;1204;12265;403;2983;17762;
20672;933;12262;20615;25069;27021;7717;24870;27699;11151;30180;16341;24739;22021;13162;21452;13669;17165;21164;19004;16309;7295;6512;18402;28460;14882;19634;22747;20033;12319;21831;4794;27663;8629;6080;7384;4953;11311;913;4843;29387;32275;7539;30170;6786;28317;2310;7888;29391;10603;21947;26768;4152;17018;4849;776;2240;18001;28510;9512;11881;6780;26545;4340;21238;16956;18549;7640;30965;23421;1849;15676;5629;26632;14062;11609;18997;14074;7056;20043;12565;629;8457;19815;12145;5525;14674;6862;25267;3750;26075;23874;5480;4500;28717;22585;23806;32418;5582;30768;
17611;351;11108;31042;10834;3031;31518;23545;11970;4614;25168;7268;25024;6546;29277;24426;2406;29113;6362;2653;11148;10119;4848;30931;15430;2637;12290;17585;5549;21584;10128;21640;7395;19390;1628;9253;14417;28646;30411;31587;31539;1703;26765;1860;10839;7721;23424;2368;32289;22220;20946;4317;17875;2398;11623;29568;20491;7569;31866;30339;15502;9388;31110;24455;6979;3200;16999;24332;31875;32414;2748;2367;22160;16327;19857;20754;25698;9124;16955;14738;25002;26807;6274;12662;18449;4242;16390;19699;29120;2119;16091;20952;17702;13599;23415;18902;19957;14735;7630;3871;
26478;1639;27579;1844;23519;3149;17570;32759;7530;8554;24660;25352;31751;28515;13618;13134;31948;32139;10646;2260;13933;11095;29806;32471;22271;12050;28970;18461;14081;27857;27353;23944;7580;14762;8846;31466;6698;24353;5385;24091;5878;29411;17299;31817;2370;22199;1066;8592;25231;29873;7390;11978;10008;2984;11899;27049;19872;8171;12904;4867;19565;25648;4047;14188;30613;11981;3070;28170;5240;20267;6670;31141;18062;22391;19906;32766;14691;11930;30129;19298;11231;32364;8360;19070;16587;21028;4682;17013;14481;30996;27385;26416;30787;403;1786;19958;479;24634;22739;28220;
16850;5971;17144;9406;21946;29326;13479;27854;12400;10998;3601;17388;16198;1828;4026;27544;29837;19378;22818;32100;23387;4083;15013;1357;6283;19169;24224;5707;32004;11351;3541;3367;3391;5761;4881;30093;8707;19344;524;17762;1651;9138;26000;25175;14155;24385;6365;9663;10087;26938;20557;21150;11653;7666;5428;12802;32587;27140;14602;18838;23948;21902;972;24692;21959;20381;8607;17979;15600;19941;5047;4193;18291;5302;10359;16843;25207;15147;16089;4251;12895;16293;22801;15946;23191;16503;17005;13814;29325;11491;19584;25853;19453;582;26495;458;28274;27023;6635;13551;
27658;18677;7024;22644;29561;7658;5902;16751;17232;13130;22646;18389;25216;2009;26807;144;16921;30956;24089;24018;11352;1382;25417;10664;9441;15590;14775;3794;7753;12095;15165;9170;10455;28713;7937;11331;32396;822;1436;1132;4192;17415;4220;27413;30927;7871;2182;7577;30612;11448;22528;31293;23221;2421;23471;7360;30911;29656;20284;10548;8275;3989;22749;14604;8417;23271;30769;7797;20660;11394;23659;29162;13359;19912;26034;7682;10838;1343;21960;23949;17040;9539;29674;24544;8106;29432;10232;1901;3104;31107;20694;30359;9112;7546;23058;24260;13744;1176;21703;17843;
17913;9654;6081;13584;19779;5366;10977;2117;8220;24642;451;19604;7827;4085;18847;26466;4418;8151;20077;30422;22411;1103;15181;8355;19233;4052;14885;17186;31946;19621;13964;15524;11876;7866;18407;15622;11814;16890;1745;21894;30505;30894;20929;15060;15143;32310;17638;28013;14722;4602;26966;15396;1928;11940;24424;21761;11765;16781;2142;22607;16313;30324;29512;8689;19964;27510;4389;15605;23904;24890;29770;13676;16518;15213;7944;15480;31699;25966;9609;21158;5748;28490;9979;27774;31903;30442;25072;17753;22300;12683;26629;21619;31749;10607;13506;6209;23754;978;11202;11269;
5495;25376;16916;23455;314;14693;22240;10662;30752;7941;32590;31671;6687;429;18851;24845;19289;16265;15278;10066;17823;696;4194;12725;25396;28925;30916;17981;1748;951;25608;17757;17653;7187;4854;32712;12877;10112;31379;7814;31636;26723;14846;20808;10891;14092;10136;14073;15421;20201;14695;13461;27781;31738;19645;11838;23248;15493;4372;22157;27684;11019;6717;2086;3682;17530;23994;23951;16584;24228;8040;31554;1465;25328;4449;16384;8641;8528;11040;20329;19412;20339;31718;10954;13014;2107;31837;19510;31841;24433;9083;30680;8386;23992;17066;14215;18500;30911;27942;13467;
3506;23483;28326;25599;18967;5141;5438;14472;19912;30303;21124;20357;10916;20365;30706;19352;29595;13922;4747;20932;5485;4392;10689;23750;11444;9124;26007;23209;32037;14665;24579;18581;28179;16300;9622;16616;12340;25912;10590;12167;28840;4131;12300;8311;15671;16800;30290;23719;32219;14679;5775;18704;10110;27922;29102;15360;3076;10425;8011;15539;27532;27264;10520;24868;10995;20319;5504;15906;21402;9155;1418;7590;16490;27779;27135;28516;7189;31765;5071;10144;5278;26626;9137;67;26651;29335;7434;20526;11962;15581;8208;27854;1538;21708;3887;18929;347;29628;9132;19416;
977;284;13704;32653;26389;11622;15015;11639;5060;14674;16689;31275;28396;15691;26937;2437;16589;1311;8604;22520;30940;21498;11308;15906;29454;9365;11534;21155;8786;14763;18785;7728;17503;4781;6432;21987;689;6326;28746;4053;9422;6081;17216;9711;14286;22554;10862;15101;20250;27666;18733;5636;17012;1527;7144;18390;3384;27203;29054;20195;13025;21012;5096;11602;19662;20956;25628;9553;9543;6234;27953;4009;955;6601;12995;149;3659;31575;16025;11988;25741;21208;12677;20733;22409;3772;23436;25875;25352;6718;8007;5721;19471;4575;9353;13671;2214;7187;7747;30334;
21725;14906;10148;27161;6417;9681;31876;25540;1388;3562;4354;17201;1707;18649;19564;21385;30756;20017;27488;13568;14087;3311;19761;1196;31460;29172;12428;13975;5997;12985;9052;22035;2942;12350;10730;8269;346;1603;24905;11557;9272;6843;8433;6717;28414;16766;24490;27728;22604;18494;24492;6854;32700;32444;26116;31109;16488;3899;313;29961;19629;15157;9008;21687;14127;20558;4685;30574;3357;27014;30171;15968;26039;20658;430;6688;2829;5165;1286;28155;8201;9419;24759;15756;26543;4110;10375;22667;4516;10909;29656;30950;12269;16113;8583;1811;14842;5202;4883;30884;
16611;25090;8962;32028;14577;696;23168;27905;31840;31823;10826;12082;27491;12224;10954;2171;19817;17742;10115;2407;22431;10496;31152;3669;31926;11092;30248;1486;27110;6706;29317;28950;21811;26143;9605;21249;239;10163;26289;264;6272;6477;4412;2716;19043;22789;3629;10939;17265;1762;18881;30656;28513;4942;6154;17791;8847;20934;19677;28049;4347;9174;2795;29165;13973;20549;3630;11704;5304;23181;30087;2143;26868;28301;20389;24290;16656;13442;28456;6003;4175;8500;18950;4927;10739;5741;26670;29324;17664;26543;9580;24324;27970;5926;19085;20560;1425;24284;16835;32489;
16212;23084;27211;31019;11076;25465;20300;3756;18291;31264;17923;1483;11916;17578;14109;20364;19548;839;5988;11683;15249;1656;21406;32462;12482;32267;13234;9576;5808;13388;30989;15420;16332;2426;15428;3479;20729;17272;19963;161;18834;1477;7941;28908;19631;1454;29645;9294;4004;20162;26356;21228;4555;11143;32571;30104;388;1643;23716;20061;29305;22269;16596;24407;18727;28509;30396;17352;32666;15857;23928;8041;10103;22362;6775;6142;19776;23719;14045;3373;8404;4552;11301;656;1845;14405;9227;28681;31118;560;28585;27734;21877;12632;31200;26085;621;14015;14585;24041;
4271;26190;25484;22957;13610;4808;27809;32296;18120;9725;2838;2515;8435;2368;20545;8375;3928;29210;4565;7882;9962;26432;11018;25723;12330;4547;22776;20876;1702;11911;13892;25120;4544;13302;6655;8725;15025;32757;24011;27283;974;8727;20288;7653;9481;5649;20622;21896;20922;623;27747;13954;2976;20357;24847;24565;10018;10919;26342;10228;25819;18845;13797;6805;17494;593;3737;28488;29718;2763;19005;26727;730;30047;13859;20750;13855;15653;15957;3372;10725;30378;11131;28634;7606;30949;30719;19436;4837;4717;112;29382;8212;7913;4900;5490;7672;4295;8994;15343;
4449;17201;8766;18123;30324;10300;18054;12020;20795;10083;16093;30667;10081;16437;6886;1914;18230;17738;27172;22919;32761;17275;22111;16298;12119;26962;15689;9436;18479;704;3425;1713;13976;23822;27160;6375;17701;10006;23346;18239;26472;8627;2928;2443;3508;13430;23148;15881;26151;15003;17860;32239;12008;7227;28026;8263;32174;1987;14235;24317;8322;24484;22303;21047;31685;12364;14865;13796;2420;16982;8944;11672;23979;7421;29012;31383;21608;3287;24020;22576;19602;704;11560;29260;5178;24339;7819;10822;27168;32033;6499;7677;14457;4827;24100;9512;27887;14546;15986;14570;
4586;11874;8326;31143;3342;11817;20946;18197;9989;26302;27880;7830;16510;27552;22168;13253;22645;12909;5720;30542;18357;28757;3562;4;21916;27597;21560;2605;2591;5768;14211;288;24845;931;10940;18195;17048;3616;8754;12078;25873;17301;9070;24036;31731;26405;3163;898;22563;8368;21931;9480;23926;11335;21621;26425;29044;7651;16163;4078;18268;3414;31115;12719;11624;16001;27740;13700;16209;6600;27580;14089;8726;2243;28975;26305;11514;2870;11451;26284;9163;6212;12618;21788;26218;8159;16463;31172;14728;16515;30892;18706;3246;1316;27860;12735;24960;16229;25644;26788;
14402;21002;19384;9935;9627;32688;6643;3542;30105;4539;10750;9835;32758;27537;20989;11569;4506;24070;14527;8654;3936;20246;11933;19522;13853;2522;3492;11383;7135;19125;25846;2072;22130;23503;29549;2727;27433;21956;13698;11210;27610;22685;2669;20454;25899;20735;13454;22255;524;7586;14604;3455;2181;10501;25276;13349;5042;19296;27716;4351;12044;2267;5504;16267;14057;32765;10276;12986;8775;7271;12195;7494;6597;25026;26704;13382;32754;25334;10691;0;20170;14748;20607;12030;28286;4535;27346;8036;26996;7582;11516;4736;8591;1597;28819;16035;27312;11133;17189;13103;
11901;18689;18464;17138;32097;21267;29167;26802;12499;8158;22118;23049;732;12509;8800;15476;16083;12435;28838;12454;28524;30845;2067;10274;11761;13125;17654;14600;30414;28472;12728;25647;10067;13562;4799;373;2230;30328;27025;18003;3159;27167;13117;6837;7496;9804;26103;12296;11021;4355;29186;3732;20896;30691;18899;3340;17081;25689;13683;26211;21579;21;29989;25058;22610;7610;30537;16760;8652;14810;9600;27217;23301;2081;3345;31657;4376;24784;26251;18403;6323;8813;16556;25557;12314;23481;21122;16487;623;20963;14544;604;28720;14075;8883;3183;16641;9385;12677;28578;
8876;12063;4098;13779;6502;9292;1193;14992;17748;19283;869;1580;8525;14395;621;24338;7906;2024;5737;1370;17307;6218;6614;19610;11140;4308;25515;2047;5352;20272;20797;31900;22877;3121;10080;19969;30720;19721;3791;6416;5378;29884;12238;12556;4708;2516;12557;13043;9726;1111;7632;25358;4294;14326;30541;2246;23375;11911;30037;15545;15248;1717;14903;23821;2023;10998;32226;7172;23390;29886;29769;23761;20268;4083;29452;21163;28031;12960;6740;5663;16760;31981;1278;9386;10359;5455;17405;32391;18586;21756;10489;22214;20608;6306;9276;2462;25683;2392;14799;19716;
23557;29141;20960;20348;14041;29663;26727;14640;26662;12807;24586;17215;24920;16788;31805;22871;32055;30909;18093;31110;12396;27931;25567;17997;9024;13917;6932;32503;6312;18750;5489;21032;18047;32436;6236;16057;786;7018;16169;30403;27617;27505;30710;30970;27044;17971;18387;21565;13709;3752;6695;18795;17357;972;8015;16247;14169;30032;32391;15807;17134;12431;24334;24729;6994;14789;3205;31791;24286;9595;15000;24974;5689;9798;11233;31225;12902;8881;16393;11395;11265;26488;11569;16861;10181;18935;26768;14956;17490;20193;605;19102;29997;10549;30959;29055;3849;9582;18211;23943;
26949;21755;12798;5046;14517;3566;6547;3300;1957;4856;20775;15698;28443;30613;17044;14980;30045;5252;24811;29523;13747;8314;11869;11838;13678;16663;22876;16897;2601;10265;13565;15465;13647;4304;4257;27494;22750;12754;13012;31842;10602;30447;31605;9681;16740;5991;28952;3849;14748;23643;15784;27220;11013;11138;24145;30020;32184;10781;2716;21319;10556;3117;5852;30331;18949;25571;21962;2756;12346;1368;15724;5915;19388;21118;21307;18729;6499;855;9092;7956;30091;15972;18447;25497;30671;5473;16895;12379;15380;14895;11001;27258;15562;18;392;28008;8814;32028;5312;22520;
11347;24553;21282;12216;5795;19853;192;20097;8608;23499;6306;20044;7728;31624;23911;26439;9113;26494;23855;29737;21129;27445;27833;4290;18777;5679;24009;1750;11666;12131;29901;32043;28337;31982;25023;7393;9767;13316;16461;8450;14500;9516;25400;1114;7317;30893;28410;16777;27116;3907;1963;22870;5919;23319;5669;4934;1907;17646;26727;11374;20090;29089;12599;26757;19674;31693;11020;14653;2641;30155;25130;28627;28918;18403;27151;11493;19906;16060;526;645;14926;24087;27962;31883;21470;19389;389;815;25503;26294;12841;19415;23597;24252;6471;19501;20568;24560;17614;25461;
18216;9931;19103;11806;4383;4182;26607;14230;701;31390;12268;32355;14410;2402;3491;32368;18127;8976;7457;13732;32358;14832;8152;22201;8627;13726;4165;7756;14003;4285;6352;32304;21684;32490;29172;4872;5029;12015;27551;6165;144;32057;9692;19788;15205;10893;15535;940;8697;27382;27456;17358;11342;24834;27196;17086;24085;22829;3449;6409;29041;22942;25817;28695;7934;23057;25712;6587;10002;14357;22505;17929;67;15223;9509;19304;20265;16126;8742;13544;2917;20824;556;2773;30177;25173;7709;2444;17498;20563;7210;14989;9756;27130;15024;9170;1549;14377;16988;351;
11757;9263;25491;15643;11996;20031;785;6366;13085;10270;14800;16075;7449;10271;3115;11232;6055;10321;7235;10443;31626;17911;23458;17663;11835;21816;30;2056;24042;15640;16384;19739;16063;20391;6502;31986;11621;29304;10470;6615;23241;11093;21364;20990;25887;25905;18310;3095;551;350;6518;8740;7854;2305;32551;16008;5975;4802;28395;3937;28315;12488;9636;17432;9231;31460;22570;2359;4325;2316;5101;30330;28086;29196;4828;9000;25983;8824;1669;21667;23017;8165;7805;31550;15565;3160;19970;29008;8951;32255;5343;12423;29738;32543;20368;29054;23653;19022;21159;27025;
25189;5858;21870;6896;18283;2473;28622;27378;5183;7643;12143;29356;30581;6732;2081;15811;22767;26342;9083;27518;18083;22103;21441;26143;7838;14343;11787;9332;6729;17997;4004;10665;7916;17634;4785;14176;30576;25494;13843;26115;23401;14657;15502;5977;26452;27389;1834;30552;27164;21394;28377;32571;11236;16178;24923;11988;4608;3943;17759;28706;17476;23369;27115;22822;14210;24564;1277;16371;16718;21817;1395;21765;6404;31380;15400;14291;27149;28766;8288;14759;23389;12612;13158;17070;12352;16376;18291;3403;26199;23846;11730;11185;29917;22954;4162;2993;4399;22784;31132;27856;
7308;6140;20917;31901;7961;3003;20614;3394;29736;27865;11402;6744;3001;740;2152;4096;25921;17425;25554;2095;10155;7470;5037;29257;31389;30168;1394;22770;1276;17646;20948;14881;13490;18758;25251;9589;13231;15006;12272;5325;11821;1749;22642;13075;20025;28507;6440;1368;4207;6886;26688;10790;22021;28518;14136;8977;22539;18492;8259;23696;24560;23718;750;26635;26953;27262;21507;7221;4302;31013;9389;3996;29861;18618;9438;8575;27108;16783;9454;1247;11089;30685;23173;472;25964;6070;27834;24882;17327;19772;2940;13876;25364;32017;5681;31416;19928;24846;5534;12677;
25726;23864;3335;728;22552;8431;26263;1860;6594;26729;32514;13500;25455;29279;5224;8687;15848;32262;7293;5076;10257;25921;17895;2437;17262;10005;10471;14928;10727;30301;27452;14859;20680;8383;23364;14249;7436;25054;18021;2571;3291;30417;3755;32536;6737;1493;17330;8464;15233;11838;17095;26141;9146;21684;8778;32300;10761;32667;27734;13050;30974;22483;27813;3698;27571;8610;5549;15158;15371;16878;16655;21372;26168;9136;20274;4635;25984;4517;27179;6629;11840;22599;28641;18232;2353;17403;18286;16336;13290;20364;9672;13535;27302;5848;1440;2912;16200;25033;22154;24232;
24988;23431;10079;4414;15584;18924;20447;24556;3715;22841;23963;11030;23084;20487;18451;27211;24318;16256;12315;32282;29211;974;11907;21543;25190;10452;30198;4478;18830;1820;19491;14118;28232;11537;7707;29946;7131;26735;13306;7860;4834;1015;18378;30539;30541;3431;932;18047;24490;14249;11032;27825;27043;11595;29648;26873;30663;26415;20847;1395;31885;23428;14527;7641;30357;6388;7692;13399;562;8735;13003;18586;9254;7497;9856;9515;12716;11343;28382;5883;31164;224;23343;17215;5002;233;30454;3965;30288;3921;32723;20455;15949;19687;29352;12265;17165;26009;29690;2302;
25324;15846;6042;7111;10198;5270;19332;24414;10576;27816;27143;23272;20412;21388;14118;15721;23768;22418;19775;10205;23945;17059;15594;23940;26839;27951;25636;20093;20536;15718;16557;12438;9489;9899;16814;6755;14202;15685;23711;21645;29250;12888;26984;21869;14386;19476;2502;6873;9878;11821;8177;22078;24826;1675;6268;7919;18994;29250;2940;7869;20125;11972;30956;27848;9130;27478;9296;2709;8346;20160;21401;14176;5256;1353;30025;3507;15783;27362;29143;7991;17868;9634;11349;715;26668;17522;30288;2259;9318;13834;31480;2514;8900;11292;25984;828;11709;16078;18120;30341;
25791;25710;32314;15998;3116;4449;10738;20193;7843;5213;25121;4650;896;729;17331;22953;3750;18881;3631;5078;11644;13933;22751;15588;25909;3028;9010;15769;1621;30717;17502;11356;14704;32183;32329;9360;18741;9866;14250;10272;19884;4333;8555;16219;7356;11961;19283;19203;9200;18398;27617;15520;3963;5461;24443;10522;25209;2134;8904;27015;25719;4554;19546;15938;2102;32259;18832;10301;12204;14507;25274;27800;29004;3322;19071;30322;17031;13868;15484;2815;11155;21555;28462;986;26731;6313;23826;925;6935;16392;10506;22704;29485;11037;8707;606;28312;11450;10709;3118;
6040;24492;874;13168;25610;6380;19491;2838;6634;18970;9335;4549;23830;26662;19422;28204;19028;10833;13293;17813;17303;13652;20162;24761;20862;1758;7330;4825;15902;13636;15585;5898;19713;22388;1538;22481;13422;10540;26912;21743;15339;16233;9357;7038;9217;24865;2488;1085;15167;22580;23124;11305;17538;20129;182;23373;4723;3061;10111;19930;31824;9994;29820;4986;4080;32749;27338;30946;9473;5664;14398;12198;13717;3842;29187;10322;8157;139;1157;21174;13619;21564;23182;14465;14942;22102;32687;9746;15634;17739;16866;21898;25271;30066;5741;20518;5227;23806;17930;31180;
11338;7217;9284;31459;2029;21965;22052;31848;9264;27596;27661;27198;9785;29776;21221;12230;30134;31453;24693;8880;19557;25030;32531;4113;24282;30693;15486;8117;637;5775;16393;438;29906;23495;27644;6733;10237;21682;11831;8169;14469;11340;17432;24446;28760;12888;30111;6944;31503;20125;3024;14032;12148;13391;1625;10134;4673;27084;21621;22736;30251;30857;5392;31689;23839;22859;8748;30093;32460;28826;27523;24316;6241;12146;25710;19230;27032;11325;2309;18358;755;18430;16008;19482;18757;13263;4862;2625;21109;27277;8219;22046;32639;29394;5479;5932;30651;32035;11677;30795;
26978;12907;4945;18890;13134;18088;30934;18885;23553;9189;26463;18097;31209;16744;2404;20533;28899;31532;29768;27195;10493;32146;13624;30280;8832;6483;9558;18184;2862;5049;18711;4654;14536;18191;16105;13435;11475;10070;282;31771;1436;32569;32501;27960;122;31043;20782;13514;29011;18768;3456;15788;21345;2625;32148;7157;22326;9204;15653;17029;4606;19828;866;14046;12805;32620;7059;14134;23673;27362;20736;1738;6256;18465;21006;21620;27436;4599;20140;28544;2462;289;21997;16060;17194;23556;14070;11726;2474;28318;26907;1226;15029;16059;16197;24068;3617;20588;27287;11811;
19910;3765;4177;4727;14981;11398;30452;22925;17034;4588;3751;31232;27853;10633;22745;27537;7647;8770;29480;5754;6627;31031;18817;19712;26586;24568;13193;840;31269;21238;316;14699;16452;29751;15060;19404;1508;32334;6125;7594;17177;25483;29158;20977;16872;28015;13706;1622;15624;28770;6128;17570;23529;26536;4767;7758;12278;3474;27382;9809;5912;17393;18636;15670;10107;24784;8275;25457;2196;13155;29506;1523;23907;21818;11571;30972;9205;7098;8009;5425;11822;15822;24343;10990;6085;474;3261;16349;23952;2033;17492;19144;31234;1095;16013;25003;10994;32233;25748;3598;
17565;26027;23355;15249;13807;6498;18772;29897;8702;10068;23902;25162;13016;26093;22117;16389;2430;13236;5155;15573;28464;29565;29291;30804;11243;6367;29640;4851;9777;22760;32609;1098;12296;21264;13855;11180;9541;18028;8978;20223;16138;10020;19217;31690;16526;10279;24481;32400;24860;3357;6425;25693;5983;22686;31747;15006;10716;10913;3524;309;10432;25399;15488;717;13532;23929;32312;1899;14318;22206;27445;5446;29218;22034;22442;13273;216;10212;12437;25910;17064;16895;8166;18845;15523;9148;15331;8525;25820;1653;17867;8346;30248;29244;15289;19008;12577;2765;16844;17399;
11889;10434;9861;22856;9805;4870;1648;8350;20799;27788;21255;30368;17961;10817;16595;17342;31111;9535;24788;16394;16884;7491;26915;10570;1520;16225;28886;8011;30432;1270;8996;6776;32086;32479;11722;12458;14995;24808;28332;7234;17226;24967;9408;14710;30631;16843;10280;28136;7312;4495;28062;11901;6699;1011;22805;5996;928;26637;9117;19093;19488;6619;22664;2069;19750;32636;11723;13591;508;26272;15271;17644;7298;22078;22408;14431;22315;10373;5677;10050;10312;276;14601;2125;14985;29549;2793;11049;20160;28071;28632;6343;27369;15204;11327;19958;31336;13571;10065;1077;
17297;28439;11430;31941;22125;32279;28966;515;22715;8791;24361;4853;21302;28726;28125;27939;25622;18585;2023;26792;31449;13721;17741;23176;323;32633;31891;28996;5540;3547;28452;16300;14937;26931;5364;27125;7829;28795;19300;10507;25698;5929;27494;6184;2018;16222;2785;166;19419;1120;27991;6162;20338;2378;26565;25729;12599;8194;15306;15143;25442;23660;11788;3365;5468;26589;23512;30371;22146;10451;5128;17439;22053;4835;14122;25092;25813;13042;25310;27263;6879;19368;27776;17806;18452;5666;28423;3930;4300;31463;28717;14534;23595;22302;24785;5704;30627;8702;31897;20728;
5050;1669;19675;28134;32270;17773;21182;24497;15510;29532;7324;22101;28202;26459;19115;16709;5190;28041;18141;14266;10763;4624;13316;15178;11398;6233;22586;2236;30773;29308;1664;27419;8135;19707;19365;17673;8228;687;25194;17494;5549;3330;13027;29649;22213;17503;24864;8030;6032;1255;12045;15945;31482;2918;13719;22490;13564;7813;14608;5674;8731;22593;7381;31540;30769;9115;14894;27695;29807;17041;7797;1820;10915;28750;29819;30363;22967;29598;7463;14338;27002;13732;15200;1968;30116;12495;14125;26527;2580;19466;31771;29753;29787;30259;30432;31597;20094;5583;5693;2561;
9976;8444;21289;25386;27135;29094;1067;5722;28680;10750;8;10073;21901;15656;21406;31895;14;28724;3856;1985;29782;26448;28195;23698;25087;4924;24552;10732;2104;4862;12700;18727;22470;24022;24780;22441;30281;18804;22716;3766;1729;16489;7946;19850;23376;15580;13199;2469;29762;23422;10118;6503;28746;6848;12272;3292;21006;6723;14135;2265;16102;28303;12817;22600;6881;23817;15271;10176;9738;5151;15607;8025;32489;13254;9078;20158;11852;14886;27386;8067;8263;10387;32472;16825;11897;29888;13897;18112;8081;6703;28691;24157;16401;24556;4453;27148;30802;9851;27650;23192;
968;21007;20385;3048;11656;9469;19092;4892;13831;7791;23977;13017;17957;12637;10062;27104;4970;26553;18936;20454;6543;17898;4549;13472;3392;636;7520;13597;27680;26134;3621;15192;19982;26540;901;7182;23463;22773;26028;18125;3595;14112;17250;15438;7140;29635;18223;16132;14245;18964;1987;29173;784;29787;14228;22985;23547;21927;30665;29728;26195;27584;21079;22825;30561;7518;8042;7025;17996;14488;23046;23032;1504;13727;10222;14474;19341;4524;6341;12876;26547;22071;24691;31382;4893;8298;4298;24576;5579;15573;5738;26048;19188;11107;31969;1843;9803;8077;15895;22969;
7810;20685;8426;198;8460;12118;27413;10294;29480;20738;27222;30945;9243;10892;6352;15216;29884;26879;24750;7535;22582;32622;17161;19619;29194;15590;26123;23709;13651;32417;20053;10895;2382;21116;18335;13151;5913;7595;16542;4090;9403;7084;7723;3051;8549;18809;18849;2604;18168;4354;32391;11323;29894;18650;7023;28529;10141;23601;31261;13456;13058;12034;4844;26011;8122;4749;28526;11754;21391;24072;12371;30845;26192;32658;10892;10385;18458;6504;24496;16497;7382;32603;21918;27279;28931;10370;4452;6355;11190;26924;14687;11827;25054;2328;8868;26244;28365;2537;19871;28815;
30196;12756;5626;28264;12782;11932;6592;20475;13505;25792;7107;15336;32096;16115;25915;31377;1652;4556;27311;6000;12891;26559;14361;11439;14449;18764;26693;3314;30607;21878;11130;16248;20946;15991;8540;610;30110;32434;2577;18258;14306;23017;4771;24120;25501;32432;16549;17001;8865;23585;16666;15858;25495;32722;7826;22315;24899;4100;8854;15503;12041;13853;26182;8906;28336;3417;22081;18708;4967;27068;11717;6078;22021;2891;11544;3338;16021;4475;3878;27712;26386;17130;619;25342;23407;32077;10515;6352;15066;25001;25696;23808;32322;4295;28493;26288;2071;3042;3185;23333;
24913;3490;19237;3686;18355;28494;10217;12806;29009;28221;3076;26174;10576;25997;28779;24895;10733;20504;10212;8389;22464;9892;5227;23024;16962;28250;19413;6992;3470;2938;28595;21822;10596;11340;15481;15475;31091;24666;5088;15059;21208;12252;1672;25226;29410;18292;8418;5978;21272;3099;32589;25139;32381;11099;28031;8965;19474;31680;5415;5330;8861;16777;32720;22535;10665;11170;28681;30476;3022;7383;21955;6426;11826;5442;25082;22349;336;20485;32152;26618;20216;26943;10134;5186;10647;8248;32356;11239;24761;2527;30859;27487;7884;18295;4241;2087;5159;5517;26652;22362;
21323;18221;9819;17026;17000;341;5538;32430;17955;19114;17492;14789;2454;17258;11526;12825;1944;6562;10721;27711;14655;3489;14152;31519;3492;6828;18875;3655;3814;6131;15100;14981;22642;26052;4720;12468;17025;31487;11463;22230;26338;26314;1760;30563;25337;6789;12262;31457;31496;4097;9920;24501;685;8172;9896;25657;11948;7312;10009;5902;13295;1214;4847;16820;22475;25348;31434;24919;21893;11558;18099;8684;15637;14284;11010;3965;12073;4729;25726;29121;6765;24508;32711;1520;24074;32170;12273;2773;30060;4747;30834;21285;4425;20948;11838;21007;16863;3414;5168;22036;
5757;26292;5804;26137;22084;13594;27267;29883;13871;29484;4886;24034;12369;18749;5055;25241;24670;1986;20588;5917;2413;9734;24973;30515;10492;6431;24369;5311;15157;5920;26475;5267;5232;6800;25595;28037;29688;14875;21290;7620;13330;10376;6134;19052;15163;28907;5487;32087;4786;17180;6497;30007;17974;25703;23091;15329;28945;6277;3087;30444;7253;5835;20804;9851;21094;24482;2536;18007;3000;1591;18113;1345;22746;17012;25446;1670;28084;24366;2977;25043;29197;22688;12312;21835;15184;16152;11820;24023;21391;12784;12066;10685;29128;1728;640;6517;18279;28882;30650;17080;
18189;15574;31502;10713;18576;29911;31149;9560;11843;110;20763;8117;28535;5430;19928;11138;11329;2943;32064;7612;11902;27463;22192;8795;31765;17766;32746;32552;24188;11528;12475;30927;894;25952;31195;3637;6971;6043;29460;32267;6000;9491;5286;19108;28664;27078;16363;12291;4243;774;15159;16441;21479;28274;9474;6638;12228;5412;8777;27965;30380;5932;19505;17093;21139;27453;8430;14588;23779;9895;31715;11207;30659;389;22794;31304;19609;27448;26519;24311;5069;17172;12248;3573;2513;2392;20576;3485;13662;7268;5732;32091;25344;22054;30053;16065;31188;7638;8719;13527;
3472;16867;21602;3507;20933;11821;29967;19018;21089;21108;14885;30854;5496;19728;30444;21401;2628;11747;8977;16016;26986;25997;23812;19755;27262;13534;27551;20204;29386;12433;776;4206;8523;11575;20696;18168;23549;10097;4989;23122;16985;31842;16605;215;10523;1636;59;25036;840;29178;31583;12784;23664;24327;19185;32340;18480;8765;551;6509;27388;15063;7584;24168;27;20619;22927;16061;243;19898;13083;19975;20871;27115;6406;16403;5694;14455;3981;3383;5862;3973;19344;12517;21240;23353;2291;13951;11038;12585;8260;2157;17394;14353;8094;13678;1545;14279;27341;8235;
24368;25969;9906;19730;10485;16373;29673;16993;22634;4273;15530;11905;23333;25709;6637;18582;17803;4237;5074;8020;13903;6283;16703;18964;4917;1957;2763;12327;796;4819;5339;23146;18747;5884;5386;794;26027;18281;5839;22506;7973;8314;29530;8787;23054;29336;190;18988;24752;6506;15445;26234;203;13132;29792;20617;8780;27901;13551;27964;15196;13719;31745;8353;17820;28357;30955;8136;6319;27952;23294;5334;19962;23866;29540;18773;4519;24559;11851;19150;1264;29752;10054;15770;5530;82;23791;20981;28351;3967;18386;3924;26321;6140;22662;27129;3804;23858;8477;22212;
18187;16944;11711;20812;31854;8281;20625;2094;29690;30298;25819;9125;18130;864;19819;23131;29637;8839;12852;18559;10775;31381;16699;15640;12676;21992;30388;29081;4994;13997;12391;24501;27079;31571;4185;10612;30219;10047;29353;18311;26383;9154;31416;29145;28382;3400;31628;30310;3666;24786;16247;29264;14811;7590;29427;8495;15228;12100;14033;13993;30230;13213;7571;30276;28137;29056;6166;32119;14936;4949;5492;29703;17644;31245;23080;5777;31132;15449;21107;20322;19532;9754;25599;20879;14227;19481;707;27203;6337;2041;3366;31827;3361;28778;13159;23064;13435;8607;28220;29053;
31965;27137;18617;32343;23451;12069;372;14069;6037;7931;18151;9976;2232;329;4885;11365;28872;15704;27249;19193;20828;26606;507;18877;25386;28027;4268;20186;4740;11415;20500;28077;9507;5292;28738;23326;27940;7408;740;15406;11600;10135;8623;17104;4768;9542;21505;3322;26368;3274;30661;31227;24916;31498;12696;27151;14009;3898;10281;7217;20749;22354;3814;7728;20145;24767;17365;773;12173;16728;1215;21348;21333;11411;32660;27793;11531;26873;16907;16757;20422;14807;19593;12785;14513;4407;19524;27762;31318;7694;16552;3526;11549;2743;4090;29486;18703;32672;20283;29364;
19680;15940;16719;28094;22061;26713;20830;29156;3842;18250;3195;23551;5279;10215;24195;12674;15228;7772;5704;9230;21642;18015;29935;29504;22460;21422;19607;8398;6086;1721;29244;10962;25381;22939;1754;16485;13919;31055;23509;9328;25484;24353;30360;12991;21269;7778;30588;15191;16828;14944;26604;10250;8156;6294;13256;8264;30194;25375;20998;7992;29277;28529;24735;12295;1122;32071;14249;17537;10355;25055;14272;23006;18865;29542;22443;24542;23727;18609;13629;5656;6009;8493;11640;21390;27349;2329;16377;27782;8392;3570;16784;10901;17500;5935;8750;2813;13985;14127;18948;14137;
5362;2160;20969;27605;21625;27393;6908;16771;14070;13882;2443;3180;31931;12970;26420;17860;30715;28753;12362;13217;25925;19727;20603;17165;11596;16221;4783;18521;29673;14651;18482;6581;6243;14185;27414;14334;2797;20698;16339;31191;7024;23142;14897;27899;9611;29375;10600;25042;15833;2726;28549;21826;17522;15711;18447;11463;180;3426;25067;30918;10819;22867;20605;12574;846;7476;6160;8193;26644;21466;22904;28418;30631;3229;24821;2670;14832;2388;7259;20192;26356;30849;15472;13584;13141;8136;1430;28652;17948;2726;5034;12522;15285;4447;5419;1692;23099;19512;16799;2437;
23287;18151;3890;19243;27939;2120;27553;15213;22003;16977;31830;30743;20950;15944;10709;15028;6905;22835;31318;22691;14604;9361;32691;2413;32330;32583;23685;26454;21939;15069;9354;24114;18076;8426;7243;31866;20842;27853;7163;23199;2459;3486;6561;3230;4358;17509;7802;20949;22627;29321;11160;30485;18701;11403;20944;7928;15367;25843;211;25717;25149;17291;20891;2993;525;31948;20489;13592;11782;15766;1996;18093;22768;32548;22660;32670;27404;22334;21799;27164;15517;6320;12964;8041;6566;22524;2503;4659;13046;10316;28765;21280;8290;9386;11672;938;22610;6515;3509;27437;
16511;25097;6363;25150;15354;20169;12615;2111;23153;10045;23718;30512;3246;7314;15554;27080;608;16460;31585;1989;5406;21304;11626;19584;25769;162;29002;15300;2161;22985;19606;22752;31323;9616;3314;5115;7874;22646;12337;8616;3516;18632;6078;28859;414;29462;2874;12890;3778;25315;20070;10327;2183;5024;20036;11709;14234;24028;10617;11688;17780;17589;6134;31834;292;14226;30167;18060;24911;7188;30091;2818;26485;13385;15670;21090;18549;13603;29523;6470;32340;8489;32414;8336;10042;15213;32049;6142;21949;9918;14061;22270;13922;1310;3867;6083;11873;11127;14675;26776;
22441;15753;13725;18292;32292;17959;22487;7119;572;8099;24151;693;17566;16519;23505;8473;32574;16517;30842;28779;12187;10673;20077;14701;30276;27118;25934;12610;3995;30886;4398;27847;18905;1215;14511;7719;7250;16074;18025;20650;17403;4989;18828;5838;2345;27235;2502;24217;4763;15570;4711;24621;27067;6430;30915;23197;5153;26124;25047;4863;26201;31369;2864;18883;29670;23964;23305;6723;16518;17050;15284;30874;5816;5529;17979;16826;10108;11302;70;4537;22362;28219;12607;21612;23717;2923;4789;17463;4865;4192;24574;19235;10275;28807;2337;31281;1496;22538;3315;2799;
7497;23039;15999;8008;30589;20191;31147;13216;12063;30521;2841;30497;14210;13991;20300;32335;5346;31490;19724;995;27117;9170;20235;11222;32385;32264;16584;31932;9144;10224;21172;851;6434;29025;10644;21596;22353;3127;7462;24745;25499;8450;18951;20344;4379;7168;31444;21247;21241;17993;11407;11080;1003;32586;12869;19263;18172;10868;15342;21514;25997;9525;17557;23192;20121;22824;11193;11133;6973;16009;32242;253;15479;25323;12504;24422;13870;18477;22048;2980;2930;12202;2568;20495;16390;9648;8438;903;4891;24884;22619;1731;22367;19395;3806;11238;3126;17852;18359;15443;
7239;31421;32088;4291;25915;23131;1875;28565;27841;2326;6008;9573;26326;23947;4669;3039;28995;15852;18020;29397;10343;29102;18391;8080;31030;15233;29143;22116;21634;20357;21589;8839;10106;31163;4256;20516;15728;2234;26945;19626;28383;20643;2339;24938;16812;23126;17912;31841;24236;4838;25047;31570;103;3915;4138;11545;16155;14423;16839;32059;24068;29420;31837;32193;32219;6251;16658;17223;22685;21359;18026;18256;27277;13500;2411;17628;11388;5234;31231;17213;17224;4999;18073;17190;18595;20851;2843;16901;4373;10797;26360;1938;4932;4183;16021;29096;21620;22453;11254;12885;
32330;996;25238;13357;469;28489;2710;6371;27599;24135;22298;1562;19999;21173;23537;13432;25251;13199;26228;29948;19245;7403;23984;8338;4811;27695;28103;9701;21580;23682;659;10613;10751;18304;21901;27625;19134;24114;4845;27302;30763;28221;23059;28320;8762;1881;7462;32112;25584;5381;9211;24744;15722;16506;13880;14179;12064;11997;12473;17952;6763;28600;2610;30928;2885;12203;2838;19245;20304;863;15544;2894;32283;24252;21425;10872;22176;3164;6529;4152;5649;14655;6521;9134;11220;26816;5336;32556;28364;25799;564;512;14298;32321;7195;13453;1443;12749;17147;12961;
3476;1208;13887;4098;24100;11820;26811;27466;30297;24740;29770;8949;30350;18339;28853;24761;20083;3494;12759;28438;3157;32343;12543;3373;12704;6403;9622;13525;12450;10062;4354;1772;30609;11302;16841;20971;11472;16117;4602;26301;110;10011;25801;12242;14064;19355;10105;15983;20816;19220;22911;16968;30277;20468;24548;8016;197;29928;10219;5584;22472;19863;23796;12470;29520;26511;13728;28208;12966;22399;7222;22138;26598;9896;13893;29941;15549;13454;3979;26488;21618;24819;27670;30698;20259;4613;1449;29713;4690;27351;14433;14245;31392;17934;25240;7337;23255;18653;31754;17915;
27694;8755;10294;30761;5065;18994;18440;29830;8576;21988;20148;2685;27617;13097;24037;21286;28024;24820;27927;19223;18254;30647;65;15997;19631;5660;12728;15211;31792;1526;4944;32369;2545;11639;10948;3441;24352;8355;3416;29870;12990;26372;24252;23078;8102;18848;14132;23330;23499;15656;13558;26635;29889;15474;15571;4735;13695;10025;11802;420;6499;30916;3514;188;28790;27572;27814;23546;6386;23778;3454;32660;29185;856;3435;3354;27592;20542;5195;23302;22692;2825;20494;4756;25523;32239;16223;24532;20631;18078;3975;26621;26742;7981;4495;31236;14405;13139;2725;11629;
1095;21975;25538;25442;5328;10823;31881;24066;16463;5869;9585;25083;22155;4863;1318;5723;20781;9494;27949;5795;28031;9697;25031;27421;4979;6939;22809;23408;11751;16058;30089;20338;22567;1642;16235;12861;1204;16185;8669;2949;324;4500;12015;17193;31753;370;28424;17159;28214;16079;16261;27413;4032;23132;1186;2990;14433;12917;12958;23081;20963;11347;29210;5040;16283;3459;25539;16975;24372;2454;18224;22604;1710;22555;2317;5559;9125;26314;31866;27713;24535;31746;17326;21842;28385;23926;11232;20053;26953;20259;103;28503;22721;32389;6432;20432;22954;11786;10256;11712;
30168;13511;2634;2814;7317;9833;8211;13517;23528;14191;28741;27057;16151;12695;6897;4481;30314;3222;24392;15292;11314;32524;14524;22560;11018;7095;22370;23929;14685;20199;30619;21176;20008;20530;23795;28228;769;23656;29769;16277;26457;19402;24881;5886;6398;22646;31382;8138;17891;10534;31396;24715;31524;29722;26084;5551;25925;20051;28073;6740;26043;31490;20908;21342;8621;20288;1267;20678;28155;32255;6647;6452;15488;24641;14853;21457;28308;3464;11237;17494;12501;22669;11706;19818;17448;1076;9769;27946;22522;17600;28861;26633;22988;24899;18826;5594;24046;2393;7185;1323;
1418;13078;14692;26837;1509;5437;14731;977;13538;4531;3109;1869;16072;9267;31826;5887;26948;10562;11217;26554;1970;4454;18790;11327;1176;21651;1663;17493;9331;14822;4118;25116;26039;18326;3801;6558;8721;28455;29321;3751;21743;18912;3232;13527;11074;31104;15926;22005;16514;301;15653;21126;11507;10925;13420;20638;18728;19416;17361;19703;19141;77;8907;16960;7817;11109;27294;23223;9099;22117;19400;24570;11203;16120;12956;23834;26061;10716;7981;9970;5098;19931;13421;16055;13384;27389;17046;17104;32387;25084;20681;25063;23147;24568;27125;1088;13320;29292;12539;8009;
20699;5985;16;26483;2663;7649;5986;21569;4592;27311;7934;10910;8579;30005;32753;372;15926;4286;22701;29818;28593;21989;4271;31054;4333;16461;20319;2755;7740;21651;23096;7804;9354;25217;7720;6330;13794;14213;26682;12914;1844;21857;4466;1443;6997;291;8696;13286;8007;15960;12154;23367;23483;2685;31435;19795;24532;27830;4304;15474;18734;11715;29340;21367;19743;19503;2266;27510;26428;202;26219;21461;20767;26458;7761;24742;10088;8078;12492;13108;24578;31283;21442;28892;30120;1706;6756;23583;27815;5274;16399;1013;5349;32226;6768;32099;11554;19666;30444;23375;
19326;4762;26431;22676;12091;514;16739;26706;24517;8796;22195;8327;15599;11959;9808;13028;25728;30038;3780;26585;4334;19297;17125;20467;21865;26841;1532;8039;23323;16593;29479;26607;943;10716;21500;9428;5392;27330;19055;19788;21107;32631;20982;24839;9879;10829;23531;8965;17227;9576;2865;30378;23090;2162;21274;4884;21187;13969;32136;172;8595;26774;23635;5371;9431;10104;10731;24768;10788;19200;23871;17471;378;20677;29917;7643;16769;8027;32090;18151;8466;2504;22260;21178;2553;10039;32374;17409;18682;21233;23900;11354;32530;26760;25912;27166;14334;4181;31316;30845;
18946;12325;29081;1489;25315;21552;9647;17452;26165;9291;26470;10291;221;14686;19797;2608;5582;26391;9921;23906;26646;19936;5568;29080;9758;18703;5277;29438;14893;3421;27263;7222;1071;2970;21318;20138;24757;27551;24246;1313;8508;13187;19159;21649;22962;28434;23963;28468;10038;27514;450;24030;21536;23368;11003;25486;32065;30355;17740;16195;7276;27511;13235;16401;7220;12998;8718;24435;22776;7417;11832;21987;13085;11117;11381;23976;5787;2508;2832;6128;7099;15304;6466;18462;9503;21264;13654;22885;7938;16764;9739;25238;17345;7051;9018;7222;2458;24336;20920;31956;
7604;4648;13950;28569;4192;20079;25863;22817;5791;3188;27898;24201;1252;17258;19209;8906;26395;12576;24857;28229;23017;24115;14755;29855;2358;12930;6746;11470;30697;11746;10766;28532;29938;6419;11728;20332;24974;17139;8535;24739;11462;7666;11938;24874;10297;20934;18655;30857;6684;5472;28300;341;12415;25886;22236;4357;14802;26946;3676;12801;18087;8355;18134;1020;6330;9122;24181;13956;814;4960;25131;4567;8217;2350;3920;505;32579;6725;6284;22531;12843;17336;12790;13758;22859;21158;10365;22384;5789;7348;2184;12278;2398;7354;6105;2835;14098;18365;9911;10760;
1480;11806;31820;3685;11167;15632;25164;26398;14217;13391;5079;21473;5967;9232;5025;29351;16086;1843;11600;27530;21664;19904;9765;28374;1941;27537;24799;22882;29188;16204;30940;29473;11749;26005;6274;31732;32353;19585;3805;31426;12948;6989;26761;715;9617;16976;4051;25401;32678;18222;14363;29944;7394;8527;6269;31432;15573;14991;14768;18321;24471;26679;23341;7926;29708;28717;13204;1068;15205;28263;4172;27405;1514;11941;6250;32616;11511;20064;14037;30364;28229;15101;28583;8037;3179;24647;9430;9205;22693;6940;3603;12871;2515;17510;26610;32432;1221;26702;7756;21687;
31157;32172;30178;10790;31509;12737;31042;26721;29068;7208;11503;24567;4411;28426;20156;6775;13380;30610;9337;32389;16013;672;7633;31276;28353;31170;19827;10102;16536;19552;32112;7994;17497;31030;25316;28214;3997;19463;13529;24669;11093;9104;10856;5746;8974;21436;9249;6614;6516;30742;1198;25247;1557;19075;31922;1001;104;21041;19959;29297;15374;32459;18889;6496;6743;1007;3741;12644;29960;2273;18679;3589;1628;129;31626;21815;4680;15738;4768;21803;13571;5821;18108;27755;31430;12334;4734;14374;9425;15260;16328;31944;16302;17911;20511;31950;28345;25789;17492;12761;
4320;22454;1891;7169;8872;29409;155;7019;368;25774;4351;2078;29690;11373;32749;31762;7207;21767;6909;906;13826;18412;3372;10148;18432;19532;12602;1839;10375;1674;25424;29116;31916;3054;5606;14584;5185;24218;11748;11321;18191;26047;27143;29270;14176;13840;22919;13756;7617;15991;9719;22206;517;11527;13420;6189;1421;8243;25057;31273;8903;30781;24282;14134;1525;23793;28232;6035;25392;19346;2989;3783;28076;16661;15488;22396;21565;21645;4307;400;26394;21991;5939;9834;19170;17623;18384;14218;23772;13330;10974;7012;11395;27838;15930;3183;11842;26150;24145;28281;
2940;26035;13886;3645;13263;23320;31538;32567;5018;19660;30489;2999;5052;26813;9850;27445;18079;3395;28063;13028;26230;24146;10487;13449;2242;15093;7352;16270;11035;9975;1992;30802;32045;31971;24030;14788;3073;31792;27877;13616;12926;1973;29089;17497;29487;10339;24468;8647;8006;10290;24611;31586;28385;22876;19701;4928;28301;24010;10652;25276;26120;715;24695;29640;7244;1292;18134;25732;7368;20677;11360;18703;25073;4656;31154;24476;2297;10815;8777;19145;29406;23438;28066;17965;30375;17303;23455;2352;2283;29733;10285;19488;31890;16651;12836;9089;16607;5653;18799;9636;
16559;26943;10348;3707;18171;7461;7317;21931;3236;26555;8801;27363;21360;4414;30821;3180;12879;8042;28095;27650;30436;16622;28596;5603;16448;3357;6808;20005;14065;27622;20974;22604;1595;14854;9169;23836;31397;32124;31635;25260;27064;15933;26531;2748;18179;22314;30388;2888;2658;21311;28699;5470;19328;11021;27513;7724;13979;30314;2971;15965;16007;26215;24734;7078;12278;7042;13655;4251;2550;11293;19442;1736;16315;28463;19928;14077;18335;24378;29399;17385;7015;10621;9085;25322;3528;15722;6852;1828;6442;28762;19189;17105;2987;2432;2502;21207;13415;18971;18373;2208;
30199;17904;22266;1574;25143;8184;1224;77;17228;32598;2837;31606;13798;20619;7339;13905;14531;9965;4317;14066;21877;21078;29293;11816;18020;32025;30125;9482;15894;26170;6629;10450;13230;3038;31221;26863;22707;23040;4155;31573;7187;12646;29111;15128;24168;23251;17517;30009;15225;14975;29963;22464;3332;22468;28620;22282;2747;3354;24732;32101;11148;29765;15997;22746;11301;25293;9769;31562;24248;2735;18425;16573;10235;4946;27909;20470;19828;16060;22413;2379;30963;28422;664;22451;5472;8205;1242;6177;26806;10603;6875;2832;3920;23718;7254;1119;15460;21414;24799;19808;
25549;877;22473;27948;12557;26370;22343;19257;28562;22190;26321;24622;18488;24427;2250;26869;30736;11930;18271;20498;25696;26100;2226;16692;12266;27587;28216;6922;13681;2898;17247;13144;2938;31138;16245;8522;30032;4702;7877;520;25930;24849;22275;27530;29776;19095;27370;430;29340;27346;8483;24968;30142;31390;8809;22265;2019;20998;17131;4227;23638;23224;31473;17755;11591;1718;21187;448;9932;8015;17863;3468;805;78;24809;8457;15428;4977;8255;23557;30349;8220;20461;13097;2266;17231;29767;18310;17858;9174;32054;23665;27163;14015;18653;24465;21693;10257;14716;14134;
27529;15291;25236;19180;20906;15051;4428;31313;21275;16608;13331;30243;10601;32226;25991;12189;32187;16368;7829;20996;19471;22938;21474;31357;3014;14417;618;8737;16739;16155;28520;28243;23952;14732;8053;23377;3426;31473;18675;29962;24541;32206;17836;4656;25787;6027;18359;17805;10345;5226;21916;31130;12627;20412;20919;27214;25185;7253;4322;28980;26305;4413;17486;22464;2792;3752;15026;9187;9939;3880;15528;4829;32147;6434;2131;13907;13832;25727;12358;26529;20717;2211;24993;1393;16404;18083;21885;12173;755;17330;29067;29937;27744;18397;23543;10277;30105;21753;1683;19913;
17031;10713;30001;22897;15172;1476;17232;11444;24282;16421;11516;3200;13134;2181;7919;176;30429;25271;4604;20961;30341;13138;13742;6529;11719;28773;11820;6184;5036;19045;26975;17964;14598;24938;20311;21104;7160;23195;20971;892;21688;27111;8096;11987;32660;9207;32205;14976;2099;11360;3580;23795;14878;5148;658;3851;14974;31803;1715;25716;20264;20694;23904;15923;5846;12357;31714;2943;5815;21137;9068;3283;16683;1324;15868;19777;22983;3808;642;17929;23200;4102;9284;24682;16070;13048;4481;18872;22030;16585;1364;19887;1557;28211;28892;11015;7297;29904;32666;5704;
5770;19597;15130;24288;442;6493;4566;27251;23024;8490;17751;31346;2219;24081;925;28655;27013;206;12225;432;30718;30581;7641;6274;2683;19556;17948;17871;16015;29045;13127;2163;31352;19320;12351;21452;10221;4576;30967;3344;3095;22204;29332;29412;24797;19177;11983;9002;4964;4742;16027;13082;19414;15785;6152;3476;8803;14672;4968;2996;9606;19611;17328;31656;5514;30264;11809;2494;31052;15902;9511;16321;28738;20350;19073;3718;26044;28406;31906;5570;2410;8457;13143;7710;12575;5324;4011;31118;2004;9953;8968;15838;11760;4265;12702;3470;11975;6070;29704;25311;
28512;20863;7213;4398;31355;20312;8549;28801;19922;18081;6110;26464;3232;2365;5949;18150;15200;25158;29832;11543;26839;11006;21315;24948;26708;11273;20953;24525;311;7898;21822;1367;14256;25452;14291;5118;4809;15922;24458;32764;935;12880;32586;15275;21004;19467;1941;30103;12833;28542;2664;31960;26483;32655;5730;16287;6459;28962;19753;6158;15330;7821;14602;23373;13252;28491;9695;24282;5429;10228;310;26656;9665;30316;1455;14924;696;3675;13734;13916;4331;27102;26898;16760;6576;637;29357;25990;14636;5724;8278;24569;465;19893;6835;4841;31013;21637;26650;3177;
20933;15494;5810;6165;1706;15198;20949;3818;15276;6422;26297;22875;1860;25293;31824;22432;2454;13742;620;9298;29871;13855;7207;25909;27147;1851;2434;7765;20826;22147;21580;15188;3203;20432;17478;17154;11498;3469;24196;26926;3567;22818;29718;29372;30903;20403;1000;8184;13614;16139;29671;4394;11340;20179;25957;22891;32664;18952;10431;13238;14827;7340;5181;3650;32119;22971;16953;24591;21255;23904;31364;31935;32392;24425;19205;23208;31945;2553;5027;32551;3711;26748;2406;1335;29836;17120;29912;29250;16769;14595;12210;19767;25697;12903;9652;11228;20648;30253;23765;10854;
26507;32577;18588;327;1666;24786;27854;11591;24324;20229;4937;24022;31633;8170;6448;7584;5622;22703;5960;26979;8909;6931;27042;10493;13891;1822;23163;16074;9758;25871;29792;8492;3326;11159;16278;12907;4834;13892;28344;19136;7919;16448;16034;10412;22125;30523;3470;15246;3347;15014;28029;31861;2692;23330;13785;18739;18713;28216;22616;30131;4577;2634;32035;1932;6630;32457;10808;20437;1202;23721;31244;22332;28690;25362;9589;20562;27930;9305;25800;1065;2665;30510;27710;27937;21423;2071;1949;29695;27244;7965;6420;831;7162;28100;32614;25772;6349;31041;10059;7469;
12538;29928;19475;15074;14838;8420;11148;18799;416;298;12582;24728;29314;176;23637;271;19796;21721;26167;13193;7106;13620;27255;7703;16496;15207;6001;948;18490;32614;10646;25114;24768;17385;13842;8667;6178;18204;2221;3244;18952;2968;6383;32260;24038;11666;23176;486;14974;6226;27887;22010;4774;12263;28232;227;28491;17178;30091;29645;6838;22944;30691;27205;20750;12948;7508;31822;23070;1828;18593;5809;28761;25994;22125;19860;6427;14398;22432;15694;21042;19817;19212;28026;14493;29341;6737;27210;3219;30916;24061;2079;14024;13399;11512;1366;13035;19921;31520;32356;
883;30306;19248;26661;4763;21735;14310;1137;9387;16154;6245;1265;16250;4870;17368;20528;11057;17599;14424;7413;28753;29775;10512;22481;30456;8179;14238;1780;11104;18056;23741;8260;19368;3648;17441;1457;17111;17305;8099;7106;13598;17552;13726;11892;8541;11281;11929;6213;15337;20915;26150;24460;26253;29090;17161;15883;27086;4316;23197;18119;21363;29089;25460;7704;7749;11300;15166;30716;1812;16263;1004;20656;13050;12038;7189;4994;2788;32627;30360;9185;28749;10466;5507;31926;12109;20645;11315;23031;20947;24443;11453;8312;14382;18436;17549;30725;6867;4472;3149;19375;
22874;31385;28425;9315;15049;18662;3216;4545;789;6162;6941;5418;486;15796;3126;17179;32411;5440;30933;3770;9614;18486;6342;29615;23193;26265;18768;29237;5337;25507;26391;4465;10161;19127;32577;23554;7442;16535;7128;2777;1274;9431;12143;21067;24123;26514;25609;1380;31870;26459;20790;895;3975;27510;23935;9235;12219;3657;20228;5328;5087;11277;20324;24043;21538;10697;26333;182;24158;10369;12981;25715;32667;30890;23256;1386;9941;25058;2754;6713;17663;4830;29087;9068;28231;19876;3505;6477;8348;9210;18163;11261;21357;22558;7420;18884;13492;13751;27685;24486;
14132;30476;3566;2103;22014;2676;22686;7344;12602;19469;16938;23617;26660;1969;10840;7593;21589;22310;4132;16133;2628;12437;13923;18405;17164;14654;31654;29093;4976;12393;26977;2555;5148;1696;15949;25548;24365;29979;30730;19012;1780;10620;8201;10789;27127;22973;24489;25951;2105;21606;8096;1250;15804;24835;13981;15536;1603;1237;27436;30262;11868;32712;19673;21724;5534;5541;10392;26843;26160;30601;7268;1102;25995;24982;3623;26253;17024;16616;2522;12726;1148;30154;19181;24204;11;1578;29929;8837;29851;21579;16212;31774;14211;11706;6357;22898;4163;18051;1432;3339;
10765;29860;15604;1272;16005;16322;19019;30751;24006;6427;13618;32213;30629;20412;29906;17324;2617;5364;12942;21900;6555;9480;8167;11270;21738;26664;25500;29924;3218;8098;25109;18949;24014;29526;25857;19048;14188;29546;26175;18822;7121;25151;506;2277;17468;23203;21529;12266;2383;9800;17622;30191;13515;22644;2220;12949;8347;251;22391;18523;18196;2923;7895;7536;10363;7814;13269;5830;10695;4085;18377;18792;20649;16442;9339;22029;202;29415;29576;8941;7764;30477;5383;26579;14771;13304;18797;16500;10397;28185;12974;14591;12367;22596;28837;2293;9498;17692;23734;28731;
8991;3275;10418;27246;17495;31478;25850;11382;30678;22767;12776;8286;24144;26669;8298;21346;20444;24826;1520;2634;28408;18796;18313;28663;27853;14486;24648;4668;25269;23039;9965;8431;25851;17748;5825;9023;13026;32345;8130;5959;10216;12581;16896;12260;21067;32399;30791;9412;21197;27876;13822;18624;27060;20699;31823;23148;21782;17098;19081;17132;25683;29721;28098;14089;25827;30967;29632;28292;19538;23117;17690;26025;17288;1008;10906;23848;30542;25371;16870;3105;21006;18716;9567;14462;730;26189;19274;10629;30128;28998;24622;10413;8445;20049;8316;1201;19551;19231;30069;19172;
13487;17081;22857;10948;12607;15800;18044;14289;15968;25273;13966;32160;4392;19212;29659;6699;6258;4012;17088;21099;3877;8820;9727;21801;954;18319;16997;8209;30968;17201;9642;15112;1026;3972;29848;15807;2964;12006;17519;21384;3210;28241;9097;12649;1954;11290;5434;12911;31874;30431;1274;3653;5629;6331;29894;24069;27538;25275;27331;25422;31797;19606;25125;17815;18003;15512;17231;14787;8464;3040;10043;18421;15059;6859;27165;9125;24836;2480;20803;18932;29972;27086;18496;23100;12990;31362;31049;23788;11149;18110;17631;27795;7071;14006;23727;30010;31656;27100;1462;32247;
29753;27919;17832;12479;5699;8463;32659;5244;31959;25909;17343;11615;15407;23137;22234;30584;16882;21043;13393;28548;2740;15998;4097;7686;20668;13561;6927;22681;6155;23352;4116;11652;15258;20187;19070;11663;24546;24070;27955;2069;28321;9233;23671;11611;32732;24192;3855;27424;21536;3637;31398;14197;17422;14564;8049;7631;18711;24264;30479;603;899;30868;19123;12177;25016;4525;13444;25100;19641;21142;20548;18073;32237;4011;24368;7822;25122;12307;25384;32349;11729;240;29968;23144;1699;18648;23158;22039;26165;12169;7797;2344;6680;19928;12761;12103;1309;31211;22147;30175;
1487;9128;23056;23599;9792;21869;25525;22944;30985;11522;22893;15958;18316;24780;8279;517;30076;9539;15449;29958;15776;1702;4874;1962;11219;2797;21967;7118;30800;12287;22340;5295;10284;6693;20445;6400;5924;1726;21965;15162;20121;22325;3110;31796;19929;18481;19778;23539;10144;10507;21603;27843;6367;10117;10902;7302;31931;953;23261;10317;16857;16463;12684;28197;17625;8947;2804;4404;13344;6406;30015;9220;24795;21652;10651;19742;8512;13703;8347;6619;10263;21274;17881;29559;30074;14736;3809;27239;17625;12325;31050;19436;7233;6981;13350;13801;24797;20220;30877;7410;
5309;26030;21972;30885;8662;28424;29716;2621;22090;2870;4904;29028;30186;18006;18438;841;1273;18477;15794;6131;12339;11289;32096;16853;30222;5447;473;9122;30016;21286;6687;22626;1153;10780;24404;8646;30610;5239;16856;20664;13694;4006;29106;7223;1056;18857;9777;23138;11493;17094;2258;20434;24276;14206;18277;2349;29131;26303;4460;29432;28427;2139;1220;9133;758;1977;19847;3086;15384;22219;32048;440;15205;27967;23808;22523;14785;18426;16289;31465;1734;31938;5642;16557;25793;13882;19362;25887;26109;11284;11688;25493;12101;27522;25042;8955;17316;1005;12340;10278;
15727;27626;9316;16997;6277;12906;18908;26201;29142;20528;1951;11015;24610;11657;24352;7468;18947;12343;4703;23760;23854;26030;30037;14622;2806;7555;28306;15987;11794;2081;27429;27317;15775;11710;18876;31718;12649;20877;268;3321;31590;5429;1395;29924;14979;28803;12764;7158;2723;20827;14308;15211;5605;30709;23355;15166;19238;25414;31820;8766;24008;25019;13856;19556;29361;6701;4991;23396;7830;8466;8025;5506;6521;28144;21605;9895;19312;17688;12296;30644;5801;27024;27768;4118;683;11089;9761;13723;11486;9650;28744;16003;8782;16933;7406;18907;1708;21281;15351;20998;
11414;23391;5515;19869;791;21833;9149;21113;31858;3760;20330;28429;21019;27837;29796;11769;18951;11306;28880;30685;24869;29105;17357;18283;32557;16069;32599;25537;6040;7809;4458;5365;23535;7902;10346;1777;25417;27176;14018;20097;27408;5299;22988;17578;5379;29386;10225;11326;18049;2792;10769;21933;3332;30763;1060;13598;11244;20741;4386;7870;14206;26165;30241;7512;24876;28149;28861;5927;22806;28533;25789;13544;26834;649;27892;16178;11112;14238;29540;26122;1697;15347;5290;9907;18818;3590;21142;17347;5139;22092;23065;892;27749;14372;24676;10328;9426;12046;23374;22502;
30599;19480;6390;25557;31552;26522;31402;10574;21843;6947;22280;31368;19696;6067;18275;18070;9127;11307;25705;29571;22314;4097;13826;7840;12373;17976;23163;14109;17259;11408;10467;9943;17827;2810;21173;32113;23523;14158;18616;20902;18123;8512;26404;19677;4085;23185;11526;5374;7291;28546;741;2181;18618;9102;21670;213;29014;26200;685;3790;3455;5347;28229;26017;15986;23297;9538;26595;30786;18702;28901;2785;10200;29149;19455;1076;31288;9459;1113;30101;10503;6387;2900;2802;28746;6746;14797;16065;4465;4716;2883;14484;1940;31343;5180;31213;20732;3862;14308;19796;
29157;22592;24824;11176;5250;22755;16866;2995;27202;31554;24614;20480;12882;3431;28412;18161;2403;25037;15678;28940;26285;26717;14981;406;27188;21403;22416;19811;24650;7714;17893;7148;7765;1102;23226;3746;7378;17976;6421;4738;29338;17895;10035;4074;5476;21956;13095;19627;908;19279;2755;13407;15123;10769;27323;31485;8678;31441;18696;19882;17251;8971;7819;1490;1817;20638;29683;4728;17615;19909;13792;3018;22984;20808;5192;9465;9030;7924;28955;28743;589;3144;8738;10594;19625;15729;2605;31216;20275;11897;19821;27755;17743;23739;9503;303;27065;9370;5738;6609;
1154;10098;4235;11955;6741;19919;13871;725;8447;14813;22048;18926;23854;15904;22308;29884;19833;11365;6947;6040;18081;4345;7559;8013;9495;11800;20712;18474;14270;19368;32745;2902;18417;12072;13661;30308;25288;20451;28591;8487;18327;7017;9088;13768;8120;24127;20881;16149;25483;9430;13284;12572;4282;10426;17950;24569;5570;7692;11568;22764;5807;30002;16950;20911;28454;25805;17567;8710;5545;20459;30607;31639;17431;23679;11905;21500;2418;19982;3377;13591;10469;30890;32441;26533;27142;24612;10234;11286;15960;22398;22845;30109;24596;13471;17178;23427;20009;27722;29338;13504;
18817;10833;22680;4556;14214;14854;24685;2227;3557;21235;22988;1896;11153;7627;14826;8283;17164;1440;30690;1357;14818;10581;2137;9315;8566;343;15453;7034;11520;3464;1939;30139;18647;8060;29074;26479;14060;5352;13962;31764;21655;5719;23337;27312;28055;11807;14271;1125;16468;19348;16032;28998;5990;1659;458;12137;7259;14018;15303;2109;18357;13422;24533;28702;4659;21460;30021;1063;19282;29196;16929;6728;14610;9635;2321;6040;25853;26512;24191;236;14950;18537;22778;31144;23023;1495;8408;9429;17998;5192;8992;7284;20048;28899;27559;29458;22557;20417;27256;29597;
29119;31322;10361;4982;19166;29245;12108;19143;31693;11269;10356;18199;15819;30344;30649;11292;30850;25169;21709;22224;18644;15697;10287;22215;25815;30417;12112;4543;286;32683;11253;17785;6971;31418;8924;23495;19841;20879;28066;17639;4111;357;9188;19471;2826;13399;8101;6729;24105;31441;8431;23425;375;14661;21693;14812;9044;7711;17177;9036;10173;13306;26754;3426;11470;25620;32400;11107;14469;31999;14299;19101;29641;4506;29464;18683;5803;17472;10629;23000;27115;21055;7304;3345;446;29580;1682;19550;5582;25269;21322;17122;6787;8470;8936;25344;32641;19280;7390;32369;
14194;4599;21950;9363;27909;10891;19544;15108;2358;19626;16930;1136;28369;3971;29406;2471;3889;15246;28534;6387;15438;25723;8235;20392;23543;24424;12782;25084;24667;26966;29454;5401;10702;4574;25364;8049;13770;15904;31212;25426;16180;22525;27205;14266;13281;32134;25401;13164;9049;17587;5425;11843;2779;26457;32259;27847;8865;27478;16478;10750;4196;6926;2664;29573;8995;25116;20389;3038;31777;25153;23067;18188;18733;21664;30388;5469;29733;2862;16611;12424;27581;9828;20874;7927;27005;21303;21788;358;22793;9545;19711;24237;17573;24929;52;25050;27384;19481;24377;16003;
25104;20694;24366;12123;27559;5373;4152;17154;24229;19300;29475;27426;18918;23559;21067;439;13372;13309;8636;14510;7608;20906;10904;10162;9765;24885;1465;27715;31958;32060;10648;4104;32162;26567;3949;10598;7980;20347;13208;27217;5736;29969;30016;4450;21338;17670;6458;28970;15137;14739;29740;455;17205;6367;32754;12468;20973;25460;24640;25318;2116;1775;6793;23828;22748;10492;1312;1622;4163;7810;12702;14577;12918;25371;22147;5489;20899;9415;31776;3065;16947;14305;28852;4056;20488;1874;18389;10588;22787;21764;26897;23019;28874;24218;29142;1615;29128;14942;28303;23378;
8053;122;12048;24715;15831;5228;14900;11639;16969;8884;9412;29900;379;9935;20379;23049;32442;3433;20744;17746;16497;18127;3444;10619;19952;23971;17221;28771;14957;26067;3586;387;24904;22475;9399;5830;14228;11242;22427;21403;22226;18995;4336;21065;9471;8774;23851;7044;15826;32654;15957;15421;319;28091;20145;28094;27455;16755;30367;1013;6355;6468;14784;5648;7750;27358;24411;5451;4787;28799;31231;17926;29896;2734;4714;20251;19657;27180;31146;21358;12248;5672;1666;18886;2163;8882;16911;1755;18494;11122;18347;11696;26371;26266;23570;31266;21239;25625;32708;6593;
13887;19730;170;1760;13746;14220;20219;6632;3297;25195;6497;17650;11092;28063;29784;11668;14103;25243;4311;6394;6262;8456;17971;24121;29444;955;29504;21217;12258;20965;31417;26065;32061;20618;24290;23632;26393;2101;16491;25945;27981;4841;17560;30517;15055;1626;9887;11088;25138;20061;30802;3141;17261;2974;22013;2619;32478;19089;4498;2420;6543;9899;6403;16163;14007;11729;7152;20606;2692;6161;13442;26645;27159;10128;6039;13666;7377;17603;4127;2721;21197;10978;18885;3298;25773;14490;11987;10844;16538;14595;23887;19204;10374;14545;30570;28510;9652;15310;21276;12691;
21883;26248;19720;23749;29511;28742;17061;3743;17376;28993;30623;5936;17903;24849;27259;2809;19390;22886;23675;15172;25151;28920;4289;2232;10576;17089;1718;17451;317;30057;13229;4535;12678;22274;32708;528;27875;24821;2571;22036;22150;14396;30697;8356;27808;32210;21435;15027;31782;872;16061;15772;469;14426;31278;30649;7284;25313;2991;3889;29785;31114;237;18193;15406;12519;5759;6815;12021;4484;17938;8939;12106;10780;32707;31398;27624;12813;4812;5175;11631;12298;2403;13836;12645;30992;31711;4398;13946;7067;7965;9753;7696;2841;4642;27594;18170;8095;12033;27929;
1412;15835;25343;20553;23732;15178;20982;31966;23760;21162;18679;21422;19232;15539;17459;11579;30453;16642;3100;4672;24555;21334;11719;25226;4458;4350;21141;24073;22387;12946;15122;17447;12441;17890;24861;32088;8525;17452;1354;755;19551;22674;11140;31040;29890;27338;19191;12242;19600;16920;13613;31767;13645;21625;30838;8749;21872;5665;16782;16375;10015;23848;122;28273;25659;11649;21683;3392;29596;299;1158;27790;15262;24747;955;18708;32220;24505;19829;20088;8251;21050;5465;5082;1835;19822;5106;18090;25897;18795;29268;30652;9096;30410;6400;16030;18546;7328;26120;10025;
32298;4784;3700;7510;8083;11230;12003;19283;28150;9447;20342;7638;21504;27472;24297;25266;23050;20636;26883;13736;12190;32194;3121;12159;28214;15070;29294;2902;31046;24359;20837;13882;8061;32033;13786;31988;24904;7956;7750;19492;153;10172;10433;13972;15846;11074;22565;13766;26228;21611;13425;22735;6101;10768;19051;21864;23728;18638;20106;12099;1728;25854;26386;27035;27167;10471;24961;30479;24005;17203;22314;23472;9547;14752;1312;13657;10229;21496;23381;7743;6384;13123;1795;7624;29912;26939;31819;7073;30846;9216;17181;2315;29927;16909;2903;13429;9368;25195;19505;31568;
26128;17700;29400;19999;32663;4091;25689;15053;20534;19290;22209;28996;4615;11148;17794;30267;4527;31276;1305;30799;32552;13278;14830;31574;15300;11837;13948;19952;18798;23060;1201;32094;16179;30160;7832;15256;26370;17461;6709;27545;26800;6993;19633;18430;9791;24494;10423;22479;11616;16332;23581;9629;25142;17358;28871;27853;18269;1396;29896;12595;1835;9289;28107;29923;8758;18974;7090;67;26390;21430;20092;28773;5996;29123;21356;32660;24099;22033;15719;15405;31477;16642;3231;8625;18225;826;31086;18455;30652;18331;26244;7527;16470;14708;15941;23940;15391;23285;16237;15433;
16218;8167;31990;30168;30320;8346;5435;14639;30264;31006;25693;8445;8565;10421;13798;11955;1953;1417;14764;31709;8425;6299;16377;5555;2936;30204;232;14059;11768;25919;29458;21458;25430;28206;30058;11419;5062;7612;20582;23031;24328;5947;21088;2022;15337;17871;2875;21196;12556;16931;27465;31431;2794;16474;18796;24896;13080;6729;5244;1216;3273;18915;13289;28421;31379;26612;23458;18774;29046;787;22325;2835;15642;25297;4151;30352;22872;2871;21478;22563;1276;5232;7181;15228;29129;10946;24360;2869;13758;19139;11209;20138;24984;3529;4922;31243;24728;6818;10084;1200;
1414;3717;4079;14764;26870;29257;31403;30372;31946;4053;27439;19682;30968;15320;11712;14501;1422;26554;29044;25275;17907;4050;19862;8274;10607;23001;13901;9484;9453;30622;9337;6993;14848;8700;29918;5865;28453;16393;17028;5578;7496;3729;16477;814;13961;23491;22057;28905;27199;11049;1175;31482;19005;21982;21677;2400;21845;31483;22121;25647;2843;21586;29353;19938;27883;17247;5192;6131;4142;10875;27786;26025;9688;26195;22202;4402;6965;31641;7953;26353;14310;19705;12506;11033;23847;27983;28628;7547;19027;25111;16600;28572;2729;27172;1467;24843;28752;7318;4214;30193;
16537;29702;20868;31722;30085;6659;17804;20755;14471;1730;26176;8549;31370;18705;8837;3649;19766;2701;8660;29771;24943;9237;22240;17276;20255;22142;9593;7539;2614;31624;8112;11788;10479;17169;7740;29236;24404;20617;14364;24828;21508;19622;23934;10988;12852;16217;6624;921;7412;17920;16757;10617;26547;31197;3530;8183;14342;6855;28073;20419;29861;21023;3134;364;9654;8710;21368;26160;10831;21709;28082;8979;26422;173;2707;4654;21227;29625;27442;11850;744;7184;31102;23725;7719;16471;28382;2356;22757;7271;19988;18594;23974;13890;13415;30008;18297;32588;17921;31110;
4477;5560;14742;15744;8100;14912;18246;27092;17591;19993;32453;30075;27034;27942;18617;12686;14802;30828;5987;18268;31044;9414;2690;23737;26431;25049;2676;21145;21181;11595;7839;20957;17382;9776;783;6764;24278;29893;16736;18566;25504;23137;20703;1109;28563;32168;492;20421;25532;18178;14499;26262;5291;24908;15035;25776;10106;13005;5293;9910;16396;25195;23065;6365;25747;15646;17766;26623;14933;4006;31402;18667;32687;18553;29129;18944;26458;30208;19424;25338;14573;29954;6116;14091;23203;25441;19078;15662;10335;11012;27994;17080;15341;14612;18745;31791;2699;13675;4068;6240;
31656;20041;18665;2476;23787;27721;1483;31139;22391;25236;8541;6868;19054;28501;3695;19682;11955;8301;31148;18139;26613;28775;17091;15302;9961;12206;4293;11643;16598;3581;1486;25016;8279;22552;21992;11632;13149;15802;17708;2662;31347;13262;20779;11003;7494;18145;2444;68;10340;29144;23542;26208;22596;19678;22320;27401;5511;10401;10630;25192;1661;27070;24175;15918;23019;14457;8046;23264;12043;22706;31798;14194;16085;15893;32273;19224;10877;12432;2690;27993;4925;5386;22825;1125;24404;11858;232;28072;20559;27221;24644;21663;20103;3989;25870;27627;3563;24278;30530;15524;
28671;32026;2863;32751;18213;14800;7896;14035;24348;1353;9883;29768;28358;11115;11536;3473;22318;9897;10804;9420;21449;7987;21959;16840;32764;27241;30962;27926;21983;7830;813;355;2625;3803;26208;9989;27116;17257;32328;11731;7209;16883;1821;14650;28295;14948;26482;29325;3545;27597;20828;13725;20606;21921;32470;27530;30181;2340;3428;2008;32591;12065;15607;23493;1495;5595;5649;13274;12720;23367;15145;29633;13999;1912;26961;9302;31241;11099;27670;10240;17757;22436;2216;2370;10997;8;9275;6029;32585;7853;10668;18009;3012;11231;29288;628;24267;15876;13962;29081;
23804;26066;18499;20548;30643;6847;7807;25029;11475;19385;29381;9875;13251;26648;30303;19684;31670;29905;25276;3962;24368;492;26898;30400;12486;5176;17735;12309;1317;22333;30738;28520;24149;11122;27742;3845;7231;25776;3055;25006;22125;19687;1863;27374;786;16144;21707;29098;3914;28258;11042;8441;19618;11721;31454;11062;22491;19348;11102;9043;23787;21869;7922;111;23621;22671;16961;32683;21850;29235;10984;22586;31328;17483;2404;30136;20818;8819;29234;11453;26168;2853;16948;7601;29352;16684;8791;14818;7821;6491;28275;7891;15911;20606;883;15320;12627;32145;14517;30175;
18445;29744;2228;15761;20531;11087;11492;19354;12427;31787;12509;30532;13576;19840;16572;23371;28745;32509;14022;15597;22115;10485;11343;26944;29920;1111;4571;31944;27656;3808;4738;18761;3423;16271;18073;19930;17262;24410;31118;30011;9926;23071;1812;3688;25667;7133;4992;13166;22670;20004;9075;4734;1253;2506;22202;19776;16671;20704;19058;25193;20202;25828;26224;21904;12888;19768;6624;2366;29594;8659;19243;32580;11787;28215;32543;29521;4208;16547;31562;963;12925;14729;26534;23742;25500;12098;13180;6523;22251;14849;16770;20451;20611;15366;8006;31325;14336;14868;19408;13284;
13374;6180;20867;31324;13408;3675;14149;27430;2583;27194;3296;11762;31009;28693;5799;468;24591;28870;23644;8347;24140;26530;8017;27742;7003;13484;31694;6999;4960;18185;14771;22004;3298;19380;4190;31532;7119;13427;25039;32528;21952;11018;12554;6050;7039;17582;22461;11241;7111;2492;16163;14661;29514;9643;8232;8961;3576;21312;3790;8231;11647;22784;21711;15256;14606;10731;24452;6747;14943;32359;17669;31798;11252;31099;9362;10875;31905;11837;26162;18725;27722;6542;7577;15907;9710;25604;5199;8948;15076;40;16143;29812;25445;30946;8814;29942;10315;1073;27325;29842;
23064;11807;15151;29633;31034;12277;30783;21543;29582;18347;4428;2991;23330;9122;3462;3549;31295;13974;24590;24416;26791;1998;18265;2023;1563;21397;15318;22070;32288;4078;12752;10873;14595;10628;12949;15064;24091;3296;4312;1611;19278;20446;15444;27056;9686;3938;30898;2843;26693;21831;31661;3949;4551;6808;13940;20008;23208;14851;20047;30593;4630;26250;2182;24759;2343;31356;11647;27300;12062;12964;10022;13970;17130;10688;24209;7503;15855;10293;7397;7300;23561;7168;29555;11842;25806;19696;28455;16094;6676;8466;6947;13567;28596;1389;5799;16373;28813;20208;16948;24652;
29899;10153;18417;24225;3433;23608;845;9397;18676;7554;3046;11456;13714;2730;26538;31496;17476;5949;10299;21937;29032;8620;30616;11991;22146;19968;22523;29914;2363;30921;6909;15609;27562;22103;21504;31779;20947;4653;18894;16905;8301;691;11134;10872;18665;17707;3224;30950;18095;21990;27769;4683;427;30904;19704;18738;14856;1449;7241;12303;24891;28141;30242;26067;1092;3351;29;4286;11056;6793;25950;31604;20963;20271;13685;2132;24084;4973;10885;28421;13977;18773;6822;30801;24549;1822;6281;11319;16847;21969;1883;9787;31381;18502;9707;1025;25376;32335;21774;8730;
10377;26675;7491;6942;7901;24158;14227;15611;12573;24918;7611;26764;4745;5617;25997;3950;5406;20934;27540;17423;18782;19425;4343;4103;19279;17851;4255;1196;24774;16489;12188;14816;19685;4627;19653;12078;31971;28584;5023;17174;29195;16080;22145;13476;3336;17442;21493;25416;7775;408;27488;16609;24637;22847;1254;10779;15731;18483;12424;6395;2495;19915;16527;26040;3917;21265;25390;2509;5501;9845;32611;6476;17639;24514;22814;26229;3229;16464;16549;903;27823;25468;20791;5846;18933;21333;751;13598;12040;21912;5100;13847;7826;1247;3247;14153;23240;2581;25540;16674;
17972;2605;1189;16966;16824;7187;15835;21798;11216;23267;23142;980;25879;26714;27231;32278;32269;29578;32476;30137;29207;6097;23828;5415;5063;10251;27844;17468;3678;14855;26065;12118;8335;1592;302;17579;29830;28589;12544;7136;14633;18499;9216;31703;24734;9498;6177;29384;10253;22341;16500;13459;19623;23750;16968;13140;4583;23993;3477;9784;32023;2511;5275;29328;27159;27134;9926;11044;23898;31351;29397;6602;14129;8409;29755;1847;11340;21156;20421;13588;10109;32752;25470;15957;30912;5727;3536;20934;30073;12368;28651;31462;28156;17493;12139;27897;7250;26856;31540;1113;
28731;89;22433;29197;23663;24843;30175;17820;2345;19936;6803;18723;4070;21234;22467;25510;9322;23172;7667;30116;20229;3640;26766;25582;7188;22658;2440;17593;25802;6748;22594;25329;5425;26939;18350;3024;4971;26946;10163;23216;11326;6070;5587;30493;10448;6579;24843;31023;29102;25373;25850;26646;25363;18904;8262;1783;13928;22844;2620;25591;9479;31171;27574;23957;10308;16645;16194;4668;31406;32231;23680;28184;16018;21775;29388;19242;28097;411;5917;22423;30355;3602;26925;13894;10796;6554;5083;3497;24574;32108;11469;30939;29327;26246;14169;3820;31101;14239;20134;29817;
25791;18272;15118;11135;23853;20177;30407;5488;3651;7186;26051;23431;15650;23883;17620;12633;20695;6117;5140;9646;12256;8187;132;30094;5868;9227;4339;5535;19683;8434;6690;26030;22566;21015;15909;17035;6424;29158;31500;27162;28125;24192;3267;26023;17250;30384;9783;28282;14237;17186;17850;171;12566;16335;10409;4152;4006;22972;8780;5205;23166;29924;23037;23811;3948;3698;13453;26340;30554;20276;27875;8526;9240;8781;8166;23198;31579;9258;20382;18127;29445;32183;8597;21579;25254;32722;23684;17152;3651;4864;26923;12727;20055;20318;23169;5537;31000;20699;16653;20531;
28923;7077;19860;22324;31866;9441;1780;8981;19221;21407;5968;22400;19351;3597;29805;23091;14234;9962;26460;19471;30797;16190;14170;6252;18549;28745;31732;3760;14258;20921;23151;14880;29444;12320;12902;27638;30349;1956;32181;11187;3225;5881;26518;438;15835;7820;24330;20494;5881;8193;10363;11661;26444;12768;12959;30493;23777;15243;12959;2903;8643;11636;19321;25682;24188;2444;17571;953;17881;20479;5105;25889;3566;9246;16056;27289;31322;15772;22068;30594;23500;31230;4903;11681;10438;8781;21699;114;5025;14606;1738;4799;16850;25716;13044;4722;2155;18643;16785;1704;
20965;26456;11631;17414;4380;21752;12030;31568;26011;23974;8882;5687;21786;26569;11945;22131;15941;11245;27534;27410;26815;5304;5309;28688;22119;23328;935;3111;14810;13020;31352;8424;13881;6936;504;16651;19500;10093;24239;24836;6182;21776;24909;30167;17899;16458;5705;30252;23888;20008;6343;29094;19522;7795;3263;12913;21002;23010;1116;7450;12239;12431;21666;17060;16989;7336;7508;22744;26917;15719;2069;3292;24196;24132;717;25607;25928;32361;31054;7924;28528;27750;21048;21205;8755;18982;13081;11530;23364;3361;20441;5363;6997;20180;18774;8194;31194;366;24395;3092;
1551;23757;31094;13313;14652;6056;19450;12913;24119;16654;6914;9970;4651;19983;24999;20808;17049;12217;24596;30468;19612;1350;21735;18265;8561;16019;26075;12586;5174;17108;31652;24423;13554;28551;5403;20378;23766;934;21915;14013;20419;19233;21163;10319;5900;7819;25821;13223;31100;2835;32758;27527;13467;14007;22094;3060;23341;21684;19322;12869;31996;15937;31273;23419;31703;892;20812;7376;12763;2213;3194;19091;19697;906;2962;306;920;27970;19874;17561;1765;15390;4871;10682;21959;31197;27350;15981;21904;2591;12155;9083;21425;13597;13984;3317;21701;19094;14417;7371;
21714;28941;12637;19353;23755;30001;17663;21444;4441;11677;25021;21190;7898;18113;11665;5318;9899;2848;32071;15980;4514;31677;23334;18675;27615;19663;24786;1152;11717;6844;26737;5298;5699;27461;22797;7034;31320;20222;4665;1581;11734;14082;15096;12503;26982;21220;30682;21459;20940;2793;19560;28568;1132;27252;11202;10966;19725;3777;31879;22210;26846;28118;5109;3501;31414;2487;27730;8156;5280;25562;6794;17044;31383;17626;18201;13684;654;11375;11819;21000;13748;32158;27394;14746;5877;15149;4761;5451;12996;26714;24967;7267;23576;25037;293;21734;15028;17098;10227;17000;
3756;10923;6456;30497;19749;30350;18409;15172;31324;17227;8396;16013;25834;19369;16349;2073;9798;30417;5361;6267;3211;11010;15257;29196;20859;14471;2633;31618;17092;28902;7354;28869;16259;15963;23948;22014;12039;20356;21296;8432;21719;11102;13317;3211;9718;16752;1473;19134;869;19014;19475;2190;32234;3105;2695;30821;1808;22509;7593;22188;13167;21107;12141;7323;29229;24016;19150;21840;24005;14118;21174;18719;2567;7313;24606;29482;29537;3933;19318;30001;29532;1654;25927;32171;24169;9503;8727;21525;11998;18919;15757;32650;24892;2521;6357;15252;26035;27636;22598;12098;
19176;30939;1090;6778;1525;29389;12638;28049;31665;18902;29635;32537;12083;8263;8661;21498;14737;29541;10770;11717;28397;15454;60;21316;21683;7553;26042;18262;19740;28589;4412;25081;7159;17418;31134;32681;10408;11768;18447;15081;8561;26949;13682;25631;25584;12451;22276;11172;20201;22617;7743;12828;24902;312;4095;29443;19036;30673;30436;15753;20336;5093;5367;12192;10874;11293;6288;26451;17960;29179;22647;24153;31526;18961;6985;9194;12957;29809;28189;26833;4602;6500;20072;4547;5104;3679;11038;17391;12992;26418;282;8150;1976;10115;5824;7773;1017;10363;6881;17440;
9854;1727;10974;7946;21338;11426;1041;16931;12353;19609;25704;13224;10826;24559;24147;353;2291;32185;9185;28463;12902;7693;3366;29669;1275;7535;24031;30808;27133;5260;3673;3258;1457;22571;7054;2083;10388;13664;8849;18033;26085;15874;19245;30802;29539;14688;17865;14751;13912;3376;24719;25068;8662;13000;30670;17245;19009;3217;17820;19387;21005;12216;21695;15302;5065;30246;6862;26829;11613;27827;32147;15485;20624;29078;18356;26359;31949;5920;20626;30501;1574;7851;23410;19789;3481;8141;29147;7142;20114;12241;15678;27307;26034;7527;9181;20463;29903;5274;11493;21552;
18492;16131;28637;13294;24906;13372;4932;29629;2574;20120;7798;31386;22117;14353;8912;9851;13878;17282;20;3882;31991;26135;18447;27474;627;25857;1401;19418;16586;2926;27164;8563;5049;31928;10297;16493;32027;30428;31527;22223;4784;6447;9021;2214;31006;844;22770;9885;4149;24657;31555;13006;13431;12875;32085;10200;14808;29166;22364;13874;962;22154;32443;27583;24156;23098;10605;31138;32012;20063;24739;3155;16955;5196;9902;27122;13400;20035;13344;19164;17439;7329;4142;8317;18459;15189;2137;15973;20841;5014;19278;6557;15808;5590;11018;4667;10926;28657;19009;31540;
11812;29611;14593;21618;30773;16729;17555;27430;16923;2782;32418;21600;11899;729;16286;30173;32490;19485;10339;4383;17071;32098;26390;1219;25290;3386;17232;14352;12086;14918;13695;25804;20844;17321;3465;13139;18472;1469;27826;23786;20591;20229;5823;18512;24529;355;24155;21654;5100;21387;12475;17969;15153;18104;1150;2638;23275;9374;12247;17509;22140;6559;27117;23057;7146;16193;31618;28959;31131;10976;25299;5092;349;21664;28352;28628;7338;27302;5421;25169;13865;25736;2216;18369;7287;27393;20812;16611;552;26602;27877;25187;16137;21093;14933;684;13992;2908;13366;6653;
2071;24106;16064;26815;27372;31127;3309;22550;23948;29962;24796;18614;2218;13818;11123;17400;31754;18854;20297;17196;10379;1798;2755;305;15204;3329;19837;2628;16046;28896;31979;32278;8995;12547;27712;14369;5925;16338;2958;21051;20226;15095;4655;13676;8822;8907;10341;11517;9073;9741;21565;12241;4635;21978;11705;21497;21013;21977;7725;8322;17666;23735;12010;12689;11847;6355;11034;25267;1038;19770;6379;29550;20881;15061;19952;23068;3733;10721;8900;14585;4148;10144;2544;10618;30432;19534;3598;20960;15781;7511;31535;30990;20142;24519;14203;3223;16651;28418;3863;19740;
9138;27573;30540;5333;31171;22284;3301;27757;19472;28198;20952;25107;29660;22982;28201;22222;739;1611;30732;13840;27803;14306;1866;19343;21690;12026;6117;11088;9976;28920;32767;24580;23574;2348;31992;21400;4127;22020;7127;9736;19950;13952;235;26228;13296;11238;21170;25205;22059;17335;19449;32689;383;24033;14661;21421;17452;9014;25970;28131;24469;16413;14746;2069;1860;14216;5176;4320;4397;25126;7053;17556;31543;28121;3907;18499;27128;29034;23889;31512;1216;26748;32286;29162;21210;11198;23529;20753;32270;14693;18792;30841;7786;25050;19375;13813;29507;11439;15188;29141;
11638;2520;209;2490;12019;8984;28713;19881;25469;25017;1999;21343;5803;31872;5827;5092;27443;8672;3582;1891;22375;4718;272;13113;19200;16277;6664;24140;25115;17035;1172;24478;18817;16259;5225;15138;14379;2341;10981;206;8710;6203;8179;8689;2035;11181;12848;12487;2322;9391;16972;15946;6464;29497;23986;19020;222;9911;23659;31171;2517;30467;5695;1892;32214;22928;29470;8819;23015;30440;23231;12249;23323;5208;18311;8567;18592;17897;172;22458;7935;31891;16282;16751;160;17582;17558;11737;3981;18601;7841;1281;5239;27646;10911;23118;5886;4709;3512;3413;
19245;26441;12031;27890;30788;14712;29777;4248;15547;16158;18048;23525;21379;22004;8369;24698;16015;5045;12035;4617;31379;15058;16498;175;8204;26470;4090;3461;5504;2156;10495;19826;14087;31024;27372;3651;5898;20227;28699;12797;15435;12083;23541;21617;293;16698;21594;28434;30742;4406;10819;28420;31098;30361;30117;29045;16025;21282;10393;6704;11748;15884;23995;14447;15484;28549;26063;11761;2292;97;22699;19533;4952;21008;11601;7302;13934;13005;7515;17631;17979;4633;22428;241;30665;22888;17924;24570;30248;15642;27332;15736;18611;6572;6323;10231;28308;12592;2800;10791;
21387;23802;8137;10801;491;1949;15068;21323;13797;790;4732;15755;13832;3910;27735;18424;5385;9382;3413;22759;16576;22326;24771;30853;628;26038;6832;31152;21592;18713;22935;9483;12373;22583;2879;6737;15370;21442;6368;23529;30226;28283;7815;14523;18565;9637;12731;2115;9409;32186;31585;27875;3178;30558;10461;4222;11183;20625;30842;3906;26831;26152;25868;1221;3292;18814;13524;28500;27072;24167;28579;23944;8573;5477;66;6681;29369;5663;1298;18935;11897;28174;5104;12439;15149;6010;30043;3723;18669;27813;6873;20054;6914;23366;21654;29566;2728;27704;2639;32739;
10002;29556;31598;17230;5807;31805;19063;18765;7596;17818;22434;22847;28090;25353;11978;15531;8977;21874;3205;16342;4788;12378;16021;8340;19959;8025;25471;24414;32575;24526;19833;9893;1034;721;3209;15462;26671;2921;25580;12799;9830;15615;11957;17985;21002;11795;30646;11718;3614;29486;18595;13700;30095;30232;29813;29603;22712;19786;24845;31372;29739;10150;5146;16963;1199;8294;1852;15350;23685;3923;1898;17366;24048;10551;9105;25893;32500;1172;28285;9360;14941;22166;6141;17600;4611;31815;8514;14636;1613;9218;12425;15153;9972;11050;18426;13668;8457;1051;25551;31015;
28218;14433;17336;29306;2385;23337;25470;19988;19453;32756;26343;17843;22997;2451;31963;1712;15514;25935;32196;26326;5564;1640;18747;23412;2336;13761;9952;26289;17697;2521;11913;28448;19413;6909;31648;13716;24977;18364;12230;23862;17583;7580;2236;14804;4750;14859;3460;22652;32219;14232;5827;30282;14863;31587;13930;22910;16441;30418;17045;16593;20734;12678;1972;23818;22494;12174;26088;2252;5049;2010;23984;12978;10385;16114;20420;11678;32401;14824;29761;23373;4686;23946;19719;25903;6734;11741;5983;30582;9671;455;226;12909;6312;7948;9110;17932;10461;21116;3417;27593;
16591;22634;22147;12976;27435;10591;3015;20918;11237;32528;28506;29771;27260;9614;21847;13614;20863;27837;8035;15237;18256;19975;7053;11821;25640;6737;19063;29007;2395;17454;20667;25140;32222;6739;6024;1370;13318;1612;24716;23239;7314;9069;20759;19613;10988;16906;14461;27631;28332;10987;5564;28627;26206;14074;8286;10936;28549;3903;22689;27130;30688;10510;25302;29620;21483;21119;12807;5846;24233;25375;17884;375;18081;25829;32703;20844;11302;18792;21311;4889;29916;32590;21938;8839;30840;31752;28959;8887;27335;3517;15963;32566;9970;2435;19057;11250;16384;10709;19271;5964;
31388;12610;1919;622;5145;9570;30108;13279;31411;13838;22118;14420;23320;9424;20111;9674;10023;16537;17302;5329;31223;18866;32748;17451;32027;20981;25174;6805;13092;27965;7314;31461;19304;17947;17725;7765;25346;27339;16628;26911;22298;26214;18106;27978;3175;31320;921;4035;20465;3093;8588;943;13596;6920;13725;4096;5346;21196;22859;21318;4704;3487;29486;31176;18580;23316;29406;6612;1381;24328;1040;10835;13795;7382;32002;18336;26577;719;3098;15003;1121;18916;26826;30201;10302;32166;2998;32222;15567;16497;12825;28077;14011;8163;12388;4127;7592;3475;22569;15762;
16713;20480;30008;29860;16279;32712;9736;24833;16478;25883;4952;17529;2556;18798;19221;30294;21349;4468;17023;27884;30571;13130;17288;1393;27965;23794;18812;32271;10797;24322;4327;22072;20662;12189;24244;2362;20669;6563;17042;22291;23831;27685;22684;3974;23116;15900;20024;4974;10906;6746;11839;83;31549;10176;14431;14907;30446;8626;18366;18370;426;13512;3296;13421;25012;5062;7883;27964;31197;22735;10089;19326;30979;1749;12077;16873;8920;16212;19449;24554;5604;64;14144;7994;13006;32316;3944;12210;2263;28428;18546;13664;27559;22605;4060;11482;5708;13923;10182;27090;
32640;4020;32085;25579;17194;18452;32341;17867;17704;18559;29218;29298;29004;20238;22984;29898;15524;31524;7017;3455;19455;27112;31967;21264;25516;30457;12707;6183;1157;30045;32749;3110;23085;29882;16669;18946;24213;26312;16730;18772;22213;14598;17017;26029;3289;13996;9760;28714;27465;18145;811;32585;23918;23343;10830;28923;6466;8756;24060;21243;13928;21146;16776;9565;13932;8777;17291;11114;25163;15834;1925;16043;8502;21583;4807;22596;11411;2818;16528;17540;17733;28124;16758;13497;20013;12231;10759;9033;28656;20326;21681;15870;10747;29699;6879;19106;29893;5833;10597;14796;
22868;19507;29726;23545;8707;16836;3283;27870;2178;17401;24927;26877;1310;24700;9489;24951;9027;30874;26962;16929;32575;22519;10632;15833;20808;9088;20026;21787;10689;13474;27508;10959;17081;13497;15981;7013;2741;3276;11879;18980;19631;32119;21719;6335;6494;29480;20678;15658;21944;27279;26999;27051;4790;31055;17482;15156;4695;20218;12768;25072;7655;16956;22144;14364;4481;15958;12729;15128;16595;9422;18761;6846;6433;30565;31550;21234;9356;24138;15195;890;21141;24205;16317;31249;10717;21718;24767;8886;18222;2135;12314;21066;19903;27135;2897;8026;11444;21489;11596;15674;
24037;23860;834;3411;480;5548;18653;23229;32049;15945;12185;29713;31457;20862;5486;6008;30780;28661;3758;25864;15831;1409;18224;19281;27090;14932;32430;8754;28507;1138;9324;26610;12147;28005;22042;21643;3829;24626;17916;14153;11732;5005;19528;21140;9124;25673;10192;10762;25948;13330;12768;30418;14426;8286;2410;13868;22183;9633;31072;1612;10365;704;7778;17768;14086;28873;3993;10000;15463;737;3811;13246;29949;17022;1072;26286;5606;23510;18476;24047;3268;28311;542;20667;27837;22232;7439;16388;11463;591;6192;5455;6946;9669;13942;9157;10789;26312;20871;16263;
31294;19872;21465;24387;17717;4996;7704;31749;3760;8461;23497;9039;15868;20714;2862;28523;1290;19158;15465;23040;14520;2759;19427;7396;32338;26728;7151;5425;29273;13002;4523;23707;11395;13398;22823;3328;17666;13063;13514;25153;16137;16598;23537;11857;31885;28789;11480;21387;8009;16959;13758;14665;31492;23920;22852;28338;32022;27025;4631;28627;11561;7223;6606;16626;11069;20205;30486;21534;20207;12655;14092;27915;19450;27673;21994;30493;32766;18078;6886;451;19840;9981;27479;22278;10290;31921;22810;24674;13941;27688;28724;19924;11293;20087;1976;13108;17012;22860;6636;4037;
29057;804;26535;29707;20106;30654;27389;14812;13271;12495;23838;698;5561;1783;21372;28768;10443;20212;14380;19355;15736;22294;8591;3419;29885;22770;19761;32266;12848;13147;16881;24348;28482;142;23907;21224;21441;23725;20594;30390;14241;28783;20298;25369;29179;5141;30837;1663;6486;7840;14147;3590;6438;13633;9584;20625;16530;12049;12289;28700;11898;24834;879;9548;16057;26133;775;26954;23719;14286;20369;29138;24290;10982;8496;13191;20559;9279;30857;24202;19035;6685;27431;2378;17543;13714;3870;32158;32035;10298;18927;23569;24409;2601;1708;2428;2670;21538;5981;6875;
24133;18953;17825;13145;12581;27035;22169;2221;4795;12637;1537;425;16483;21458;15520;8976;11939;10993;1507;16041;19448;32726;2245;6289;24790;31416;2033;30421;12522;20251;11563;20288;16802;30791;9196;1906;27119;6648;18252;31538;3914;22871;26405;15622;13301;16937;26742;17664;14979;3143;17669;474;666;21838;11849;70;17144;8855;22406;7295;17588;16234;11066;29220;25542;19310;28600;32326;30922;3428;7955;10176;4097;24085;30269;8646;4505;16265;32624;23745;16174;29818;7117;31066;10896;11272;20548;29141;2503;5551;22963;28065;3156;29045;19538;29485;5562;28776;16974;27645;
317;31047;23988;12028;21226;9600;8593;1300;31191;2650;26200;23548;1964;8820;28035;6993;354;27502;22653;20457;11595;3046;1728;8548;595;5542;7994;17923;7301;14363;18678;26814;23249;30474;22264;13712;2572;14718;27497;22;16696;17669;22004;14424;21254;31003;12655;8679;30873;24295;1214;296;6541;24869;27380;13039;21816;16484;1724;25167;12591;6001;17656;20657;4364;1043;12967;25636;23407;18424;27148;28660;28739;30192;23309;27518;21571;32601;29401;2882;13756;13786;26317;28730;11924;5461;9881;24939;26507;27158;14750;17337;193;10065;2971;17407;25465;459;27785;26463;
24860;8919;18371;30167;17281;1924;22122;29461;12907;24597;20744;6541;4691;945;25715;3016;16488;19548;28149;12287;20437;28454;17065;27112;11330;9378;1576;9936;17821;13722;21605;28650;10522;16385;17110;30439;11128;18473;31957;20678;2183;27191;32581;21230;7143;16339;14200;18042;5906;20004;2384;26068;22684;4091;165;22661;18618;28750;12775;8523;24322;18665;3589;12908;13681;14688;11661;7243;19634;27208;22292;2617;26013;4262;17624;397;5119;17832;28068;5879;28313;1683;21748;3601;107;28925;9818;5943;24370;3900;8224;8089;2863;18718;4399;26510;31786;19675;28207;21292;
32695;1095;16880;10517;19640;27212;32009;13203;28707;21656;26815;30696;30469;1427;16680;30687;31175;6804;14992;12711;27824;10836;30235;20961;22956;10147;10668;19448;26444;23641;32518;19633;20749;4240;28209;15107;13533;12816;5920;15144;23003;4107;24208;26612;21599;32523;21043;13926;11066;31016;6158;14205;25151;3710;27935;11340;3586;14814;30532;8273;21727;28100;28248;32259;318;28041;24735;20906;2326;18138;5732;11891;11952;32617;22752;27076;7854;19170;8286;8397;12107;23841;28061;15456;9444;11426;21110;26370;8120;14649;28094;10562;5868;11011;24174;8265;1234;23964;29185;691;
10346;11154;4638;26525;41;3610;13687;1023;25082;25858;22513;21053;21635;31463;15877;22520;3497;6568;1894;32298;14934;17178;21732;12146;29561;25086;1424;12460;1103;1840;20257;26565;26082;1825;13718;1229;5071;2950;9757;16718;7755;27986;14644;10717;7528;27362;24590;9710;27029;3704;312;12781;15716;22763;18556;32650;9361;1181;11782;28756;23615;29868;30917;7817;2180;9325;16404;26668;25384;11030;12442;12377;18346;10170;6254;19158;16516;10619;32383;17898;31152;26619;18740;1650;15467;24595;14415;27185;22585;10440;13847;25704;7465;5242;17334;18598;19290;29279;1248;14306;
7102;1072;11957;25543;17950;31778;24041;7247;10335;5912;6178;23443;29443;10007;31905;17378;32499;8698;26661;17424;12411;2151;4108;22032;2966;14593;22716;3013;23916;991;27457;24086;7961;4670;20023;29249;30128;30322;1515;18801;29567;30755;32701;3730;32405;28853;19657;30308;130;19464;28614;26062;17246;354;16941;21110;8205;6313;13470;4494;25024;4054;28289;2289;703;13478;4329;30318;9831;18066;8381;16739;29806;29954;23577;2702;14703;3518;32498;28193;28834;28581;15097;11284;6890;5537;26306;10943;1814;19930;10278;1960;28512;28970;7654;10906;4154;11986;19600;3831;
7243;16491;21159;14158;12724;6687;10238;32560;13463;27416;27749;16192;13018;569;2439;30602;13608;27404;11283;29718;8505;22268;22554;8124;4436;9925;7353;31033;17682;10280;10999;24195;3940;23523;21488;8794;26071;22496;12852;8224;29975;6573;618;16874;24242;23852;28473;11479;1055;19340;21608;1953;767;5751;15683;3953;18082;21389;8769;28408;21197;11282;10725;3003;11195;13539;28898;15790;32609;687;7554;9477;29687;20067;16968;4679;16307;15846;21461;13476;28120;9479;13832;648;29935;21172;9321;4208;596;15980;31176;18941;7925;10742;6945;16710;4439;2900;2499;2163;
8410;21235;24753;18824;7741;25124;16713;4222;21860;17872;29475;31640;19545;2406;15164;17908;29586;13849;11860;24673;11122;21065;660;3184;17169;30014;9332;11726;21568;17180;4828;17872;8392;25875;18057;19792;21747;20951;10419;24760;21326;31312;23789;29276;28076;11922;25164;30477;12142;20239;20427;16618;7426;7691;12270;31866;3242;17745;16294;1016;31871;25637;5237;31982;2485;14713;28114;29702;27936;15972;13775;27420;8439;17615;29945;3479;5081;28274;15744;32506;3341;4095;20888;30646;9742;21660;2334;9283;32071;13719;14975;31342;1563;6741;10966;30965;6696;13452;18772;1361;
12237;27826;14821;23507;23017;29366;29456;17906;29926;18157;29471;2788;9463;20303;20609;20075;2461;19683;10604;20978;19056;17784;14023;19416;24860;13718;1606;18700;17578;7860;8151;19674;23041;17835;6717;8964;19884;13675;25338;6165;15069;23021;15731;3058;17330;18281;15695;4786;32440;456;16416;6063;23982;22620;10821;14045;29067;10703;27407;16475;12226;9305;3106;6728;7364;22070;20510;29912;32710;8792;9343;1191;965;27993;27330;14157;27080;5811;23754;5682;12390;4659;4225;19364;21639;13739;24258;32294;3951;3816;12663;30219;13816;21987;31998;16708;7454;20283;26834;18807;
10177;13027;27495;4177;24999;27416;23893;1564;19393;16279;18361;11924;15791;16652;29144;2038;133;2253;29190;26715;1744;8392;17863;17732;26068;10171;13619;6518;29720;1443;1439;23816;12581;17526;16249;17338;23178;24852;2932;13704;21027;10363;27365;13695;14747;30011;20333;10960;26416;24875;21977;16419;6070;16217;10310;19757;479;29255;19337;32389;11961;29268;23502;12211;15224;6264;31870;11146;26742;308;32615;18105;6520;7113;1815;2204;11059;14761;10376;22104;16911;12843;20483;21542;30250;28290;27966;28911;160;29168;10952;20506;19978;12855;13478;1442;6724;21585;21055;22635;
31092;8544;22389;32470;29255;18408;12565;2451;3454;15676;4209;28854;32426;21302;31307;30477;18995;22059;15605;22449;3231;18206;4535;29148;18193;1588;28017;26362;21776;360;17537;24323;28554;15232;17895;26375;24857;16192;20903;7691;20356;21213;11887;9235;16009;32693;17018;32640;12250;16956;21428;27804;1125;30266;4895;19316;728;21300;30581;8166;10085;3367;11023;22522;8387;28029;4357;19574;7797;30777;9623;12204;21582;29045;15820;24215;22325;22286;27224;18470;14118;8862;451;24280;31353;26538;5576;18569;24167;8733;22524;16524;202;18677;12720;24569;22308;31037;4887;16456;
5859;19771;15788;11295;29411;13290;3534;21097;21045;23723;1965;12200;25631;2871;11114;8588;13667;26584;21626;22724;10948;8153;10316;7444;1223;27194;22571;6056;20663;17577;14949;6056;27371;31918;32429;1292;30284;22822;446;30130;27921;30706;1089;6317;11981;13296;18673;27617;12204;10026;24061;28621;11513;7502;5549;19879;2788;2655;29257;9134;16259;22953;2359;27580;28438;10490;8547;12314;7567;17423;4324;665;6482;29773;7644;27102;825;30898;26271;14590;6107;14858;5400;1355;7694;3942;24937;11885;7850;9930;10194;11444;18832;26150;5588;6572;11243;22663;12950;9970;
7094;31631;18055;30535;31871;291;26181;3555;16746;22883;9406;18443;20600;6367;12437;5350;11017;3847;24775;24461;32672;8420;29838;24417;2279;15366;2693;17057;24051;30142;4877;26428;6088;10893;16880;5603;28704;12763;17221;29539;15720;31212;14228;7218;28684;8209;15162;7751;29940;22811;32014;17711;8527;15893;10308;27742;2959;20787;9618;19395;30132;20229;30610;29343;11470;8176;13928;25750;445;32223;28324;3335;16188;8758;26474;31897;16670;4104;5072;9494;4310;20105;13191;1917;11069;10182;26302;2130;21392;16275;14659;24121;6072;5829;26859;20163;27087;20130;27445;11656;
29407;16534;30250;20854;749;15912;4231;29800;16950;3371;27934;12538;1976;29753;5498;4764;30964;27485;10178;27622;22259;17680;11231;26412;7303;25447;17377;1361;20947;19850;15263;32480;14605;14696;15262;15192;14467;23977;9013;21192;9692;8164;19950;19868;22177;29459;18478;5815;6652;31300;14105;21442;32703;17297;30640;6083;4263;12113;14652;9201;23523;22416;5872;10951;32208;3005;29898;18775;1031;13475;9146;10977;21145;13467;4358;2724;28313;6143;1261;2036;20955;10721;13451;141;11260;16637;11004;25895;13474;22765;19908;15434;29445;19356;110;18276;7855;16125;11124;32281;
32128;6909;10847;21466;25332;7094;25903;31673;13481;21477;6397;7803;6171;13214;5087;14063;11698;26430;26636;2175;32000;8866;23105;25605;30275;11414;3939;12000;11570;16016;15717;24646;12534;3231;25452;26843;9590;2462;19761;14467;471;15277;26023;22133;6211;13538;7391;16274;19178;1083;25896;32500;4679;13015;2938;13513;14501;8550;28437;32610;28385;23007;23653;31367;7793;10609;3881;18702;7333;5819;8148;23724;9005;2111;24627;28682;12764;12052;27473;26395;15788;2524;27800;2478;20737;5110;25144;19519;306;29941;24269;6931;23877;17488;3644;23428;14842;13658;477;6041;
32524;16245;2016;2009;22963;5763;4585;28513;30829;1950;28414;32309;13310;3593;23715;11732;18869;13414;13123;19471;2802;5673;12754;10266;9701;5452;11441;5604;27544;6213;9170;15268;14128;25653;1052;23988;23152;26466;6161;7331;13182;2023;27566;22918;20458;19114;10130;13454;16620;26255;10083;23008;1261;6123;20334;4256;10825;18492;25997;16463;3924;24087;29006;24664;25499;18785;26449;1509;20076;8130;9202;1015;24216;23895;31016;20918;10103;7591;21421;11014;12077;24793;15200;8026;4652;12580;13031;717;32762;15494;15000;30063;30005;14009;31386;29916;22228;5987;22599;11284;
21167;2189;31445;30086;10562;6486;822;17262;17581;2280;31548;25185;16640;15788;16385;18982;18870;15546;27526;28872;28799;13716;410;21481;24899;30227;25598;11353;5987;23201;20934;32744;30786;3753;30210;1400;30468;12620;18846;3926;9621;12886;19591;28618;22253;31600;23055;3052;13971;14743;7315;4282;31072;23244;25691;32360;2950;5133;26049;32247;24529;901;8854;13577;17452;17152;705;3060;24422;32417;24617;6677;15414;25559;2518;11367;1405;31885;595;6739;22476;19105;32086;23754;19494;14232;24738;7058;8199;11408;19501;9437;7844;26229;28030;800;12149;23160;8794;9506;
11761;16061;11935;19540;28313;2900;2416;13664;5431;1899;1426;12036;8296;14018;22806;4897;20056;15199;18489;22031;16077;32642;30600;8244;30311;15323;10568;9685;10022;11771;27156;12587;25132;4873;28872;4794;5828;15030;13726;27614;676;18034;1175;1959;30575;26849;3869;13798;6526;14728;16614;23688;31712;28877;23579;13091;15775;8222;8378;23759;3141;14960;825;21559;12191;235;13932;24048;705;10211;3240;29961;32330;18443;29737;26083;14314;28645;4785;2882;31521;27005;17522;24997;24393;2135;558;25811;32470;5030;29341;27575;13277;8382;11023;30317;32211;29132;25426;8861;
29848;11461;8406;14856;27827;32412;7439;3936;12512;32440;27419;7517;29896;26277;8357;7181;25871;29194;1545;108;30867;31451;4536;6708;26355;9679;13023;17398;26703;13077;12099;22890;8783;18243;6255;26628;26215;16527;7186;19911;9561;27713;13219;14942;15355;12392;30534;18025;32058;32204;6131;5397;7519;7717;17621;13295;25233;12938;32752;11514;16027;30252;9735;32510;13808;6468;11709;28708;14316;18506;25082;28352;19549;13160;7056;29806;14914;10798;15903;8032;3027;8071;31798;30198;5057;10732;9914;2191;22462;21463;2956;26016;1088;20603;10086;5123;19842;26802;12038;1937;
25036;13367;13199;17394;20725;29461;26156;8628;3366;7007;16118;27035;26848;28450;2840;14904;13889;11928;9776;27581;27523;15006;25337;26128;28869;15208;26408;7454;31502;8052;32403;10098;6287;1724;10648;8966;21032;28208;27325;23641;1582;12131;6036;27585;24684;10373;12514;15619;4967;8337;1535;13601;14055;15303;10112;27251;28594;5213;27924;8953;17563;19314;4780;3312;17595;9795;12511;26019;25343;2977;5260;644;10979;30115;14785;28795;12924;11160;28123;7550;28092;22591;23791;16482;18162;20539;3689;29425;8336;7361;5363;12860;9265;7828;30105;14643;730;23859;2602;26994;
2688;22096;25313;13918;13515;24965;27460;18033;4890;31811;22093;16082;15303;4619;5576;27945;7340;5344;24828;17329;22246;31228;3725;23439;2008;28354;17825;29026;9075;23028;19010;4123;17333;32038;26884;24079;4464;19058;17895;16458;10829;17006;4734;18470;10256;28251;28497;7965;11550;19103;31873;25820;6716;13686;23978;13208;20889;13796;13581;16037;11023;12014;23023;16197;32166;21257;20028;9150;25178;27603;14192;13487;5150;18945;24247;9379;4384;29080;31827;15847;24911;22113;21055;8857;9755;15510;23058;21250;22395;4578;2597;28198;21045;21129;30200;24728;7002;20194;19922;30099;
32015;25870;424;32327;24723;740;2880;881;2430;1067;9111;13614;5703;16652;26495;3345;27145;24774;12172;22131;25479;17572;7985;4362;1389;7981;12071;25022;29657;2970;14094;1463;27417;14733;14935;31675;5047;255;31841;22455;22450;29306;8162;29851;7439;14217;21897;30827;2448;22382;24034;24211;13252;13330;25209;31868;25920;21314;27202;13404;21035;18455;27960;19026;27136;20662;19269;4018;9615;31802;10850;22686;30277;27887;32767;28630;15022;2753;18853;31952;23608;14836;14554;4108;31290;27157;22085;18850;17972;4400;24594;19997;30041;26435;26520;32139;27466;30195;29241;8405;
549;20606;8586;333;5054;2033;9908;7814;10284;12187;1307;30312;28040;1473;26685;4995;23793;5267;4316;21924;12499;24415;7519;10406;4201;28677;12662;7563;5249;22699;16637;6604;2432;32177;547;4332;4773;15335;19147;31827;4754;16126;23858;1370;32008;7229;26578;5539;30194;1397;15495;16811;24997;10295;753;16802;19046;3396;27161;27770;16172;3141;7511;26942;4008;10173;115;2725;2435;25915;30474;2279;6887;30164;15155;3535;32320;17104;1891;18193;21316;12964;6030;29407;18737;14881;17807;6839;15957;3562;17610;28799;30932;2091;16656;467;23718;5768;25795;13726;
17119;17492;2618;18407;22067;13572;7270;14318;6329;8931;27318;23672;30447;13831;29753;4711;3071;18307;28163;14733;31552;25822;2257;29634;768;10180;14832;23092;11393;13820;2906;7423;15681;32154;14115;16638;19838;374;4627;28640;10234;18908;2453;3710;22268;19845;14543;3435;663;26310;22803;10189;1070;10504;4470;1132;21304;10872;27070;27913;12097;5632;25730;4081;11057;6517;1164;32722;32209;1042;16770;26060;15243;10533;12230;6603;23922;23304;24474;5397;14722;4691;14216;29471;20520;5456;19969;29861;4869;13231;1604;14585;2287;27259;29825;8604;29496;1101;19774;5131;
22579;2496;25595;3547;5877;5668;32017;16136;26713;25719;30432;7819;28999;10385;3625;11562;18997;2206;16825;23188;8173;19153;6472;16557;20881;2903;21408;10535;12253;3722;16386;4434;16813;872;18117;8245;12735;19011;25920;17117;18873;5049;8426;25333;7790;27623;13760;27543;20829;1498;999;4194;2938;23366;147;2765;5426;29819;11815;16826;12201;27796;24478;3919;4934;1522;19241;6401;14193;25321;12313;28145;18331;14008;5120;24444;27007;703;23315;18445;14504;13292;16339;13366;6964;13431;28141;8704;21463;17871;17502;19071;29987;14036;730;10665;6662;19014;26223;14440;
1940;24957;31078;3309;7174;16219;6762;21832;12035;30592;32492;24629;18207;23996;13509;10297;18594;2506;26397;5358;394;17211;27276;26267;14035;27056;21632;8;5877;11596;8671;657;13743;11113;12525;28792;29955;17290;4719;18816;32642;14481;30225;21943;14281;29235;13829;4755;16716;29352;17901;30272;1618;21671;2299;32057;24385;26001;21334;13846;16156;12269;6848;16292;2378;2580;6775;27963;29849;32045;28248;1356;8066;6236;26954;20026;14767;1079;10970;23915;26298;27258;14371;23710;15928;1531;7153;14719;3318;28384;21030;29560;15234;30479;604;31691;32237;10982;19915;23518;
12496;18989;13421;5589;1933;19784;21857;29542;28631;19121;3726;14057;20085;20646;16264;25263;31042;1823;13239;2709;4729;11779;30646;25561;10543;19355;7673;1836;17185;8007;14003;6408;13232;11376;32502;19523;25642;29117;2844;29413;29003;8330;28775;4407;16900;26774;12772;10012;31610;11259;29845;9124;30290;12132;16078;14047;6444;6778;18144;30191;15469;23711;5365;1377;31554;18911;31803;15806;5602;1059;12101;32348;18707;1192;29614;8826;16111;22960;14591;19596;31976;27768;5842;31700;29450;25449;30264;8242;4224;29842;27225;8253;346;15446;31834;1426;31117;27746;28292;17261;
12603;26339;15010;19318;30261;6645;20394;25821;30399;12126;21152;31144;10643;25724;26296;20044;30504;7804;16571;22395;2099;3789;2475;8766;23919;31700;21674;579;5273;482;11288;31352;32447;24675;31228;5081;27579;10072;20389;5765;20219;22791;20625;22808;8579;21488;17549;6709;9524;6404;5406;6242;27982;16914;14880;23577;20532;15490;22957;26651;9839;7237;8000;17416;31478;6924;3610;5421;4268;6072;21221;14749;24875;10770;22680;6531;30912;7869;9370;8886;21430;28521;15914;8846;8408;2888;9470;29175;3377;966;6954;10179;32022;29045;17988;17733;22119;9542;27590;4379;
16401;31231;19635;5195;31447;23017;25726;28050;14163;19657;3879;28408;3383;8722;23207;14760;30681;2905;1934;19455;31727;15113;31979;13795;23190;23384;13164;26454;30106;29050;23494;19786;18673;276;17495;12471;7560;1011;16906;3052;22851;2558;8316;18979;4159;5481;23901;9559;15194;1836;13080;5722;14325;12212;14006;2850;29944;22488;3327;22371;28951;22030;31459;4964;28244;991;21785;23819;32453;10136;4870;12089;20120;9795;2272;17246;20308;4565;3347;12612;10337;26537;3300;16687;4299;4909;21588;9256;30275;2268;3399;1686;5479;3436;14821;12558;26435;32072;11841;11116;
2071;10304;19768;5667;31578;5503;3229;11729;28928;17342;1171;11543;28665;14776;3641;167;2554;31454;13709;414;31871;13387;650;10773;25361;13818;23956;30706;24260;3127;4886;29188;22277;19795;14954;848;14226;28572;1017;8357;20426;15244;12963;27767;14119;11841;17505;19690;23305;24621;3624;10284;6581;17423;20241;15112;3741;21026;32440;15800;29666;29588;23265;19195;15639;16953;30818;15720;20296;28801;23357;30466;31290;28072;23052;18188;5877;6700;20642;25119;28544;8324;26095;8313;21484;17935;26916;30360;147;18507;2584;23560;14754;6727;28906;5241;16341;5723;30953;3860;
642;30742;4784;20495;13017;12920;4501;6271;7274;30305;26693;16494;26344;32074;6312;30510;9516;27699;23307;24044;21884;25308;16509;12424;14094;2872;21625;28837;6344;15647;454;18172;1354;2627;16028;3829;28718;18021;17416;16504;18574;24521;21649;11264;5319;7143;22044;15602;31613;3171;17165;13870;24032;20543;13999;7395;26413;30032;6358;17831;13687;3566;11459;14279;32679;20208;1863;23259;23746;18904;12332;8862;4202;5962;29392;11517;168;1475;8723;1646;14568;8327;21363;2179;7749;8923;21878;1727;14599;11125;25929;15784;14186;17457;26534;14365;3490;4613;10490;7914;
22299;16695;26824;9882;23813;461;13384;3981;26128;10310;21589;27722;13172;18055;21126;8725;20277;20760;22938;22469;4005;9360;29977;18128;29738;32590;29752;8872;16193;17258;29693;2634;29123;5355;21669;14355;2920;10299;7747;25558;13449;21720;6313;2861;13610;16459;6795;5132;23863;13662;21474;32156;16910;31626;6031;4934;30014;17071;26689;22029;6286;30472;19608;4130;29506;4445;11915;18098;27801;14202;18951;32259;3994;16609;28376;959;31760;29628;6605;13200;26836;3605;10519;27116;6986;28489;12275;6451;30766;30138;11657;13559;4497;25797;11027;26522;22046;26356;1345;17951;
17826;116;25820;30266;20172;1481;10923;31401;14897;27328;21139;6599;18066;32165;4609;4703;23138;25271;13709;4798;28291;25561;471;9740;5713;26762;7093;3036;18657;10775;15249;11777;20362;30735;12300;10403;32165;8440;29671;6291;5522;21312;23332;9180;32508;2679;7016;28827;12893;23739;13220;32272;32196;15475;30452;5108;1750;576;16072;15373;11794;21296;2113;31233;14170;14133;222;13672;23471;29654;18007;2596;10301;32549;24009;29429;20119;7921;9748;584;19011;2108;18817;7504;32633;4847;29353;27992;14120;21965;18578;31576;7226;16038;30234;10694;7705;31437;16537;174;
23666;17356;29122;5;57;25685;6346;27707;9709;2428;26317;18703;15645;13348;10861;30375;299;24247;11964;9440;28496;11035;348;4323;24032;11489;25572;16633;6351;9151;27782;12960;10101;14912;6639;11998;8078;7354;24175;14549;10629;31873;26202;19096;6642;21338;7598;21565;17505;31538;14581;12595;27477;28176;17773;2006;29068;16969;1127;18241;12421;14067;5613;14179;6208;25755;13991;20310;31813;26171;5376;17899;12775;3686;388;4234;25546;31942;32396;17465;16035;10184;29470;3322;23359;11926;1295;12122;2503;1862;24170;18503;25154;23888;25110;16162;15963;13382;5042;7701;
100;8895;14020;17575;19356;14741;26899;10381;4525;27472;15441;6339;6521;2017;4861;14044;25366;8340;17544;6807;3351;26688;19639;21426;7950;25536;2632;15875;23887;32423;20696;23492;2550;22576;20996;10799;14123;23668;8655;9291;3748;32224;23107;26629;12908;8933;8796;12674;6883;7153;7201;8372;5639;13727;32276;32043;19441;15147;23500;27694;27810;32040;25057;19723;27392;12405;2312;12203;26908;14701;1151;6505;14774;14174;28588;3108;6915;25660;32513;915;3758;7319;14370;23769;29468;9163;30026;23642;16884;30839;14315;17868;6111;19760;3732;14993;27020;31094;4632;21060;
2552;30438;15853;8594;26092;16050;10194;9035;6343;6991;23220;14264;15997;17005;22739;11824;9952;19244;2337;3302;19998;21645;5098;2821;16011;28710;29370;28927;16289;9499;14204;21281;30277;8009;20191;23148;23116;24260;16894;4000;9534;31620;15167;23705;7770;20827;21115;14302;26586;10282;25696;11896;12664;11349;30996;16384;29744;19316;32283;16636;6984;18764;22395;14188;16014;8445;3102;26015;20961;1660;4471;30539;28146;7236;31337;1245;5708;12617;3428;24846;8338;6958;1489;25783;8456;183;1200;11494;85;10369;29823;32561;7816;8177;25694;18506;10072;20074;7794;26836;
31664;18627;32135;17525;21611;30968;17913;18221;604;28191;1492;21734;28561;26782;16442;22348;17880;30364;26629;24030;24195;13493;28078;1093;24425;1778;25710;4837;10541;24056;674;3507;31427;23679;372;9542;28207;28934;8120;15920;12944;14277;19476;654;10078;14564;14948;12766;15600;22250;26716;8977;15937;376;21871;11489;26611;55;29168;26725;28820;27151;2424;483;26145;7322;11399;3045;1224;18392;23918;2191;27378;25124;1132;7471;20097;6246;28439;9238;5974;3723;24317;4263;791;1074;27532;22957;13871;12712;15151;24050;24086;28951;22458;30477;18642;2042;8712;11899;
5566;9428;10466;18673;25482;25890;26403;7153;8067;30606;11546;24988;23060;11877;14640;32455;17549;5707;17355;28496;15396;25902;626;19634;1594;21880;26161;8920;8671;16777;6463;1839;21143;4964;32734;9727;18526;23720;16515;14843;2283;10947;5943;8727;32306;27490;30781;2457;20012;29995;17909;22131;24538;2223;7680;20944;12680;23962;421;16109;25679;4141;23923;21546;8413;751;13352;19041;14713;2207;28882;30326;11585;27244;9268;8495;28854;7785;12651;4422;8059;16955;11730;31677;31578;11796;30754;20082;23688;13286;19166;2291;30506;24272;19950;6035;6679;18141;27529;25790;
19168;19693;27737;5257;25358;21235;7898;7821;4778;17505;3588;14838;27651;737;2857;20439;23723;2886;3872;26561;14275;26306;13987;17043;13688;15449;24054;6035;3022;5781;8137;10174;1181;12668;15200;7005;13528;25791;9713;24025;14613;32308;19278;27600;6986;8326;16835;18280;17877;31276;30018;1764;10176;26775;3517;12661;28226;23472;5332;24146;30601;3457;7856;18954;25270;25138;31279;22041;24874;1080;11329;9914;11520;4297;14994;21245;18650;26771;2409;23321;27873;30893;20688;22787;17671;4046;27893;8000;25744;5053;3536;14839;4816;11016;2566;1610;21814;12025;22797;21478;
23177;31174;30865;17625;11122;25864;16663;24485;17467;3182;28129;1938;31702;10419;23569;20296;23585;5837;17681;22940;20328;24424;30769;15531;18219;21138;22418;6949;16418;3000;7236;26604;18303;29137;9643;2014;25971;2009;22567;17902;4339;8577;20211;19834;4284;20517;25934;7897;28053;7166;23257;12851;22996;23961;5953;15509;12835;19335;20765;19268;31620;4183;7194;10578;659;31937;8789;17264;11;10788;3336;32259;26252;8499;24681;12666;15772;22762;20175;16606;11755;8648;18199;32426;8923;20792;16966;21470;9535;16720;5231;23887;21347;30909;17624;29505;6734;3838;12632;20279;
5187;8401;259;17418;12430;26859;10762;15417;2173;20716;3804;29312;1452;3730;30353;6316;15749;8493;25737;24749;9736;17235;4944;7149;1992;9428;5829;25824;20790;240;27004;1757;12066;25800;26976;6188;3711;14867;1949;31328;27495;27154;12221;13542;4447;11462;10768;24031;12507;22624;32082;1323;28165;17657;5000;21958;19642;6275;9771;24920;7637;3840;13704;18951;20913;4850;3943;16016;21481;14866;10475;31894;21602;31300;20409;19770;8588;10955;30300;12267;30692;9657;8169;10111;27326;7594;11998;23939;19009;31666;6992;4048;10931;22932;21574;31839;28919;27701;20576;16223;
2131;29264;4540;22404;9591;31594;8473;17569;15035;6921;17469;29817;425;23585;29589;29139;15803;2255;21276;2508;7269;6729;12925;23409;22102;25878;22652;1421;30204;21882;7570;26304;26438;20533;6615;9169;13485;2925;27174;26693;5493;29672;20603;5425;12592;29310;13215;21068;15493;9678;16904;13640;21295;25649;15354;29539;13128;6636;10483;20793;15816;22442;31814;17628;24649;9513;27910;32294;19469;27699;1317;18766;7745;4048;11229;32698;23939;954;12111;31508;28835;30737;4459;16032;29350;27984;7183;19149;2065;17536;115;20234;6500;8107;1476;11738;5860;9876;2831;1835;
10653;933;24673;15588;30120;11561;15149;9661;20906;20155;18925;25171;6045;26366;11020;2172;29395;28047;19204;6359;20279;5432;28100;29352;19927;32359;26452;14819;25247;28126;18363;25479;32615;23467;32289;23597;28721;28251;14129;31969;19627;13931;31425;16944;8956;15871;19637;31106;16316;16598;21792;22699;14148;8318;21421;13244;5161;26820;25150;17695;20227;30831;19154;15331;29555;8750;29868;1108;5732;22990;11442;32463;400;16816;19731;6356;14406;11387;2092;31837;14699;26382;23213;18798;8896;24249;26871;3566;6498;30636;19401;28597;7063;10159;4124;15590;8135;10516;28235;22143;
9417;23018;31863;10542;5985;7028;24618;10343;12550;17882;17210;32691;13288;1053;4081;28235;10289;11344;14442;229;32395;26630;3390;7630;15331;16647;26465;5945;4717;26183;10566;14295;3049;15640;23370;32167;10532;4766;26447;30480;6849;387;14247;30253;30521;24557;15669;3688;4641;18861;8398;4170;22700;6842;9189;30609;22384;28125;29800;32643;19821;29613;30693;20867;28747;13758;20977;482;17891;6678;10698;20215;14081;15072;29499;22130;16232;26213;16064;13549;24343;23351;21739;17348;12491;5295;8454;26919;18885;15258;12026;11885;18125;3888;16496;4267;10871;23110;15669;16262;
28837;18628;739;15941;31565;12632;22462;6955;15485;10092;1244;12547;16796;26966;23433;9980;1010;32463;10729;8887;8811;7079;25311;24735;26775;6839;32046;9849;18166;9494;19934;17467;8307;22928;25058;5922;4398;2131;6903;17151;4734;22252;5071;5586;8247;24690;3951;18841;17192;9729;30678;6250;9448;25450;12255;22208;4307;7209;15464;2067;1615;29848;2228;8619;16468;11106;18958;28597;22059;18233;18095;20631;22901;19660;994;14977;5488;4339;8038;16196;21366;31533;22548;616;18630;19533;2497;21880;4487;15728;8294;28321;23818;2866;18047;28028;12112;16674;21168;8743;
23500;22899;14510;19098;7529;1268;349;14904;28623;12098;3638;8101;3554;4923;11244;23768;14732;29623;14415;9585;12477;19571;24432;22348;29616;3918;13318;16726;16495;16824;10000;19615;26521;3687;8892;15281;24163;8011;19592;29729;12765;21445;12967;1635;16247;10004;26790;26594;22211;23312;22351;4944;10364;15130;17358;827;9928;2899;21010;15074;15034;30732;1654;20806;29467;6526;2721;12932;4202;24507;14762;2913;4641;31461;14208;4903;10554;5022;6026;10160;13298;26559;22154;28608;9933;8013;11207;30616;1754;28073;30059;31687;22840;21254;17450;22084;11225;4640;18980;16826;
7046;11820;12557;26403;31523;1290;7051;27032;53;22978;21983;25703;6305;25390;31176;3943;19894;13044;2468;32136;22638;2232;18137;10670;19185;25999;18291;17856;29531;29622;3855;32763;23487;5764;12023;12941;2924;13981;12686;12639;28015;7785;21743;10802;89;31428;22737;19181;13122;21495;25518;8757;5133;4839;17188;28223;13038;26253;2971;19938;24362;7590;23336;2033;8478;18604;17329;23751;5507;14340;8274;5667;3568;10873;23040;18743;6816;16361;24428;32507;24950;1086;21546;14023;26174;9888;15123;30497;10294;12522;8168;24788;14541;21338;1080;30786;12202;6284;4995;6394;
8176;5545;25247;18317;29377;27356;15963;21918;19201;10245;19811;3129;22108;27058;2403;20582;12170;16971;21359;30205;13777;17292;10147;13499;32204;15416;13318;29590;16236;32268;22196;24142;25916;16370;18237;31045;8425;28792;28488;10128;10497;3200;13948;22350;1019;20025;17824;18488;1144;18510;1280;8314;23240;16733;23059;17346;24496;25514;26716;8342;31850;5397;22926;26602;21486;2889;28915;25330;4464;28727;28174;23349;42;10947;640;18659;20571;8124;24360;15208;11664;32530;7310;12353;2594;28995;642;19470;17408;14615;29440;10729;1710;7565;31831;13559;3726;12309;22154;16444;
12639;17151;20471;20660;20483;9268;27958;19871;5509;28708;16452;2844;10074;4351;15073;25337;10983;15912;54;20426;17476;4071;31163;15928;29248;31582;13144;2204;27557;19134;17099;20685;25021;26042;15945;11317;19476;32316;1640;22059;8576;30039;26428;23677;8799;3198;21696;31307;6176;14067;18040;5404;11781;8065;30293;4139;18214;13934;1753;27138;30138;23468;21627;22602;30610;31055;30285;21986;23526;8772;12764;22318;13908;2367;26200;6322;806;25589;13045;15327;8404;3724;23696;9772;713;847;13974;22121;362;31399;4898;9296;27477;18246;32357;7774;15334;17062;18763;31201;
6912;23986;10075;18769;2570;10691;25568;27875;25143;28109;29254;29020;2059;7131;24006;20771;30747;15032;23622;19355;4372;6127;2170;18095;16126;22006;1872;28335;27586;10919;7307;2138;22762;25071;29357;10556;18089;30922;6683;19002;3099;25711;892;26731;1229;22983;31074;10281;30592;10532;23852;11880;23082;560;11051;9287;5950;13348;2563;6373;14381;15930;26964;13686;6445;17508;29594;30614;2617;15422;22354;26076;345;26177;11103;29363;16931;26426;29355;357;7810;5627;785;16761;13494;20817;21371;21567;20124;29238;30023;28841;17968;11847;15600;31068;4944;32376;24042;14599;
26307;24070;32205;14580;30329;30125;694;26077;24340;1820;8426;30464;16040;11430;27581;19317;27839;16698;28083;12736;29601;1173;3044;19875;11986;20406;14501;4150;13019;28050;14692;30265;25165;27658;980;168;21508;31002;30283;7056;28329;8275;28520;26402;23930;31883;2296;5893;16974;12755;31258;23537;18643;17321;25762;2938;32539;7023;4540;31273;5975;21276;25042;15313;30434;6194;29615;15904;13953;15088;18148;29045;30697;15816;23914;29681;13441;30995;8330;29393;26986;9988;3322;13819;17597;27610;27209;2518;14355;11866;4476;31583;5195;21629;1786;6778;4743;14438;27557;13957;
28280;27030;2378;18739;30172;3683;32315;920;12612;31142;19514;12672;2587;18613;20121;26373;4580;7569;23456;11361;20163;18784;5423;7168;12607;31517;11428;9946;5958;18062;7679;29439;113;6006;9797;2163;22410;25869;31010;16445;30028;14765;31185;10683;16489;25294;31553;23096;3794;23860;19312;23232;11314;20839;3611;10291;10683;13412;10906;31129;23334;24722;20742;16565;9461;15095;23196;6365;32764;14508;2406;6153;22047;22670;27416;13865;7261;25911;25400;16060;19982;4909;8321;158;11624;20312;394;12321;27976;20922;11427;12128;10288;18522;24319;12496;18571;11905;14105;26648;
17977;9257;32336;15651;23879;22963;13780;13683;8702;25560;27334;1976;5664;3042;5531;3489;9070;28700;2242;2034;8045;2183;12934;26839;15466;25550;13877;6263;3004;12412;8322;26573;30025;26221;15144;9651;18508;9346;17360;2624;18773;5785;2613;27732;24977;30653;14726;30065;21323;1177;20748;18381;6067;29235;4108;19109;18910;15575;22767;4307;17167;25424;20384;3491;19509;25183;14134;3043;2228;1125;21203;6969;32360;22883;19915;26554;24295;27428;28425;12215;30215;441;7087;19418;24993;3110;27901;32114;30356;347;23924;30476;30476;19814;20795;21315;32260;7910;32193;28121;
17417;10435;29860;21254;8513;11292;21970;14607;28845;24193;27886;14363;14507;99;15861;13379;15551;14280;17697;11752;23698;835;28173;27721;25659;22820;1563;13908;12734;18156;11795;3517;21458;9476;3852;8270;1512;12974;22160;25470;11624;11835;15867;3652;15422;15743;8484;25901;7317;14978;26687;3245;2530;14456;18690;21938;31525;21747;8967;14463;620;10584;31602;29112;17816;28815;23507;30137;29795;13567;6222;11820;24482;6842;16633;13787;5576;6644;17029;1730;10412;15802;31265;20073;140;15073;16539;23665;24657;29500;12488;24428;32532;14610;11559;25586;23266;26318;26817;18929;
10428;7929;30547;9284;1506;18534;10415;13959;20050;6828;13152;1322;15499;20185;29325;11205;13974;18533;15136;28075;27719;19045;3110;13506;10945;3329;7801;29330;2360;18216;6045;6043;21243;131;25577;5356;21169;16295;31719;7153;25314;26766;6397;4237;26554;24392;7500;24936;5642;17134;13016;14987;11152;21720;26089;17962;31864;24591;16050;28608;31266;13573;7729;23906;5926;3460;25174;4940;11414;27877;5479;30145;17539;20610;11427;7442;28098;17518;6694;12284;31983;12387;13836;14390;24243;28923;17113;9547;24387;4387;4377;29094;2857;14285;1603;7659;3399;7654;2787;30350;
11801;8328;9208;22430;22586;17264;15259;25313;17962;14258;23778;23590;15694;15019;26372;8151;31288;24888;31678;26574;12841;8997;11509;21097;19924;15081;11676;24545;16741;11664;2520;22999;9666;3832;10850;22832;30481;22080;10030;24099;7290;22142;11594;11920;7470;12208;31752;28308;9896;19446;15711;10074;18483;15614;15759;12340;1964;3519;17924;11754;13193;23658;8061;7250;5658;20637;32621;5664;28175;16858;25761;20224;20539;8761;10020;29666;22167;345;16224;26005;16522;15260;2181;408;26727;10644;559;27949;12856;25528;21827;5806;22458;28252;8217;24868;13736;25056;19937;11798;
32316;25383;32063;14751;29940;74;14905;31939;6034;17806;3923;2563;22630;7828;12792;6191;19919;22480;19996;12156;31488;21564;13600;11479;5632;19278;29686;3960;28404;8999;5253;17593;23713;15117;3663;26153;21037;14875;10833;7644;549;13879;24106;9478;12997;18245;25216;4296;10099;23194;2208;24906;17292;23220;4964;1802;19043;32552;5978;21108;24711;22747;9762;434;12869;28277;18712;24773;25454;32019;3892;12245;11355;12605;12846;17349;18477;27671;5861;5387;6233;26843;11521;12479;8549;22150;29143;16369;17644;14802;6798;6464;23784;11109;10624;4264;7217;17992;29411;31132;
22592;23194;21673;3925;8249;14470;9636;14185;17705;10098;8174;21151;14219;23929;19080;4098;24082;2844;9793;30260;18850;20276;8666;5893;27295;10027;6503;8516;11115;12140;25848;17622;5162;18456;14969;7428;23497;29179;26327;5401;2622;30654;8805;31533;4113;14174;1149;13628;30491;8157;23146;19579;4238;14135;25989;17131;17461;15511;17567;26414;25853;15051;3231;6810;11957;7925;21612;15756;20754;10116;14350;13822;11254;16227;5904;17500;8433;6512;4648;6804;7689;8240;3098;26989;17846;3521;12761;22553;22577;16400;19951;6669;16878;7500;27424;5904;29543;7322;2634;22930;
26140;18186;28560;14144;29400;17609;19127;26581;23861;19097;16080;32307;14434;31615;3352;30642;2340;4795;26396;21944;18715;27133;11297;30090;12103;12246;5570;6753;25035;25197;6107;24001;29936;25203;30630;31238;23404;12889;24100;9024;11237;13760;27071;25152;24497;1329;813;9715;28384;10766;31127;32495;28028;22216;10747;14668;3599;28499;13775;18613;11622;30167;3303;15038;19349;12201;20120;9080;5691;5753;17950;14404;26631;27085;1595;3300;24955;29870;26657;9944;32496;23456;29074;23271;20443;1752;26182;10492;13134;31914;2189;2611;15810;16449;19765;25908;11283;2194;1710;7360;
1996;25490;19308;27785;24741;6567;7053;2119;16202;25949;2492;12552;13662;21339;27477;13511;11968;24213;21449;3137;26637;7363;24389;2820;11878;3857;4238;21961;19571;27416;17968;4867;18599;28685;2775;2488;22726;7224;17661;8848;11941;22184;2501;32556;562;24870;5927;7096;31923;9831;14670;11972;26963;14470;7998;15183;20186;5041;25274;2341;22204;31010;18277;30572;9557;30288;29991;23929;1907;27751;12754;28136;6421;11254;24070;20459;18802;30952;14674;25314;24637;2742;12699;24620;26664;23771;16834;20285;8871;25479;9089;32753;26870;30871;22678;32544;7773;5317;20260;14707;
6067;10524;9558;16502;7201;11440;20549;26094;25384;12939;10780;8556;13285;7146;11130;29730;2452;15018;21527;16118;24916;30717;1707;16085;5417;21345;23563;9034;26695;19923;12693;29519;10382;5439;30415;13411;2385;1084;32331;2012;7003;18934;21966;12927;1588;20075;27056;16974;26272;9947;30598;18081;30313;11897;5119;20088;24926;5991;18444;8464;27548;2017;2372;25780;19724;6073;4486;10198;26157;16899;23008;94;12820;7953;15535;13634;6577;31394;776;9815;3155;6742;24919;26215;366;18533;10054;15235;18333;30353;9953;31130;17635;3417;5879;27467;3126;15216;29891;15608;
27710;22893;10443;7708;23386;13764;29449;3294;25828;23797;25161;32742;31670;12803;23250;25199;21996;27432;28744;5789;13804;18119;5841;29201;17572;3234;28535;26812;24851;12109;13262;23024;2315;8675;1238;13245;16181;13815;8482;24698;4693;5581;17978;12962;10703;11978;16703;17122;31595;8234;29389;29807;3669;497;18981;5021;28520;6180;31628;17070;15019;17976;30190;10471;24092;22219;23495;6122;31149;27538;836;6975;141;10643;16805;9780;32680;30100;1509;21479;11633;21715;1693;28065;9951;17911;1830;11109;32181;9799;30717;25289;31751;30490;30316;6149;16634;6030;28519;9546;
6859;18045;27061;27733;16915;173;15184;17987;23113;3911;11789;9639;23432;23179;22399;7898;18834;21697;10265;19090;23574;4467;30100;14006;31790;23769;1168;22897;15148;26517;21886;14982;9878;23201;14525;18147;7535;26501;28163;632;2744;10445;21247;3145;10551;26298;25917;10434;13431;5176;6985;17995;11024;6160;22807;12317;1576;13919;930;25428;2618;11847;30676;14917;5399;24548;26790;25105;3370;3713;26760;20091;22015;4876;8707;8182;28167;4808;925;12290;6549;3650;25341;14265;16173;23686;23375;17573;22782;26258;27370;28629;8109;14091;5168;2864;21076;12847;1462;14601;
16331;2571;3494;8691;29990;17134;23649;15574;13694;23581;23144;23874;7925;28872;5500;31748;8436;25917;2308;28151;10167;29788;17840;32029;8460;12619;15452;6126;15959;20843;12343;2800;6106;21130;5156;30856;5427;20826;22368;784;16166;9249;25957;23849;24221;3507;23823;13395;3309;7326;17150;10683;6491;2724;13115;19795;26591;12398;22046;20264;11560;24958;7279;23281;11231;17510;1739;20963;22320;31543;31817;22221;32391;12349;29790;24672;26263;23273;30718;17870;29601;20751;15876;31128;18675;30802;26324;26272;431;11228;6975;9094;26317;10834;4775;28721;18019;8198;17507;12716;
20516;8559;18532;24628;6951;10711;11033;7055;14571;29268;14481;22943;31127;13561;736;25398;17798;12365;10179;4908;12290;32508;6535;2991;10064;6093;28454;21979;26094;2516;32692;8074;2328;18665;19705;2926;28816;7769;352;18269;19359;4571;1296;23787;30551;24261;28248;28734;4636;18815;20816;24862;26723;26936;12989;588;7864;14809;8758;23317;15622;2615;16261;10022;32531;6797;12112;2210;3658;32553;17145;8306;2237;7013;22466;221;31082;18649;12597;11864;9661;32463;21187;8863;21591;3575;7339;1540;28942;17501;12317;4871;12853;3479;24223;22568;8989;25411;10417;19449;
14299;8625;4012;26487;20044;5340;16112;15002;16471;20895;20542;12075;27506;12069;12131;28118;20840;29858;24855;6528;13913;3904;12580;21723;24578;25693;3019;17975;23102;5107;1635;3483;25805;16215;23363;24852;28245;10279;23778;17229;16550;15229;9277;2144;16962;23913;32377;7404;28957;2207;24010;17256;31393;5740;20883;15286;5365;17135;18895;2299;32127;16773;10671;18863;16552;30085;28036;22000;11999;9006;26592;6172;8928;11485;23032;21406;32054;12419;27469;19976;30974;6487;17548;3683;15855;31176;20914;9922;21399;16822;28531;15390;23015;9441;2013;16477;10994;17826;25145;4788;
18930;30681;10802;31279;17292;12326;29241;11918;25429;29532;13607;25427;25236;23090;6948;2329;29770;32060;1480;14631;21103;23834;10113;32581;12415;6896;10805;30159;14133;5398;10536;26631;28054;15376;543;28335;13106;13248;16838;15064;12199;5338;12111;757;23398;25241;15196;17971;1466;2224;22047;23053;31750;30084;28863;30234;13902;9368;11774;12842;11512;11592;1562;10898;15316;10683;25072;16068;13915;2579;29031;7715;4404;10214;16652;5909;17661;11762;21242;23641;20039;10252;16125;13467;28386;20314;7671;18501;5212;26306;17538;409;1988;15266;4310;13053;19123;7874;20462;30613;
17806;27015;32230;535;11013;25449;26024;19931;13535;7078;25543;26162;7674;2872;20651;14329;32141;4869;21999;8558;26545;10839;13063;13378;30496;20875;13606;24047;9276;7437;26206;27211;3411;27780;14346;5213;5153;8777;11369;6512;29846;28446;17291;615;14554;1565;12145;5968;11919;19694;4976;12604;16726;23613;21206;24141;24212;25707;13008;3088;18038;19076;21387;11277;28210;4466;17562;1693;22416;25456;14488;12284;426;20417;7182;21407;22255;4257;5014;18888;15470;28028;9537;11095;9810;3422;4407;22499;21928;19883;7581;8713;9065;28944;22972;5636;31924;15033;7263;3710;
29787;18884;16764;2982;3489;18678;27415;131;9282;18093;18788;2696;5556;18710;11820;18280;4013;29344;28529;15660;10213;19121;23893;2178;8477;32407;20280;17752;352;11969;3105;26025;23945;7215;4703;27287;32261;18983;624;13243;16602;26666;12577;22713;23784;6182;9463;16663;27247;25837;718;28239;21714;31974;11712;11298;6555;1282;7752;6960;30910;6130;13479;18886;31266;17816;2695;20215;27741;9915;2015;7150;16576;22782;16150;30594;26771;30483;21611;22539;6049;24876;29844;3956;4088;27058;7845;32146;23274;14906;17716;15540;4951;1205;2747;31868;9519;21734;7485;32493;
9778;5658;29997;27588;11258;8467;31627;28172;17212;26181;23376;20461;27723;2117;524;2245;16605;31358;5070;29050;10002;30758;22084;4878;13746;26480;22307;17267;11702;32003;20937;1185;11531;13228;6178;23015;32402;27727;712;1918;11115;18980;11374;28772;12659;7967;31870;1639;779;31920;17665;128;13340;15533;30656;19299;30808;5773;13992;26708;22210;5334;17267;11836;13936;32472;4741;8444;10383;2716;1300;21249;5033;27416;3724;1305;9251;3748;18738;30853;9738;8626;15879;10063;11279;10681;25583;22238;10191;19570;6674;14535;22360;5959;8579;3558;11241;23305;23072;32686;
3578;28641;18105;9149;8828;30089;7284;23987;30050;25531;24943;4933;11616;32490;24232;26253;11507;1329;26906;27300;17569;10121;17961;1651;23170;9022;12096;31174;11007;4004;14521;14498;1754;13318;8189;4313;12911;31199;17644;19931;19001;20300;21119;20175;20631;3522;23211;17123;18640;14588;27017;32736;853;10808;21429;9985;32583;31651;17396;3077;1337;18450;19481;4739;24375;4850;32041;30078;20999;27778;19133;11577;15278;9792;15784;26444;31543;11168;14810;17656;1455;21252;23428;21432;19572;15081;12157;29720;22704;1886;19173;8906;16416;5051;1544;22519;22298;27791;24196;28883;
17358;9690;17583;22388;22220;24957;22579;23780;19654;6638;22523;31093;23959;1328;18771;26452;15493;9219;6730;19297;28099;20824;17243;24638;5434;26119;11341;22438;8842;17604;22616;26113;32331;25168;7561;11317;7320;7660;27496;29630;6350;32275;25815;28929;16017;9576;20797;32733;9232;5102;10468;3716;14730;2167;16544;10889;29202;5727;22706;25658;27023;17273;4843;31791;11270;16970;5141;3875;540;7285;21646;13315;26326;24951;25654;16453;2724;11668;9611;9851;1950;7441;17427;9000;11021;32676;27131;11218;30765;24617;30973;21592;18481;13462;19079;7814;11144;18993;15129;26599;
28767;16897;1262;27098;29287;12674;11744;32744;6104;15261;3206;10325;8118;13782;10399;29429;9555;11720;31411;21057;32021;25294;20215;682;20089;2052;20338;31790;3928;25198;31070;8744;17513;6006;465;9580;11016;16284;28060;19603;12341;4457;24691;5780;22752;14500;26447;27541;32612;11721;16913;20480;2641;8631;28776;19928;110;20905;1524;2126;7678;22375;2476;11663;20291;18878;25725;15073;13377;16685;9011;18158;4548;5345;3997;18015;21412;25572;25836;32429;1096;16017;9053;6964;23913;1099;18200;6282;22040;18798;26199;31246;20995;22918;31434;32196;22004;10687;23099;16992;
26010;20381;8814;5024;28300;20461;7243;20703;25739;23036;23102;8680;29447;17158;5599;28168;26597;22001;4302;18791;15232;19259;31969;19607;23022;32050;12162;2670;4484;11363;9298;6161;19100;26708;4883;23378;27797;28790;7364;4924;5148;8533;21517;20203;32426;16914;9438;18082;20302;17939;24404;19223;4269;22265;27100;16145;6215;15058;24218;20277;12028;27280;6156;23581;8910;27835;28906;19115;9704;18530;15185;11933;7904;9303;13089;865;20025;26268;28580;26410;27948;26648;6256;3139;10663;4238;24974;21668;9111;28368;4827;19395;20323;8496;7855;29356;25016;8760;3005;4692;
10380;19867;13882;2090;30045;12650;11330;16624;31930;32651;10615;21961;20229;13160;30187;32659;20087;16356;11328;21622;18020;22931;11021;957;1985;12586;13700;997;12003;12852;1874;26356;30345;6663;24519;18701;15389;31479;18487;3392;6455;32713;6560;23718;13923;875;1420;7086;15140;20706;9785;18866;32569;8067;23032;32462;24862;8038;28115;31729;26070;10776;23410;308;1512;27536;7744;24171;19368;5988;25545;29178;9911;32317;7014;2539;6349;6025;10525;23357;8118;21359;16323;894;155;18696;9827;18588;22659;5324;27876;2808;5657;31562;21477;7612;16560;9245;27628;31087;
12420;283;12224;31942;7235;13775;7699;12221;8140;4906;5732;15591;8246;31605;32036;5378;12564;17034;27416;28879;24311;24132;27646;9505;821;31540;4211;32051;1257;18837;22292;3902;11067;5762;12516;16203;25826;1383;9454;25670;10471;32182;22315;17237;21675;8411;30373;21864;11051;23665;22237;2832;22915;27830;14442;660;9393;25404;1252;25666;9372;1506;512;22787;12373;6659;16380;20274;24476;28653;18238;430;17830;17045;18744;29998;18717;16265;22670;24533;15721;19237;27771;12039;8494;21770;13169;8058;9749;20684;30975;7056;26064;9963;8952;21476;26712;12805;2514;17954;
24441;7241;12364;9757;15249;12591;7763;23835;32149;30566;25383;4979;27220;9998;698;30811;768;20520;21081;15355;26346;17739;2189;28614;653;7832;1092;16649;12238;26864;3884;16836;11138;21860;8032;13242;1073;31980;23622;2500;26137;3164;27319;4970;26742;27797;17505;1716;16385;15096;7786;23614;31415;9761;9046;12683;10459;721;1067;9627;5950;11563;9427;25536;32446;2596;26561;20653;19725;15669;23768;3536;27316;26194;22408;18146;8791;31776;12346;32188;3386;5731;13550;18540;10500;15541;3362;13704;31427;3454;5366;19138;25393;20768;29583;20925;2102;19826;28857;26399;
30637;28016;19920;32744;26475;4401;9696;22786;13949;6681;6411;1304;5042;1871;18219;3244;27994;13937;23993;21604;3660;7303;15598;15781;3118;2870;30759;13667;27376;22071;13710;9528;6554;27911;12535;31411;11336;15583;26120;14578;30578;28390;9629;18547;28785;22182;6762;31015;30527;9404;227;27336;28031;12756;5720;20333;16061;30165;869;15452;15862;32601;17801;32031;31835;32608;23573;7386;32082;15685;15432;6619;27582;1777;20664;30579;13440;29006;2035;8708;10814;31998;13927;22876;5730;29518;20351;5441;23398;3941;14863;6221;3152;18370;17394;9469;7544;19429;30962;2308;
4753;2635;24807;29413;19943;21152;26915;17856;25830;26673;32014;24428;7644;6304;4622;1223;31488;10971;10922;26698;30386;14926;5358;32481;21764;21080;26641;5881;11898;24060;1365;26074;6158;16346;8239;32567;3191;9821;4520;27395;31403;28725;31491;19847;7587;13576;31648;21938;350;18020;32288;26032;22824;15609;24778;10686;2844;26117;32045;4412;5352;9487;21255;24067;11728;7640;23142;15866;18934;14991;16653;8932;25304;25156;5913;19580;10522;29599;12005;14532;902;22482;13354;28314;32593;16844;15979;22156;5535;28079;25232;5613;27210;29829;2001;8232;26591;2095;981;29269;
23786;11165;16923;11530;32372;15173;31386;116;29641;22989;15268;7846;20351;5387;19216;10288;6579;22320;8856;18164;20374;30784;2944;27445;31785;966;7545;24305;20036;1733;9412;9073;20445;31217;13210;19742;8839;7199;25292;20886;25913;20731;1447;31743;10065;22521;21786;31644;3288;28558;22043;16541;2056;14495;32582;6972;19467;28218;25031;20741;23814;17796;22907;7285;24918;2546;2130;19143;6170;18876;8440;27659;6385;9871;17588;18808;16645;7811;30864;5635;29000;24908;30138;3377;509;1460;22826;29737;3963;13129;30341;12557;1069;5202;21057;27786;990;9224;1803;29102;
7219;11523;6757;16378;24185;3059;1172;953;18081;2704;28601;26768;5001;26324;29246;31317;29822;23143;18547;2084;12286;13915;20857;15792;10178;26393;21344;26328;24060;29851;19084;4475;24541;21212;18525;396;14682;5773;9487;11113;22064;25098;2270;10344;29733;7820;4206;22963;2705;21920;4203;11607;19230;16088;15468;14743;8140;21952;13598;8838;19000;3091;16798;32213;2077;27695;14374;10473;24859;16327;23020;17712;439;3800;9799;20150;18340;2782;26900;243;25409;14919;2136;32232;12898;30760;21799;27498;14419;7215;25540;31421;22298;24281;12041;3684;11773;19940;2825;29240;
16708;25864;10997;22968;20288;7906;15932;6304;30348;4657;26870;18877;4499;28484;7043;22527;27474;29107;3439;7632;12640;6734;24473;3748;18219;17747;10645;7889;24196;28900;30286;23970;31070;18359;29680;30118;14546;17424;23301;1870;7527;32492;20702;4535;7313;32639;18740;24005;12151;7905;11023;8049;16121;21509;15591;16740;4338;31722;7177;3780;6842;29205;17213;12110;23792;3390;25766;10661;11382;21578;6889;24553;3260;32633;13714;14988;32578;6625;9395;30049;27736;22299;18381;17142;2345;28988;9204;14884;24311;8966;17711;16868;22440;4704;20254;28516;29570;16132;223;2651;
3123;18808;12337;11161;18708;9791;32730;10722;10414;4432;21831;18684;17278;21959;20851;24327;11253;15835;20746;25613;4035;16144;14285;8154;32341;13997;2872;27150;30876;19057;8290;12400;11793;16770;24870;14213;2806;27046;27776;18786;31710;23733;5689;18110;2671;14927;2503;20043;14183;10698;5231;28231;13789;14446;23212;5197;27594;26597;31956;12146;23495;237;28409;14477;23576;32336;2061;5334;16106;9238;3146;1715;20441;5881;14033;8398;19125;2073;1682;28523;12166;18673;21099;19449;6093;23434;26772;3814;28941;21230;15674;5048;16522;6112;27754;17242;21585;26058;4913;6323;
1400;5111;17410;21373;28583;32514;6743;19797;16856;9871;12699;9486;3162;21304;840;13387;12316;22731;28749;845;21288;18610;31154;12041;32366;10418;27774;30078;18627;473;1241;23621;13097;23473;19566;9578;6737;30650;14355;1658;24926;24855;18604;21981;14828;9352;13132;8806;11601;17560;21662;26921;19234;15896;29572;23949;8442;12491;5885;30626;24438;99;29516;15540;20612;428;12887;30240;734;2056;6989;19046;20177;26395;23947;27776;6211;15559;705;21874;29172;5979;19536;15395;1540;19463;32759;16235;26550;4500;26543;30317;12915;13137;2259;23335;6674;28753;22148;17223;
20566;23251;25420;23360;25528;19458;22017;22430;31591;16351;9709;20630;5262;11643;25131;31714;9429;12137;2132;14540;17962;4211;11868;8840;20417;4236;950;7366;89;30214;28095;3720;7618;16133;17241;16177;11676;1844;27606;2527;11105;30134;25881;23291;24486;18272;29943;11279;15517;18725;2531;29143;25567;22225;3787;12442;14696;12795;13885;10938;10211;17716;206;23947;31273;10117;700;16481;28164;29721;11474;31213;25656;18998;7308;32713;20932;2418;14204;21585;22117;7715;5612;22197;7260;29207;197;22860;25969;21893;1712;29227;26936;29764;27770;14839;26771;11067;31933;27895;
6776;21017;31421;8813;22004;19782;15504;3623;7536;31769;12418;81;28468;22347;20919;6029;32553;21419;20498;22854;15843;23828;28502;9280;20702;32156;24971;12660;24584;1295;8356;5916;23680;17564;2910;522;9374;13005;18795;6461;10547;3005;15056;16310;30738;16773;30348;10376;20431;20727;7290;28975;8390;20111;32376;13858;8031;16294;25801;21932;19345;5097;29112;21751;4517;21258;26750;7018;26685;21173;23398;30772;3988;2246;1327;9769;22023;19897;20914;16846;1493;9057;22981;26031;24611;21469;22110;24825;18755;31945;20220;15428;2613;23217;1858;177;19310;26827;28645;30005;
11481;10469;7881;17972;7964;10140;4711;19282;25116;4303;17522;24454;19651;26707;20410;32624;16897;15080;11600;8684;30480;23404;19691;32487;28413;79;3210;14449;20324;21831;21339;6676;29307;21829;21468;25188;23121;167;14656;19160;26968;17327;17428;16856;1058;8500;6690;2839;104;30103;19862;14883;1360;26105;24415;15163;16623;20395;16600;24160;5901;19430;6312;6318;11561;7101;20199;28653;30653;4175;9346;17508;11460;17217;23008;27885;16248;13164;10437;22863;18784;6610;5495;11975;1162;2775;23328;4840;15126;14254;30580;6310;20468;25617;6547;941;17645;25653;30769;22007;
25064;14077;21236;23453;24934;4206;8989;10477;18000;26723;16235;16062;16114;24961;30524;18688;14663;7278;26870;11159;3191;19262;6053;20842;23454;6446;998;29110;5583;14997;19459;16297;14169;14615;5983;14380;12360;20508;20757;512;5167;28032;30172;5132;30501;10893;31022;5621;7182;20774;1449;12016;22556;16708;7349;14036;20373;19111;22887;32116;28630;20165;23205;7211;19096;16135;6283;1464;13938;19252;10510;18508;22687;21549;14303;13794;31746;30428;13714;26319;22887;17255;512;19098;13580;29865;5610;15117;30048;15330;28639;17804;5898;29869;18527;7846;8749;21811;20800;29674;
1258;28319;1105;4092;30503;4562;17726;1256;19343;27735;23219;20661;20954;29081;708;12350;11855;25683;9869;5181;19079;5193;28949;27817;17267;9270;19833;15938;30881;27653;4166;13930;8378;19267;20518;12598;1872;32725;12735;26053;22486;21734;10968;11472;6640;15908;189;5507;17134;13100;1509;15499;146;24386;23251;6513;8474;31046;13882;13862;15482;22499;30820;1247;746;5642;3540;18466;21664;23455;25899;16673;1759;7794;31816;6216;31280;28528;18611;13330;26096;10267;32572;29216;32010;3127;32479;30348;20486;13254;25323;1403;4163;20791;100;6897;6272;10203;21157;13546;
24225;18072;6985;934;12976;23265;14668;29764;28451;12261;31598;18834;32349;11783;29144;14116;22903;28303;770;12963;25663;14239;18388;28520;19073;29800;29452;14409;17030;32157;18399;7091;22747;17960;25571;7674;10579;16413;24620;26092;10575;3564;3509;6060;26429;21466;20738;20926;25439;15794;24836;94;26062;3255;27965;31510;30142;16862;28453;8335;22019;14394;10955;25768;10965;17336;8895;1221;11472;10252;816;22121;3390;31723;18514;25608;28569;19579;9218;19478;7244;5384;26285;5732;20666;24312;28526;29612;20609;7681;26486;7019;7168;7321;19633;15342;28695;3246;4007;12464;
29485;4248;18592;29411;13176;20556;18443;30797;23160;28370;1568;29781;14789;29689;13765;12126;5387;32329;32430;26707;19795;20793;8905;29827;20868;5026;4825;4528;30761;21108;13920;7778;9844;7080;27331;11393;26755;17781;32169;8739;24291;13767;9892;23715;9555;15853;17427;2547;5834;24209;24391;11315;4795;2030;15332;31618;10135;10813;30346;6676;18068;10864;30389;20100;25773;3875;14306;14444;11497;31184;11764;13108;10209;16450;18645;23335;31868;14924;23392;26828;11774;6074;27007;22131;31553;21128;8592;1038;17217;4434;1294;19778;4831;3596;1133;17854;16350;21747;4677;4044;
13618;28611;29107;293;21626;20779;17405;2570;4299;5246;6516;4752;9903;26027;2463;16956;5485;9583;5781;26063;15755;7625;24491;26467;18578;23215;26447;3255;15889;31487;28724;28616;27108;3512;13744;26017;30646;20330;866;18291;26565;23531;28695;20968;16613;10316;16366;3765;9160;22795;12731;31855;9084;18570;15274;26783;1845;20928;31525;12312;22861;13103;23543;22920;26505;7702;15025;15950;6302;17895;1612;13707;15092;1019;9489;30076;12457;25477;8374;7943;7385;10693;24010;10131;30237;11902;25171;5405;8785;6313;28597;16520;32667;21355;29653;4661;32424;20293;5503;27860;
12857;25483;24581;14970;30687;25623;21033;20467;7682;16190;21565;6745;11048;14339;22921;19173;10868;4235;12525;29958;8557;14545;18632;21168;4866;21915;27160;8951;13258;13229;12002;22236;13200;31548;14292;103;16398;14245;25897;14326;9465;1887;5837;27604;11582;2094;14273;19981;10636;21402;6338;21633;16402;8096;24101;32568;27018;22439;1286;22773;16246;16822;17313;26126;32681;995;18688;30074;26890;7695;8151;2092;21909;11216;14508;17055;13730;687;24378;7347;20586;148;7960;17335;28103;7806;23446;25287;19771;7031;7912;17752;3636;21448;25734;2065;28046;6249;25298;19421;
31834;6843;6139;7998;13278;16505;7714;4580;2780;29676;2748;9854;28696;17503;23864;5840;19988;27347;16609;7685;31774;1780;9733;15687;16524;10315;30295;11918;18503;30644;26770;31157;14214;5395;14175;24531;14300;32067;16249;4296;10101;3151;18703;24342;19869;28645;106;26099;14465;7687;25039;21916;10298;9220;7335;23019;11015;24999;12765;20268;20186;1198;20872;14637;3095;22653;15306;12436;19864;15892;10487;14965;14836;24639;31994;15908;8705;30732;18933;3400;14487;13698;26152;12849;30615;8336;6420;30828;22060;1604;9184;25492;13393;17982;10491;2154;8084;5219;14083;31784;
21785;726;31462;19987;9441;26660;23879;16208;6732;30142;3875;11512;3549;4781;18868;24687;1086;20097;17813;14833;32388;138;11560;26989;8115;26443;3637;10647;19333;23596;3795;12601;8807;28527;27020;20169;32453;101;29884;25153;22407;9698;14650;10539;11228;31470;23610;4347;23606;9149;24690;930;5270;7906;636;25184;11273;14015;13436;8922;7538;10048;32002;17004;32139;19401;15666;960;4647;26988;8738;10912;28346;26976;17795;10760;14874;6062;16772;30848;391;14894;15347;32424;15594;5042;11429;21525;26714;10113;25369;15963;22244;20743;3928;9835;8844;970;21023;30752;
23951;18336;6208;8212;26859;17696;17734;7096;5153;30294;29016;20388;27194;20411;15968;6187;20488;30051;2156;18483;22446;20601;30036;2627;28003;6377;10141;22494;16754;10076;6301;31504;4997;9065;24032;20038;17188;25097;24011;11875;18809;2124;14207;21263;86;17995;25088;338;23161;15966;18071;19555;28942;27791;23156;22714;2677;8782;31640;21868;32326;27238;5362;8120;6802;26927;19912;17629;28268;3333;18521;22063;7592;8954;13249;17258;8675;9160;13596;12102;7364;19722;27630;29260;8064;23211;5571;16359;2980;29854;5394;8638;28943;9423;24423;15681;3389;26970;5825;6018;
20428;14076;21049;19271;2104;32710;23013;25949;8426;4633;23036;23343;2929;25550;20795;20375;16911;7605;16007;6643;631;31553;20947;17276;9685;21121;9284;28371;14863;22610;15251;24029;16458;29908;23732;2513;13489;15386;29109;399;17265;24358;1768;564;20232;10516;9028;32235;11200;23701;9;1286;13430;1439;25507;17741;7328;4963;9169;5013;9103;20096;4870;13205;3313;32630;23824;20982;665;22877;5879;25769;17283;31959;1576;25981;17426;10051;25298;6897;9117;25139;6545;25414;6954;18208;20554;13785;18809;11101;12886;20144;69;18506;18402;14419;30406;13258;23701;10205;
1402;15607;14708;24402;20261;276;13827;2611;31511;19650;25773;18512;25773;7543;24166;23262;25626;22317;29071;10185;5223;599;14362;1868;15033;9753;22766;4030;13011;4792;30861;21423;1243;12368;7412;17971;2145;9669;2243;14718;14493;27643;20893;11185;7672;8522;13778;22004;28879;12588;30011;12741;22899;9273;12646;26767;29044;11350;6387;24959;27167;16681;25150;24979;31813;24784;22847;29172;1342;18642;1198;133;29998;15189;9834;28348;29319;9362;6939;689;22223;13447;23830;28276;26788;16619;11906;24996;30461;871;11961;22845;14770;2051;24305;8626;6975;24543;23068;16188;
20421;27683;17421;12401;23889;21816;13275;16152;31073;569;7562;21308;24484;9380;32488;31871;1538;11350;21430;9649;20956;14262;5384;9889;12949;21552;18415;10291;17745;8933;24404;3763;26108;13728;29991;24169;20879;14348;7866;20078;15758;14629;24679;32190;2261;10477;1145;32397;27029;24160;22858;11231;15514;14761;6824;32083;22991;13974;2685;19775;4611;842;31919;17666;14829;28466;23110;25494;26222;17978;24525;21093;15895;27712;6906;31838;1003;19656;27537;6983;16230;29426;2949;12117;9662;23978;25184;5370;10344;25631;10214;11518;19678;15990;6645;19153;12704;1727;18864;23840;
25720;17960;17373;1190;28163;25200;6282;3397;13933;32671;1527;32085;10108;10741;19120;12092;12240;23584;25338;10558;2921;13746;13680;10135;30057;30161;29422;3271;10011;3632;11694;11310;18485;25151;27569;8920;13402;1695;14433;12954;14819;5337;31092;21342;13791;26447;2835;28347;12632;20851;26428;31177;25561;10294;23653;24883;16172;11972;5986;31629;26728;15214;1160;30184;16940;10471;19475;28324;27685;26548;28101;12934;23510;17374;16336;20490;29336;13034;21750;29947;13535;15882;3567;19008;1728;23701;23051;16889;4528;21173;27416;3019;14223;26720;24710;9079;14053;3209;11721;11698;
25707;14487;16383;5937;7629;10262;9939;10755;22958;14508;17569;3363;30956;1615;18907;25166;15654;6070;32683;30226;2172;12045;9689;13864;19094;4845;26608;25091;16104;25483;11676;10665;24628;20528;19031;11970;13648;16617;20548;7150;23337;18559;2651;18012;28680;29353;25031;3481;17428;17025;12940;28069;29465;30005;21357;30540;19335;23807;21773;8883;9918;26711;15444;12338;5768;10599;15380;2913;3047;29119;12781;25718;23314;22090;27246;29646;16570;12160;28796;7113;19601;27102;27640;23771;21773;14995;21404;20448;22633;3197;30246;6832;28398;14675;7865;4852;12912;25380;22656;824;
16155;512;5524;17985;12656;31221;15648;11424;17802;19773;25795;24711;31654;16053;14645;15324;26082;30865;23086;17548;837;2894;11651;17186;19456;22761;28050;10136;21235;16463;30433;12396;8307;7444;6402;2039;10827;28519;28346;19451;3328;16454;354;13179;27226;5614;15244;18127;4383;3222;28394;24055;21026;26460;29036;22832;9852;11648;5545;18373;2842;10192;640;28968;13688;21091;11775;29761;1451;5770;32643;28934;22949;24836;23841;28748;9653;26737;10309;32220;30285;14345;28057;10442;16136;21134;19497;24066;6891;383;22468;20772;25068;9359;31397;26514;14256;5462;6739;22983;
30617;29509;965;32490;8704;27615;25290;30370;11967;21286;18600;9517;26867;8276;1539;13740;14336;8908;23553;5825;31189;848;18604;9564;21105;25972;29336;31186;5285;15699;30661;2864;10268;11648;9158;7374;4250;320;20771;10791;31361;5878;31229;17639;28825;20190;15344;6470;7952;20990;21310;3221;18368;17754;20777;10774;19377;15720;4512;21009;28127;1475;13342;24356;13117;4387;7120;13787;1017;9613;15094;29313;29186;6343;11659;10549;18632;12559;26408;27712;19011;32268;30758;3237;15670;15877;11779;18682;12469;9041;4870;24183;6373;3599;4390;12365;10499;3607;15401;31032;
3751;16688;1801;15192;29258;24963;26779;25149;24838;6223;13170;19265;926;26847;9474;10266;18110;18361;28673;28591;22660;12825;17939;20779;7998;22941;9381;23888;3446;14402;26905;23055;30508;8335;28708;29781;19554;7696;17525;17447;23774;14854;8344;22257;2347;30813;18457;13339;1249;8414;31724;4062;3622;10406;3596;8278;15989;20439;22627;18648;22686;18317;6890;3973;14350;29716;1297;4383;17745;8024;28257;26396;5077;12188;608;13305;3313;13935;25525;18897;19493;27612;2700;7982;4260;27106;25148;1567;26639;15396;27175;22923;30340;6112;24034;5316;32727;20517;10391;2399;
5663;23105;10151;10052;4469;30329;147;2817;13560;20734;3612;18020;9493;12060;10409;5960;4869;31923;19946;175;16790;19947;27579;31249;18223;10532;21067;10484;12558;11564;4477;22717;27605;26549;17806;9414;5445;28678;5881;2224;6985;6640;29079;19195;19510;21764;14091;30163;15441;3075;28765;21037;9362;6294;17125;6419;7847;7999;11371;20284;25148;26512;19084;32480;26490;1179;12639;17354;4813;25001;5465;23983;19947;1839;19566;15550;12818;11261;27257;15480;10128;26297;31966;194;7817;5004;10606;10553;17653;16923;13451;20165;24040;16313;12940;32625;7702;4570;26723;11386;
12694;29899;8060;16037;20198;12961;28905;17622;31536;26224;19389;28895;25547;32701;15029;22166;28933;6709;11550;8490;30240;32159;18162;12983;8858;23055;31813;25111;6322;5212;31711;19196;19751;14037;11563;25659;5187;23088;17744;20587;24;6851;14237;7343;29706;28151;1322;25040;4493;27641;12220;31631;25136;25010;21482;19001;25307;16122;11902;12923;21588;13576;4382;20344;29960;6445;2604;2841;2057;24515;17386;4260;19795;17248;24290;19857;20307;27727;19333;29849;10666;11328;26386;14095;11566;8766;24505;10355;1329;23266;9217;69;16903;16582;24935;11799;27842;28989;22087;29670;
2112;18753;31488;31402;9064;16045;18004;5420;24752;22957;4365;9496;5858;25202;23782;22099;28449;5930;680;9358;9255;32303;2964;24348;18128;10366;14849;7936;11228;30828;1350;25419;26352;16532;3290;18341;30431;20244;18106;2345;1832;14585;27915;19830;27328;31223;28417;24578;13329;15454;26879;22962;3650;23881;26624;26280;15289;280;31797;7773;24030;19489;24303;8687;27170;5027;12224;29884;28737;6907;3293;17199;5571;12571;2759;3034;27337;16951;20267;24261;31750;12737;21254;9990;17932;4248;4108;12946;28105;893;7499;27731;25169;28102;32524;31867;19422;13398;11770;17175;
27668;11468;6534;24807;21386;3323;10633;17005;4231;28315;811;24900;15113;15165;5381;12211;524;5253;11906;25218;7688;3219;9867;3340;19644;17090;21859;17302;14890;14485;26063;14303;31459;29422;16763;1016;31620;15233;7321;5974;2433;5769;25803;31270;22817;16569;5955;23264;11466;18806;16936;6687;383;7491;13628;18608;25767;5245;9661;19433;22288;23112;18825;7228;24883;16329;11653;21004;15546;20374;19262;29886;14143;13674;8657;16404;12887;19998;22025;21430;25807;29652;7624;274;16693;23158;31400;11110;9626;4191;2017;28187;14487;30551;24430;32085;6030;18885;23147;29896;
14898;32;12482;2253;12106;10919;15366;19893;5810;4946;24991;2397;31906;15368;26664;17154;31282;3346;15381;1367;16158;18384;26521;1749;26823;4522;16839;11347;19067;11082;6391;6614;2806;10248;23659;17834;15145;14758;2354;16818;19002;25662;24141;12028;31435;11896;7185;3992;15743;8704;21196;27307;5306;12344;1195;30399;26025;20266;7899;15965;23171;25280;3567;29406;14862;17975;29058;24958;22628;2513;13085;16050;1271;14538;1115;15292;6611;15246;2122;6780;4131;10793;11285;13193;15863;8959;29408;8832;8516;31165;14580;3228;23596;21135;12828;13703;18048;32148;10062;22128;
14468;9871;14222;27486;29426;11487;8208;27332;18497;14257;20381;6997;27430;23156;18743;31769;1628;23949;6656;29377;417;32588;26200;13368;6145;16671;21062;7034;9046;5382;18713;25257;16656;32583;26703;29278;13362;99;4533;15165;10397;23368;26832;19916;15249;3016;16252;9349;28017;330;13779;21545;24774;29120;4432;5720;2695;22745;3892;25183;14232;30583;13865;2129;2960;26467;27430;601;23743;5952;19858;28750;4464;17085;7852;29064;25195;15119;14378;20722;9918;5023;22048;14177;3261;1791;14372;22564;25672;10275;23984;19421;24140;13262;25032;3471;25996;5706;14812;19959;
29858;31068;23535;4384;3392;28279;4089;18994;13500;2352;28810;27018;6604;32242;24241;4368;18318;6387;27932;25285;2507;8550;1664;7580;26236;31987;21308;31883;20621;10084;8761;3041;30690;21153;22804;26842;23192;17118;12159;8049;31629;15123;14820;6773;25122;3500;1868;23007;18239;9602;22144;25443;5016;6923;9837;8517;4911;10701;9677;9070;538;6681;17924;30399;22151;29429;30024;1701;27645;2138;17413;15598;29669;14752;31104;21467;20296;29750;23482;3702;13786;20118;11927;19237;20024;20344;11839;9344;7022;13638;2245;5216;25532;20945;6919;19768;29850;20034;29909;15785;
26617;27475;26709;29264;20172;4543;10405;18915;25799;18166;15299;12156;12646;23062;17322;20276;14898;23831;25278;30964;10816;15941;16234;9608;4858;5620;27400;20981;10785;31855;12289;9485;10515;31793;2869;4928;12618;29784;21661;29877;23078;32598;23342;16794;19436;12778;30721;26808;3086;17999;23730;29770;24237;1971;8454;28943;24924;4586;21456;19358;17191;14692;4885;6138;15828;12124;28526;30566;13416;13907;7854;4218;6893;31421;16837;19831;2931;25594;16868;21720;11349;29063;2274;28713;19389;30838;6367;21788;21610;21787;18215;1242;32689;25865;7768;13719;26818;23869;11208;31337;
25901;20632;15393;7514;18085;31379;19278;24508;27139;8750;11163;5308;14222;10537;10263;19002;30841;7031;9789;29656;9645;21232;2772;19537;5065;838;26132;24845;8295;16954;11018;31730;17570;24591;30270;24444;12501;9279;10130;2320;21924;17006;21357;28045;32321;7068;20249;25637;24552;8094;23658;13163;17068;25295;14497;29868;10102;15363;4751;16771;3915;32444;11262;24488;18381;9633;10828;24329;24837;299;23129;24092;12383;16034;27556;26739;1270;23368;26288;9105;28946;22484;25261;15868;19695;16417;15956;21651;22209;23336;24595;16930;5108;5932;16746;3380;22456;1588;18837;26664;
4797;32446;15211;30599;20539;13490;14982;21141;1078;24213;11172;29222;3840;15103;29773;435;6655;2639;23990;18093;12720;20637;7910;4625;16620;29680;21015;28733;20843;2737;22879;2818;13702;28256;30351;29178;32577;26246;6748;15644;26760;32747;11964;15757;4281;25608;24723;12473;13155;17599;11407;10659;15438;12362;13136;9337;23739;24946;6349;30828;1516;24577;29427;7103;27879;1401;2959;28189;31608;14854;31085;32047;21109;32178;21697;30574;16709;4568;2759;16694;22179;22235;5287;24604;28320;12823;5531;12418;25063;4120;9299;6505;14917;22282;17305;12934;4201;23921;20017;4247;
30440;14619;23043;11255;5764;31314;22140;5488;24493;10070;27185;27985;30024;3082;21445;20673;13488;12781;21005;12627;32506;5196;22387;19163;10110;25782;3224;11135;11154;29617;26174;529;6041;4523;21092;9884;15677;31795;16562;4412;7928;11113;2584;13107;13529;5043;31667;26170;28293;12210;2288;26133;5756;26229;26867;2154;31389;8684;9018;9939;32237;10655;20349;28466;30612;5535;3289;3653;808;28093;29742;26746;9774;18683;2502;21764;28382;320;29239;3886;28711;20304;28298;20975;16115;25338;25500;20927;21676;19348;28869;2218;31487;17572;22968;2211;9440;15072;18346;18458;
22734;7513;9655;7377;4184;20211;7297;22763;12512;19480;28954;15942;415;22701;19236;15370;17129;19013;9782;10882;19122;17045;29314;31019;19026;28201;10421;779;8581;6997;21791;32068;25270;15725;24084;13289;27773;12344;2450;2320;15462;20387;1571;27177;24308;14259;31493;12174;8421;16573;25481;6747;26040;3033;14777;25727;18285;13204;13373;5907;25484;29925;7040;6891;31080;25699;31246;14187;15781;948;11329;29596;1784;19273;4892;3455;14382;31816;28279;31650;2928;20170;8796;11504;8901;20551;27570;31437;472;1614;18456;355;21756;10618;5396;21046;10605;3233;10861;13567;
31448;1102;29653;27319;14878;25202;19915;9970;12630;23126;10688;13166;26897;24788;15737;29164;29409;23751;16820;12350;15644;15296;1038;674;21469;16123;20516;6222;13132;5265;29689;15948;3871;4334;25496;1160;13153;7302;16378;14632;25202;10692;17705;11803;21584;18243;25510;31989;15124;8769;2312;15610;28864;3409;23527;24440;12855;24399;28408;9819;2957;16025;12153;26875;22913;11388;4816;6968;1096;25837;18287;19145;22413;26234;27898;1745;7093;13952;6060;26035;21607;13725;8951;7464;18508;6248;5994;24719;13843;22624;10200;31108;23225;12579;2487;20147;11527;32225;11462;19694;
29276;2831;5619;26238;4268;12384;24955;7351;16841;18161;12371;18384;3041;20419;1223;4337;9032;24175;21089;21132;6520;7189;17676;21233;32087;30358;889;3357;20664;20483;28866;31699;30499;16981;12621;6895;473;19294;30452;4854;32019;29951;22626;17137;8843;19868;14272;7292;5437;17613;31890;1562;2671;16470;9435;14283;1007;32090;29064;17889;32668;4555;12811;19983;16423;8741;29511;31427;4891;8028;5548;20661;14363;8466;3747;31424;19819;12302;22828;2034;26035;5354;22981;20447;11007;32523;14735;28986;13065;6103;31916;7846;26811;22049;22507;11721;12016;9704;2471;7330;
8315;14402;14828;285;4458;3987;9692;5861;13708;7170;6737;24442;4144;31790;452;2179;4400;13852;2414;3173;814;31861;8620;16660;12062;21486;23976;18730;22788;11527;30262;6966;31231;17912;29692;4950;23431;26856;17622;17160;30707;23137;16505;29501;17470;3073;24662;3247;18186;26482;11969;23157;8421;17820;12626;23252;27084;26136;21131;4697;2029;31464;3772;5412;25521;7270;26660;14983;7418;14715;26201;11984;9642;22545;9450;22370;25956;14795;13634;15627;19094;14579;22479;28817;27831;29108;20580;7566;9165;2953;23004;16254;14643;14069;32001;11543;5529;13173;20140;28121;
4172;29107;22829;3557;17336;9724;13548;25618;2859;24308;5201;32318;3547;29832;18146;10210;31531;25381;30635;16105;23594;26407;10979;19139;7772;27797;16076;2485;15294;9995;29659;26739;9220;26103;16409;6128;19237;30984;29129;13685;281;14564;25931;14577;30433;2074;21056;7568;5321;24663;29679;30862;1514;16348;4328;29262;7410;2863;9702;21926;30248;14097;14330;10621;31402;20145;4582;2201;10489;10783;28871;11186;18104;26883;25592;22987;24497;1423;25650;12994;13849;5042;26104;2085;2069;143;27442;14407;20093;26157;22552;16275;22751;18288;3921;29729;27335;18504;6492;8071;
15933;13864;23344;27378;3984;29882;8223;20853;5714;8913;31488;3232;4004;2975;17037;12117;15796;14376;11530;25303;131;13558;20264;31268;27628;24590;552;20357;32482;21284;30019;8291;24569;15883;28234;23388;17191;17775;32138;5270;23756;14790;10482;5203;1521;14980;21112;13254;30157;6542;23992;31782;13454;4850;22750;15360;11094;11477;11463;1745;30083;21421;6243;21204;22323;1712;31582;10521;32007;10379;13311;7127;26920;18520;5200;30467;12680;30410;12927;24353;29547;31659;6276;21083;8229;32649;5892;16336;1829;32172;16245;10542;16690;4683;18820;643;24821;30975;26547;17488;
3256;20343;20295;25568;25965;28782;30561;9687;24306;31450;21355;32526;28051;22886;3253;30622;11473;24099;32608;17467;25441;18042;32380;2500;2168;15206;9069;32535;11846;8672;11411;24874;30144;20378;12074;27992;28579;30703;8302;22008;3766;25882;31235;25908;3919;20903;32149;16921;30744;30248;23484;3050;6163;7977;16930;16314;9692;24422;5351;7225;25647;12859;22340;30671;28585;8795;1903;15591;6611;18629;29119;142;30044;14324;16145;26428;30630;10070;17002;19441;21381;29440;18910;23940;28995;17312;30384;9784;10215;29363;24762;12689;7094;32504;2319;17510;26107;9508;24544;23350;
27140;28887;24988;25280;31597;22991;3931;24269;14753;16732;18045;29521;17565;25619;15246;946;12023;5063;7277;23656;20767;19893;7598;6854;25062;255;30524;18199;30780;6492;5187;21741;23102;8717;31309;32182;15728;5395;11179;10640;23622;10911;2326;23135;1258;15562;30358;19740;1337;4998;18339;17776;6158;11476;13962;14209;14276;21816;27411;17420;31222;9322;21601;15028;22665;12879;23065;5785;3053;6183;10439;10541;23199;4616;7549;26435;499;21643;5309;3177;7184;27333;8344;2168;10044;12409;27160;27497;4698;15499;16860;17258;29360;20408;9218;8497;18158;7045;13130;13969;
27500;30069;28535;17227;9140;19071;11001;17446;23872;26303;970;6210;3973;25964;25494;4265;23856;23818;19230;7719;23215;7137;27870;4444;7667;2221;23277;8463;31604;31639;19494;10949;5238;9060;15493;24978;6795;19181;27859;24368;27738;4815;1414;19278;28574;29539;24803;3370;19570;6897;16485;15202;28107;31776;29026;15880;27462;8369;9452;22260;16420;5229;32502;1118;29586;31836;8375;29100;5678;11832;12884;27272;14536;23585;12217;1078;16485;10386;31943;28964;15242;13972;1205;12995;7351;2610;26800;7574;32305;19756;453;25481;21252;19440;14849;6275;10569;16069;215;25918;
24997;13130;24257;23639;18;10783;27690;9633;31202;15586;12172;29631;9473;24669;9942;30706;11386;5885;16;18479;11836;10118;17729;27509;26143;11270;32657;93;2594;3336;5547;12787;15350;15625;26981;28356;13249;18480;30883;5688;2076;3129;1400;4130;14173;11443;2447;662;22044;5995;30922;6651;1776;11560;5928;5984;8058;25240;26092;6420;7845;28043;27644;20848;22571;21087;23943;8184;31068;26043;26346;16547;19227;5761;7893;1398;21801;5117;25513;20055;18086;9315;10277;13089;18388;16248;29506;5108;6431;16783;5979;975;9050;19127;25745;16736;23884;7731;23150;12826;
10859;5674;7369;5001;5863;32672;12265;22242;5354;29349;16365;23263;7967;31436;30570;30665;25713;9183;10583;4566;24853;16081;21030;9654;2250;29428;13364;873;26207;28524;4963;11091;21622;20708;21509;402;13193;3968;253;19343;16682;2322;32032;11219;29839;31632;25570;4125;1101;966;23854;17841;31076;29768;26773;10226;29564;6315;25515;7475;622;14580;20398;21963;14598;29009;6761;359;23816;12807;28248;28325;22640;31660;19981;18654;20478;11158;32466;26690;754;27795;1680;26667;22549;8154;16624;30635;15352;21058;20415;6247;13440;4530;27287;16297;19874;14041;20924;3504;
17260;30495;26692;3915;3397;21211;14715;15782;11893;13254;28037;12387;28648;20400;28997;13804;26414;9073;21886;17928;28359;6691;10552;685;29598;13454;21350;15126;15315;17636;12229;9492;2749;4783;29447;16553;17968;31495;6705;6611;251;24840;26946;23718;3765;643;15637;28573;1210;1268;13448;2098;19568;20148;29918;28076;10959;112;3426;24121;24864;8922;15949;19004;19204;23710;9962;23016;7609;17560;7928;28942;11417;9284;16208;9523;22243;15990;24008;23014;702;28235;86;30545;18811;12895;2937;28429;14619;30784;12244;827;20241;15395;23324;976;4169;20694;12341;30256;
25192;25590;19096;23295;2646;4706;20728;1587;29690;8431;6949;15726;10052;11614;28464;4236;3697;27531;6608;8311;29066;17126;26116;18499;19246;24615;14330;23671;23186;3902;20272;29864;5830;29065;29657;29517;26426;25674;4994;16334;17792;11096;4341;26334;11347;13333;19294;5387;30681;1183;8364;8083;6949;11083;28474;3962;20224;16975;23215;25305;7657;23486;22563;30841;29018;27066;17795;22944;1101;30437;4150;22059;24319;17176;12032;9949;16372;6232;29479;2551;5691;27653;29909;3593;28915;8277;7870;32519;2062;31233;7426;10655;16981;7742;13141;26826;23724;11503;15965;12706;
5784;19225;25691;4467;2046;12695;14606;21012;1070;5135;22741;14456;11807;29732;16147;4480;8700;13549;23511;275;22496;678;11453;18289;9183;25254;23823;28868;30533;32657;12592;8953;18210;1487;16699;32205;15366;9277;18151;16683;3849;1314;686;11701;14350;21348;31790;21409;20809;8188;8655;17350;21503;15271;2982;22262;4749;22750;26009;32655;5036;2569;17604;22861;13043;28656;27676;27490;10910;11378;17490;20681;27277;28025;2811;15063;24720;9261;31981;531;5601;15464;32748;14663;17906;26730;3974;30423;21097;21711;28987;18514;14441;22718;29665;1095;27412;30306;15943;28250;
14158;16286;28953;24982;5315;29436;8195;29957;2091;25831;26137;20094;31437;2331;6519;6079;11073;12377;25124;18876;7035;20063;14397;16950;8197;23575;3407;22414;29836;10767;9476;24284;31134;14121;24834;22588;32690;24468;1040;13672;17257;30714;12410;28300;32531;10491;9655;22869;13685;7899;330;30283;6602;24951;1766;10338;14599;26750;13269;2763;18531;16349;8603;22800;15639;20603;31702;7520;4450;8487;3432;6440;23249;9167;10456;7139;5565;25330;28662;15410;18965;9047;16062;10031;27998;19968;15743;31230;9719;13914;24125;22950;21410;4278;18771;15647;320;11516;32092;7597;
9180;18846;9812;364;19179;4812;28667;5163;9682;8679;22394;17021;681;4407;16457;2830;10815;30688;20560;31284;15710;25106;22349;966;30544;6529;17781;12081;31137;21013;30046;18888;1319;3810;19740;4956;17472;21338;31403;6413;2651;29889;20365;12895;11450;8162;32691;21649;22646;26369;18337;12330;2499;27664;15822;19668;2165;31526;21321;5997;3523;10540;18338;5724;30539;19162;5128;14369;11095;22498;4527;28720;4703;3690;24437;5632;18895;27328;19140;14943;29705;18249;16314;26376;18862;14523;1159;31863;20506;31372;17431;8700;22829;32683;11250;31759;12369;31597;8544;7395;
6328;30410;20944;25406;230;17865;8826;15239;3952;28985;17220;30497;27907;26786;26850;11767;28583;4219;29250;24152;2885;157;32039;16134;11111;1784;11796;30601;23104;17029;12139;13001;22764;27259;11222;16348;3321;5574;18406;13597;26405;5813;24314;18814;10089;16115;1891;22559;8759;8120;8645;16927;27393;6720;30656;8882;2042;21629;11728;2419;4896;26121;3186;12028;27770;20830;25737;22452;24990;7497;4863;22761;28279;8860;26543;29727;31557;25124;29571;31911;15333;30426;473;31603;5203;30813;16684;17704;9837;24992;24304;13941;27898;20448;6845;2724;2026;11738;5296;110;
7647;7994;23311;16660;30445;16470;31531;15787;13470;3612;6539;30391;19258;2633;21830;25084;8261;28637;31409;25233;29256;3019;18746;1846;28117;3572;20628;743;5061;26198;10517;5042;21700;641;2908;19397;1552;32587;2870;28875;4989;8901;31171;25977;4797;12910;13012;20835;7134;31142;22936;31509;2836;5221;18552;2143;4025;21036;14399;6384;11410;17724;25214;28454;3412;20999;9007;6949;21862;21220;23960;23591;19433;9222;10354;11283;2294;11183;1355;10576;2086;12961;10025;21211;17496;8406;3184;19095;16558;29296;28677;4581;8921;30963;21940;29813;17047;15538;13775;5468;
21113;4743;3096;21094;1514;14791;19937;29101;22637;5749;2930;19818;23078;23478;16555;29196;9628;14981;6379;25223;25277;26792;10800;30447;31523;5091;27519;2373;25493;5483;27270;25745;7889;31133;1152;10800;23944;12272;9817;8560;24491;30505;22546;9562;31461;22990;5992;9423;27241;20188;17840;26839;19437;21180;11526;5429;28150;3188;24742;5951;21335;21275;31898;30444;4084;10127;2198;15919;25292;30314;544;27267;12599;13873;20979;7367;18283;13775;12454;31565;581;12098;16009;31278;17991;29333;21200;32224;26589;15630;17907;3082;26852;4264;15188;32406;12140;8131;11811;27912;
6589;8475;17790;16399;5017;8183;13277;9050;4289;7331;9646;18861;4283;4383;828;14132;4049;11801;2517;1559;2397;25625;44;22862;28484;3324;2556;29111;15041;18851;24302;6502;31332;26604;26813;22844;346;25825;3224;11451;7150;24368;9160;10264;27984;3548;26514;17554;23189;3889;21599;18179;9984;9213;18458;29877;9600;11005;24538;2678;9081;28822;22721;10735;28871;9925;30756;12593;10497;6489;16107;12433;8698;29280;27707;29366;9102;8927;4947;19184;19611;17350;18612;7627;18765;802;10885;22501;16031;29077;18485;18172;3870;17411;11618;2379;23792;23951;5114;1815;
27926;13766;416;10885;20462;28441;21585;18862;29436;12689;583;30453;32745;7614;4381;11161;11468;27633;2101;134;25001;2987;25175;26993;22327;22356;17050;9763;4839;12336;28808;24085;25633;5776;24445;6718;18129;4677;17744;4393;20258;32602;1077;31050;649;4867;27618;21906;16902;11472;5617;28737;10663;18470;24966;30716;2381;8688;21041;29471;23218;26258;22038;32084;22699;31774;14155;869;7083;15563;15489;29006;24457;13731;15591;1687;22147;15739;11083;17632;11650;30760;23682;11454;9632;6640;3339;15557;26343;32575;27119;26342;28763;27803;8427;28668;18747;2778;15313;28065;
22405;29587;19244;22086;32696;25042;9251;22403;29149;23312;13728;26283;18376;25698;14513;16292;22684;6128;16430;17909;25997;11945;27548;31777;1002;21045;16721;1332;26714;19243;29657;25755;30566;24453;5785;28728;16183;30033;1458;10422;16033;19881;1320;27674;7521;27620;23364;13979;14755;32014;27190;26036;11976;21398;3327;12663;14693;19271;15246;20516;7311;10617;14889;30714;27734;19849;22543;13133;24975;17798;348;15065;6871;6957;10284;19030;28372;27928;18691;9037;13246;10290;3693;12841;8222;30062;22497;2449;10454;12217;10219;10229;98;30253;15755;15207;7005;11911;23768;22445;
24135;3035;2792;21140;22661;28038;16628;14983;12457;10853;23224;7007;9716;7236;17433;1405;19225;32665;10762;2838;24132;31603;12976;10191;25179;26029;196;18058;23940;5991;1594;22911;24807;26038;27168;14478;15797;4763;1480;14803;2921;18994;15657;14460;25422;44;13955;32215;30017;16767;13634;16559;22968;20060;7205;11993;17667;4194;23199;13578;32722;16657;18814;30956;18680;21633;15050;14704;1134;31828;16624;2405;23451;22249;28959;6218;13010;7890;9459;32096;6173;28297;32593;14596;3897;27742;14482;24636;24289;29364;30179;9872;17232;2157;12267;14875;10753;15779;27823;9697;
23225;16537;20659;11875;12743;16113;19298;23665;20362;26399;25264;10816;24885;7709;25086;1724;26319;15712;28734;8991;6782;27916;20823;16067;23812;28260;22219;25908;19338;27268;17303;21130;25245;6482;10075;29174;21110;21682;29882;10906;26750;27641;22276;28318;12817;19365;2834;16512;15490;19787;16242;8875;5728;17360;16325;9548;30200;6108;28516;1633;10523;2188;22346;6162;12834;25703;19246;24901;13870;20116;27119;11373;8373;25674;32053;30882;8250;22151;31830;247;24667;19461;13942;19976;9489;8042;26611;1490;11060;19902;16128;28104;29245;10531;5007;21283;21328;9152;22133;19833;
2426;18175;31688;3985;3895;11000;25740;14966;30007;557;2959;26314;5729;3447;31122;22621;19737;3136;17577;4094;3518;31987;7909;12177;2679;16817;14383;25698;17456;32070;30583;19385;11487;15451;20239;1455;16140;16108;12369;27199;11920;30205;25224;5280;5789;2441;16654;14546;18686;31420;9393;30584;8864;13922;31835;9189;2386;11166;22771;12409;30409;15071;28798;13614;13543;4368;23690;17518;12093;17167;6092;552;32206;15713;32520;12578;3349;23588;22833;10897;1866;16196;10962;29671;25314;12018;22700;26348;14933;9298;23968;8208;20771;19060;6096;9983;27161;2950;28930;1399;
21200;32328;26181;16470;18552;18368;13014;26360;6611;17710;8772;11455;10884;4674;19923;16627;15242;16269;18718;22733;7432;19766;513;8142;11591;15854;22454;597;18685;22053;11582;1649;4304;23422;31491;9972;10262;26753;9147;25801;20703;10385;4239;647;2357;4125;22653;7749;3490;25882;30459;7601;25843;11184;21981;8284;22844;19251;11896;27736;540;32598;1544;2309;17474;27035;18767;31784;27184;22286;19327;23869;14911;3635;11354;13071;11748;14653;27032;20357;11825;16512;8073;7615;31135;10537;15611;5729;5898;19501;11870;20015;31229;31103;17446;21211;15408;23430;22641;18970;
4175;11982;30698;1789;20989;8702;4589;2431;22297;29194;29676;7259;26176;5801;5137;1312;30355;4874;28452;31366;7354;16066;32176;21763;18729;6922;1121;11674;15265;2087;17329;24308;20474;28457;19139;7345;2081;13272;29071;5376;30557;748;15936;20589;29398;20604;14810;17403;11095;6841;30752;18803;5203;17628;22197;29179;15398;7773;14209;26346;31134;27238;14934;19675;4794;31623;14804;23809;16561;14251;3978;10426;13622;6219;25437;15206;1275;31457;2606;3705;7028;21920;14263;975;7133;9314;1974;23104;21374;8674;8782;20597;8494;8491;32682;27129;30230;6992;3811;2707;
21431;17758;17444;23508;27439;17039;21004;12524;16823;18112;4691;23746;32369;15653;25009;11843;17761;18236;29435;1785;17336;10239;23952;16352;20825;28510;27379;20598;19350;31212;26553;27666;3386;6361;31654;2422;10189;30240;19731;2215;16915;2305;29586;27389;16342;11954;32213;20854;5861;15186;3788;13647;30045;5918;22030;3798;7463;15335;26490;24186;6338;9924;13854;19492;11587;4612;13912;20682;11674;2918;27450;7745;4886;14989;25395;14674;32556;27566;26604;31249;2676;12940;25969;26218;1268;14758;19601;6909;2977;4526;29831;13868;5923;5438;16346;31089;26585;13511;2177;5365;
29469;16074;5963;20831;13769;30794;10878;3050;4089;6529;20414;14523;3603;722;5425;24433;17157;15871;21985;17917;6094;8092;9570;15796;13376;7363;7860;18082;25860;10506;6762;32034;8926;12466;4108;1452;7986;801;9915;27373;31176;16786;14611;8733;972;9740;20566;10637;13337;13968;23238;30079;12471;14487;8530;7995;4513;30908;16501;2655;16588;15029;10332;29815;7014;25991;26695;8909;14427;16378;18737;8835;30750;20811;31667;20190;16806;14882;23846;4581;4279;6595;6152;4907;14690;21384;9120;18665;1231;18575;26341;8015;2874;22960;669;10780;28476;17842;1730;5229;
24140;14270;5929;17106;31365;6675;17254;23463;4522;252;5610;10658;17767;16895;7790;3240;2265;2904;31637;27877;5969;4006;10188;25627;18517;6627;3445;4410;25832;7577;9798;18994;25100;5971;10731;8197;9348;20818;4083;26912;12766;24706;26857;17899;29361;28077;21185;21407;27172;7917;3191;344;1711;13671;27890;15211;28710;13110;16686;24825;30451;7590;21914;14276;2210;12195;11967;21058;19876;4209;13603;7152;21580;25245;22637;32745;27934;16179;28105;23991;7241;28977;19854;16489;17522;1340;29727;3045;28339;402;10767;5248;21476;23104;30600;21708;2841;30101;26349;13745;
363;21718;23230;7360;7932;13619;31420;13507;15669;15610;31822;9369;21074;2315;18980;10305;30241;11916;20250;16436;9222;1245;26719;27384;24131;19406;17110;7410;5750;528;10172;27260;32611;32746;31884;6199;11252;10797;31263;1442;8062;20842;24344;9708;13126;4450;8575;31495;30020;17598;25516;18174;25639;24833;12391;26504;11417;20154;16973;4061;19395;4606;23158;21704;15124;22293;27220;16126;2366;14196;5342;22446;1154;19179;19182;25433;23086;22816;1768;16100;20324;16188;27549;4844;30492;24036;19055;20825;2412;9067;21685;12598;16392;1606;31841;7360;23557;960;18400;17852;
14562;30447;7489;21518;4296;23526;18586;25224;22033;21292;16807;15872;17928;31085;29877;6821;6383;26480;4798;13203;29511;28233;11478;2212;31819;25552;7877;11913;15806;4945;3318;25882;12518;9861;31120;26603;7385;6849;13538;11552;10743;5742;11524;1666;20152;12985;24763;22738;31144;3467;31134;23901;7343;14268;20855;8656;32150;21380;26348;14926;28615;30514;1375;22976;23380;10272;9234;17516;13627;486;16527;20682;19689;24014;14407;27282;4860;3720;25977;19482;15693;1055;853;25055;27694;27692;7522;3169;13552;8778;3613;13365;13737;1225;20707;25685;5683;423;11024;24250;
6776;28603;28777;24365;10733;2100;26295;90;28765;5186;3253;30502;31720;8979;18476;6210;31819;23553;16221;23552;1890;16650;24991;21606;1771;30080;25417;18818;13196;23809;12498;28668;16664;9898;7479;28146;8206;6280;20381;8703;30818;12111;13368;24733;16768;26191;29803;7086;7055;15267;14897;10325;19954;17580;17083;5898;3861;26302;1115;20974;31078;2072;27552;30043;20897;19738;29635;5824;593;13746;7745;28076;28820;12056;3530;4904;3614;28091;18522;19274;19584;9083;25766;3335;21930;26136;9913;15433;11695;23018;20447;19009;8649;29907;9666;12287;10397;28019;29907;30528;
6080;10906;4587;17799;21113;18179;7986;7535;21961;32063;6209;19007;17832;4079;27011;10687;24466;566;5857;18506;30274;13422;13726;805;23230;14618;15743;9487;22163;30236;30000;12569;7010;26153;32227;20408;19355;3705;16954;4633;137;31939;19559;32692;29071;24936;18322;8740;8369;6639;12410;822;12373;16305;31072;20800;17995;3797;9505;7604;8204;14719;7586;27124;15423;31557;18800;30312;15746;227;9384;1999;27238;30767;24853;5842;28347;23631;20889;7647;16911;21033;9422;31028;22385;10523;13036;3386;31355;21484;25326;10005;32143;28163;27376;19321;7520;8407;28636;26559;
15796;32167;18501;6456;25449;8043;26259;32449;4022;10506;11873;18583;24756;29645;14627;31341;6941;532;19980;5052;339;2632;4399;4699;7076;11792;11748;847;21964;12744;109;5604;5563;18479;729;25853;12185;18015;297;27304;23304;21507;22706;20981;3497;27588;18114;6921;24289;16388;2694;17774;22749;22479;24107;29869;23251;30734;2884;17183;28811;11518;7788;14080;17183;2017;32300;3525;1791;25844;26911;20911;2871;19872;8019;28065;19957;19188;15091;13103;14917;15443;31779;1783;29472;1642;3116;10036;20389;11877;31705;16528;27814;13667;289;17722;30566;18471;14341;14905;
5537;5904;27324;28416;3789;27211;9486;21314;6816;17991;5886;24327;30930;13417;2731;16640;13860;1026;29048;18199;17057;6014;19563;13643;15652;4574;29651;32443;6170;30824;558;5376;31625;7324;26185;16832;2130;25195;24745;16000;24755;13988;28714;32442;6671;18863;29158;24624;31730;25213;30808;13695;12368;23999;7618;24311;18701;11606;21963;26026;16066;27659;621;19651;19647;22913;20494;3354;20044;21095;7405;28421;309;6386;28608;13936;20869;395;16796;21808;4753;22469;7956;6036;18744;3985;25765;32573;27498;5813;6738;16432;14567;23162;12939;5162;4425;21925;12371;22580;
27461;15017;30882;10358;20782;3611;21256;28240;1722;17766;23956;5287;15369;15808;30708;22141;29155;8029;27101;23493;29506;226;18606;6261;2064;24348;24656;8668;17713;15602;9056;28214;7620;32664;26256;12926;6566;23302;27466;21123;21816;25257;32151;5950;11875;4696;10560;8035;17113;25481;18995;15926;9117;17093;31783;15520;25029;31065;11651;12418;22655;24399;22908;24137;22610;27036;11646;22723;6054;26779;7630;21297;3207;2746;11629;22941;5030;30580;27967;25453;2208;5759;30316;29753;13187;22342;25607;16090;12175;3225;4078;32451;12089;12451;5873;31637;16758;9501;26678;27373;
31797;17346;25563;9344;12333;21251;19678;23659;2522;13051;4666;22468;17346;22181;13139;20341;19965;23885;17300;30026;3828;24644;20823;20296;8553;18648;13317;23873;13240;17027;1406;15525;27740;7523;19131;16027;30644;13546;4018;9296;8967;11991;31353;30095;10439;9829;6575;9619;4626;6082;29208;31257;20862;8130;3975;26809;31510;25557;7425;24181;15776;13879;18463;9619;290;19046;29620;23976;20132;3545;32176;14838;25910;30959;7236;31223;8245;27686;5703;20538;4811;28045;23257;11118;31925;23164;15430;5565;31817;24962;21037;7771;8631;22687;18145;350;18319;17331;5135;464;
21635;7991;29345;10754;19055;17195;483;26148;18070;29263;27108;11539;22318;27030;32032;11122;18976;984;7515;9468;22793;17863;26576;24;22148;26148;27787;12206;16555;9779;29972;28474;23771;3692;7757;1311;16568;25459;18845;32573;27761;26442;10574;7621;23110;15046;27700;24652;10055;29503;19600;26911;14686;14476;1587;10967;1679;32558;30695;5165;24959;13004;29706;11791;28467;25824;1148;24563;10779;21423;9660;20075;5711;23934;15693;2041;2840;13315;20319;29733;13746;25626;14251;14542;14672;1465;27039;2494;4193;10278;31675;5761;4882;20071;571;2678;18196;4091;31990;21286;
23711;12743;23686;8405;31927;19283;25257;21847;19630;19510;25063;21797;19178;30159;8309;28336;26856;7478;25178;19445;1665;18802;24272;8786;12908;493;9453;5272;21509;24869;13186;31585;8780;16291;18500;1956;3121;2865;10793;29574;30223;7752;29461;13683;28790;11208;7350;26990;19501;4843;21676;25765;12151;12156;23534;10057;4246;31300;30057;8348;14734;3526;10218;31052;14635;25388;22333;22527;25925;23424;30871;21551;21059;26911;26161;2872;25566;28011;5686;2991;23336;7873;14559;2806;1484;2731;476;6413;29335;2134;8439;18091;20279;12102;11764;29070;21315;9800;3003;11023;
23676;24232;1721;27897;8275;4005;12931;4251;5803;1570;19132;15388;479;7326;6970;14863;14343;28518;13156;28487;4471;8457;26846;25325;8329;17165;28009;3279;5789;14048;31748;24059;31325;6929;24919;14221;4934;6336;25426;17349;11876;9556;19474;25949;8284;3180;7172;12569;10416;22039;10060;9631;6719;23879;8808;5513;27915;10883;25104;30649;7487;26333;21089;4588;31601;31524;26939;12690;21028;12122;6120;26334;1169;24168;32766;30233;2727;4625;28550;29499;28240;6949;26717;15292;11766;31223;14043;17064;10310;11024;23475;25330;30003;11301;19738;11274;20542;19783;21292;23729;
30709;8794;907;13;9914;10440;8265;24824;2246;30071;24072;18334;21358;32504;21855;13639;24996;22529;9088;4721;31168;28189;32280;802;8321;8354;15991;21884;7502;17379;10225;16018;5058;25768;28036;22906;22120;24539;15035;7332;22211;8836;17361;14697;22162;9720;8474;6631;15953;31820;31135;28941;15619;272;16648;4338;5423;570;3264;31595;15145;30049;17491;24796;10386;3372;12571;334;2338;17161;12571;9154;9381;10530;4395;6085;10820;6285;21078;30021;16646;4034;24192;3747;407;21843;28747;18697;15687;13015;12860;20222;13909;23591;22810;20792;11630;22222;15767;18865;
26737;30138;14643;29949;5749;15672;19036;30170;13581;17183;17370;22281;23243;24394;2922;24412;2818;16460;11177;27665;30416;14432;15668;17758;20316;22175;27406;8525;3421;8310;5698;18634;20956;32598;23753;4858;17466;13997;1965;10959;4468;30230;9327;21210;28838;23500;19879;7008;20686;31589;26346;16047;5075;15549;20464;6066;31430;10032;21238;26308;10087;27916;21090;22722;22251;19269;31142;1124;14844;4459;30054;20941;3586;26074;30429;96;23457;6705;1661;16086;32386;9221;27093;2445;23127;3542;8376;17187;24857;29761;15772;15172;20116;25464;7488;6080;15654;10480;16786;21473;
30660;27993;21455;18939;11581;10963;4588;31556;26819;21343;11061;2534;29607;15251;20532;6483;1124;7571;31188;2265;24287;18492;11206;15478;18925;20130;13860;26605;32278;19389;14932;4121;29081;3679;30512;13954;9647;16745;8291;25390;22804;25663;17686;186;17348;10105;2509;16041;16386;476;14731;28155;1183;4488;29245;3073;21625;7538;28757;28529;18242;19221;15798;19382;3971;23653;18384;32393;25056;2565;8460;23493;24989;19897;29034;27511;13921;12574;23144;20021;12090;29849;21031;15282;5858;8845;14793;20367;7489;25297;13085;6259;31282;8801;31102;7517;11658;25427;16888;19769;
87;18701;26285;3250;11109;13494;24951;22088;18183;1514;22991;8354;26643;21426;18926;32549;3631;12723;32561;12485;18251;21925;31170;4379;11375;12551;28533;8120;7095;21265;30192;4538;21404;9963;6159;8605;21364;25116;23175;4435;9532;14149;29641;4758;29846;8463;15145;2429;5902;22882;4927;23885;27041;20696;21389;19346;10112;14961;30051;29039;7697;32648;2048;32563;25143;12293;12282;18988;27347;17109;13792;12480;13451;14999;26653;1209;21194;664;21535;28641;4615;6146;6841;1743;3915;21328;25542;32256;26861;26117;13584;13610;27808;24734;12400;3276;26289;21701;32054;14858;
30345;26567;24778;3256;3193;26952;19092;23477;29879;16950;22298;2938;5027;20475;3688;25330;14159;32759;25013;8845;8767;16173;11331;4496;13165;4668;15239;30127;20368;27026;8842;10461;28574;1500;23695;16739;30864;192;758;47;16485;19919;6752;31087;25705;18357;15124;11103;21687;7603;6306;30559;14589;13648;11462;12617;4735;21579;2446;14593;16223;9939;5823;21070;17179;30202;15990;12008;30807;8808;19723;24274;4061;14156;2106;6889;226;10649;16773;7614;20107;5998;26580;32417;18095;7125;23647;17150;7647;2737;3789;6637;3235;10482;9373;30212;20999;13579;12230;31087;
16214;21414;14490;26691;12582;13462;7920;5392;6548;1037;5762;31670;32721;31759;17044;32377;6366;10790;13527;31063;23955;15704;21388;8088;16870;28758;27372;22440;29034;25590;28104;2338;13590;32227;10605;4397;26184;8083;28874;20747;4873;18810;725;2799;14227;32382;12330;271;12561;31658;1013;2811;19877;6182;29715;5421;7599;24935;23668;16097;27213;18339;18884;2599;29982;28296;22346;21046;25932;30253;9232;31747;1481;20553;9028;5394;14552;30115;19422;21644;17616;4041;27523;12947;24092;27397;8361;2514;4743;17549;16381;30552;31159;18682;10497;27814;20214;22267;19962;10246;
22585;23115;29449;1823;15962;21216;26776;26567;15017;23654;17655;2840;15779;18923;24903;11974;29441;10716;7576;20655;18165;17968;12366;20660;20656;29923;1225;25800;17959;19622;27973;4934;23831;4565;11262;10120;15686;28585;6040;21685;26637;20911;24255;31450;14611;29048;12043;16957;25691;27794;17190;238;5505;30392;7216;7838;5184;31814;27234;27316;4664;18672;26866;6302;1518;1714;12599;22117;14101;10506;18702;12677;24588;6246;28796;15867;2215;12760;29333;13215;32306;28433;32156;30132;3251;19085;18027;14526;23920;13323;31509;14995;7857;10560;18635;16565;22727;18124;30972;20703;
5197;25965;27072;22494;13742;6003;25975;12962;12776;6772;7597;19861;143;4416;19778;20012;28436;6679;17863;31419;14663;5402;27690;21645;2843;12032;26774;6196;20393;1034;3477;6174;29048;28473;14968;9577;28668;22974;15608;31480;28252;7858;30237;24263;8057;22279;18015;28027;13099;8639;1292;17470;10445;15451;1769;31945;11005;32663;30748;12226;22685;5204;3401;29001;7965;29910;20476;31694;2557;3631;2631;32037;11149;5627;5548;14812;760;26702;4412;31436;896;491;17153;30958;8459;27319;10394;15216;1503;9325;31525;7176;21930;29074;10850;25993;8645;2220;4884;16564;
29369;1967;29867;25424;2819;15288;27169;13693;18196;4349;27170;24901;16028;16132;4719;116;2824;1300;17028;23721;22345;2794;18809;30126;7384;14764;11046;16901;12791;8483;16522;24003;3385;15652;14190;7074;25156;12111;13637;11345;31702;16637;8535;20494;30470;16755;23070;18039;17357;5212;23024;28829;3780;1142;3807;22875;30767;11915;27102;6118;15419;6307;26917;16548;12420;18808;8662;22594;15066;29738;3296;32001;9541;3124;6947;14928;29510;21919;21718;15008;7264;17781;2086;19316;20439;18041;19232;26551;9656;13845;21713;15443;24857;11668;29100;23295;10146;27537;5932;3928;
21069;29103;23226;2612;15209;10891;20432;22323;11749;11247;4447;20631;22987;26953;31342;1365;29195;27227;20996;17771;22394;23091;28233;18549;29978;606;4840;8827;12700;1625;3767;31502;6691;29512;23706;14995;10827;30698;19365;8670;21866;22733;29312;3;13590;29886;29200;31336;231;28036;19283;6943;13181;18638;19596;6515;197;7529;22945;4289;377;8374;5057;6538;14310;10332;9289;30917;20978;29754;12009;22906;19549;21664;12035;17548;23367;190;17491;19159;15347;12636;13013;5498;21450;21452;6627;20598;16547;26909;9886;9081;15937;26002;17808;11508;1309;9298;6032;13171;
1638;17249;11749;302;10567;31695;20910;7643;28008;18992;23169;23239;5815;31564;22610;25893;18024;28951;5270;21158;9530;13283;11945;23626;765;9172;22381;15221;3921;24212;28725;23877;4016;11593;4321;24611;13999;3780;14666;3992;128;12795;12768;21090;14524;29882;24465;16072;3423;14997;3821;18730;21269;12321;31368;16604;24244;20068;4256;3893;6153;12937;15360;27874;10711;7640;13348;384;29469;12774;6302;8555;7576;15625;23481;7632;32137;11023;16475;23306;7864;28208;28464;8491;8889;29760;26372;23256;21614;31786;19569;13915;5325;24473;23739;23795;1251;9464;2040;13422;
4377;28061;30324;24314;16823;5185;32083;27961;29862;4020;18040;30355;25722;28110;12198;3024;8368;31401;9445;14310;23347;26637;31272;783;12069;2348;2092;11295;17629;30352;4259;3093;30508;11857;11666;22512;24037;1163;20472;13508;24988;30735;4528;21004;15533;16217;24216;32322;3457;8643;14579;27053;24076;28920;7436;2939;17562;13994;18461;23823;460;27272;26222;24476;16349;17514;27841;8179;22314;32463;8430;11417;15346;7562;5579;12829;31066;3256;7758;12712;23988;11253;31734;1494;15360;6608;19558;10692;26291;21372;31316;30315;18360;31944;13729;18988;14773;25680;14025;20139;
1679;6133;20862;20705;12080;7564;6800;24429;24712;9171;9488;9003;14801;16297;6837;9736;18456;2430;13182;31765;23289;12040;20633;730;5802;19767;16004;10988;26427;9836;25202;32706;14619;2278;22256;25028;6879;31100;15304;9893;11327;30354;15654;5107;32353;26438;5625;26604;18779;2794;4508;25748;6899;31927;20662;4356;25256;8127;21855;9477;32503;1828;6788;21213;12247;11912;14988;25449;4742;5828;26939;22636;2695;6877;17623;2343;15340;4404;17034;27946;31441;3324;14856;2409;21545;21489;21617;13202;5053;23623;25209;8094;27505;26337;24006;27559;8137;2500;6554;7673;
23981;16075;26289;18795;7529;19100;11885;19440;14072;4058;18736;23401;2946;8861;5129;21693;26659;12319;2452;300;1518;3768;25115;17888;19250;2572;32513;29125;12795;16259;9569;7579;30684;7929;19442;21066;31468;25527;46;26997;26639;6562;9907;23633;7799;691;6889;29880;27754;28839;29157;5241;2373;26360;25741;1779;28865;6411;9469;4322;885;6315;9002;12920;4252;18614;1221;20400;11545;26646;21603;13023;31672;18675;11226;7563;19127;2087;24046;23425;10885;22771;25389;3106;25033;14576;3607;5630;25254;8264;19074;30884;9533;549;27709;28855;2932;12650;20724;8773;
12790;32162;22867;15701;21116;7221;32110;20671;6986;12770;97;16193;8188;4201;1843;2766;18306;31880;5889;27177;23402;4137;15960;23731;7261;3290;28130;12418;32749;12925;17477;11954;31630;28225;20808;25088;225;30161;5176;11156;3897;8907;14730;6687;32344;8819;23489;14118;26233;19881;19346;16030;18836;15640;9030;29880;25053;28081;10593;3582;14733;2392;18049;23967;28646;10204;4744;15879;20337;7213;15613;26547;6539;8649;21680;10820;11039;32376;12957;15314;24245;27705;3091;4738;20396;24444;28694;31835;25283;32145;13313;26965;14303;22369;4976;7091;26888;15452;1884;12947;
15028;14770;6280;17092;8520;6598;12572;29143;16348;30688;12688;18297;17470;15393;19660;10496;17466;5053;28558;13123;25;14692;14091;26287;11880;8705;15065;22935;13563;24999;11788;25804;29489;23752;7072;32366;376;6569;16919;14081;2580;17938;21090;3267;7965;17738;5637;2365;12743;23107;16503;23833;3815;16913;28615;28211;1202;21152;8325;3059;5575;29095;6368;15833;23920;30680;3852;24665;2340;21594;3815;1002;2897;1144;25307;16986;27481;13211;1030;32356;22234;6005;21912;16772;22579;23680;12157;11274;22084;13991;31805;11118;16757;27202;28192;27363;4601;24904;3989;12846;
31572;8384;13012;9913;31002;12921;1219;8931;6394;22267;18198;6043;9724;5053;30139;11309;6407;29081;23413;4187;29350;32636;22983;13488;25099;28002;26643;23825;23893;21378;3587;16789;3854;31173;23848;12695;15608;13181;11745;27913;3081;9044;9087;10250;17844;31618;15270;27835;618;3652;27894;20303;23905;17033;6379;10338;5524;16622;21762;18828;16395;27884;20254;24629;28508;32336;20777;31403;29810;20204;10238;25457;7309;12429;29063;18139;4234;24365;5666;22231;14693;25449;29002;24846;19964;31029;28019;2860;28181;20174;5941;10619;28323;12272;27565;25527;15173;29002;26145;7198;
28944;12335;4322;19654;5774;14990;7543;20275;5382;13092;18423;16937;22270;17904;2487;447;12287;231;24357;26037;29080;9450;9460;14855;20901;757;20602;9666;1490;14745;1878;29719;14426;26284;23125;29614;14869;8511;10135;24637;5553;20432;26605;2648;26687;11969;27526;12683;8946;6921;18891;17574;6692;29994;2183;31832;1434;12387;15947;1023;22025;25126;13329;9407;985;26060;18975;9937;15144;26760;9262;23838;2322;29081;24780;3853;28208;15044;24575;13465;31326;27906;23851;14502;21954;5494;24629;13717;23306;26273;18921;24598;9972;6617;32665;5181;16660;1271;31239;14553;
16850;14417;15238;27905;6578;14568;29019;13295;24024;10978;17513;4882;15819;58;7438;22110;1657;32694;24136;28391;22139;14361;23580;8110;26523;13210;4408;27834;4499;32662;22487;107;27160;23682;10725;31500;9751;10787;11363;24743;8255;25601;2574;6429;10431;16921;24891;13941;593;20946;18694;30069;12407;6962;12715;11375;31492;9810;9268;7262;19167;29967;9557;22578;17412;17667;16276;13927;16587;11700;30892;220;4717;28426;13876;22243;10948;1031;21884;30100;4946;19890;31416;23144;21893;27220;23392;29699;14393;3303;2006;21840;30335;26828;30794;7891;21405;1468;24795;4667;
12374;4097;4350;1079;1387;30950;25124;8331;26465;31596;31127;13411;30597;22846;24997;29415;26158;25575;15873;26639;27202;9795;8038;3513;20987;16947;14973;14073;4331;22165;1537;17840;28478;372;1057;24160;15936;21115;15142;3646;13855;16816;8533;6025;24817;32351;23;22555;14072;10835;4695;32318;20517;21836;25132;32704;20188;19630;10680;1866;26615;4983;15184;19437;11277;5747;13532;1790;30196;28851;641;31780;8836;21563;29822;18351;30110;27387;27732;26411;20589;17409;25898;12341;7404;8428;23407;10638;4777;14244;22465;31342;14536;15432;8462;25627;18762;18280;23033;31161;
22928;27765;3455;2660;27674;5237;28378;29052;20373;28923;20645;16704;28437;6999;5954;31647;30623;13322;10873;19786;30442;5757;10849;32526;22374;29938;27524;4449;23934;28858;32318;13883;2586;680;17766;7463;1641;18375;24624;17817;31965;1608;27474;19330;887;32446;23910;25122;31556;23950;656;28957;2344;24736;23392;2002;3034;1371;25338;6888;13104;21201;116;16425;7325;5174;10111;23700;6392;6039;27722;30893;32638;17608;3747;12056;12827;8351;16480;26982;14053;4191;11005;24367;2793;29047;30854;2913;4651;22893;25527;3031;18664;4629;4963;7982;6686;9734;17682;13524;
32591;4430;2798;17249;19841;27237;8416;22827;21385;5984;7414;6932;11657;25447;32520;9639;29112;2153;25499;1124;6753;270;24069;13143;20783;14062;15826;24304;32679;24832;17255;22030;18678;9813;2021;25181;20717;22790;7248;31458;29770;23915;9201;1236;22073;4493;28152;5806;26394;18654;21094;29058;18565;12328;22058;9360;12939;11716;23178;3863;15935;4620;23493;13419;14710;11282;759;5704;26570;5779;3900;2406;21733;20774;23064;14413;7164;31161;31511;18539;18585;14910;20144;21860;13470;16034;25711;13993;1927;18175;6228;17228;15087;10770;23414;2067;18517;23535;28651;9163;
25633;19699;7148;15838;27106;13563;6197;19240;24026;7891;15787;5383;10172;18418;13889;14001;27316;10340;13596;1227;7848;14087;31222;4919;20158;15866;9152;19757;8478;21331;5771;21389;3065;18960;30888;5491;23498;12113;2830;22284;28379;10180;24829;6825;18955;16736;15073;8210;27344;3414;2169;28189;31352;5700;22072;6783;18100;1708;10732;17377;9046;5030;4765;29239;6490;32721;28600;20813;1827;19087;13165;31138;5640;24434;9301;15226;10511;23025;25176;8239;10488;12640;13006;5576;20862;24863;22500;30924;25561;24849;30529;28761;25223;591;21482;20592;14924;1054;24419;30355;
31864;29983;26136;21650;3688;13510;23291;7586;29263;10509;1645;18863;3383;31850;7266;25331;3650;30718;32192;20936;23350;19983;10505;6842;9784;26808;7738;17121;4312;4319;14835;20078;78;360;19415;3459;1795;15016;27702;11080;1876;10781;21738;13115;29586;31324;16766;199;20301;8010;6806;19737;21970;29327;28810;20271;27122;29768;2389;8753;13061;1020;1454;26117;2863;9682;24948;19998;8930;10241;21327;4756;32164;15495;20373;30586;11283;23326;12906;24172;26406;32620;21804;5735;28853;6010;4878;24029;23868;13927;258;19209;10972;24414;23773;3713;18850;31941;30645;17418;
30988;22455;8078;17839;7881;9141;19510;13589;31425;29336;4974;12041;23637;9418;10314;23899;15592;10678;27099;23279;25502;9341;17675;7697;30307;18667;28103;23817;7216;1193;13156;8431;5257;18612;29755;31425;26699;1805;29847;3763;6052;14515;7378;27078;26979;32718;25274;21916;16242;14893;25145;7819;5280;6130;26934;32752;1956;2700;31414;10950;5983;8166;3399;6775;29794;7646;2206;11249;2992;29177;18047;11005;11973;18773;6877;18892;31959;25823;10051;14035;29019;32197;32114;17626;15307;20015;21836;22863;17575;4650;23024;5343;954;5348;21031;27208;2974;7711;10239;5992;
28290;21472;5045;13466;24619;25703;28120;20035;14649;3172;27820;15528;16300;19816;20685;11779;22694;26778;17684;5845;1906;29099;30142;31869;24006;3596;8907;19978;16709;13406;12709;16206;10824;42;514;23091;16350;28114;2571;14931;29970;4807;32190;9922;2924;9725;1425;32302;7866;27804;18520;10539;7695;24313;19560;1736;22029;6596;29693;1894;28768;28547;6361;27082;3211;11838;2862;20080;21991;28028;30654;5410;15080;30831;31041;14538;10659;10348;22791;7557;30093;17310;17118;1272;19078;13306;28726;7399;20758;10869;3715;23555;26614;629;25827;8452;5842;31110;32001;18424;
7757;3919;21305;10715;18758;8644;20989;14951;25433;6557;7287;14381;30889;15110;27759;8933;17117;28312;1904;27651;26473;5768;3878;5515;27407;17438;12555;13093;32421;24937;31043;372;2328;9010;19651;1956;4785;22318;20153;30530;30103;25207;13608;15953;30614;1085;20691;32666;12574;12473;19549;25923;25999;6243;26286;419;12467;12133;11417;12885;11660;18767;30139;14731;31313;7436;10406;421;15795;17685;2623;16131;4452;4068;7268;25623;30170;13484;20434;7102;13137;16455;3398;15824;19471;20080;23011;29173;25579;25394;6868;29883;16656;30880;15410;13030;18943;5319;16168;12040;
9427;31713;29525;25937;23497;21196;24433;8615;11007;17850;7476;31737;23420;1833;11379;28369;20337;15126;397;15401;9150;8813;21253;5248;2744;6853;27248;13357;17450;17994;31890;27378;22170;28666;19652;16852;28109;21;8088;13098;653;5326;16576;10485;12201;4935;8236;13679;22590;17596;19059;14823;821;21503;16500;28619;4109;16164;29245;2055;10458;4477;24876;21645;5518;31177;11603;12341;21624;4264;4641;6344;7178;25426;5695;12119;10719;5769;29369;4818;765;13772;30046;18646;2391;718;25193;10437;2710;22822;6497;32028;11288;31304;317;20225;22585;21940;32716;4124;
4306;8557;84;5800;19200;22189;19834;8138;14375;26327;16993;19489;8246;15533;5910;19102;12588;24003;19500;9622;26587;16435;31139;26133;30187;10387;1295;374;18723;9252;757;17712;6116;29516;18297;13555;5878;30791;27190;3828;15496;32281;16750;27269;13425;27591;6243;9448;27068;14278;9476;4197;18788;12212;204;6554;8796;26694;10472;22291;18130;27010;18840;14106;21173;27438;22743;16336;15221;13704;17470;5501;3338;31287;13862;15141;30775;14722;13837;16732;5648;1984;10299;22362;1210;18191;28836;29266;16754;10569;15633;32512;25552;3636;14971;20866;7757;4601;14775;18280;
10244;24536;1881;20494;29621;7449;31442;20266;22543;70;219;3489;3375;26775;9495;11423;9060;2478;24307;20198;22325;32644;9682;27750;26277;24228;4199;1038;19381;5271;865;8163;43;11423;13134;24399;11922;19624;32185;31675;29826;32379;23958;31584;6689;6453;32481;1625;25322;24311;13697;4605;23469;8928;23410;22125;18903;2872;23075;17001;8180;17390;25373;24936;7026;13637;7142;26599;28584;4810;16677;23041;8727;22153;1286;64;31727;31872;11488;7859;13525;4692;12822;8768;15075;28483;27195;14396;15344;10330;31353;1081;21522;5352;6707;26655;1378;30514;26857;4735;
23807;7528;23388;18211;26966;3800;1011;5610;26016;6498;14942;29651;16043;21292;26233;27223;21726;25751;29299;20732;8056;11889;10287;17703;5400;8300;32234;21553;32130;21454;5663;3006;4256;15979;30375;25674;1735;4560;15141;14853;32316;6850;18081;18401;23031;13543;14451;22761;32166;9922;10339;9172;2805;31205;28174;1242;1037;9057;30604;2502;30554;4226;29519;1101;6290;27577;20814;5790;27379;11738;24419;28218;24780;20359;1266;8454;5182;12012;25036;24734;32068;32174;21587;30701;18673;19229;10974;18171;13817;32433;1119;12549;6771;22196;9283;12499;30429;16188;15769;1862;
14945;5468;31095;14385;7254;10907;15513;18793;12042;7333;28748;30752;4031;21825;21130;22638;22515;18051;4455;4913;13285;14147;13740;13847;16980;13262;8385;18937;8586;30426;8656;9067;19865;24256;26151;8593;13285;17125;18654;20276;8162;15737;17850;6676;25887;15717;4946;5248;27268;29822;10352;29989;31448;30207;12474;18724;32389;6454;13458;3175;672;29821;30778;7220;12580;1132;22076;14338;7806;21325;6409;1164;4175;13520;6112;17701;8557;27137;6897;16203;26411;16758;19139;31870;31706;1997;11987;24147;4751;23638;32638;14532;30759;15884;20256;26314;9609;25802;20094;3374;
18219;15035;12385;32667;24024;2579;28804;31737;23728;13052;432;12278;26736;32211;10022;15589;7155;23957;32061;11724;30201;13972;30028;5048;21544;32111;18634;15444;8016;16960;10164;14010;3315;31767;9775;6793;6661;10408;11631;17720;8944;5184;29655;426;15579;24062;16482;19970;13356;3135;32065;13240;21579;17754;24006;26093;23721;142;7040;6651;18178;17208;3752;20049;17119;15945;9659;29566;2654;24568;105;11147;29749;11700;12718;5006;26357;31325;27967;19324;4492;19635;9255;12351;3342;2575;21682;31752;19381;14673;4490;16615;31014;29209;1056;29081;12277;19514;28237;27809;
10348;25451;28474;15770;17544;17216;3965;2251;7493;20313;22660;21756;29979;31706;31543;10120;13257;27162;18905;9908;20305;15776;2351;13887;17988;15691;23781;16954;3903;5328;21293;11290;8630;19050;21417;3596;31728;15564;30091;18568;19027;15707;251;3625;5090;6810;8121;25020;4100;12005;259;14999;2439;18275;29881;17196;29412;30518;16831;26077;4037;10996;15267;7186;22468;4187;23423;13193;30326;9792;24609;32238;3240;2249;14698;7852;5864;19932;17140;27394;7496;1495;4599;4185;4190;13442;23150;29909;30607;22082;12149;1578;21646;17807;8950;27313;24607;5287;2180;18619;
1057;12164;24455;6181;14027;23052;10394;12844;6966;24201;10801;4995;2843;88;26751;1187;28127;1765;21655;7267;204;29911;30417;20680;29858;16263;6255;2590;1102;6839;12416;27719;26873;11393;6149;19028;20292;15757;18771;30802;12754;14727;11960;28518;15624;5072;17505;30749;8208;25716;4475;20221;28452;20829;15513;30560;31497;6086;16214;12418;16857;18930;32059;16600;23814;5405;16867;2979;4252;9139;27228;9414;24518;28608;15825;22228;19092;6567;14694;20334;6395;5912;21348;26060;22302;20028;31126;12185;26315;28978;20211;22532;19017;11711;27772;27924;3153;1345;10600;5947;
26970;24805;11903;28463;7706;13850;22724;26101;32585;20294;12118;29502;16040;3255;28824;32247;322;12764;31376;13084;10993;4789;4749;16077;805;13704;20493;7075;5857;15574;11997;27716;31750;11661;3202;4917;22996;25983;5336;31984;23214;22035;25081;20535;27421;22330;21344;30887;27160;9893;24655;16272;11907;26422;26989;26372;1525;13492;19892;31534;4286;8130;18058;19941;7977;9746;20270;20609;29694;31446;6998;16366;4171;13175;24855;22271;27748;11402;31236;31492;16937;15104;8090;5790;19591;32156;18140;5842;8258;25259;24378;15965;497;13807;30903;17223;23882;19164;5451;27323;
16799;5895;10630;5910;1961;20699;4215;31806;1157;26253;30412;28213;28156;24915;314;32238;21511;2257;12832;22623;21394;23252;21095;7127;26241;11075;25004;6034;29937;83;20897;10635;3008;32505;4272;11921;23631;31653;10210;14493;27014;813;28672;32611;1561;28679;8696;16167;2058;24508;18049;31186;21872;7321;18690;20037;11894;20392;12720;23021;22694;3807;19191;22679;3944;7062;13852;30342;24005;25919;13088;2243;17777;9297;8167;8117;22281;8581;29338;10225;8089;32069;13129;3411;3937;2913;14549;5198;15833;5893;11533;23936;12018;8936;7191;18314;32159;31173;4882;8990;
3988;8975;4601;27994;13901;4065;21706;1108;24915;5172;14312;2550;17851;84;15294;26892;7919;28309;27558;12443;27825;6465;11273;14708;21084;19670;13255;18954;31597;19054;13529;11393;10563;11903;30773;27399;20003;12228;28913;9831;22911;19067;2732;15067;6520;11217;14122;10018;21921;29083;32574;27091;1798;4678;6893;18673;20845;273;21712;14271;8667;25209;15546;20182;5722;25845;28059;2676;4858;4580;27300;17175;10262;10948;22444;5195;11736;26276;4307;9664;14591;9180;25957;2719;19680;25083;31233;11038;28331;6145;5626;27731;32240;15055;24573;2629;30306;2011;19956;22601;
32474;26664;19499;23436;27039;32630;24497;29676;2532;15286;18434;1804;658;30912;25570;24999;29256;3144;23948;17188;8352;19982;25100;18283;4277;28758;26602;8952;7394;15512;18696;25901;32716;2168;13261;13549;28322;30456;14211;15206;10403;23021;28670;12590;8161;18352;5247;16786;8005;14613;28120;14379;4564;17313;30672;11442;20272;17399;12744;8468;4450;3220;25247;17865;30678;27836;21460;22626;15271;9140;18410;20578;31006;5170;12305;20047;12917;19474;25858;265;28640;13386;26411;30042;8398;32032;27148;973;8811;6811;12001;20676;3946;25911;29313;4805;15619;13020;29318;4885;
2359;31761;19886;7304;24155;24942;17281;19607;4052;9551;5940;31411;29728;28112;6606;10713;24598;25333;8073;14439;26478;32040;25723;16942;1667;6121;9333;26824;6488;7361;27180;30251;17369;23159;22934;3455;12132;23687;31127;24109;16776;22224;16605;3385;12301;31117;27145;18641;5684;16774;21263;14886;28479;6280;27615;18810;6708;23058;30789;26746;19167;4177;10509;22223;3094;32078;20588;5360;14145;17511;13723;31034;1305;18428;19397;6978;7087;3946;20515;2410;15792;18749;4966;31922;32488;15777;29269;32465;8710;17690;16823;13957;927;6005;12659;20007;13941;1791;27382;10370;
13560;31732;28373;22501;19469;17466;30131;2935;8975;2895;22630;26315;1299;3713;17237;30644;20337;24925;14628;15963;10624;22121;10388;31630;27040;24598;6564;14683;19326;32240;13821;16862;23443;2584;12428;30807;15342;31476;20593;18559;9780;27941;8984;8221;20197;2489;6565;9940;3552;7330;5526;10303;28714;28519;10403;25664;5867;15386;3049;14740;1977;19594;4680;24235;21017;6585;6666;7351;11843;32657;16837;16644;31014;22738;25730;14471;12716;5967;8478;2489;23359;11354;28913;8358;27020;21885;4526;8512;6535;8555;18058;13306;23471;16693;13473;146;13203;31169;24213;19246;
12437;18809;888;26539;25582;5696;25836;30514;30706;30634;14472;9228;19605;29036;18558;20407;15663;12817;1915;26425;29564;10735;7119;20916;27623;3674;9678;11579;3848;7447;17782;19940;1131;13331;9042;13086;8851;4437;157;26437;8254;20274;4779;32116;27371;28864;11653;8603;18074;4749;468;28369;6867;5008;29184;32747;4329;19039;17048;28237;26496;6819;10741;13056;8013;32457;794;7685;25885;23035;10207;22505;23833;9807;13903;8602;13128;21310;17742;18041;5461;26711;19583;29872;31123;16436;17252;28614;22334;28590;15303;20849;13316;11597;31577;19627;10947;19714;22682;9991;
20373;9241;24312;23622;5386;26985;32315;8229;5812;26062;18720;12922;27881;2265;1860;14719;28100;13765;7748;5742;32621;23725;5667;26702;24474;13309;15596;12556;1110;9767;11672;20685;31234;18327;15921;19331;25241;26856;6456;3262;31288;6488;1605;7622;17629;11641;9709;486;18798;7722;9448;11530;32254;21446;10867;18573;18765;12699;1524;14924;15757;30110;24541;8703;28780;16476;29138;16585;5198;22836;2574;32525;14042;708;24067;1156;18617;29601;28736;5772;21146;18251;3480;12483;31610;31584;9601;3029;17442;19727;442;1682;7153;2768;8497;9540;13019;11858;14883;6975;
11442;21173;10117;4793;6564;23290;17827;9948;22534;23736;519;17434;17232;8976;8860;25281;21608;24034;2067;20431;5923;20801;28550;30727;6409;6437;30555;26948;13656;21856;27500;32270;25164;20948;7268;26475;25502;32482;18028;2295;1610;20006;19208;23351;18838;18273;16955;18475;6480;27062;9970;13858;32087;11546;8864;13522;25181;14342;15397;168;24554;7534;28148;20573;8100;14071;26485;8394;18895;28517;32168;29437;6928;4434;3852;12428;1910;28198;24255;10793;3770;28995;10982;25719;9670;29568;591;10013;22901;25305;7509;536;3738;4709;15876;15701;835;18056;23422;26239;
30015;20841;7325;28950;4573;21414;26074;7361;4855;30023;32366;5605;11567;10993;4279;1142;13177;23388;2524;32013;5082;30983;7348;2107;4463;25643;27620;13342;24496;10477;8008;25649;758;28119;26773;21352;6715;9865;15164;31869;30241;24236;15249;23684;8502;12584;10540;17350;15735;16279;18575;10444;23315;15865;4106;12730;11377;26281;7132;26591;15219;27280;11675;18825;1021;12696;15062;11806;6065;32611;20216;12392;12029;20542;17519;4913;19288;592;6414;21520;20168;7959;25008;24706;11432;22806;8479;8508;6056;4551;1588;20416;20757;31703;21823;18991;32091;11666;168;22878;
8648;14237;13527;7467;12178;5091;23378;4882;16412;209;22821;27387;26229;7366;3207;7766;14881;21957;19898;32106;32541;366;30515;9962;3869;12588;14587;7626;26648;5807;15189;29008;1030;3229;21665;11118;24041;6020;22144;31055;18442;29460;13881;16944;30597;32651;5212;8305;26887;9072;26533;28908;727;30084;20258;27781;6163;17142;20376;2;12605;17878;36;22046;15862;8140;27166;18392;5128;27914;8258;10001;24490;895;20754;5974;26880;12877;22646;26875;21218;5502;5286;10857;14046;20978;585;25528;17024;19868;25567;12417;14800;14319;30812;11245;797;30354;1301;25362;
8185;19035;14048;16768;14213;16507;7799;11286;5615;17398;19486;15899;17720;25431;20102;23690;9019;7841;6384;5036;6379;20872;5269;29420;22236;3553;24902;23272;15109;31320;2384;29124;17348;2401;11426;12739;13346;7281;26418;17944;19801;26477;30364;10745;16787;10339;25356;15862;17397;1912;12127;18313;23004;13089;21637;3822;20838;3222;3114;3892;309;30852;11925;27797;13679;10242;10192;9475;28169;28103;18441;12035;21062;29594;29496;31422;32122;25609;29698;2389;2324;23646;30173;3702;30683;15055;27254;20525;26232;7413;24144;14588;9525;8832;173;20525;7940;18472;25265;3175;
12739;28391;12741;13440;23486;25445;28986;17042;25206;31156;30510;32081;22177;4413;12468;15259;6513;5370;28975;1617;18201;19430;20735;3174;10894;3506;24416;7477;7818;12218;11150;7448;32727;15927;26926;10294;5322;21942;13289;22428;3598;12489;13914;23696;1186;15868;14378;26145;6437;21002;22393;1283;6226;19025;29056;410;18631;13188;32373;22613;17930;18592;25775;20541;3277;24097;1803;24526;7281;3445;4750;21509;20938;13489;20300;28090;24354;7811;30856;26928;1408;26215;24604;9195;29482;27934;24860;21697;27496;29021;26038;2612;7051;8386;1116;25343;16686;13579;30758;13551;
1468;29066;30833;5620;13106;5332;13261;31608;9766;4794;29206;25583;8457;10874;8672;16048;25769;11574;21784;1539;12793;2212;28905;16251;6421;27144;5341;22150;14721;3423;32069;1346;22449;3293;25818;16274;27599;17562;10660;21618;3512;7817;14619;14727;25160;23209;1933;13562;28119;10111;5823;22919;28675;7875;20439;2257;11440;31322;13433;28665;17998;5508;11057;12910;3419;3671;27409;14087;26920;7020;19099;19279;15839;27096;30177;4384;29637;5981;20458;27251;957;7394;856;22390;11534;15649;1608;31455;14437;19360;5498;14464;27678;24546;27314;8732;5567;18654;12893;9850;
19653;21680;1144;14007;21156;16527;25774;21984;13321;25855;3520;18113;3938;29255;3114;19447;9376;20774;27652;11853;4667;31682;32294;32069;25463;25313;30863;15860;21479;13147;30216;31763;27695;4048;6404;29012;23565;4758;21963;14066;13723;11253;10199;13708;28110;12439;13950;18227;17987;11322;11474;16322;1083;19624;18630;20333;6372;30953;26002;29597;7898;26807;1368;27132;20717;20530;7687;22987;24101;29653;11648;10108;16131;14505;22775;9853;28682;1208;7068;7506;13694;965;18555;20454;19564;9274;25505;1059;11498;24674;5761;13504;16800;10200;17302;26202;14471;32064;32073;21191;
20721;7220;25620;24231;19146;15233;12264;3387;23325;16276;26828;26235;18905;28975;4808;866;7382;3169;20737;13453;29715;15284;17445;30468;31554;21416;10249;11096;5254;25184;29841;17134;8315;26524;1489;22426;1911;18663;3953;24943;26639;22034;24406;32470;3805;29152;13182;734;7041;13059;10028;15827;30438;4423;31558;13330;32455;29454;15867;14107;2673;12028;5544;5352;11466;22003;13053;20862;22418;22850;11868;7873;17385;24857;21633;1676;17425;26433;9832;31489;25206;27145;4203;16670;29163;19332;7340;27025;29495;12529;9394;19406;29648;30331;18007;14174;18918;2851;8161;20346;
20899;18682;5999;17624;4018;7571;12695;25029;23806;5816;15181;7284;32700;10076;19206;9110;21931;14545;23838;6442;29594;23611;3959;28567;24108;12357;16484;7416;16344;20242;5317;6327;16435;22647;10611;22365;24690;27751;29662;14504;298;10670;5620;7135;30043;1250;10565;3682;18093;2967;17765;18565;3833;26579;17810;27806;2827;14274;4503;15453;19111;3498;28144;14428;8649;11296;5935;24055;16177;21117;11423;30558;3103;11660;11814;12776;14684;16517;4464;28331;7545;23103;12873;329;18523;27297;8779;20748;28664;19546;7098;4150;6747;22225;7084;32146;10478;19551;26477;25679;
10488;30909;289;19982;3429;5048;20395;6970;13766;15404;32206;30104;26264;7983;21650;20767;5833;8077;5354;28425;13944;4469;5267;5930;21245;24177;8767;31617;15401;9627;29939;31245;3790;11279;10926;12513;18562;12700;6731;6267;18593;32191;31912;6226;25233;14545;12552;18862;25930;25983;8374;23740;15381;3707;1516;21474;3219;31857;6642;2384;30210;2109;28298;13016;21948;23899;30348;22527;13568;16542;462;28244;17397;12069;12358;4096;1516;27020;8307;159;4838;16223;23800;29774;4694;11988;19851;19717;21288;11449;12045;16936;9473;10411;22266;9816;22217;8585;17924;16271;
32359;24104;19963;25964;28107;7752;20208;22987;31026;22471;20378;3993;29349;21525;29945;21479;32451;16872;7480;3388;9921;3889;8664;1328;19375;8014;1291;28726;24317;12673;3678;10170;1085;2977;6811;19052;42;15631;8942;14043;6378;3564;16198;5189;19344;28297;10238;23981;31461;31519;31421;9007;31592;26561;18075;30097;8339;26766;9093;12314;12128;27179;22754;5287;23052;11889;22390;28155;10523;8546;2695;11351;30108;31330;17471;12362;22702;32164;18770;14283;13379;29154;16353;8581;14628;7761;1437;31346;3638;25812;12591;2475;31995;19567;17112;20095;18267;4095;18516;9410;
2725;1321;30725;871;21457;28561;1869;2386;18696;5196;16444;19559;3174;8599;6763;7911;15358;16073;23335;16124;13086;22662;210;9362;28885;32054;32135;24937;18355;23989;1277;18280;15056;17996;29102;18741;11279;9185;1336;18690;16292;26986;2051;18858;6356;27048;3108;13820;21500;30993;22401;12886;25045;27662;14646;11383;10230;17766;20024;7566;2715;10490;31032;12950;17316;26292;4555;20198;10977;12730;3783;7428;21388;22503;12272;8635;8983;3451;27348;1389;17705;8465;7923;1962;8419;11218;21795;20736;13159;4585;3635;5909;29595;26422;25807;18164;9002;3143;1699;10661;
12492;6020;18628;14080;4040;24233;23371;2754;10423;13434;24643;12257;18314;11954;27077;13853;10958;2108;9057;17880;6191;29605;10944;9767;6715;29138;23432;26921;19305;238;4736;12952;21082;14247;11253;19613;29534;8346;16732;32489;23354;27147;27192;23553;1833;15834;1086;30937;28192;21938;18103;17061;20310;8068;9511;26348;18948;1588;17708;478;8809;12946;2984;1767;22546;22667;1314;6020;29016;25761;11626;15446;8234;7576;23164;13429;9229;3698;20135;20230;3424;19614;13807;784;17893;28269;4783;14731;637;17861;23939;32186;563;13081;23652;1979;15996;9368;29973;21853;
28861;5541;32447;17713;4366;8840;22232;26596;12862;1123;15688;31691;24343;2407;15311;18112;23779;23879;7329;16941;30511;13805;13396;19814;14542;14445;764;23100;13857;10807;28821;18383;19606;17040;10401;24483;31599;12355;22801;10486;14789;10131;22633;1617;28108;3189;30496;20830;26968;3324;69;26873;4000;16405;11625;25993;2114;7284;4536;26513;9096;23502;16489;13442;21482;7753;12889;5588;24788;25137;12018;11860;13993;9196;15442;14784;30727;14896;23209;27281;13389;17011;3811;23064;26458;12707;136;16076;9880;23832;12000;23779;7994;4039;346;25887;18881;32696;14126;13803;
30405;14266;31298;12966;6386;18773;6475;9535;28753;23296;11572;24066;31432;26260;11715;1457;19941;15361;14714;21975;15831;7231;5307;11097;30141;136;9264;10062;25892;25029;26218;21008;9930;5190;12488;29843;17576;2997;13211;7158;32048;6989;2439;31576;28116;1607;22061;8173;18119;29845;14342;11089;27655;8147;4498;2076;10139;19579;28083;19638;20761;25432;851;16493;3692;16189;7245;14020;4564;758;25483;13582;31022;2943;24172;5692;12918;21108;5480;8436;2442;21705;12278;17379;17201;20923;1965;27731;26971;30214;30378;11008;11435;18265;25907;6951;32562;25607;23193;16353;
19582;27391;5475;19375;29395;8190;28328;1622;25016;8195;3261;17645;437;14852;10513;10292;18780;16351;27988;5415;9094;25491;11231;7123;2783;29872;30544;16489;32421;4620;23924;23185;13484;9144;18795;32512;11430;12594;20742;10061;2209;26588;29044;3072;20177;26029;32542;25837;30864;7207;19663;960;29347;24457;19992;31960;29375;30277;14579;21081;17995;15540;27302;21884;32360;12553;5098;12842;7471;31620;28749;22730;10297;18152;3285;14935;17509;32046;25062;2741;16085;15483;17509;32069;10042;6224;29214;12215;24402;31488;15715;14111;17327;15208;7158;843;20921;15066;7466;3156;
28406;8026;2884;32372;13705;32269;15399;22551;27129;2542;21809;11829;32308;6851;1632;2782;17876;8272;185;6679;16288;21962;11242;6372;6230;18830;24366;15014;19112;3347;8561;30887;132;8477;13493;32756;6552;29236;28852;12651;31510;31061;12486;26644;3252;21735;22790;31157;1784;28144;14000;9632;30386;32137;16334;26064;6602;1680;30228;22068;31035;6044;28936;9803;25696;26934;21350;18673;12655;11334;12226;22137;26435;7371;8303;21755;13406;11471;5792;23279;22318;23451;9421;16379;23439;3367;18520;20490;20882;30164;30321;13470;24956;28253;28727;2151;24850;17419;8735;18708;
19988;22825;4762;7017;21000;10680;9202;5522;13112;2148;11637;951;22270;10166;12246;23248;14655;17290;10448;19899;32054;32452;18956;14475;31603;18751;5957;22052;28963;25094;12202;29701;13457;18887;18052;6244;4845;14724;3864;20096;15181;29068;8143;3379;23281;29866;4244;27590;20171;924;22654;6410;3646;27846;11951;18596;13095;1064;29308;2729;17178;22414;24270;16747;7662;29446;3271;10642;13691;18839;2473;10350;29346;5680;1012;21643;27534;18655;21455;27782;20282;21571;25257;12320;10803;28484;13856;20369;26784;7937;8738;25887;14719;7434;26194;11502;14129;28112;15021;28442;
31033;15194;3949;20483;29505;18489;1069;31464;17757;3773;23119;23224;24980;24681;26267;21796;10909;6565;17960;15353;28646;15795;23168;26797;27355;3812;20735;13879;8548;30476;14716;19748;20911;21555;28716;30184;19249;32141;24258;25970;22759;5293;22747;14339;8418;30453;6042;3647;7426;25425;6287;133;4354;10277;25566;23676;8628;28035;32157;24814;29070;28578;1661;27610;26214;15755;20397;20164;31866;20502;26107;15696;19123;3349;22589;2575;7211;2767;15599;9625;17132;10160;15133;5084;2043;19006;6788;19379;23701;23887;7924;13499;12472;23673;13048;14178;4837;1227;9657;4928;
32037;32186;32;28587;29514;3678;13627;23173;22135;13023;12770;10585;4578;9770;3994;28838;1241;13288;28345;1403;19971;26288;15307;15684;23529;26235;25653;24548;26292;7001;15896;4;14136;26723;10104;11690;24370;4849;8350;14093;18126;10765;26042;27560;13165;551;19405;5517;11172;6410;25798;7420;23688;30222;12011;2612;25641;23183;21371;22921;9564;22175;14482;21943;2238;5624;27212;27766;20213;31028;7981;12622;22585;20289;23489;685;1300;17167;31103;1335;5221;20875;5363;26973;8875;23505;10013;12081;11904;10653;19988;23672;18020;28675;2286;22785;17340;12385;27364;25910;
14106;913;2482;24305;27071;9571;11069;18577;6239;21578;30328;17996;19236;22869;11144;1479;28405;19553;10023;17379;5111;26766;13638;25818;30036;1263;30454;21132;11836;1414;24456;5395;16426;22639;3315;22941;20073;21339;32631;23419;13014;1344;29824;25461;20455;20559;26829;20833;17388;24615;1489;25588;24981;20552;32346;13015;4533;5834;7792;3837;581;1871;4736;15669;18092;566;10682;16123;19774;9233;6071;7572;19970;2393;31071;27482;5816;31329;8458;28500;22554;5001;28133;12041;22627;15796;12952;19094;12046;2812;28453;24319;28128;19364;25107;25283;23336;28493;13517;12467;
8518;1645;18245;13571;5994;30718;24284;28834;1950;16243;15494;18119;5639;18160;24105;18637;11623;12730;28487;29760;5351;10989;11485;5944;4884;3181;16523;20197;16935;29214;22260;21612;31113;3416;30056;3057;28822;19605;21185;2549;32418;11117;14218;739;7225;16069;10599;22757;2475;20803;26032;15356;16072;9221;28512;4176;2025;10130;13358;3781;29744;16656;3321;21454;30992;28600;7529;20614;28431;26248;22228;20989;19402;28215;8798;4815;15674;9070;30309;2812;2615;25909;23324;29171;23610;1964;8821;9968;22119;7931;22341;29576;7627;30347;10147;23683;14050;2167;20112;29929;
23644;2365;16606;26463;13088;23482;8522;10676;32658;341;16364;3768;16401;23162;10449;10829;20676;19274;1510;15296;31895;6288;22551;4697;8064;4343;19385;8240;15879;22139;11301;12099;13829;23582;15014;27846;27820;27612;27798;16058;7623;18656;21699;6081;12355;16888;15384;15665;13295;18503;11641;13159;27776;24122;30958;17502;3544;29373;29188;21632;3464;31918;28016;31163;11667;27281;16886;2264;9333;14982;20617;3336;1635;20089;22452;24000;21461;20633;5688;18119;20802;15371;247;30350;3114;24031;4112;9919;12634;25155;26444;13080;6252;16886;23993;4730;10381;9216;10388;26173;
31363;1953;11628;5063;23534;19079;16261;7261;6093;24387;19579;10040;10309;18430;15399;29148;13726;10600;1990;6821;1679;2546;19544;31139;17851;4413;23623;31656;16507;23506;5193;13214;734;14099;30599;5662;29934;22898;22271;4927;23861;27360;2087;684;27776;29064;28371;5626;14051;30398;24152;17720;15869;30770;5618;27079;28797;31082;23651;31596;17125;18799;32477;9123;17807;20678;14114;6966;23533;31649;15594;1551;30996;5207;1669;16714;1404;8722;31937;22415;20993;8135;9742;3999;15406;8044;3296;18732;26555;11621;25941;7150;12628;2111;13848;27891;16029;160;2181;28215;
20338;5502;25614;15476;13427;8336;6365;3899;3776;9986;7610;12100;15617;8813;1328;9987;6570;22022;19947;24955;28285;1046;4709;11095;16720;6058;23490;18999;24080;5771;7160;7752;16902;28528;4914;535;19545;30835;9335;23719;22484;12738;23942;6593;8682;8343;13829;31883;8951;22122;18907;92;15305;30821;4827;15311;23647;23320;26018;31254;2032;1646;13762;32401;23088;13791;25888;9887;29134;10472;8858;23989;25665;22456;7149;6061;7876;24621;1750;17760;22687;16126;17784;30582;31401;10554;10750;9085;8203;6641;7553;16185;5190;26672;11820;9787;29304;31027;18590;32181;
18907;25303;8335;2701;27534;4686;3255;11696;17816;19222;23019;31401;28458;4652;22922;7282;18980;22909;12055;31882;24027;32669;8487;24647;20249;30651;29054;28782;6502;11733;117;24321;28038;31528;16287;8024;22851;16107;14251;25715;7277;28476;9612;22927;20254;13915;29400;18679;15682;28694;3438;9501;6999;7044;25180;10217;30834;5366;0;31825;4483;11307;9069;9770;27097;27331;13583;7230;19689;7926;30867;18590;7499;32390;29697;25402;5381;30194;21035;23214;23308;30701;17483;16223;4616;24846;9960;25799;17496;17353;28153;11533;20822;12446;7245;13017;16348;20112;18986;17766;
6663;22489;32565;27353;13882;20188;25489;23761;4454;32603;3147;13119;7817;8170;26358;12664;12149;10148;2194;27016;23251;11292;25523;10697;871;23447;10719;26805;25750;26488;23607;8953;18469;29435;20313;24522;18755;23078;9862;20348;18634;25853;2560;14417;30402;15094;7350;9615;5415;10924;29987;3285;22507;6615;7540;23982;1599;12668;24297;12135;16655;6753;23677;286;4811;24004;16585;16412;11373;15948;806;2149;29624;7488;2066;21388;18109;16375;8405;2508;6308;2448;11876;10581;19369;31971;27525;30692;27749;6838;8756;29334;12879;28725;20549;28670;27010;27036;32588;10357;
10689;15671;21434;6321;32440;652;5960;29338;25988;18903;17049;4184;17270;18358;18970;7601;14868;26918;12846;27538;31841;25518;11912;8683;2399;5594;20695;17344;28625;19435;2729;14718;32581;15565;1673;21899;2642;21321;7275;1824;7711;6012;25931;12123;21284;19592;12816;19600;6965;5769;27062;28641;12476;15563;4780;12558;2886;23610;2939;5262;32065;7705;13993;6110;24323;18167;7645;22553;27407;12767;20547;1737;12180;3024;50;8444;14647;25452;9229;7323;23314;24820;7783;32760;14333;14964;12650;6054;28940;14395;16761;16013;7513;23950;11028;27709;28419;2462;12284;32131;
10614;9399;16280;27450;19693;11705;7832;25444;6966;15308;12760;30842;22965;18512;28807;23296;29868;21779;16776;20827;26554;17095;18456;25063;4001;27571;25522;25413;18764;22184;26415;26354;528;5687;19250;12830;7474;10273;24515;14523;21161;26895;16698;20180;27430;28803;5215;1056;32082;26895;19919;24023;4182;14533;2210;25284;18337;3566;12362;11676;31717;9215;446;31118;25955;21704;10201;23835;15209;18927;30460;10024;27929;25245;3067;4689;22379;8567;21047;17025;7286;14032;13575;16575;32747;31516;93;26955;27874;28072;13478;32746;2265;2953;20977;24190;30713;4819;24148;29145;
13980;1547;11147;30931;11277;990;8163;14746;23182;18194;1623;8522;20640;25278;10744;446;16254;3766;16530;24997;23275;6218;26764;4824;26157;19248;15888;747;4698;26302;19308;31233;4562;29532;22712;15333;1293;3130;24249;16215;9367;28990;8454;28580;19544;30017;13161;11386;19481;7290;28296;31737;8516;32570;6085;8973;32235;17626;16482;6140;16652;19186;8169;827;17428;19660;28107;17030;8609;7961;32327;8751;22924;21474;9869;16567;30247;23233;11300;20635;5827;29008;17289;11376;886;30690;25113;28978;11803;32369;26416;4826;17561;7640;24723;7982;14441;28994;28171;8925;
24402;17379;2131;25803;4471;18150;12084;27562;26772;25510;17135;458;1157;32288;3291;11058;30984;15273;15183;16879;18627;8668;21698;11436;4489;8663;26161;25475;19929;25511;28866;14099;20391;26112;23206;3539;22623;17969;26435;2981;29224;17496;31379;22447;28262;22482;11207;29798;11650;26614;27441;24043;5101;32003;16224;25243;20578;32086;23949;27106;22380;19169;8502;7503;14377;21720;9992;10222;11853;29101;3842;32722;5481;5439;10712;28145;8558;14159;5525;18485;109;32307;3461;4559;18848;462;29010;30159;23982;15039;18285;20465;7211;29145;16047;14266;4702;17363;29505;16836;
1864;3393;31417;27479;2273;21187;31621;25656;24229;31101;21389;10950;1359;25543;4628;11842;6117;17957;18655;27503;18932;18553;30874;14171;22301;18295;7287;11388;3024;19034;6424;28158;19288;213;4783;13660;14104;23885;28260;24110;23316;8005;759;25666;947;25114;15526;2029;8387;1008;14417;3235;22973;30956;6620;17862;14154;24228;8661;26044;1543;25555;18006;17220;22149;22610;21293;2314;16021;31043;21819;889;16322;19855;21786;208;30494;9876;9475;30584;31298;6423;17902;26261;1424;640;10234;9435;24507;28230;18960;4514;5770;28584;31939;23613;30936;17310;19579;21896;
29152;20239;22227;32705;10679;19780;3903;20633;3866;17053;14066;22922;11882;1922;3071;19050;31221;32669;29630;577;26487;20806;9329;8792;1761;12607;4647;22418;30296;5794;8929;19967;22401;27415;28148;687;10748;2890;2734;26564;12078;11165;12860;3787;15172;29978;14539;19789;6004;28331;8686;4000;22918;1677;21568;19971;21652;20482;12362;22507;1806;18758;3751;27031;10752;15813;26981;16362;17816;6283;13487;7802;28387;15100;10921;31717;4823;11205;3740;18532;29334;12818;11091;674;13553;12546;4293;3790;12587;22359;21748;1006;22272;30579;23572;25463;22502;7040;27632;28443;
30099;10734;3722;4323;6591;11810;2049;2429;6955;6508;25528;22743;21474;4154;23733;5357;27839;6028;9543;8927;559;13992;20972;1606;1592;24847;27505;15048;955;15535;27739;19434;9974;6234;11654;7974;12108;9847;1548;9278;11849;20472;8808;24527;14305;13196;22236;1065;26616;9493;28944;3166;24872;16732;19707;3481;10430;27139;12550;12977;1029;15804;13679;5630;15048;24761;15084;28012;25362;10596;13458;15565;6712;1359;18676;628;20249;10862;3727;4607;421;26756;26470;4468;7068;11995;16361;19600;18072;6712;13595;21083;25422;7950;26100;4352;1553;9202;29700;25564;
7320;8271;30554;18389;8448;4955;27044;10733;32276;26441;19608;1046;2253;5313;3986;15433;13077;6797;30846;31186;23504;7573;5112;25838;24605;17677;28850;1175;20953;9965;10774;11935;30566;22689;1581;15868;30890;30722;10944;867;23898;16518;11709;9240;16504;179;1243;23300;23834;986;6273;20488;22638;17409;32229;31121;27899;30753;7281;15468;23337;21138;17002;15836;17156;963;27859;7146;19261;21806;18063;32765;14705;28811;8903;16298;24494;10052;30347;32717;820;20010;5564;3545;8312;358;14121;25452;12399;25778;1016;2087;21256;13257;13896;17852;763;14107;2836;25160;
14017;28870;2906;21732;4835;5570;28797;10358;4472;10075;10217;206;17129;16613;14837;30190;3064;28075;6157;14760;1281;6952;5648;15215;24191;31610;4855;15975;28369;27667;5304;5566;19775;13490;23401;31551;7736;12945;12201;13348;29917;17376;28732;30764;28100;1907;8949;20206;26357;17592;3289;22381;31033;4075;5505;11756;5781;32397;31168;25604;29201;18;4486;16115;5309;11994;11524;12343;17398;11618;19729;15452;7398;25532;15053;17426;2378;12604;17028;25474;29048;26229;5589;23522;20384;7011;6419;15175;2130;13802;8171;14011;11328;13439;23879;27280;1862;4390;2675;29940;
8359;20636;2430;7877;4250;4565;1764;1702;20229;12713;24169;594;24456;22218;18248;10800;32445;31225;2957;17192;13502;15993;20160;31414;28904;11972;10179;10556;4831;12670;4605;3741;1234;19111;31161;15623;19201;32020;26568;9744;11388;24608;4206;32261;22829;15775;18812;27006;12568;19475;11193;10550;4322;22819;25478;14362;18320;30792;29890;4000;6546;2506;30188;1626;29952;11755;1671;31947;15139;30817;1219;19577;17207;30730;18009;11587;31343;26332;22711;1269;17722;5659;3165;21786;1477;27342;20359;15122;27585;32371;7180;13924;29030;14322;31878;10581;10680;28880;27827;18361;
17417;31397;6427;26633;26815;6352;16883;27318;21335;17001;17730;11197;19882;16503;5186;12924;28783;31843;6153;5059;19714;4781;18792;14895;25700;32222;20;2227;3970;28094;15619;2936;15546;7878;29721;10983;9883;17880;6404;5380;26604;25646;29541;20733;4336;6033;32304;12546;8681;15051;22101;5720;3803;27230;31904;15273;12434;16758;28381;31135;18150;25373;23617;14769;28734;9134;30981;2876;14931;26252;13652;3797;12343;1043;23399;11230;2453;19407;22767;17495;24378;30444;14259;23287;2260;7918;2426;24443;2042;3235;19243;5439;9325;29525;819;18443;7582;27715;7975;17199;
5488;18003;21674;16082;6206;32257;2450;14215;26144;29083;1862;25633;24938;9648;32106;15817;18038;11718;6079;20045;4260;3403;11076;14523;12446;9422;16034;12335;30689;32623;29126;20713;23929;5268;2256;4002;11;20958;7724;13088;2329;348;16382;3081;21890;24574;31940;24309;1864;30796;9015;13510;25750;5463;14705;1340;10242;25072;28501;28612;9743;2073;4140;30353;27638;25785;14220;28654;15270;9108;19838;8659;2313;22393;3551;15286;23689;25277;7943;8867;16083;17385;31657;17295;4570;6832;13306;24554;31519;31012;18966;2163;17201;21801;11679;14928;20079;11817;6823;21086;
4885;15113;24528;19142;12407;13404;20401;30417;2951;3799;24956;12541;5277;14853;17630;12112;6776;14140;27943;29164;20096;7376;22443;32740;24141;22918;4456;26190;18029;19532;16361;11673;16994;1063;12650;14625;32235;15468;14396;17665;27525;26931;21867;30248;25648;26633;30367;12464;29814;10469;19264;10347;31402;25438;29917;24510;31342;11290;5839;2226;18807;32394;2329;31816;31125;3796;12947;15373;9197;30737;20040;12783;31113;6841;8220;8783;15636;16219;23730;1111;2526;20882;18572;13454;3111;18228;21108;13737;3737;1996;11547;29605;278;26699;11265;15634;23732;3834;26516;26290;
2310;21427;27804;19778;9886;28753;31446;10648;25295;5477;5855;27374;14520;14123;29524;2942;17277;9916;30008;4943;1496;19332;22422;15694;19153;4343;12903;29344;969;23680;26805;4151;18365;8122;16897;10915;22473;23267;13027;17451;19691;9102;6384;10525;21258;919;28128;26210;5431;17500;13809;3669;16178;31274;11654;16342;14384;25590;31252;9113;31451;29518;25150;21444;11931;4239;20799;25018;26132;28503;10633;28209;9968;1853;10923;1931;7902;1216;28280;16995;10714;18046;16742;16486;3504;15015;23092;6500;3771;12464;13520;23206;16883;29516;5239;4227;16423;16024;28958;3630;
7814;26261;21521;26578;20580;16860;26586;21217;22075;11405;16228;24745;24048;14217;6240;18216;14424;22497;7400;11297;18427;10894;26722;9839;19736;8290;21416;27034;13033;9790;19558;20392;16935;7558;15299;13621;23761;14546;16451;23494;10026;4326;16107;18011;16897;1509;4007;17475;31284;16577;18666;7732;4471;26870;28308;6555;1106;25208;2072;17969;29033;10217;25054;18895;1536;5392;32230;7811;5054;13703;30639;30435;13233;27571;24407;15521;6803;1017;20483;23904;588;2095;17793;22982;19639;26449;29996;19155;17321;17782;11792;20849;6704;2050;1103;9292;4888;29212;19396;12259;
28852;25955;9701;31968;4571;6876;9966;20644;24624;26671;22076;15399;29606;25876;3574;3327;3908;1288;32243;21694;23334;31044;21976;31361;32709;28399;23169;2758;1656;32147;27299;14718;9018;22990;13999;19044;19373;8266;12281;21388;16223;19694;29465;3647;25932;12886;12689;10758;8869;1409;24241;22021;3792;20938;9144;29834;10416;26906;24380;11494;28966;9307;13260;20348;3800;2096;27091;16407;24369;8675;10431;23169;6313;12447;19299;1361;25158;28383;21402;26372;1122;4134;16686;29007;5808;18161;20472;14004;20346;26345;24904;15956;22572;30558;5255;18948;19222;18929;21274;17058;
15982;27024;21386;16042;148;30120;22498;22276;27034;15765;11097;15904;26116;12382;9009;19781;7884;29855;9951;31782;25258;15558;876;30391;13458;11138;3611;17726;9085;23673;23116;15021;20332;25914;1696;7471;16298;25202;25950;15617;28242;25954;1046;28035;11538;21904;22148;5263;18222;6845;2230;17417;1224;8984;15473;4535;29534;6577;13778;8531;6036;24880;15153;5343;27700;9927;11338;22329;21107;8549;5279;29935;22390;20781;15640;30548;29460;21286;237;30164;9182;7476;27077;20868;3164;13895;22304;20221;30106;16082;13554;619;23267;23935;1424;16865;25293;25633;17104;4592;
26998;16617;23148;16503;12;4062;18856;8636;1427;24711;7221;9148;15586;1002;21076;11200;1007;30395;29247;29233;4173;15309;18628;20653;21747;15052;7475;13914;30015;30510;23674;13947;26939;13159;32655;25921;14110;21596;12558;30435;26134;6427;30244;21745;3652;31433;24235;7653;10760;18651;150;17147;3200;21898;17040;14402;8523;18048;14816;27379;22931;24024;8080;29186;27210;20293;8398;11508;16307;30097;3730;17648;18981;31818;12417;17432;2060;20920;16146;14106;28976;29969;18671;3329;10042;29936;1950;10578;3956;12804;26464;23636;14800;14853;18009;13743;14636;20205;12018;25912;
20692;28260;4476;7692;6984;28028;16662;12252;3648;31902;14288;19079;32750;10181;26128;8174;4483;9961;4405;22532;8948;4799;1403;2852;13310;20895;7966;13992;22120;20677;28355;24503;5512;23997;32019;22622;30472;13337;29097;23266;30954;4965;8494;28501;12490;29021;18114;20328;28771;7261;27806;15488;4949;25112;18424;31756;23078;3725;3111;28181;30342;22327;30984;29206;11479;1668;10400;3599;12012;31625;24579;3029;5137;20980;26484;172;4684;17986;11725;29463;23779;10802;15138;4847;19486;32121;13985;14259;12878;32439;956;6431;526;18602;14987;30208;10697;20385;32619;7494;
18557;21300;32236;3419;8126;6195;2794;7603;26365;32476;12793;26277;25610;18769;12807;23417;27864;9801;11580;19138;13953;21509;4133;14574;5513;28550;29714;18715;4967;17405;188;10284;32065;11907;4395;11804;20472;27146;8151;10643;9572;22419;15886;2487;1761;5794;6805;23109;18698;495;23442;17888;21700;25695;20393;4777;383;31282;14950;19727;25784;4734;16347;5353;15042;25820;13194;16578;19655;28513;20101;19315;30730;28880;4307;16376;14958;21261;21014;6012;26684;6613;17771;15798;28449;10669;29842;12152;19062;31512;30287;26501;3268;3597;25615;3492;8840;12712;21199;7154;
12851;29728;21306;28284;15733;20217;15633;28941;26555;25467;18896;24389;1527;23394;17039;19179;23455;16855;17702;23684;10488;26783;25748;549;28308;11667;10402;133;2585;13392;12483;6742;4165;26671;32319;16854;2095;23160;10640;2209;27600;20690;1804;16841;4545;6142;32453;2600;25670;28357;7086;10997;2444;7471;5631;2710;24879;3062;23770;8117;31487;28730;25390;6806;27396;24438;13276;14504;7872;24499;4376;30298;6067;18428;8978;4911;12069;1297;31190;7189;18207;5728;26225;28659;3259;22320;28502;29313;12189;26656;25600;24924;12994;19664;21464;32602;14969;4574;27736;2586;
31662;3860;625;11744;12398;6623;19242;27552;13736;15363;1931;9561;13873;17038;10169;17573;1803;14602;10594;12173;6375;9463;13659;32673;8936;5497;16520;12105;27306;23373;13309;12630;19843;32001;24674;9948;28425;15205;16540;10052;12500;14909;20394;20125;22405;8504;30156;1587;262;18726;20715;15203;20500;18789;23605;30893;28923;31132;15112;5387;23457;15276;11025;28033;30406;8676;25013;23798;138;17781;22703;26178;24624;24869;19963;17544;17697;1095;31475;21958;14132;29162;18105;5034;31788;81;30676;3752;30339;3235;10526;8009;24934;22244;1501;16838;3584;23076;4400;20437;
1531;29942;31917;3267;14148;30244;21064;14275;3343;24993;30070;6278;6684;447;16275;14859;14392;6306;15233;18361;16646;17909;17555;16555;17407;29915;3241;30027;23992;26153;19868;802;5219;10962;10716;17134;23961;8867;87;23797;12631;21296;14237;30618;20038;11022;17474;13358;4927;1346;28292;28168;4622;250;6958;28632;16246;379;7101;4920;25718;27227;18880;32388;13515;27632;29061;29932;11958;29704;20465;27847;10239;5850;10160;24618;11322;1085;12687;3002;4169;23832;27685;4030;24354;32026;3769;10105;979;3243;9056;27318;21699;28450;3174;19876;25658;24888;30959;21220;
14883;23484;3294;9185;23313;3721;16374;864;16513;1974;14399;20056;9823;23308;9132;32515;20939;23997;21754;26165;13596;19026;10203;3821;5413;24806;28756;41;5048;22418;31076;20735;17257;12072;22246;17130;10388;16420;3768;22114;19362;5087;23837;3503;16519;24070;6240;20990;18319;10827;30651;11957;27483;4698;16758;22276;16422;4111;9299;10684;10318;16358;16426;10085;16911;10163;8657;3723;25233;21907;13886;4696;16933;27426;30960;24424;15819;26862;24971;25304;20985;20012;21698;1952;12951;24746;7289;24099;9294;12549;11051;25093;31490;12060;11914;21053;24989;25284;13670;20331;
20239;7358;27856;13419;19603;13286;14463;23850;28979;8876;10867;20408;13966;6344;7639;31647;2777;21802;31020;884;17444;23600;23460;17579;22750;24092;14796;4527;412;25029;11630;21043;10262;1933;31926;32194;18290;30866;7315;9374;8646;22057;12896;31431;28376;15752;22724;6490;26664;13250;11223;27164;22064;3577;24710;29015;746;10702;27448;27109;13715;2589;31154;26506;7087;11240;17463;29575;17229;10128;31220;22379;2700;29259;19612;2605;10334;21458;24400;29560;12940;25690;7361;31046;17658;9926;14488;2992;11821;4891;24598;8964;17674;9524;24055;25625;19424;17335;13725;24287;
1193;4935;31082;6970;23181;2555;24686;26641;17576;22287;24386;8354;17933;29402;18483;23576;12043;27392;13987;15199;943;16105;18861;18743;11145;24690;29192;8327;20147;11490;22318;19700;1040;29215;6077;6579;13522;21538;26909;17051;22847;9896;23139;15231;29364;3882;15989;442;26346;784;367;11275;8312;30242;27974;11428;6297;19775;8620;31101;11824;26961;17203;3822;28169;24192;9652;125;12386;11174;30194;3061;12202;1539;9851;25272;31880;3379;9167;7509;29471;31580;5060;3421;5521;9644;9257;24947;28609;24835;11434;20387;26718;7916;10227;14837;8989;22226;18457;321;
22597;3953;10805;31300;17777;7306;27986;14580;7057;25819;12425;9745;3635;17486;15466;4861;26625;24177;23454;16333;18570;29990;9931;1952;28485;6044;18360;10031;14290;15741;30642;20902;11140;8809;15662;1971;19485;30116;11439;25820;31704;12811;12522;22293;9901;12877;7720;29842;4304;21847;5357;25562;28283;18192;30679;2589;10477;16711;30920;29639;29875;22761;328;11093;7462;11128;31268;29287;10549;184;13915;4375;15716;13484;1339;12170;24341;32192;12232;28100;32006;25416;25949;11713;24860;30761;23446;17345;28511;11734;9580;227;22085;21375;1442;19445;5171;5509;16481;15499;
30273;4400;12319;27726;29758;20644;8645;29335;3572;17169;15376;15933;3500;1323;30263;16811;21493;3546;25039;9525;4258;4914;19436;29612;3346;15269;31114;29999;27572;28535;811;11333;201;24179;5057;10537;10348;3549;3789;10085;15824;679;25033;10658;6090;23527;1220;1983;11919;29065;28236;8992;20158;19265;32400;13641;32161;964;9670;27819;29360;27704;18891;19389;19030;1001;12041;32335;22008;6205;26782;6428;11572;8426;5051;30622;25702;11366;25161;11302;3185;28832;14547;13867;24508;21485;25504;29410;16506;581;10015;31760;27695;25263;12169;26909;2159;250;9153;9833;
27881;16302;24447;22243;20133;26178;6317;29655;12426;24463;29713;7943;15651;15493;19757;23294;28067;20253;13667;7585;8742;29070;28253;28935;3897;19908;25516;5770;9373;14606;26543;24606;20808;30743;14263;13282;18605;32535;2920;28149;11581;586;13155;5259;17454;27298;2850;4672;5755;697;16930;27308;9004;28681;16456;7479;1751;19551;10622;10798;15463;29581;17565;28183;23324;22879;18831;18242;30163;31697;23221;14753;32648;17791;11654;1241;22809;29789;9849;24729;27724;22696;27685;21291;30740;29;13735;22089;29200;8552;22597;15921;8533;23519;22609;5884;22125;8048;335;27691;
25759;20696;18778;11907;16497;32278;963;11291;26476;14112;9980;20147;29983;24276;10676;5191;2407;2097;15172;30180;25581;13255;23370;12475;22767;364;5267;9588;836;10801;24383;16836;22426;22165;28191;10306;32003;9464;27490;2678;3760;29778;26737;26931;11003;18212;1303;12071;29611;21167;4581;22961;25460;3685;12757;9202;7358;22429;16173;26663;5544;32138;30630;11062;17739;18798;13262;1670;13891;22283;11691;25620;8812;20826;6817;16580;31721;26496;7317;26869;1899;3582;20051;25431;27567;24616;28461;32257;23113;13784;29157;12734;13729;16739;29390;20392;22587;18892;22829;11513;
24891;21816;10213;16669;10792;22434;16724;27148;18928;14800;8824;19158;18732;19590;22870;30847;27558;31737;15004;26894;13080;22406;6789;22753;32567;16804;3325;6723;28400;23576;28934;833;26354;1128;19290;28089;24940;29841;13393;32179;27416;23548;23814;8692;29048;1199;28597;721;18016;22721;20328;21314;31924;23568;31443;14391;627;28214;5756;14895;7156;26808;25119;29958;9328;28033;7504;31246;14273;31119;8034;6242;10601;4077;9864;32631;27862;4321;8762;28660;21221;4454;31962;28356;16548;18140;10392;11881;17244;23295;29587;8851;9679;15382;26432;29169;27326;15724;14096;14919;
20654;7172;589;23233;17132;15241;27973;14471;23503;12164;21931;12689;23613;25810;9786;12733;15472;32596;3483;7710;14842;16360;7305;2711;1799;1688;3891;28073;32483;17682;17890;18058;956;30040;12507;26999;27048;26809;13191;26186;4842;768;17105;15695;8561;13803;17104;22100;24993;20703;26534;28159;21078;30937;7592;28005;28198;23720;15551;24535;6631;31066;2829;31487;23665;756;21204;27949;17317;17766;3988;26091;6831;4541;30324;3287;21895;2971;24035;23218;21950;27364;18559;2228;27767;1467;5942;2594;15796;13997;9899;17443;26835;29483;23515;30672;6744;9790;25600;4746;
27372;9078;11190;22672;12198;17956;20828;7632;8074;4296;5821;254;29263;24781;5615;23780;23654;2676;15740;25593;3127;28943;22464;6708;3246;28527;8594;8482;12534;9375;13351;2615;28036;30931;17970;9058;16984;28315;2128;29155;6783;5212;8356;20321;17629;10753;2494;23863;27177;20206;22722;16912;9273;19509;11974;26035;6784;20237;22907;7968;18389;10112;26384;2267;19829;24419;12627;28552;30540;15755;9242;3768;21872;2366;17121;4099;3823;8680;12724;87;20938;16143;17744;12175;1089;27785;24197;11847;6993;5869;5342;24047;14972;15431;29828;18207;200;5392;21344;10794;
9994;18781;384;32246;21348;1622;22716;20747;17933;2026;28569;16617;17232;27329;29549;31647;24280;23154;28100;32665;3114;28663;30979;3514;6259;21598;10315;427;29060;31680;9888;1138;24091;3191;20811;19782;2916;18060;20860;25761;5055;32623;31028;7576;25284;1515;26466;14696;6788;600;14157;26961;24082;10003;16177;8871;9539;17707;8749;31014;32177;6493;14684;29574;23814;25923;6211;3663;26743;10440;12395;24815;21902;4063;22606;6409;18477;26741;14712;16401;20944;13475;27110;32534;30226;11561;13490;21726;22643;18456;22002;29240;30552;6094;11741;12430;6227;5671;12079;22202;
18853;12274;3279;8218;7425;9378;27311;14823;32659;3654;5620;10946;21313;9660;2136;22672;11569;5921;15052;8328;23947;31371;2913;13706;9344;17659;14952;14515;14475;17805;17112;16430;502;754;4593;16461;12193;3360;25119;2776;2303;5960;15649;22693;8545;28169;26986;4456;20599;7651;18120;17869;5139;24046;24131;4036;16177;4812;10568;19740;6709;32220;21511;26708;22643;27824;32537;9134;1780;31938;17510;6788;22647;18274;838;27871;29367;2547;14310;18758;8428;7767;25070;18644;3988;22440;15968;20878;30067;5929;22723;29427;19929;11644;14210;28884;2083;23573;10127;28773;
20612;2798;27467;31637;22022;1660;20650;20123;12747;23011;29330;9169;21401;6502;10629;29126;6038;12577;28544;20366;26959;3066;15139;29533;6143;9941;5649;32597;16399;25607;29338;4251;28121;13069;1176;17584;23985;24703;8598;10495;32038;8767;27704;18610;4485;13302;20183;19658;10143;6081;2411;25199;12492;20263;22190;23428;28976;8271;27774;15743;9021;15215;23427;12920;29817;21640;4627;4223;16258;1361;1618;27443;10063;2928;19358;25489;30648;14064;5930;10761;28473;7408;30696;26327;22003;25240;17837;31888;1523;13394;2960;22779;18615;15670;29075;18467;11758;12997;27013;32170;
16256;18651;8998;18528;14030;8671;2957;9236;5947;3901;23495;7595;20971;13846;31425;15727;22219;27702;13927;27561;14033;24902;6158;881;15237;26690;22543;1989;6080;29998;13493;11993;5555;8965;12378;14254;26156;22003;31436;15846;29973;19907;2550;32727;26429;15515;9660;19166;9564;13799;27430;501;6225;2451;2753;29320;31405;24445;17986;27525;25461;10026;29037;19123;28196;12216;31285;29764;9200;31763;15397;26797;2638;10092;8958;27829;31416;28135;24738;30668;10158;11668;14896;23711;29435;29601;12401;24553;31033;27086;1907;12684;30359;14368;29043;31712;26842;11994;24832;32075;
4770;19625;18014;24594;17391;29983;15401;17518;3043;27490;26426;12515;14282;25894;3535;23757;17239;18904;10725;2364;7728;29212;31465;23553;27310;31610;23184;28937;6621;1108;22788;5610;2251;25628;25664;25532;767;13252;32445;11050;20039;14965;18766;26312;9143;4739;25672;10152;14830;6817;27623;12328;17563;1873;5101;12557;3392;10399;9868;23766;2358;14351;27270;17738;4338;17108;13459;14164;7302;1090;10243;2320;10602;17542;27300;3622;11645;3989;20454;9815;15175;22626;16189;6741;15233;23636;22983;15064;24535;23287;9007;30190;13036;30194;12753;22162;27039;19769;10783;8833;
22925;11139;2371;2633;14550;22271;774;8099;2853;23106;30448;1538;24554;22916;16560;4460;17898;18445;26559;18313;6138;4586;29249;30458;1799;3556;24364;22763;1370;19379;2987;28908;30490;4718;1989;7932;19475;9030;7738;6119;26293;5236;5037;14291;29792;22640;24840;25365;6879;17764;27933;26953;7986;12512;2441;7841;27024;29647;14046;8061;2732;27306;29697;29244;9784;17899;7376;31570;26279;16069;7176;30619;24120;1042;29798;28912;31024;29581;25869;24823;25958;29505;11560;30271;4869;32577;13008;12172;12942;16282;4400;16751;21532;14982;20967;31258;3052;30434;21933;6003;
16412;8930;12346;17255;947;4868;31588;10881;8930;11586;25991;24763;17546;5260;32553;2196;17661;10357;3038;28770;11785;11565;23146;6634;28723;12207;26662;24622;16704;31291;21413;12166;17402;11527;25238;1010;23856;20274;7916;8623;23039;27641;20285;15368;19280;4141;20072;32367;15010;15332;1659;11212;7178;7280;4820;18453;8567;8845;19846;31;21307;18654;19454;17332;4551;7835;3814;17893;25782;27268;26953;22433;15118;31257;25336;20615;194;28940;6701;31225;11643;11511;26735;12402;12439;4427;20149;12057;24178;20360;27854;14742;17125;32692;2048;6180;32013;7430;25840;6631;
2126;15074;30913;4481;5783;1546;13696;32736;24551;26130;30144;24921;2832;21268;19329;20731;5051;13222;13911;30237;20908;22281;1224;28730;1351;24483;25845;13567;3411;12719;26749;5281;10751;14900;32670;22644;28962;8755;12189;12218;22471;16933;2152;24248;29929;27045;7547;25616;24955;20329;1536;2122;22956;15734;10298;2996;872;19860;21539;26220;32290;18944;29012;20155;8145;1634;17446;31140;824;17662;3607;18877;19307;31790;3439;24638;16527;4112;8227;17496;10721;21628;3577;5320;2298;27449;15853;30635;6737;21104;23251;15508;16129;14176;11071;25820;13260;24916;8354;1593;
14688;18642;25013;15250;4570;12054;21531;6162;30601;18879;26946;20604;28916;22215;12938;3774;9758;11448;169;9160;6920;6941;4686;2974;29560;12087;5636;30636;9209;12530;857;21339;13347;27671;3904;30433;30236;6595;16309;31837;22367;32280;25247;27427;11964;3634;27642;11604;11168;12893;32565;947;19095;30853;10201;27571;29455;19182;1388;11221;8799;32549;28309;31280;18440;20790;20353;29009;14138;7967;18308;18246;20890;30853;18948;31478;20290;22182;18067;27572;18441;4239;7259;3859;25093;24462;23743;14587;18767;2027;8511;10748;21766;31187;30876;22499;32151;32405;12093;9355;
2107;17937;30418;30454;3009;26732;12599;27292;12941;12297;25243;2307;24033;16309;3809;16784;3675;26914;1606;5021;13759;18327;25925;7884;22007;29413;19384;3482;4440;24221;3903;3639;4135;14720;27877;19861;24412;24887;32257;10430;11429;15941;29787;2156;942;7225;24976;6867;28832;21032;3512;24514;11240;20314;8517;15082;13113;24644;9774;125;29652;16310;9294;12284;27143;18518;23815;20810;23027;23117;27178;10244;1427;18752;17435;12565;1018;26242;29488;7812;7644;31624;28763;17809;21328;18589;30985;13057;28372;23510;23113;22966;18834;21577;30513;3970;9442;25978;3709;19517;
15631;12054;890;24341;31070;15588;11811;3622;23884;17144;30345;21579;7960;27178;16248;12595;1921;16582;25687;16311;32465;9093;20048;1642;27418;12988;25777;13938;17344;10196;23698;19607;32311;7930;11193;18586;14350;10519;8890;28360;16941;14851;29282;18382;29019;18166;8278;21199;22531;10559;12024;7604;19767;6456;31882;14276;25845;21881;7574;12916;15785;19020;13965;9344;18164;19809;6318;25402;26028;16835;9769;26146;6436;14347;16773;2232;1453;24276;19519;7822;2140;22382;30900;3489;14350;17111;29504;25321;30634;6886;9896;5423;32166;11210;8117;27167;29901;16819;21538;12702;
6719;24271;20665;19294;31929;3448;4792;10927;16662;8876;4217;19608;4118;1213;13650;21542;4447;19017;21691;16644;6081;17773;22702;29772;25278;20278;12116;30621;6474;26456;15325;14958;25039;31779;20143;14753;15220;28338;26820;17755;31903;10086;20045;22804;6840;20115;11420;14826;7985;32120;22336;20283;28099;31605;24690;26994;16378;23416;4272;27425;31219;3513;423;2129;15461;14759;24662;4118;22494;29729;6769;29798;1359;9706;31491;1066;1995;13911;31320;2966;7052;20043;17690;20150;22071;18277;16058;4682;23648;7032;785;9940;4177;26684;11080;10735;7687;23363;23029;29154;
2174;6702;21126;22389;7215;31520;8163;20996;27350;8563;3663;6609;13432;21162;31887;17566;24997;6055;18511;4220;29435;32287;22977;20702;2539;3658;4743;12785;28352;18655;9171;17968;14300;16703;4045;4659;30277;10224;23093;2759;2913;22862;11337;14660;3070;17533;28649;31259;21653;16034;9721;2479;13008;5715;31751;21350;18505;31564;25901;14079;2709;3683;14905;14374;1153;11710;9484;19525;15515;20803;23360;15006;25845;2896;27662;17047;14373;428;9582;31828;10128;29374;21631;10123;16105;6909;25898;23700;24820;3752;9474;21440;16784;23479;11631;14060;16628;2065;14604;12630;
3129;16383;26701;12719;10009;18657;14693;4721;17142;3104;14183;7282;1821;20067;9387;6074;11853;26374;9331;24209;7539;3016;10190;9949;22456;1219;8637;30123;29629;23714;18069;28940;30245;24846;23204;1058;13653;1897;21527;2426;10871;2495;21531;28572;21445;20473;15171;3041;3076;31060;23850;3973;31566;6674;5977;21245;1301;368;20331;27531;22373;7127;7279;16143;32617;17750;8077;2592;10033;8272;20461;3163;24754;17522;15828;20219;8719;23016;4368;14763;22295;29905;18071;27032;11278;17648;29035;32457;30128;28068;704;21427;23155;6682;23905;21256;8461;8641;14416;24529;
18486;20734;5292;956;19375;10786;19160;22455;14979;12953;29402;23229;653;8291;11265;10992;5434;31689;1995;21737;18832;2376;7173;11596;8047;4050;52;26783;18455;20278;14900;25948;6123;15068;24095;23620;17781;19637;25969;27383;6569;1138;361;11458;30062;26356;27826;21944;20570;4612;66;1028;5309;14405;3971;15229;31970;6502;20400;16251;21905;19100;20098;16105;18904;25424;15373;1692;7180;25109;3044;11747;28682;24028;12676;29024;2754;22379;31728;12310;10999;16139;21656;16066;24384;641;25983;1391;32083;14144;27293;6981;7810;13533;12931;21666;17798;13251;4669;30572;
4476;17448;20604;2469;8749;12608;19445;28223;4498;9392;24836;17458;9880;7749;21141;15309;9504;5094;14916;22089;24394;19911;17347;17316;27635;21216;14204;21165;9852;31134;6264;10075;23501;28888;22912;11106;18586;21764;28034;27912;19685;9643;14134;24629;30917;12058;7168;13770;22117;15451;15897;15668;5455;9571;8682;1089;31467;3469;17080;10546;15426;26183;23174;4881;9480;2571;24887;1093;12250;914;1780;15203;29636;21828;11725;5703;2822;21746;9891;27492;22296;28615;13637;3416;17899;27260;8153;11459;31858;29132;19838;3162;2657;3880;14383;15159;2869;21931;13802;18803;
22644;23376;23826;10999;12598;21091;2067;15503;31460;22325;15428;8001;32576;17940;30737;24028;19365;11642;11353;4307;5520;12421;25877;29772;18528;28071;25915;9333;8282;15775;14818;29719;30448;24232;2214;4461;9283;24560;7502;27958;6630;24907;31404;6153;6885;31529;29381;2537;13574;25286;2610;2073;24398;7840;10950;7473;25031;24366;26993;22386;27265;20431;25444;16727;29655;29697;30326;18540;24563;25811;22727;1635;28053;669;21411;8293;27151;28398;9641;12454;17557;25286;20524;28220;26291;13573;21465;1841;30239;9508;8346;24791;25521;15907;15547;12891;27568;26050;26444;11677;
27471;27636;14790;10815;12151;11921;3313;1789;8391;9547;9476;13628;28890;27107;26894;8933;11464;4253;10646;30323;22767;25841;14974;20811;31219;24195;25646;3148;12035;25173;28654;8872;16734;9275;21394;16114;19734;15504;16477;7800;26388;17960;6432;16082;25693;6277;5026;2491;9876;29262;2372;29472;4543;10236;15077;15735;3918;10967;3076;22610;16985;31777;31012;3380;20777;24721;19829;28323;26618;26627;23472;15742;22783;7533;15939;14481;32167;29461;25262;2663;15647;16129;25645;18783;23576;23471;31127;15874;31178;16647;31366;25492;24120;10638;16312;22249;32182;6108;25269;10107;
21929;20560;8370;16057;1679;6914;25782;20897;20287;25081;15611;4240;19825;32671;16279;2393;10112;20849;8795;28565;879;25339;2556;16187;28459;17668;21616;28017;7695;25862;25243;7073;8109;30945;9515;206;29644;21199;28865;32041;8109;12699;23889;3039;10387;24846;13515;1846;6017;16043;13563;29400;27206;30364;10414;16494;5559;3307;7190;17009;32060;1781;12399;16701;910;18716;21219;26216;6334;31933;23211;29265;27002;4706;21112;28668;5004;13368;28945;23325;931;15555;1341;27762;24662;1488;22755;86;9830;9131;20336;19348;23107;24723;17273;21113;29394;3179;26530;22061;
24942;29874;11966;11331;23341;6325;32567;13454;18276;28163;13744;24886;30573;18722;15082;1292;2983;16000;12516;23579;10687;4012;31559;639;26670;30918;9984;19835;4867;29237;29999;15045;11747;14999;3392;27172;22350;15614;6743;21821;28963;10073;22514;14762;12903;17712;20938;26957;1602;29333;23290;29924;23626;15191;98;25821;19973;31352;31310;29803;15784;3553;24915;729;21029;29269;10874;12063;29797;23460;11937;20915;12754;7457;16669;18593;10265;30293;6564;18910;24110;6133;5483;12249;11920;29970;5003;29780;9934;13456;28841;19826;74;22233;26070;8465;5693;25554;20148;16985;
31995;13583;6874;11669;7801;12355;28282;13890;12;1530;13889;23398;5491;18570;12927;13860;17688;28486;15752;13964;403;6646;20826;8888;7280;10372;4224;3092;13874;31480;22070;12029;28567;28070;4557;28814;16414;26022;29009;28342;5575;389;8042;22158;8730;16954;6272;29930;30826;16476;23330;13615;24923;16786;30633;612;1954;16970;17176;16011;25100;18350;12615;17457;32450;3539;6721;9796;5067;26164;28394;8741;30930;23136;8421;30718;28202;26351;16820;7510;21775;25274;7457;32226;15663;26188;21213;16030;27497;18323;13160;14109;15828;32219;25648;5405;4355;510;3837;24159;
2695;32468;8332;17590;27830;26097;23162;93;22443;15504;15461;9357;7054;13514;2125;8783;22;26380;26176;28048;9547;16327;27446;30835;24977;30057;1850;30955;16610;6797;7882;11400;2395;8302;21377;3729;26874;23970;16371;13396;12454;27909;10969;17338;16495;30963;30062;14366;2328;18106;18712;26975;18130;5710;18507;2356;22859;10815;18090;2752;23783;3049;19568;10343;26957;24555;26895;31711;6438;24282;6423;23690;16161;17974;17240;30723;27707;21916;4427;22775;11069;11326;9902;20534;5510;6801;31855;29705;9482;15429;25291;10695;26523;28282;28343;28067;30568;30257;22143;19656;
23747;27392;429;17832;15655;14859;20524;656;31609;21807;23725;8832;11662;25216;15946;1083;2798;32758;3433;18330;14551;28515;12260;31013;6021;16040;12391;7140;29873;16425;9497;1395;18264;26494;27006;16469;22717;24172;12188;26762;32433;26131;11356;13924;19218;22632;25396;11158;21650;24038;21763;5774;31929;11137;5692;24581;22318;23772;4167;22228;5682;16059;29220;28169;8301;7611;5202;8506;13293;27969;21487;29465;14956;23216;10528;14921;13009;8415;31923;12400;21498;12234;259;30606;19641;31879;4636;2445;17692;3452;24864;17945;1266;5840;28394;4785;25482;15135;6640;16638;
25790;17522;17262;12132;10032;26990;20417;22488;2004;29387;1552;16625;7855;21768;4914;1345;30942;4701;13260;25829;13273;30962;18874;5467;24057;4430;24753;17300;16440;20754;26146;31818;30009;26087;6241;28308;29064;11445;28934;15544;24866;10518;3732;20288;32312;4362;24920;24144;17712;16620;8084;9526;10733;11172;17629;29763;12880;6943;8386;5337;6654;21756;14510;13254;25444;30600;272;17872;31225;8941;12728;6801;18883;17062;14724;4486;28701;2870;5437;9570;27063;26;3516;16808;25054;5628;8529;5752;1790;17705;7269;24233;2149;8261;9565;19481;8521;17214;16322;3649;
21773;11902;2719;9997;16576;25189;15915;490;9703;20214;11432;288;4732;27600;19083;30050;18998;3168;477;13219;21771;17494;21729;15660;22260;28757;5111;11756;5360;14063;10944;25871;19275;5584;18563;7122;14624;20281;26576;24213;1309;19377;31075;7217;24454;17399;13898;16269;1404;18234;23883;1900;2432;29068;24448;4233;1331;26261;16452;17894;6239;25732;11347;11105;22843;843;3116;13960;6635;29708;5562;10670;10055;21710;8500;9535;25821;27765;17730;25424;27193;25329;32353;20858;1380;18869;25992;31977;18090;2155;14860;1200;31136;486;17089;1631;12134;1368;19042;14552;
15914;24517;15154;10590;23021;8631;7652;20207;10890;27956;32696;26580;756;24557;1000;21878;7615;28088;9282;27251;738;16192;25878;24305;31419;26875;82;24371;12883;3677;19436;26730;29924;17740;24448;26573;7832;19923;15675;20459;11412;29210;503;6208;3637;8854;24743;23303;7065;8829;27894;1360;21858;22653;31019;19794;20918;6061;2896;25346;31370;29892;11667;3813;289;31625;7660;13090;10959;22666;8448;25307;23299;19217;31814;957;32389;29524;23400;11734;15355;20716;9452;15783;3506;1416;531;19579;10395;12259;7681;759;21652;29427;24607;31217;6633;32100;9662;7558;
26651;9540;16125;18022;6624;27648;13036;32115;31338;32399;3825;7563;12268;1517;17771;18337;12123;23499;24470;23827;7538;30597;1711;29751;16632;10068;10328;31543;27205;27077;14909;32032;29699;31593;24824;15669;16690;27854;32306;7305;23662;21679;27147;32205;7285;29288;23484;7014;29156;21676;17787;963;16961;22650;10144;12269;29758;5197;7941;26719;4412;916;12978;27673;8207;1633;9402;3568;7425;2405;19040;15400;13081;27164;12158;9796;6813;27461;2344;29981;16597;19861;15244;18738;7442;24748;30492;29503;22255;8264;12528;6929;8663;12729;31333;18584;29127;21909;31755;830;
27989;8620;6078;31607;16626;5950;30226;29337;14188;26988;757;21743;15287;2029;7567;14856;10220;16898;32621;16213;1426;5548;7903;28916;8989;32540;4254;13510;8884;23659;11442;27591;26167;14731;31379;15775;31873;6270;10383;17012;29674;2501;4715;32515;13840;10524;6989;26351;20696;21092;24282;22872;20655;8929;32155;19376;4118;6821;2213;5834;8285;29260;20601;6708;12206;30954;6953;10695;4174;3650;1468;31100;17696;3385;5332;31618;14187;14986;14478;25741;31196;3002;18346;19056;15567;23119;13804;4334;22474;22333;2497;6349;3146;21153;21798;25901;26051;11185;13766;11032;
23266;31987;8290;32602;5141;22702;31606;5779;31565;10655;19738;19338;30979;3052;38;24516;633;12894;1177;10838;23874;11210;20284;10487;15364;7376;31874;10073;6269;16840;6835;28858;28356;19706;24393;16310;15825;29965;19355;24671;28992;18371;1208;14479;6226;5347;25238;10877;3637;1398;31340;1423;30597;13109;10332;31087;14610;21571;23637;16225;19428;20248;11832;28116;4732;19133;32057;10806;4957;3903;7817;11533;15563;19038;24370;19524;5587;3205;23874;32706;139;4607;31787;5186;29083;11367;30826;94;16636;24672;24167;4076;30720;2951;26780;22926;16531;9894;2298;12933;
22976;30763;8584;5318;13687;19160;12366;11088;9101;31931;29297;30908;11780;31329;17055;19478;2701;31303;13997;30699;17739;3217;16511;32675;2266;21246;22057;12049;10128;29980;25939;20553;18946;9400;5602;29618;26314;18073;8149;32348;26504;4974;14444;29331;7975;17668;23184;9908;30050;9148;28271;24127;27526;2109;5223;31022;24185;9574;5925;11653;10747;11910;18702;32555;4396;11728;20701;27128;4174;7945;10638;29199;31693;8836;22908;3694;4220;23632;9414;8643;22818;21424;16118;30081;3381;26315;16357;27444;19685;9893;24537;22546;24157;12110;16113;16082;20549;20570;15299;23489;
9611;6544;7491;14098;28259;8167;5095;12661;29324;3758;22024;16108;20693;22794;23436;17370;14305;8101;31938;18525;7207;7845;30861;30174;3900;14299;9669;4839;7253;27965;21466;28980;19976;24471;7866;524;16722;9597;14837;1234;27102;3716;30495;983;27524;9906;2935;4978;11537;3634;22725;1875;2118;31052;15753;4628;15139;27797;12369;785;32357;2403;10859;5754;25933;32388;9660;2982;27299;28976;12784;30122;20219;29243;25812;31275;11319;21391;10751;29296;25165;29146;13752;8891;16714;18052;7956;31706;5271;21988;25951;6905;29563;19891;25789;31674;31458;26561;32273;4232;
21597;25830;30238;13608;11881;13372;20461;12176;2548;6795;9838;13053;285;28165;18785;6464;27452;14900;8567;18008;546;24624;8117;27206;27810;1813;15386;5405;21072;28852;18305;20825;23688;1673;5321;14449;18610;13038;15666;13744;28613;23181;1034;27456;26378;2587;7562;28040;7715;11332;23803;18616;7755;23521;3612;1185;20191;9841;32200;6859;25374;21191;30164;4801;21805;0;12343;14512;4701;12472;1389;8752;15537;5758;23069;30050;9627;12676;4089;9787;26119;6299;32229;7711;14234;32095;13148;434;29500;16559;2832;2283;22740;11105;20689;7530;1106;7987;32432;13067;
13299;21508;21860;3771;17344;30020;21485;28554;601;13225;21111;19970;17136;7971;17536;9655;20632;23827;26173;32032;9920;3768;22842;8101;4858;31721;29762;15865;9218;22026;19070;26794;2555;10041;11744;6391;19451;16840;12483;15329;30410;17392;27339;29573;10471;963;1299;680;8140;30563;20871;5780;10867;28018;29070;25379;9497;10697;20461;17689;25154;14957;29160;24246;9469;6334;25513;25228;4201;27378;17382;143;12408;31170;12991;10603;32755;11875;10213;7194;4031;11448;29697;29109;13150;24006;29012;7050;22200;32360;10138;1904;24860;1604;26421;24151;18818;31485;8071;4387;
16403;939;29856;10171;4331;20616;22553;1628;9245;10987;10559;7476;16119;16763;8309;13868;27272;1180;2515;21765;9056;10030;4883;23974;13975;6007;12462;29876;28689;1117;24130;20068;32255;17113;15927;24461;11689;10152;23714;9474;25964;10564;6505;29982;32766;24082;32169;4000;27898;10973;84;24505;15000;13699;32287;9316;27835;28654;26779;29430;17714;20294;28833;18422;24887;869;12276;6702;20540;17036;5666;9218;2024;32084;7339;22273;22876;3815;1637;11706;19386;15727;11807;20433;32744;7887;10373;15442;401;13714;15684;28228;10605;23072;31598;12162;29891;17464;27935;3526;
30252;18586;11873;9735;17305;7940;27469;14853;1431;17504;2419;17442;3026;19772;124;32115;2776;15482;9742;2583;26400;12873;28912;16327;12619;1876;30575;15023;14249;10297;11520;13436;20735;17724;8998;20919;17544;10813;20886;22865;29497;21223;10650;2687;9801;3883;30899;1224;9969;19436;24194;30299;881;21500;23016;1191;9555;7496;12653;8998;7411;30287;15070;19577;17983;10201;17978;20922;10940;24293;12240;13326;17610;29411;23969;15481;2088;23587;11275;17911;21434;28302;3497;28104;12426;11412;25205;7691;526;18021;18991;9870;2985;6500;30211;22501;28531;17368;15718;21689;
2621;8421;31297;3427;20688;16572;28753;6585;4726;12558;17357;25896;17596;10694;17226;24836;15477;29175;2269;12571;30722;4371;13951;1680;24273;8287;20917;7399;6692;20643;624;3420;27412;30758;14641;27769;8661;15577;114;26087;6715;11987;32066;19077;24957;26365;25391;17591;26938;32271;24424;9985;27577;28603;16163;2260;25973;15911;21821;9639;18393;27041;25376;12874;18760;4239;2282;7287;30304;19364;204;26795;26752;6746;10671;8755;17799;29596;9502;4490;27871;20162;3168;11490;30139;14531;228;30465;25244;18854;7139;16462;11802;3642;320;32300;5345;14855;6579;11398;
16634;13700;14374;28075;14924;23691;11871;23645;16482;265;5344;17444;29038;1530;18955;13289;25230;9877;27786;7871;3407;15811;21742;32516;13936;8662;21142;12201;12776;26744;12243;28622;10281;9953;16713;17554;16551;590;1177;11561;21908;9390;4669;23855;5358;27038;26291;28987;12988;22423;18141;20920;4245;14694;17320;14320;32353;27613;8428;2410;30820;13257;9107;32118;1656;12324;2814;16646;8345;15499;14756;3263;15527;22514;20732;24912;26984;25494;17566;24067;6861;20019;10405;26001;2934;32631;16215;1339;22391;6071;2568;21014;13405;22498;24891;12455;27244;17843;22539;15023;
29483;24618;28361;14152;24867;30780;22759;22833;29923;458;23060;14183;839;28880;32425;13301;4346;30431;13124;17676;18234;13517;32690;21590;9691;13483;26899;10376;5775;16375;16184;3383;17764;26131;22864;11500;25230;18166;1476;20858;12647;30242;12639;32399;2228;2517;2482;6794;10282;10884;7863;6540;1841;13957;18356;24274;231;19980;20322;18498;360;23384;11087;6211;6221;27438;17025;12754;5234;27015;1884;23251;3325;5766;26822;30884;31643;18348;24200;31480;19469;18767;5367;26851;1252;29768;31701;17457;28040;19437;15474;14076;21887;14399;23318;16254;24812;12388;1955;20003;
32342;26967;24951;2530;27051;23774;12944;11982;24709;15548;26099;15080;27563;9768;15694;23864;25051;10623;2524;23324;1991;31286;27785;24543;29021;23314;24919;27277;2123;6811;6656;19974;23491;13262;27613;30546;7547;26386;21766;28212;28665;24429;23739;17410;27149;14328;21250;25779;29599;30096;13202;32314;24490;18639;12272;29203;26505;11322;9432;1307;27506;12988;32478;16804;7232;6740;21077;16329;29301;30474;10864;18431;5759;2599;21415;1005;7738;6565;9564;12670;17335;23525;3775;3124;31036;19360;27375;24767;32395;30752;24674;32462;23399;9648;20358;32037;25429;21073;5288;1007;
9888;29358;8470;4438;29855;31570;12160;27730;21306;2585;6052;14782;4011;17380;1323;26545;19586;14993;5581;25355;12524;28459;8892;19278;7476;17501;14656;6320;2186;29997;1694;26734;27652;25575;15167;25442;24290;21846;10510;29400;18454;27706;8482;14238;18692;30967;21661;30554;17798;29067;15572;29728;11571;9666;20144;25156;27105;941;32084;28781;5992;80;20479;5611;26793;30875;3892;6987;24015;7836;19737;4392;12245;18162;19742;10564;5449;10885;3806;9687;17487;28788;74;21286;21992;5199;6916;16216;28276;31879;28937;9349;20342;21794;27795;14609;13976;691;18238;23096;
11759;16778;31849;17641;12671;17704;15071;20696;19970;27638;6583;25039;7397;23350;5240;836;16788;5945;4737;25137;19447;27602;32168;6432;9276;14604;11298;645;25560;30744;8611;1361;16328;3209;27589;4036;26653;13764;7598;13443;183;13489;12013;7658;5969;31159;16806;19363;15038;28392;5103;20088;6001;12920;8313;30309;15683;21876;12915;9970;29297;29360;28843;17856;14308;12802;9207;30561;25270;2989;15571;7788;28401;24608;23627;20689;28570;14305;25628;14187;16366;16324;21014;3028;23019;21856;27332;10365;30226;14275;30543;24318;22636;12389;6816;2218;28363;18523;453;1383;
9298;24013;29590;7357;3639;11690;920;29996;21960;9626;27681;5571;940;4661;21437;9710;4204;32114;465;24464;24114;20834;18046;26449;32720;4894;6600;32570;28931;18942;13816;18303;9209;26379;12606;411;2066;16567;23195;2466;28132;30412;24062;31187;27777;21155;29614;11373;11260;30614;7911;4037;14633;30647;16328;148;18085;8387;31853;7829;32534;5457;17752;20304;19636;1615;30997;25392;14857;8367;27421;4316;20468;862;20988;15044;5364;20854;24751;13050;4515;13492;3920;28996;32385;25644;22261;28527;32499;827;25813;8166;3468;27838;2220;12931;32138;16001;25185;7076;
13732;14587;4838;4482;2051;18232;29793;29630;19342;17174;7561;20797;6762;18868;13394;54;22977;13352;21452;31881;28355;2160;2376;83;17643;30379;11454;2751;2436;13962;6251;18719;16491;22785;958;5691;5654;25154;1397;1000;4821;16363;260;8925;4952;28542;822;31939;10866;26899;21014;29835;20508;8777;13328;260;445;15746;12884;30125;14249;14672;23163;19912;21479;13354;17261;11695;28215;6244;22914;3691;8531;17502;13799;18307;15734;763;1348;27410;1051;26708;16795;10268;20743;26286;17268;10018;21641;12202;28215;5364;17153;13756;31705;20423;7583;25054;11194;27271;
30829;20870;22734;31343;24976;12501;15100;25302;19915;1297;22467;4940;11844;31573;26147;27621;5003;3975;10683;15317;472;8075;2351;3645;23188;16054;25548;14661;32539;23942;27247;25451;4289;6544;32674;29467;29203;18873;25353;7295;27999;6825;11261;408;9334;20349;22390;6286;11696;31420;27950;19524;561;17293;3;2864;8555;2855;3485;14442;3556;1672;338;13058;1849;8298;24134;26519;9572;14195;21719;8229;14650;3244;18232;1567;5687;30260;347;2750;10622;10806;10261;10648;540;13848;9085;14708;11917;30197;2197;16221;4993;8270;17964;30709;8160;14844;6402;2828;
523;1641;2862;7537;16997;18432;701;13576;26386;25826;9116;8989;1278;17371;2232;26872;25121;30100;6243;19122;3330;32266;30714;1095;3450;21054;25284;21739;4795;24111;26654;21666;17040;9989;21717;18443;3559;23951;19412;26236;11916;29935;20991;18004;12855;4500;20830;25485;14025;25705;22398;29841;15315;17996;4884;335;11608;10178;21732;28813;3028;10473;6113;32640;21884;28078;21654;22426;5320;575;9156;13987;14383;25540;29773;23819;5937;330;22608;13951;18587;18687;11670;28858;11783;5541;9517;29854;22690;4161;28242;30083;11058;23059;2197;2767;23895;4811;311;1990;
17424;3834;8151;1444;898;21191;17997;21481;3573;9443;2007;17141;5152;19903;15219;31956;19110;22268;3467;24667;10464;24355;21719;4724;1245;21910;11904;14774;12455;12998;9601;6201;31944;167;26963;30632;17421;18273;22473;7063;25738;12873;24121;11799;18910;271;30172;23176;27833;6456;16247;2735;27547;19407;571;31241;8414;9048;4586;4958;23030;19974;24636;19608;5112;30766;15745;29910;24921;11002;3207;10429;23800;866;28094;24846;20063;21848;9626;20350;25414;3907;16953;32194;8793;29103;17478;25321;31548;28483;20253;25326;6091;18675;9264;27790;21158;14967;28073;10583;
30445;19195;7249;29698;11592;5656;23728;2306;14891;8451;26486;9565;29016;4100;12569;1979;677;20522;15552;1980;1023;2366;5728;14223;23727;27637;14372;17345;30172;12393;24339;1362;21585;22730;4845;31246;32641;3153;25941;5914;22984;7798;11317;10702;19956;5731;15199;15042;30212;19112;24944;10028;7984;25904;11258;25705;20265;25460;14050;8665;11937;26350;2822;15600;32014;27089;20515;15242;29099;11255;22007;16511;11712;27675;14498;11896;9252;16712;9298;27905;6656;10385;31775;991;9429;6915;26676;163;18881;16344;3888;23167;8702;3821;32460;18521;10411;30583;1981;15646;
5583;24305;4316;32345;27291;3161;9604;2308;4847;21403;17211;14493;16416;5454;10901;25725;24825;26270;14166;26470;23295;30089;983;17755;26873;32079;23467;25524;17072;24355;16769;1905;29172;13095;3148;3535;30943;26007;24482;4889;11614;13380;866;31681;28140;8261;24218;5039;5025;10217;6568;14297;17772;23792;11167;15892;4253;11002;22252;3881;27302;25151;22841;10028;34;23169;21137;28681;29974;16959;10181;10848;31351;28204;25615;22675;23789;15583;24054;24605;28887;25292;9073;21797;32655;12915;29007;9298;6639;13527;14806;3810;29716;9778;32427;11510;11873;10983;498;27184;
12231;20664;4789;12416;30020;12345;30858;13627;31402;17028;17008;7278;8354;16175;31995;26225;13296;5755;5041;23487;31225;23502;25011;27396;26242;13412;13728;11640;24250;7745;19638;1388;11643;9066;2362;2850;3277;19796;26650;15330;26796;27805;31186;8010;16139;2298;25228;22246;16664;3441;9611;19457;6594;1224;16329;28602;32120;31293;21983;16730;26420;21111;31014;3812;9913;12477;18460;9198;9241;15462;28169;23216;31865;23184;17890;17243;23576;12309;9325;21932;14734;32699;3494;24768;22098;14507;22882;11562;10367;18725;2866;1347;4568;2417;24970;6081;2057;21273;24610;26763;
4656;6229;22941;17356;16283;4039;15465;26438;31699;18536;9958;21994;25562;14787;1738;2469;178;9313;18372;30588;2846;22148;21855;6619;7341;10520;29738;29994;29171;18662;13846;19106;8730;8203;3615;27999;28570;29608;18222;28086;5700;2524;25150;3784;14981;27631;8126;14935;24041;6352;14391;26329;31966;15298;2095;9163;14779;15186;13133;16456;14592;13452;702;16346;4831;13934;726;4496;32252;20893;9211;15697;6002;20567;25279;31599;27670;10921;15180;27263;9983;2786;27653;22377;2374;30279;19306;19387;3850;28168;13628;22083;26039;7283;21218;16860;6024;25192;17164;11912;
4171;22797;25750;16575;24421;7106;18607;23303;23317;28248;4154;5573;2301;4989;14452;26963;28638;26491;6872;15954;13987;4899;9280;22594;13473;27395;1868;20048;22301;20192;28167;1646;14;7520;28360;26281;16933;4102;18519;12471;7691;4963;10577;15312;9450;28555;1742;192;9262;21703;17984;11321;16013;8329;16031;11117;5700;28325;21699;26332;27812;19133;14097;8043;23246;5629;31833;8631;1979;29961;10751;17320;32639;23092;25945;24649;4046;32755;21593;17879;19903;26513;29036;18968;10448;12324;22177;30957;12074;22975;17422;4395;26407;18665;25968;17319;25106;7758;6929;26768;
27694;14005;18927;7938;32249;26418;30490;2775;21169;18845;12894;9409;18456;11586;5154;20630;27509;32730;21136;11754;22491;17083;12790;22243;18861;24651;21612;329;2914;30138;11448;13789;8070;25841;6254;4588;19457;17093;25948;18211;27292;30065;17956;19877;8897;5955;31275;31835;28802;29077;11442;31627;7390;9215;20291;17837;2879;19403;29519;10874;70;16297;26389;2117;17867;13220;6597;12174;20512;22869;2790;9429;18582;20567;18677;13484;8515;31483;17231;3600;5634;2876;29521;22265;16058;23541;8381;28464;5860;27217;17759;21857;7751;899;21489;25201;30470;31416;26173;20241;
9437;31562;5761;14228;20904;19255;2071;4605;15141;4561;25429;19037;11770;30391;18611;31068;12794;11523;32555;26901;19364;16069;25062;23591;30444;11441;20756;19208;16191;13844;10780;2973;6337;23821;2805;5896;24281;31481;25811;25026;7151;31023;8711;31209;32372;494;25376;24539;7971;15763;5975;19715;31879;28687;29738;23795;20414;2713;4166;19635;7804;1440;9642;17497;11859;5892;16138;24282;15665;6277;21617;25632;9002;12924;6955;26973;16759;7881;3298;19358;25279;6156;27143;14499;28822;18712;15220;14830;8772;20644;5967;30234;2247;11588;11569;7278;7195;9624;23943;11954;
11704;195;24633;7489;25693;8991;16010;26976;9484;25392;9280;16846;3413;10966;19460;19869;25304;14534;2827;6463;7174;5690;16374;23012;26151;5352;10487;31492;19617;26929;25910;10807;25975;13468;9587;21837;10000;5250;20460;20123;19258;2315;7041;2963;25454;18521;26134;12696;598;20994;19001;25872;7820;22212;14340;3770;4773;18548;5445;2881;24174;9784;10461;30994;3445;22774;21862;6251;26315;13324;26393;29109;18953;28226;30958;13844;23953;9980;13572;3644;29206;19381;29764;19334;16223;29096;322;12099;24135;30672;611;15440;9225;1299;20293;18155;17082;14011;13659;14020;
21271;4901;28632;12119;11137;5309;22223;4730;10310;24874;2456;4402;18722;197;6261;16075;18438;10832;29045;23080;3351;30437;5273;16727;9210;4652;21302;17256;5711;15057;7834;17536;20347;10037;10738;26665;28075;8804;25452;13804;9238;30024;2200;27682;4738;28700;23060;29959;13833;10274;12904;12816;22301;15769;1071;4479;6346;15850;888;8756;3387;30242;32363;6598;29568;18852;10544;210;654;24864;24844;31123;25991;17855;10957;21683;19772;15520;28777;26721;15089;30344;16866;23972;26720;26581;7532;26607;28928;23732;722;6901;8326;7572;22038;21182;2732;14299;21848;25083;
20530;16087;9720;31383;13603;6391;15615;1166;27738;11579;9915;22274;15428;1257;29098;1932;24808;13698;16538;17360;20260;9972;18445;26964;15673;2577;15074;20370;5258;4928;27186;30795;12448;19826;7289;6687;3954;6488;24566;14683;22243;11476;23636;17170;21389;9901;26505;24175;21693;2694;25087;26697;2494;14609;7665;19704;17499;14464;22041;13415;17567;24892;30600;13419;29151;17114;17109;32083;9467;21835;2169;13505;26592;19026;1146;29368;20049;4923;7495;5365;19432;28363;2531;23683;11095;4979;9030;2442;2804;18888;25857;26984;629;2872;24864;2818;22007;30965;11092;3420;
23110;16182;32594;15464;28248;14495;9846;28700;11802;26109;24748;25031;17008;3639;21648;27557;29302;6786;19156;26289;23053;723;14562;6842;27027;24218;24259;29881;4849;28077;31808;30562;18395;11650;24903;6649;11603;20130;23952;2407;10351;7770;21375;32653;10333;14516;29261;9432;20900;5798;23395;12310;28332;19592;14086;14472;18817;3275;31801;28216;21204;17129;28639;11404;14915;23192;7969;6940;23514;1859;22799;20673;9945;8122;27530;11502;25015;25129;10081;23364;28520;13383;28602;13664;31196;13263;22708;30456;9672;11060;6474;30758;13224;16017;21627;25091;12805;25822;32167;4472;
9459;362;23613;7249;18143;12677;29331;11411;18055;8829;19477;9744;9802;973;30370;19000;8354;27024;11059;20018;13807;13116;27070;5932;18294;19084;3162;4335;25513;20158;5539;21174;10153;32767;15968;1600;23049;32548;1635;17700;8917;13722;19633;24677;1234;31136;13027;17990;31752;17075;20428;31327;25982;586;30044;21489;5189;29892;3524;30327;14263;32415;21467;14461;30465;27114;27329;27829;26079;6141;6338;16712;13991;31591;10621;10602;19849;28200;15173;1329;6421;14369;31687;31655;21501;22984;6125;15134;5149;28448;25347;5059;19128;16105;31001;8310;6661;18963;24744;29145;
9194;28537;28536;28583;13831;30668;30400;25672;30454;7629;31376;26274;30929;26304;30828;5681;21749;24349;313;23898;13574;3976;10846;11772;27956;15875;6691;27721;3004;20323;13148;31700;433;23808;9292;8938;18684;21169;23748;14374;11170;10488;12171;20032;4165;3961;8962;21030;28654;7089;13576;20302;22793;20452;5660;20042;9137;3671;8129;413;15150;19648;2599;13517;8380;7163;9479;12729;2958;22526;6095;4141;18963;5135;27903;9140;18552;5941;27859;31661;24686;31980;2850;10657;22061;19996;27782;16852;9913;9804;18109;18970;2916;14611;8271;2796;22164;19408;13169;30395;
3526;30619;30762;7044;25811;18300;6580;21157;32370;1754;23333;8943;5631;21558;12111;2300;30331;19481;2020;6595;25299;24650;8158;13161;21349;12101;17693;12379;11456;28649;25938;20633;21419;17777;25117;19797;17002;4005;28786;19132;828;2897;1857;7188;13352;22263;8534;3591;30713;12225;22142;11070;30856;31417;4075;12082;24121;28220;23513;6975;24776;28588;9330;8699;21830;31078;19951;23749;23902;7412;1;32673;7133;30083;7791;32579;4722;7831;13568;23913;3249;765;23195;3950;15454;6146;20397;13084;27369;22754;23499;1475;25653;5763;11929;20871;32413;28515;18410;17662;
25657;975;11048;26875;349;14935;25079;10404;15459;10366;4629;8139;23211;29622;10884;9083;14047;16011;27628;14544;11388;30238;20539;28172;23694;5077;5518;18920;12219;10065;28756;17704;14722;15520;10416;626;24773;29364;10016;14432;29061;22036;13405;468;31726;21458;28802;2188;9363;22717;17775;15862;18938;28887;22640;5701;9051;31498;16154;31172;15525;17686;31606;24682;29634;9166;866;19375;23324;23428;22323;4767;9568;27842;27551;13357;32386;6459;27355;9161;30209;13568;4352;17461;24172;6135;10163;1172;17957;17290;25861;21444;28005;4252;12696;24045;23936;31169;6660;18522;
1386;21934;28536;24456;32634;5614;23461;27517;25711;24023;27607;7771;20401;1469;22373;20789;30937;24165;1356;801;1650;18620;5399;20111;32257;30153;28418;18649;30020;25313;8030;27;26808;26138;311;2884;23389;24322;31797;24685;9149;24464;22976;25962;2603;24922;30055;28319;7241;23305;19587;8213;22989;18954;12567;25806;7812;1159;9211;28757;28055;26518;6714;32408;525;13744;12728;17914;18577;14692;6424;20389;9845;76;11996;10781;12792;16961;7118;10779;16324;18635;27807;11672;27067;27355;28367;5416;29427;28861;21708;26505;11519;29768;25950;21372;17009;4440;14914;979;
2716;31358;21014;31180;19103;17909;31093;24989;1951;1752;20322;5456;20051;1683;26858;16849;5062;12952;22533;25158;4952;4691;6590;1438;19974;22879;12179;4717;3820;27130;26655;31991;6408;23478;6902;9098;25153;23154;23505;17682;32680;29065;26859;17895;9981;5961;22698;14057;26997;3239;19074;21199;3002;25904;7959;26044;7988;19267;31649;21267;16519;21630;7317;11661;8029;31350;15234;5513;13157;2987;3128;20899;17052;10427;5424;21895;7371;8661;26408;11016;12368;18545;30734;29036;23586;2366;9503;26378;8976;25180;8272;12568;9289;2508;19693;21950;32033;22565;20352;7278;
30738;19336;21748;18552;11521;14037;21754;25049;30403;28959;21420;84;25056;6494;26224;19653;30871;16996;32;11441;4130;6931;18536;19489;31547;26316;623;31153;17886;23082;18105;2276;24145;12273;5196;11962;20322;2625;32017;3205;28656;29712;29054;23800;11180;5847;28530;30593;18721;30858;6240;7641;20722;21966;29360;18393;31331;27751;23138;24975;16667;18927;25845;12177;2089;29390;15495;19857;28228;30054;13885;31538;14167;15758;10213;11034;28477;15426;16602;2120;10696;14232;27176;26024;1033;22262;29169;19429;19147;16259;1552;6527;27233;21723;16891;26909;2978;29191;21486;12836;
561;11948;32070;22408;28674;1154;29227;6371;16921;26888;23665;6596;27285;12151;1472;29513;31726;18164;27891;1008;2427;10505;19135;29098;28983;3158;18837;4657;29380;12164;29897;11676;14256;20603;8947;20273;12536;9173;24470;6266;28106;24722;6143;19099;20367;13325;3952;31202;16169;12846;24190;8096;18297;5602;440;32311;14629;26056;15241;2933;15256;20782;19808;21792;28490;22843;19469;5074;1345;6765;4975;24583;28632;19015;7500;15733;4287;15683;16256;28828;2115;2318;5466;21149;2511;5876;6211;5967;22963;15001;11168;14736;22565;8427;8186;473;15749;11092;29020;23318;
27622;2868;17661;27060;31177;12686;27167;6395;23083;26370;25143;4766;17859;8187;13390;21648;18821;24873;4007;22810;7786;18482;418;1323;11891;3236;17120;20719;27372;3375;24488;24226;22510;15633;16266;29607;28967;1489;20546;2004;19421;28976;22495;24337;6705;12125;12836;24865;29601;19816;32046;9151;1745;12281;31063;23277;6283;9794;8283;9097;29700;10546;14265;23585;12385;6891;25180;8;28537;6775;30075;14505;31197;16310;5310;6428;23574;21403;22946;14327;26925;22680;2590;7015;18033;30551;8839;11135;25716;9131;14001;7887;2391;3526;28247;5433;20551;13228;8380;21760;
16968;9960;21395;24098;27697;23165;8476;18408;5624;3359;18833;7355;32560;9123;29632;10297;17616;1973;24825;27528;21558;24265;6186;11242;3948;11604;19529;20370;1705;14907;498;31927;27419;18059;14418;12006;7907;28012;6467;13980;1634;16464;29880;22292;32435;29552;2908;30302;7544;11897;27766;5041;7642;21890;27408;30722;7883;24130;28248;21717;5774;1408;8518;17748;8058;30922;17791;26014;507;18538;11642;29793;8153;13718;8673;12971;9405;12519;13882;30205;8177;7437;20678;8354;27495;10688;27049;29758;1021;23289;17740;29354;14079;4195;11776;16639;18669;8460;28900;16625;
31103;24417;8712;21599;2279;6489;27602;32551;8790;26864;28065;23359;20417;26839;28081;4866;23269;8554;25151;21959;16265;16866;5613;31416;4867;31180;27495;17890;1277;1722;1095;904;23929;19000;20278;28093;7187;31745;16724;4146;7302;19571;16091;7756;25714;2881;30463;28537;32349;9832;14104;5573;1527;5476;30978;17064;18850;1187;12484;28194;9521;21818;7537;29706;31216;17623;8524;7076;26597;20982;25903;15729;11350;12376;19246;31563;18828;25009;29815;16049;23510;18082;24188;29023;16336;15334;23381;9249;28132;6096;26975;6122;12050;7157;11818;23840;3821;12070;6290;32059;
12006;29601;28203;25230;24269;3463;18403;29284;7829;11665;16866;3407;27992;13311;25269;27069;2458;32722;32172;31948;1746;15931;5248;25952;23591;20051;31801;3442;20599;3340;18767;30123;26525;7528;18192;24369;13556;233;32321;18369;14103;5192;3848;27646;8427;17514;25098;17416;13280;3983;29904;11857;3955;9933;17775;15532;6648;17341;8552;22439;26262;1652;23501;11291;15507;28596;11941;5889;9169;19300;19346;903;6809;7998;24497;28516;22680;29128;3778;2408;17191;32133;10633;7767;30416;9324;9075;18423;2573;14233;2941;4712;27986;26435;3154;2996;3150;28398;14259;29095;
5231;20961;8476;29153;1188;15323;2981;12329;27238;23042;12070;1796;28665;16412;22686;13958;8175;11777;27094;30057;495;18768;31809;6236;29876;8034;11047;17309;26968;892;18690;23242;25555;7497;1065;8949;25791;15239;16043;19190;8286;16128;7550;19973;9949;12732;4825;25736;25050;24181;26590;30505;2853;31819;2428;18476;195;17081;7316;18175;6713;31176;7514;16915;25351;23170;3583;27371;24178;21418;30861;24691;14470;1706;18450;13202;2140;4301;15616;6658;1945;29870;212;17248;25399;14321;7414;1151;2440;2352;22752;19714;6519;568;17283;6954;22290;23158;27622;25068;
18757;7596;3345;5447;25832;15080;12585;20692;26877;32695;4060;19615;20530;21398;11264;5173;31662;18345;29814;13310;31497;20144;27733;20685;5532;12598;7748;23990;30972;4619;24360;25632;12481;5877;9216;4634;19340;2467;28428;755;20808;1250;6197;30212;28335;532;29865;26577;31248;23261;8646;16721;13648;4895;30521;4489;28976;32553;25703;1376;30157;6699;15628;4526;21613;8429;14625;918;1656;17601;11268;27414;32197;2743;14035;5084;2583;11023;31256;91;14312;1268;2732;6943;3173;31335;11733;4701;17081;18553;8370;4559;28302;12221;28377;20158;10193;253;7230;6753;
9142;25132;9815;28261;24317;24476;8317;10189;15731;7537;28566;25596;17083;15702;26865;13328;18510;19566;22641;6770;21697;19853;12782;1707;30791;13225;29144;17274;21110;24715;28957;2851;9550;31690;12365;13833;6519;13818;24061;14207;6090;19489;7273;23772;23571;24426;19037;717;9493;29982;21333;13552;9679;13007;19171;27550;7166;10967;22353;23560;12259;19713;12167;3717;326;20357;12336;12074;1467;9274;19481;19612;7204;19975;23513;31010;31095;10906;4279;510;21186;1117;3784;12542;26732;166;29272;19534;22205;15919;17547;18576;20384;14277;9028;24878;8616;16196;8262;2799;
12370;9410;7066;29897;16778;24075;7472;2807;17520;16974;29129;12363;30043;11797;3859;8644;798;9082;790;14435;6539;15000;29392;32059;30006;30273;27676;17352;25724;20719;3801;16001;22979;5628;20807;16816;29442;23317;25524;10370;6789;11756;30553;4186;9450;18989;27775;24171;4208;27572;11238;17286;18801;4349;12134;12848;6188;16859;32215;31480;7112;11885;7727;776;30358;14926;17898;18681;3991;18445;18095;11244;3390;22749;32560;10454;28022;21645;21330;539;24295;3514;28558;1375;16245;22083;23446;25496;25610;14333;8252;20328;3478;9640;1168;21931;12116;14370;9801;9292;
27214;19419;29031;13148;25123;4745;15126;1125;20232;27933;980;27643;28941;8693;9430;6549;18594;17235;27816;20891;14425;23054;28437;3520;29677;10375;3142;30610;24708;6623;29486;29007;18993;12647;8997;8443;4797;3672;12498;12719;15783;22469;21071;16180;32105;9421;30344;8145;9725;13589;27620;96;10400;3446;23080;1703;31958;19698;5016;28134;6830;19949;351;20909;27207;26521;12080;6896;19603;25523;14894;17245;8539;31853;9993;25325;28291;30379;25450;15290;3216;11377;30354;14352;31847;7068;9534;3782;19031;19665;3277;463;8794;9908;31140;27404;31128;346;31954;2916;
28973;3584;1264;20503;22060;26365;32331;591;25316;23541;15942;5369;9570;20048;15865;1234;12087;12778;26654;32453;29307;1548;32302;16500;28689;23196;22727;26389;6957;13712;1873;8319;5652;27816;4833;29316;11299;18269;26717;3202;11539;32021;11746;22325;3451;25496;1890;14031;28822;25031;3730;13131;32583;31372;515;31486;12378;1037;28558;29551;26125;24357;24054;19560;1231;17172;14793;18765;26439;29045;2439;13485;21400;26225;11526;12823;21988;22835;11285;25135;9231;8347;22624;3328;28357;20535;18068;18068;17342;8559;25283;16834;25920;31999;9225;17736;15078;14507;9072;30490;
16289;23853;6673;29177;4348;2163;2684;22854;932;16391;6490;24345;24871;18383;22865;28814;13052;20726;3624;31839;16068;5418;11052;1976;6095;12808;4306;1350;27106;22740;19869;8850;24887;9838;26178;32653;21446;14209;26891;1131;4035;19710;20601;18869;29544;5321;31021;18074;12788;27314;12040;14727;27124;9638;5522;32503;28865;17702;28568;19083;30538;4857;2586;30301;27667;3358;20068;23698;15998;11269;16250;28462;26442;22783;26297;556;23129;10482;29628;31695;17846;12113;4989;24371;16854;32075;17084;25895;22302;8515;8101;5951;31910;14977;32429;8484;29757;29991;18109;19503;
10157;614;22674;22838;27456;24817;1380;11430;18818;2482;22725;210;15433;21693;14797;4747;30451;10882;10100;31729;9711;21830;5183;12680;18303;1748;9503;21903;443;26223;22422;21901;6618;15116;21275;1580;28845;1470;27072;12618;10348;8306;3090;19022;22453;13532;13376;15544;28114;8113;3200;2301;11323;5143;21679;9105;22875;4954;19255;19013;4247;3296;7478;17363;21389;14943;8669;15799;16537;3149;25878;15425;4766;15000;17769;20713;19971;19864;10528;2786;16123;13122;3753;22002;11530;13470;31805;15232;26565;24443;4799;14831;4313;14433;18407;9770;18254;18631;2975;19328;
6157;23942;23725;15795;22432;2446;4243;4427;18746;16599;21171;28208;14071;8091;7863;12408;24420;12739;14896;2942;23618;20127;29053;25396;26247;23769;7151;20410;7078;4780;11051;32559;10256;1617;18895;27079;31483;8890;19800;3101;26466;21635;32579;7115;22093;806;370;27193;28242;10862;20946;27058;21596;10286;12603;2237;27051;4658;29079;22442;11036;10358;28487;11371;5547;14230;14786;14501;13366;32646;12159;17927;14980;29315;4374;3291;20869;24649;20386;22746;30939;24967;6761;28741;8602;6032;28607;28977;26188;5203;13607;6435;1081;32397;6844;10972;31205;17981;19919;26230;
28377;32089;16082;18352;18598;10431;32372;32391;4392;7534;30222;22022;4616;15862;32574;32094;18820;11309;7889;26425;7283;17188;26343;13132;27011;27993;17489;22059;25030;11054;15166;29538;19053;23962;22295;7617;3027;10527;20903;29175;12733;1276;13695;16227;16608;19107;32665;13094;1443;22893;1083;14717;16423;8845;6942;2382;20868;12611;22224;3584;20054;850;19287;9104;6777;17843;10263;22753;29200;18827;10486;11348;972;17755;8893;30361;107;13942;11969;30661;17278;30393;14788;15012;31088;23158;31254;16976;26308;27313;4351;13826;13470;3983;23394;32553;26245;16139;13722;3513;
23911;1003;13992;14022;3037;28914;9872;24913;16305;21592;13312;30050;9374;16247;11571;16727;25686;14023;16405;18811;1994;7692;1448;13786;32165;13518;23718;21076;27161;14090;22376;21745;9183;30247;16646;24180;633;32299;32192;26931;25019;6959;19100;6693;32393;21265;8273;10301;4322;10088;15716;19958;18206;13245;7057;31024;1651;31736;21612;11578;5310;32536;14664;19248;3968;25127;8792;13447;21543;18285;14612;31718;15760;9701;16862;6199;23241;13549;10470;19967;795;16449;22091;17130;27464;30762;3459;28587;8209;4595;23548;25602;2555;19613;23299;4382;24147;11732;18662;3622;
8560;2849;15701;2835;7736;13152;32014;26048;30438;19573;12474;5444;13066;14651;785;24447;28368;7101;27205;3315;3974;18345;8350;3797;8537;14593;4193;19300;16991;25364;14071;1146;16091;27565;17227;3169;17084;9866;29556;15591;17510;25871;30100;25781;3253;28220;20480;7900;63;13021;5281;18609;3546;4608;25498;2523;26207;16812;298;8874;25005;12240;724;29867;13552;28538;22462;31097;24099;1609;12376;7125;26835;11813;2365;9977;28710;24365;23902;16426;541;13809;17245;7821;18454;2530;31287;30011;6293;18439;10534;17303;22083;26097;22214;32736;16439;240;23414;20482;
6005;32135;21249;17586;15796;15134;20862;19129;12645;12279;24436;18064;2800;355;322;3630;24385;27702;19902;13598;11139;4472;22557;24276;11819;31581;28947;2881;20793;28279;826;4517;2490;23339;3768;15781;20626;866;2077;17053;6264;10368;7818;31031;25922;21914;11544;6973;26723;6628;23415;29099;18098;18280;12758;10505;27501;2558;9219;16375;3197;27256;22484;17418;17403;4637;10949;20694;25332;25177;15074;1356;24937;13490;30440;25415;3994;22270;31143;19809;27781;6099;13482;5899;17833;30528;11802;23261;1039;20410;21984;2858;19083;2905;13834;28888;18752;14661;624;3182;
27234;5995;19351;3439;15424;25716;22741;21479;15489;3575;28086;12355;26797;3821;32415;21861;14320;4710;6321;12536;25115;11899;240;7681;6124;19332;20133;9655;4239;2955;1281;17045;4196;17920;28674;22957;19715;27565;18587;24127;21118;26349;25615;21386;19942;19481;29342;8418;24848;28228;4451;27651;25496;11304;13181;28069;13607;2399;9837;29777;1266;26583;13759;2418;12931;30080;12781;27823;11196;8775;24192;22904;27673;12872;2936;19167;309;16447;24046;12714;14480;17472;3064;20646;23183;29353;4045;13118;5828;1876;5673;29259;1392;20753;11251;15150;25158;4435;28446;19741;
25714;1065;18125;24762;22490;9328;26298;11754;23460;72;8664;996;27128;12740;20535;10120;3335;20454;19496;27635;25932;27594;19107;14672;25873;28193;4837;30192;25910;26849;22877;1438;30510;12603;16841;21292;6218;21966;19613;6226;10810;17690;13220;22457;21713;14391;31209;15698;13576;13766;13016;22764;32070;16681;17569;26374;27358;2543;10717;7137;13529;12178;30324;9434;22519;28005;9150;21495;25584;17096;26600;10688;11775;27550;7322;12624;3233;15617;30934;25259;155;14900;8740;32594;28474;30168;22764;7445;20958;4963;17443;21289;32442;31951;8233;15738;28373;8335;21746;19010;
9556;19399;14181;1499;7164;29884;31233;22738;22771;2442;4294;27708;4550;5909;3155;10317;32688;23617;12364;294;18714;7526;18686;1519;9310;19454;1094;26150;6096;22177;20910;24886;31487;13620;3546;21580;7480;1373;32035;23142;13644;19257;22913;12973;32403;10834;30638;24836;10033;10955;18312;15585;29592;24286;13240;25179;15183;31881;9361;14725;8945;16259;10810;2043;14200;10101;4624;16570;20155;26215;27462;1589;20790;4984;16078;4773;20746;30163;32381;31392;4676;31710;28522;32237;26722;12981;5015;23191;3348;20950;22227;22080;21567;12062;734;29112;24903;12020;16079;31438;
16782;1220;7603;28774;4152;22447;119;27852;1842;8064;20232;2632;8562;19938;19640;30195;12928;6097;3044;9416;5941;29519;17619;24318;25538;7512;5090;5526;13045;15383;25310;13872;31416;29018;434;28962;2523;28996;12866;9675;4883;28993;11158;26917;26946;831;22587;23194;20728;12572;21478;15129;2874;27738;27739;31336;32131;9754;10637;11964;6921;9032;8455;10887;29505;24851;6282;9361;2469;7584;15352;9802;23221;22783;27248;13407;12860;25182;24251;25995;14036;17788;14055;23472;20140;11361;7985;21286;16777;2381;9257;15442;15371;7406;28688;4987;6194;11477;30597;27354;
3872;32299;22881;23280;14369;26784;30175;19741;30952;5541;256;21613;19228;16347;5165;2229;31507;1739;798;6111;17373;10967;30716;386;27780;17776;6850;12470;19090;20874;18409;26662;19924;6221;6724;13414;31070;22030;19497;22663;28111;11133;13265;26857;26838;12064;24321;2129;24053;13056;4586;31547;3205;4770;11599;1394;14075;7480;16357;17885;24425;28697;18175;1180;11592;21871;25194;10068;24692;31535;32662;16326;30072;5711;16375;26791;24332;17971;7851;25771;30940;19560;6493;13284;6027;27796;24681;4938;23032;2221;21057;6811;8128;19818;17935;27749;18692;759;27036;11360;
9068;21997;13936;12290;10347;11393;16955;7502;28869;23548;28275;27629;335;21099;15167;31871;21750;2199;16788;14899;18435;20535;6301;31381;18590;21093;10849;4008;28816;21071;15264;16437;27725;2095;11005;6754;21297;10365;11107;21638;21770;27490;32161;12348;24791;10353;27991;5047;10447;23186;5398;19797;10149;8254;11715;13686;2827;3058;27964;8846;10101;22749;14398;25465;22815;22492;11143;13327;30289;10409;16439;24569;14050;4944;3964;1987;13563;5602;31086;15409;27421;31340;13112;25559;21349;2346;121;7908;3087;11001;7146;7487;9530;4107;4928;6869;31722;11998;6740;30257;
18003;12143;6529;5453;13653;5803;31565;3239;20291;17958;32076;15512;26600;9231;2114;22753;22988;32612;21384;3719;25779;1122;22449;15330;21863;21824;21612;28400;23223;6940;28076;7663;11200;9014;9223;20010;25451;23644;11356;7443;13623;18597;27321;24466;24377;14178;5244;19357;32097;23378;15800;24585;8702;4373;21978;32415;22404;27107;22412;27763;28557;20094;12249;11377;17183;20069;8338;26681;18477;28491;8689;23341;8288;4295;1917;29639;1303;14413;27693;7985;13484;22877;10704;29455;17657;28154;24492;10655;32538;29534;19558;9221;10357;7916;32546;26336;23800;24422;9194;17697;
24226;32352;28500;11549;32325;30197;27999;19425;394;20152;14239;31429;10805;6637;22170;11076;17066;23546;21105;17674;21424;31512;14019;10831;26486;1614;3534;22116;32212;26784;5847;19083;5586;23684;15308;15628;28782;13205;2601;16005;28826;18059;13080;18818;15493;8555;22236;28749;1051;16379;8047;7432;4303;28281;28266;6136;664;8844;8742;18468;24121;24699;13857;25119;20678;157;17059;31010;19556;26897;8097;9821;25168;4014;12001;14991;32291;22589;4447;11733;26196;8934;19440;16831;9726;7913;7973;2473;17379;13711;5746;19785;27314;8543;4751;31108;26245;1428;21279;4998;
7086;6607;17296;25105;23219;15882;3906;16661;13719;2765;16619;21378;14939;12708;28986;1882;14021;16848;18618;8202;26976;9533;22778;15098;17348;27060;4331;611;8727;10834;20617;609;7124;11577;24509;21577;20939;2437;19586;5180;23914;27010;29768;21756;17722;15644;15509;1535;6828;28822;16114;32706;9494;31615;27653;10848;15865;23522;27131;29283;17029;20926;12841;32730;15967;28341;12786;25516;13217;19976;29419;12075;9251;2243;3645;10732;16377;14901;28491;6615;23868;10403;10645;20858;7438;26174;26076;30882;25048;32337;10888;17197;31446;703;838;2586;10454;3501;19445;31458;
24636;2940;8899;20747;27722;24826;17811;19962;22430;16857;24227;25353;15868;19296;1131;16857;27470;14176;28872;18154;27625;15210;13145;29288;29202;26687;25385;25416;13505;7560;5007;2196;11173;26055;4179;32003;19559;20110;9490;16589;11571;4335;29668;17853;12405;7731;7995;392;7648;25806;19215;31325;19637;24979;14648;445;17218;20773;1307;4493;28585;5550;17032;32618;24034;9427;995;31292;3843;4583;2946;1550;21951;2142;11351;27165;23597;19077;7631;17710;14027;2161;18169;15397;10435;9013;17643;30420;32109;12377;12386;24337;6932;20871;26280;22027;13053;13446;22971;21470;
12965;20333;11179;9572;23115;11536;6468;15438;7342;23999;30701;17780;11288;24624;19152;31082;22683;5817;13115;23380;9115;7362;16454;23035;11405;4219;25015;1824;23293;9418;546;22800;27094;3976;3157;10872;14302;10220;24563;27771;384;18759;31070;16130;26574;19954;20698;25427;26822;13957;13552;15590;11476;20810;9233;21619;19865;30194;27004;4432;31211;10630;354;7418;6941;16032;2119;9458;24448;17882;14763;28362;20009;25223;16874;29311;18421;22433;26465;28425;6603;24835;20178;11569;1057;11480;24329;25763;23490;2388;1984;30532;10190;6818;28609;30405;24834;11549;20042;10361;
13881;30658;29621;31587;31283;25317;17752;9364;7830;10020;12459;21940;24626;22682;22952;16862;2185;12885;2168;25777;26767;13833;6731;16291;28846;29701;31112;409;2573;3943;24870;19637;5394;21132;28505;3695;12582;26571;19314;7656;12728;2659;25344;5242;25732;17329;572;5268;3349;2215;19364;29381;14728;19321;21221;29974;21652;21913;24318;7325;6343;32230;6051;11599;18706;3873;8671;26646;21128;29344;28670;11044;15203;29510;18602;27782;840;11442;18772;17148;22732;31415;26582;28936;18486;32012;14166;9797;18310;837;29805;27386;17335;29954;7304;27119;4930;2663;5263;3199;
29155;26828;8901;7407;27039;30645;16368;25342;19718;516;953;28349;9910;30573;12373;1441;16928;25131;8549;26071;12687;25841;8731;21463;30054;21796;28319;9788;10408;17735;25777;17363;22206;5047;10127;18418;24181;20888;15129;16651;1607;5647;23091;15744;9691;4529;3179;6841;2255;30268;16092;19061;28340;1669;25681;605;19546;25266;24750;2527;12878;25769;17292;6713;31906;8393;5668;1236;12268;24279;16494;5076;10129;7995;18826;22765;31044;108;30558;24184;12745;6313;4481;28358;20223;6122;19287;26036;6941;17942;6526;16511;19772;12662;30313;24538;4886;8554;23115;12350;
26637;8538;27191;11394;23919;14320;8837;28331;14328;7812;119;17157;1688;3288;28445;29043;5751;27910;31605;12547;26679;2998;5079;31173;2681;6292;22160;10462;32162;2818;13262;10968;1247;16137;26300;8252;2150;24214;2541;12387;27903;27363;19198;32393;1219;31283;375;29987;32036;32194;11507;23410;28206;9212;7809;26969;28429;10989;20809;19820;21454;14073;13939;22857;30826;461;30788;18475;15616;30101;30858;21436;5986;2159;3643;2859;24019;27680;18009;8319;12047;26119;11288;8235;7052;25423;23619;18146;29696;7528;26588;27052;24867;25271;18947;9274;10422;22412;29976;16758;
17348;17237;15140;4703;10792;15890;5493;10004;30543;21001;3977;7726;19519;26043;22830;32339;4824;534;17382;19977;1626;18668;12176;24007;9512;12196;10821;30802;28620;21040;18305;27975;6458;29247;29315;10739;3161;30387;16374;21611;27327;32597;720;7385;26812;24775;10363;14613;10907;7355;8243;15989;1828;10851;20911;19941;21350;9000;26371;17978;7091;10143;28101;28867;28139;4281;4974;23585;6398;16698;260;22873;1452;11116;6646;20264;3215;24340;8776;22423;27996;13221;4079;23502;19302;25268;2943;8749;21347;9900;25603;665;28275;12739;31276;13588;9822;4396;26287;28305;
7965;20622;24552;16390;18845;29110;8899;27586;13247;3209;25308;9473;6563;11068;1509;28094;7206;14023;11849;1736;16553;1942;22798;9752;7701;28290;4864;26466;23323;18945;2316;10986;25025;31641;30698;22169;27674;20891;16127;11600;20052;14605;6785;12412;8697;19432;18652;16363;13934;3972;8020;27614;27328;30544;20972;11615;21663;32710;29319;30932;22699;30110;27470;24277;6127;15682;30801;12091;22187;11907;25713;21113;16471;22666;3453;19760;11492;16913;29595;8701;19269;31187;22506;1430;21806;2880;11877;6421;12316;11126;26379;7827;8085;12909;21053;23545;27825;13425;9319;8211;
9945;20438;23778;7654;25039;743;5145;4676;5358;7711;29931;26525;32692;9884;25937;19480;14205;15568;8769;28130;17041;23418;21202;20934;25697;724;22176;30719;32526;9230;21362;17226;11819;24828;17946;22079;32452;29708;6813;23264;26783;21626;3988;26739;27841;27335;26834;31629;32052;26983;13639;13424;4616;7610;11300;20374;3992;19773;25920;3214;25103;29442;28859;30471;29226;29021;4577;17963;22335;3041;8529;17966;27262;15754;23134;38;8055;16188;6069;5149;17884;21100;17216;31076;6280;9245;32075;6443;15809;23567;16102;30543;7354;11315;31626;23923;11356;29793;1535;15442;
8006;20045;15484;14163;4371;5560;16401;3679;6363;16611;15170;23023;25852;7497;31733;19817;17434;17549;25742;29612;16228;23986;30808;6633;10777;32394;1831;23734;19019;16753;15419;2909;32484;25403;5224;21882;1766;32106;32628;30405;19959;12452;12481;21804;25116;21349;25387;17701;30405;30962;5172;26690;6410;25742;31327;23045;31028;15599;15065;7927;28031;5107;8798;2548;4638;5776;25947;3017;10880;30985;11088;8449;10194;29544;27001;20987;30917;25128;20653;31040;1681;24370;21126;17428;826;26379;450;8523;27921;24139;20969;4702;27519;2897;31280;4798;26878;22581;32670;2408;
3688;28926;10861;30906;884;4629;27315;24709;6269;6906;28738;1635;15750;14646;31180;6219;27260;16273;8011;23906;23738;32132;7071;26900;19923;10993;22905;1124;1931;15378;18297;16768;31014;12720;14227;28057;12774;14741;19895;21745;25807;13123;16817;3382;22957;27878;30798;14862;28504;11400;14272;32755;4919;22916;31555;6465;20995;23101;10753;16781;26061;31247;13619;27449;25923;27526;24970;29509;30767;15054;16333;18280;13632;17515;6339;12896;3341;1066;20563;17030;26199;20568;1002;32421;20366;21809;26653;23820;27031;25755;10640;12514;28621;28181;21782;442;326;13034;2841;359;
3927;2730;573;5138;5466;19418;7488;7818;32174;11499;6181;3802;22528;12649;4241;21281;17609;30581;28021;12958;14872;31093;27117;15627;1426;6154;18280;17452;12215;67;27402;5031;9319;16912;27214;23318;17572;11001;19184;32347;17817;14607;31242;16435;219;14883;15997;31503;6640;27447;10898;23583;7438;11314;20705;21679;31524;7128;16498;13750;1823;12280;3107;10668;22630;7655;24905;157;13990;10030;29082;636;29397;7808;13387;15289;20849;14575;17013;30741;27145;32607;21181;24502;8191;29754;6196;27254;6284;16741;2172;7553;20996;627;19757;18207;16476;32537;25718;11470;
4841;27106;13576;24468;1898;30500;6447;10899;28233;24627;9538;20446;17438;9940;11582;1931;1141;11509;19886;29962;6609;29851;31694;1717;3825;7195;24815;29607;25937;27277;1309;19410;13556;126;3328;20044;31073;229;3840;31210;12268;18008;17324;3088;11062;30848;5469;25031;16375;5579;21270;28432;12027;17760;2735;16505;28779;1368;20019;15085;17486;2347;26758;3536;11343;23656;17739;2892;12993;7594;4100;23269;8928;26055;20091;14932;5722;12106;31330;16530;31758;21028;24118;22323;31763;26526;14697;24053;23804;10898;28607;11417;20058;10203;18425;26353;15491;21258;32177;22331;
4498;21338;10885;17069;1967;7399;19063;27729;28817;10778;24468;14867;5696;26984;30932;12313;6432;13116;8258;13906;28459;23601;29788;23634;26750;14213;28861;3933;23831;7627;10745;30401;26589;19423;201;27241;21216;11807;4200;14256;6371;27608;23612;10355;8216;18175;185;106;4650;9250;27523;25784;30080;20125;24274;25024;27585;19729;17435;827;14739;23058;4589;12935;31657;21792;18713;20290;11516;16345;19733;13848;25176;7020;7074;10713;24347;14929;10157;21199;26426;23096;23411;18510;29316;6719;1513;22668;9515;8551;14171;691;12672;2377;20819;22325;1790;24837;19900;12896;
29322;23676;327;1330;5113;959;23822;8302;19667;30406;29560;13807;3158;6502;17500;1085;7358;15229;5225;24670;21956;4464;21445;4591;22629;4311;22516;13683;14308;1398;27900;6378;13330;29296;454;18086;26829;5047;29640;12890;5831;5063;15841;15476;27017;18836;3716;32684;24247;4800;2329;7389;12949;7698;13984;30996;30154;14884;27032;8679;12388;31835;6431;19465;13853;21532;30554;8219;4060;24125;18199;18884;7807;3258;13489;32003;23256;30378;13876;26052;22261;25713;14018;13746;25765;27702;4406;17485;1335;12952;7686;30012;1669;9116;22638;22756;28978;14314;24267;15161;
11311;6714;21061;5332;31108;16649;22960;4679;12365;20624;19380;9645;22530;22774;17452;22149;2300;17605;10445;17344;13877;2971;24840;3096;17488;32034;17713;4260;4569;14401;2272;17833;21709;8852;9368;1460;29021;29722;678;6885;11759;11054;29516;29326;26726;31929;11295;12029;12451;5285;22190;2965;27723;14997;29284;18212;26571;11987;3504;2160;30874;21385;6754;28947;5310;30261;24921;21129;914;19799;22875;14728;3014;32364;25924;17295;17063;16416;15715;29378;24737;27840;2081;29685;16130;6382;26083;2823;25344;664;29746;6513;14846;27691;3098;29470;27403;14339;16335;30078;
25004;22567;23447;5334;30171;26163;28131;21466;21839;30613;6847;22909;4606;508;15981;6408;31201;25614;9037;16489;7159;26202;20225;24782;7820;18573;10957;1395;19131;12008;2884;11448;28978;1009;23329;22391;3125;8809;28019;8852;17126;23423;15101;7894;12739;11587;3804;23285;7280;15709;26218;21492;27831;27647;2147;16304;8909;4888;5958;26042;6870;17867;8958;31330;19372;9247;32194;12308;25308;5880;22586;29416;25074;2118;26851;628;8439;27516;8884;24037;23095;10820;16130;13902;9032;18800;7841;23359;30535;23092;17996;21914;13925;2963;31302;9378;16034;28696;15682;20821;
473;19398;13953;19452;15613;32337;17210;18432;13474;23951;14142;2559;6847;5161;4316;23583;434;22678;9218;7330;132;4170;166;6843;27759;13098;6244;13728;19357;836;26473;29153;25907;27837;9359;30968;4750;8714;15561;14113;13772;18531;7618;2924;31119;18549;5057;15888;15869;5976;16080;12546;22284;3008;25373;32454;32764;4983;6304;31622;10277;23819;7678;19553;31986;18884;21166;2309;21806;15320;7258;7040;24958;5346;15240;21075;17967;30865;21369;22728;562;10141;10577;2438;18277;1792;24185;20323;10261;10082;10818;2169;15808;24789;22219;8060;11551;22210;1316;20299;
11107;30755;31923;17604;26816;20467;2519;4829;1064;14819;12236;11504;27737;20303;12751;23383;21017;8304;14210;24121;4032;3539;4241;12963;10744;22026;23446;11739;19905;11169;5178;25329;28600;26452;19613;1686;28824;10878;5625;17713;27393;1493;23682;16176;3704;30805;14992;8092;11184;23162;1791;241;22023;2482;8918;5164;15956;26642;18984;15909;10976;1096;27704;7967;12466;32209;20192;14494;4624;31084;308;9593;26178;14798;24930;6191;28313;12439;14813;4990;15536;7045;14778;4402;3570;487;19546;2876;92;9813;5193;6915;1156;16543;3430;8959;12507;5123;6724;13955;
23087;13731;209;13274;5492;5942;6709;17558;1731;10749;14845;14373;8611;11768;4217;27813;16008;347;3170;14841;10649;1084;32704;4893;3766;25742;3083;20918;26298;26194;6545;24558;18941;31756;24087;13438;19486;17268;14019;21772;17663;14959;22842;21176;11024;16445;8197;29938;25297;14068;30265;1678;10130;22829;9815;31002;29053;6141;4209;21103;31959;5415;2958;6278;22147;3471;30288;12173;4552;18418;15060;24122;2900;23509;18906;27744;23936;25787;20774;4032;27093;30107;12582;6945;7119;24721;30164;9123;18658;9940;22238;4176;20923;9448;772;18420;26824;20245;15042;28974;
8698;4631;32304;30920;12234;11287;21030;21060;29050;4570;24739;9911;13981;13369;30832;26075;23513;14801;12288;27999;9452;251;12187;14977;30701;32255;26300;23007;24020;18820;12471;2442;27709;29515;11422;16733;31849;27933;19558;5517;21382;8706;24390;10112;8240;3508;7008;6371;28983;26707;27299;13559;2467;14938;32496;17451;13813;27858;29051;15856;1712;10694;29045;19657;5144;8438;17896;22689;12090;1231;9954;2914;9260;21403;12757;963;29078;16630;32062;10850;6513;21377;3973;23826;28431;2778;15652;25718;1628;8651;12812;26575;10339;16577;10820;21266;28948;13440;7636;25406;
31300;32022;25569;19692;14325;18701;4377;12583;27096;12517;5458;21631;17936;18114;23661;19545;16697;20065;30337;5769;6057;12624;2870;20259;31733;863;7278;30861;3767;11090;23595;2521;911;984;6573;14162;5992;2241;2522;10581;15357;25707;28387;5475;7323;29053;25381;28019;24616;1240;19277;6541;19556;5067;13248;28564;11887;2694;7482;23908;11404;26322;31924;31005;25892;27391;29324;27581;32526;32029;31968;27125;3853;1647;10554;12085;30362;26396;2419;12042;8164;21032;28625;28841;15126;9635;13939;18636;24792;4896;5615;26044;15896;11369;20281;25007;11530;10353;11463;20309;
24429;29834;7922;29870;32273;26072;30624;10270;24982;7942;2336;963;18550;32311;11349;25350;11846;10048;29207;24176;10296;32276;982;14784;27365;9599;30592;30778;23881;22040;6821;2881;23823;8561;30938;20264;6159;30096;8539;19014;7958;29859;28660;25160;5605;29935;23841;31691;9340;15626;6516;14379;3480;20554;30775;17813;3706;24445;27987;30052;27626;12762;8816;3242;20604;6712;26462;780;24594;19582;435;9172;9378;10075;8118;17729;14393;17975;29308;2593;20544;28521;13137;24994;3583;12970;6234;14694;14431;19401;31864;5589;17140;7585;15982;1207;17978;22857;6983;7682;
19743;9610;2034;1776;7106;23190;20016;11093;21371;9718;28848;8496;6171;10949;6775;27264;6773;29212;7558;2393;11293;16333;17591;6710;16495;8020;31977;26769;32467;15626;6492;12721;19008;24476;14174;2500;25087;5564;1320;5933;32690;27670;28675;6175;5780;16262;32175;26219;6146;32648;21764;28054;24891;29936;14810;18223;13924;24795;39;29023;28367;2021;14951;21442;13948;32156;10049;1653;2272;17461;8807;3953;18662;5246;7358;2583;6708;25108;24511;27915;24495;28630;8221;25158;833;2201;9127;25959;27354;12318;32369;7242;16052;24641;11054;7644;25820;9842;737;6958;
21998;13673;22453;7880;12063;16150;14120;22079;9601;10967;5999;6666;16003;31726;29718;10129;29111;31794;7656;16775;6105;32516;16910;10874;19212;20613;27771;11688;7270;9479;2439;10773;17071;7361;10969;21466;9830;12230;5003;8128;28421;5688;20361;3341;30087;184;23098;16798;16422;13602;6243;11318;27497;25463;10568;8470;9310;18203;21268;9422;6180;26689;3706;22866;31917;4515;30109;16720;5826;20086;6701;19905;24904;1181;1747;27071;14785;32541;28624;30870;13846;31953;22241;31261;1939;5983;9829;18759;3891;5738;1985;10485;1822;777;30980;4878;25968;3960;26055;32210;
23612;9998;18264;2923;6865;14959;4119;22469;13371;7171;26143;22688;20237;167;28969;996;606;30882;16302;12340;1042;29914;1868;25541;3163;11336;17515;1393;4734;30121;32032;9223;18139;26998;11090;18406;28200;24599;4635;714;509;8276;624;12773;14997;21004;21253;9778;26067;2345;3947;9990;12163;31955;8827;744;16099;16100;32760;8866;19809;1948;4464;21144;6823;27031;27235;13913;25045;507;1960;6772;13325;30966;7691;6285;23605;26216;15419;16815;12280;28380;17380;17124;29198;11453;32280;14339;10686;14791;20211;8394;5025;27835;19583;11308;4008;8023;15573;19948;
12384;4229;16261;21099;20341;14035;9784;25791;19318;5923;16532;15108;21207;29603;8032;23799;24636;26368;4841;14529;19445;16343;26788;31248;5828;12397;11284;22380;20967;9887;28398;18889;18514;24604;23676;25176;19773;3793;7231;12963;21470;8613;18392;31449;13432;1383;30761;4710;17044;29188;11703;16071;6286;6142;6226;27805;15444;16921;505;32512;363;16216;24824;10517;19507;10535;21843;1507;6763;23002;5479;25186;29943;10070;3535;28117;12001;13838;14469;17498;5535;30770;28489;1984;30356;11554;15687;31384;7641;29993;29684;20879;12860;19816;1849;12027;4745;2064;29907;31923;
6153;5333;15098;6180;25161;11679;8768;1185;4124;15234;24253;6139;2531;2032;19561;21842;16652;3629;19145;27178;2265;260;31694;449;27747;22713;27130;25249;9694;32062;22980;2673;6942;24745;19006;15376;858;7654;26869;13285;6705;28585;32024;30320;1002;5031;3549;27941;18176;28166;18465;17787;32478;274;26447;17984;11239;3377;9602;3887;17593;27929;30446;30404;27827;576;5244;31311;29621;17812;6580;29768;806;20589;14816;3298;7228;29120;20590;6370;19319;9109;20631;23218;13679;29883;22590;22961;24784;15034;27163;17358;24995;8201;4888;3413;18895;25217;32507;17160;
735;22034;16454;17010;29957;32693;20315;19576;8031;23713;1252;9777;1402;10690;4978;15352;5653;16231;17508;31423;28455;21819;31755;21414;8995;17014;18700;7628;25466;3668;773;19044;13409;25799;15475;7948;3542;17256;3027;27227;3549;29364;28679;26297;8208;8053;21500;16244;15958;10366;30090;27664;12019;29851;13211;21982;25537;25800;1936;31696;24252;13985;11744;2187;16324;27418;16898;3774;24479;1392;20878;24498;7230;13920;10911;12323;14913;18326;27003;32591;32701;23400;2422;29772;27708;21700;32019;9630;12805;31591;4461;32521;21662;12368;8405;14756;4240;18037;22717;6703;
28778;21428;5845;27046;13064;3596;8563;23574;26389;2317;16184;22960;24527;26509;29169;24092;26378;21917;22715;25104;20600;24252;32107;800;21031;29770;4396;24024;17995;14399;23658;19976;14910;24604;26095;2399;28357;17442;5452;18491;11669;28354;21627;28864;6166;16470;29890;30760;21350;31502;23258;28249;13729;19245;13905;26557;22624;8053;18477;14670;13439;26079;31954;15088;11044;144;23846;1028;8188;1801;6898;22074;2248;10142;15500;10918;5657;15657;11187;5399;22871;27903;11194;29092;3080;24867;31465;4231;23631;29370;8992;21551;25267;22719;15805;30096;9506;12024;11968;25278;
19254;26921;6957;27578;26551;1671;7858;12683;31584;6511;1162;2961;5350;30552;1953;22295;12854;9479;24057;25895;18174;21250;4940;31394;3184;32326;30451;5776;32323;2364;8454;29364;10490;24810;21189;29283;11624;614;13878;29591;7540;29841;16656;13888;5658;2561;16088;19930;15026;32575;17994;20804;30069;18739;7674;15568;8509;10204;21563;14999;140;20805;3648;17679;9680;18612;21121;22495;12517;13860;21088;8945;1500;20981;30477;29641;24827;14563;13735;18710;27652;15413;28324;17543;14523;566;23666;28384;17570;2793;21854;589;27143;27897;25782;12022;25152;24303;32554;3539;
15670;24743;22136;13762;29216;6405;4169;9943;28049;15332;25685;32755;16565;3151;26062;12952;21975;20212;31740;10491;20007;16597;20005;4699;27835;26177;9903;18834;13011;17923;4488;2538;4449;25817;14790;26161;21449;5416;19083;13840;10213;28397;22316;28056;26444;1015;3730;4894;1492;9300;15840;18249;18773;18185;26197;4969;11952;27398;27253;29194;8208;1112;5731;17866;24688;18849;1938;12903;20574;30149;14236;3100;28670;20967;11890;20782;16977;7060;8118;25026;30135;6973;30565;27121;30131;32491;6585;12830;18927;19758;23118;18823;26240;1110;28291;16155;20842;14822;24355;23692;
16743;20038;15685;6052;6628;2232;7792;11740;26701;12173;9219;7723;18058;28825;4564;29980;18122;11748;14360;7971;19583;674;13443;13617;30377;5222;20144;30598;32600;1170;29634;27335;13420;5650;5452;19280;28064;23370;28526;19147;9159;76;31297;19457;3413;1359;2677;4337;25632;32093;25913;3871;14440;9547;19291;24111;29973;26350;16305;29874;31041;7308;3255;10048;27382;10385;19833;7623;10041;13699;32180;13090;29511;12856;21816;29422;21278;24135;29328;10649;10559;31420;6373;15035;947;29456;1312;12714;14924;4696;7759;16457;16941;6332;1354;8224;23180;17707;18326;2482;
30391;10061;14729;13834;2389;19897;15279;7832;5359;9321;28525;28475;9647;5994;7908;24223;6247;19928;23576;24777;21204;4362;6994;26608;20773;13322;19651;10127;11447;3912;14697;3512;35;25743;10039;26283;19578;16183;2160;24231;17359;9373;14932;22016;7414;10448;5886;15218;21644;15245;24205;24757;32567;16750;15234;32081;4399;19806;26217;21428;16126;3664;11452;11394;23428;17713;24324;7212;22333;22298;27201;18116;17607;20427;8332;5648;1694;26709;29947;5597;2603;26134;11973;27285;13309;26090;22438;5652;24918;26528;27013;32440;8937;11691;32597;27831;5346;17690;3385;29110;
30759;18891;25579;28311;28893;15067;862;11154;3631;29536;162;13959;32586;7003;777;31634;6572;9448;7304;19425;5279;10680;351;18114;7680;15553;25340;22784;11333;1076;29213;18032;12735;12208;19510;29127;5403;7861;22546;22190;4911;19291;21948;27161;28148;19780;9632;21716;3278;2255;2798;15454;29204;24206;27967;3579;10700;28411;23931;5;5558;18022;25082;15747;14989;1330;19945;28669;29321;22593;10224;7054;10536;21933;25617;314;1070;4537;29908;31618;7658;7;30625;2358;13500;29963;109;31371;29652;23487;18585;29805;14652;29592;17686;15894;32025;10937;26574;3296;
15918;26728;4159;16983;6049;23486;28521;20627;25602;8866;25323;14533;4489;23800;2921;22543;2975;21;8752;30361;23968;32374;21021;19681;29408;6066;6075;29522;6124;25774;27819;28697;8466;29712;16969;22324;23075;2806;3980;12491;9079;24039;30254;6596;24626;22026;17165;21138;6598;13973;19922;12365;31929;13961;31696;9224;4777;25245;27183;19551;23949;23415;841;17743;14397;17442;852;10827;8245;29885;12354;32395;19605;17776;18661;28584;13933;1445;28503;9830;30264;29556;4761;6608;6822;18270;7034;6283;23711;10303;24762;31844;21636;7038;9840;15403;5304;17799;11433;20420;
19807;3707;4434;6779;23909;32549;2392;20376;29890;27185;13581;1331;11261;13720;5070;26954;13551;22623;23267;19729;2250;24705;13222;31369;14170;5418;9447;2132;15242;2341;11152;8136;31017;12696;18053;26946;18414;21743;31182;4797;12218;26134;3320;9379;14878;8171;2232;6370;32029;29939;14290;26691;17203;10059;12089;504;29846;7394;8568;24947;9659;17382;336;13951;28444;7036;14243;21385;29241;13492;28817;22078;12252;16316;17376;15964;5026;31060;15521;26305;22711;3201;1040;5321;11233;15494;13245;4566;11968;27408;4841;816;16468;20145;17203;29712;11967;28047;8308;17911;
13900;12382;22503;31556;29105;8587;31373;4102;8081;11450;3791;21775;24901;29299;25958;330;22236;1048;13688;27982;15456;7195;17411;11570;27739;9837;6783;31907;27546;11578;4287;12597;25137;32211;11801;9975;9664;6636;9670;23370;14580;18695;29323;10739;25680;24112;21913;24686;19501;1515;15539;7045;10239;12395;21390;8994;32475;27652;17533;14434;3382;17379;27726;2538;14320;30461;1390;17022;12433;6981;3668;26064;11986;290;28445;28565;25439;27424;8820;26846;2011;28134;26037;26534;12324;3176;13394;11431;16601;25693;4725;21363;12058;32500;27367;18623;28047;6594;1072;31490;
10924;31743;20736;31039;17459;11251;8141;29726;5114;6315;28094;21826;31214;3056;24776;24791;18264;30842;11543;5482;28511;30816;27055;15870;8398;4051;6227;27228;11544;2060;25765;16810;24730;30339;24208;25407;12319;17506;13283;18870;24489;19001;11582;25665;1647;21491;29234;23104;5154;8457;22692;11539;15220;13557;17266;11308;26075;3050;21594;28520;5266;1986;29975;19359;21218;10552;31692;30074;7583;26967;28326;18052;25589;18226;10941;22660;1381;24022;29244;27403;28938;5757;9666;18249;18977;19204;11528;5668;13768;27807;21187;23692;13830;716;6092;4616;13836;5765;16766;1429;
11194;23994;10079;1201;29285;15102;1027;30899;17112;25985;19758;28253;27800;19774;22329;15284;13421;3957;18359;14351;31773;3932;7000;14959;6011;1810;17165;21006;29344;9428;7276;27963;28025;2163;18775;25188;4226;13573;10968;3957;32464;19163;848;865;18773;7604;977;26109;1888;31536;18632;4629;22627;13704;2527;5562;13049;18043;289;3289;9511;7820;19807;2578;27106;29802;21459;454;30674;10416;25860;27506;27990;4558;10473;3388;32200;17479;5713;9676;17410;11038;31107;26717;7713;1162;20001;32532;30345;5873;28754;1936;7721;12820;26911;15810;7168;20616;23070;18687;
5599;28005;19534;24403;13937;25154;26179;13081;13434;24928;19843;24264;24412;24613;14127;17168;21727;1484;27622;2854;17457;29276;17126;19292;25132;29142;22644;28148;29400;28595;895;25142;3121;16013;20096;16832;30250;2077;30628;24606;19441;31077;15405;30874;17013;32558;29461;28245;14374;9909;15093;21143;29179;30370;16166;9572;10682;21561;22566;1104;20852;18644;2877;15252;12366;15249;11616;28000;15496;29512;11605;17267;22199;29888;18712;24298;19029;4386;12926;31317;14204;14509;26392;29200;18927;26028;16218;9937;24922;13221;30972;28285;3803;30420;16545;1856;3008;26583;32439;16604;
3475;14251;27550;20545;6996;8151;12044;351;18437;17127;3760;15160;30316;28956;28693;2617;2580;9570;12746;9418;10645;20098;8128;7716;30229;14489;1779;15202;23567;10953;11340;7899;24915;3374;10950;15792;5198;11028;31953;21409;140;25959;13556;18725;19579;26986;10677;16313;25714;16300;6333;14456;22257;18233;1336;2284;17963;28941;21883;4644;4801;20430;29673;28166;9169;20410;30487;1767;28719;10974;5422;19801;11506;28040;26257;68;17715;7936;15296;15161;32529;25203;2685;16130;29176;9264;13869;10366;12836;10007;14208;2476;21856;1613;26452;6405;13588;32565;28887;27407;
4478;6044;12012;27183;31296;29748;30929;190;8219;29508;8702;10592;29690;24477;12624;22929;14130;20432;4966;31361;24840;1438;19532;25634;32116;25008;27734;3711;26916;16265;19535;27983;3780;19896;21715;10698;2429;13906;21754;11963;20667;11167;11319;15063;20788;11540;19327;27981;5926;6273;20909;158;28127;23436;18213;10159;6275;22878;15543;16669;2058;22684;20935;21712;12936;3481;26027;4051;28593;5322;30805;12898;32412;29050;32306;9285;6343;25790;11089;9053;13916;12460;31176;16509;26546;7112;28500;7803;26647;18623;26175;10118;19917;13912;23943;11449;31570;31655;5180;9201;
13796;5252;29738;30684;1349;21051;4024;7763;16572;17541;14096;26858;27996;11959;26752;17349;20872;23866;8224;22189;25015;28475;19126;15458;27253;26787;24534;17459;7083;8266;26446;29133;22815;24167;28097;12113;29758;16204;11409;26025;13082;11856;26882;28443;18607;3340;20125;6174;8810;23242;18643;8813;12012;28730;8163;32347;523;9063;23806;11878;31257;26602;14760;2318;19049;16221;7777;19688;3856;3603;29829;15086;19945;10246;20337;11033;2268;10769;12519;20274;17759;29536;27828;6117;11580;21284;28559;28695;11413;16011;27973;17017;12582;8943;14867;32093;28363;10318;21331;2249;
19778;30714;23388;25290;25393;23441;3235;22027;8811;18480;26662;32422;6511;10724;8970;4410;28210;865;6018;6206;30238;13815;15604;7061;3930;1473;27479;26210;8012;11808;28128;24349;23132;6759;10461;9703;14587;5848;22241;27930;15844;3536;8481;16421;29090;9534;5918;11415;14163;20569;18820;377;24235;10643;3154;6369;5948;10440;9276;24516;10484;2492;25422;4108;5607;30404;30929;20714;2382;19395;30834;12654;14288;1368;23713;12629;5377;12374;2104;19490;553;28021;2909;14960;23110;23879;12201;23942;32596;2157;3978;2348;19659;6154;15589;8125;4970;29304;15104;13438;
563;4154;20384;10286;8375;7474;28526;29662;16019;14868;18847;5635;31803;29211;14036;21962;20726;14587;3903;20651;12842;1302;11272;1601;16346;23026;6127;22105;6765;22251;13106;9545;17841;7717;20145;6787;15647;10181;592;11625;7521;21857;17053;29795;1809;22964;31155;27183;7876;18583;10078;7545;20039;25389;19583;32428;11048;29789;9650;16391;9848;20869;31023;31731;27088;21356;31726;5524;1426;23417;4623;1950;21617;14627;28280;5482;14388;937;21952;4681;5046;15363;2124;13080;9778;19224;6071;7700;11197;12337;11127;11504;26388;29614;30910;5413;30872;12792;29087;27274;
9879;21174;28530;12324;31437;16452;23673;27455;22827;13152;8388;27837;29655;26407;22097;17583;16499;18753;2168;5154;21154;31320;646;12603;16328;13006;29097;20871;28690;24495;24076;11916;183;3044;16194;22692;7037;27050;12264;11275;26494;4163;1158;7222;30508;16875;18871;18790;22419;19982;28042;5246;9438;25528;6183;9489;18461;26701;30646;5568;16965;9850;892;15043;10360;26987;31303;14021;13703;22591;8205;20981;5302;9657;32464;18266;18879;26680;11972;31846;23065;11753;27060;22223;7033;8507;28066;9370;19354;20883;29358;19065;21818;29762;14393;11350;26213;12724;27977;1072;
15349;21225;30767;6950;18010;25385;24936;6353;2967;6644;26050;23767;27277;8505;29631;5821;9084;3016;6206;4093;18887;4104;7768;23641;759;23277;26249;25710;14083;3877;14608;32396;5583;17554;6040;2501;5618;7165;21015;16196;20668;15113;25335;11745;24440;17509;22132;5106;7662;8262;16709;2915;30252;10517;2686;15369;6534;4196;3253;2099;19164;4135;21091;26498;7707;15393;29070;25595;20742;1948;19109;27995;8503;21341;11948;30378;17248;6103;12440;4627;24535;32671;9725;32499;14418;1568;6886;24112;23279;28304;15620;204;1655;10019;524;1210;9187;27774;3418;13296;
31007;16750;6362;22973;30991;3802;25896;605;21712;32758;29942;22731;12864;28346;6063;5846;11200;29843;1881;15223;32056;29528;7616;31586;604;10879;25809;8155;27182;11409;1604;18379;17348;18651;24190;16147;18508;15719;14005;24608;1613;17706;27221;13247;21040;22143;31650;17203;8190;9684;23455;20614;10859;16547;26927;26908;2836;21669;27515;1678;10245;30530;2963;12725;6782;331;4440;23556;29431;21227;26521;25371;32353;5083;11132;29338;28847;17366;19232;14387;6293;12109;30592;7684;143;7259;28059;32547;8486;17403;23250;2682;2159;27513;24721;18389;6868;12838;31537;29497;
20758;26448;20509;8824;6035;31857;10036;26882;12997;26535;4975;28158;19724;2660;3780;10393;4525;28775;3402;13982;31002;31467;19357;328;10868;19486;23684;9300;5710;1748;14801;19289;11956;13949;23689;31068;24683;29524;8261;28319;12667;5850;30168;8379;10475;5251;10546;30958;25548;19119;16005;19638;31609;24539;10918;17567;8476;25;27317;9561;4724;3773;16128;12045;19414;8282;3365;1777;7026;20717;11639;24347;31192;19031;10147;20627;19387;3857;8852;7083;28916;23835;2963;17043;17609;15669;14515;12840;29552;4690;2668;27917;18639;15690;20614;27901;23686;10447;30264;11871;
16175;20898;14738;6683;3300;7942;29208;16813;2306;8054;10928;8568;10029;32147;4798;23900;9621;16736;2701;11146;7287;12721;20209;24983;9958;27105;2090;22480;2251;30660;16396;5838;30251;5596;861;842;24488;21968;12927;31794;26699;20249;17742;7931;26752;9727;1612;9786;8802;32452;2300;5742;2873;12575;24459;11552;20033;20460;21429;17967;27822;22817;9959;11109;7916;8708;7585;589;23339;21403;23071;19529;9499;2916;19000;11487;2804;29767;11398;27220;29626;27593;28871;23676;8895;1922;30595;15824;5225;3793;29936;4801;6197;15566;31506;6988;19452;24192;28454;719;
23670;8529;28225;16923;12028;9662;25909;26570;22674;10835;24500;15059;1572;25303;21176;27483;14864;20420;26145;17870;741;10746;416;7215;3946;14003;8405;22956;17379;6074;12980;29814;13455;27608;2093;12751;10613;21391;5644;28773;3937;11787;3614;27870;31273;8790;5013;13492;7220;18635;3757;15171;22333;2253;25488;17696;19029;32441;4215;7597;295;32280;30483;19178;10368;1050;21803;13198;27663;11840;12422;27479;24937;2392;14859;6558;9295;19630;27687;11822;2100;21889;26735;22614;762;30388;22663;29757;13565;28870;22082;25206;12882;9732;7946;32212;29009;24317;5763;9088;
592;13111;23659;328;29874;27168;31173;7738;3361;26695;26934;20850;12567;31948;32431;6960;11171;8982;29260;5166;12138;3267;4732;26416;14828;2021;24931;2268;15368;5483;8572;8652;11202;17373;5507;24290;25413;8781;30610;7131;28964;24458;27530;7207;15845;27030;28852;17912;10944;8538;5800;5018;3492;30361;31086;12034;11899;35;18660;27561;10671;25675;24415;4763;23533;9626;11157;13514;15145;10181;29115;30633;16610;221;10218;4086;18855;27334;29127;24279;3546;26858;32611;25897;6068;30254;21344;277;23177;20262;13398;10724;20301;11396;19828;7700;14936;471;17003;14251;
32358;5234;14983;23243;8418;32425;10015;12935;25444;29508;18736;12277;5752;21805;14917;32644;2465;30572;31898;26768;15517;6485;22144;19252;13803;29440;32003;12384;8843;26106;20939;8235;8965;9786;14400;12906;27052;28503;17906;3457;3620;6648;21047;18297;14882;9611;10518;23891;4979;2618;25955;13468;1856;26394;13868;23362;23184;24742;4948;31142;9230;17261;9598;10994;4877;16135;25900;12205;10185;19789;13608;11917;16623;6602;31780;30604;8800;32108;413;32061;22834;25215;4613;30817;8440;9436;11808;27062;11844;16990;18863;28175;618;28566;23884;6313;11398;25792;20373;18365;
7104;30453;31116;10066;26318;20898;19006;22101;11451;25656;19875;25067;29415;22565;6854;2822;9296;8964;27941;2615;5647;2320;27995;17859;13606;9183;27900;11768;16760;16717;6593;13249;14873;11958;27621;3449;24264;17512;21454;15869;27322;17751;27376;4613;27802;26387;11247;1972;24525;5624;30211;21613;27386;18852;24481;31977;26570;32175;7256;13190;6124;8854;31225;28898;11101;6903;14586;31401;31718;6404;17436;19627;8678;28722;2892;6194;18001;12081;1479;19858;22009;5665;8066;25601;31244;15619;5577;21417;31198;32365;1830;30204;27113;31362;14980;16456;19475;17954;24980;3211;
1327;6750;23152;25736;19397;6191;13439;794;29718;29799;31896;32713;15707;8167;5226;22683;1102;16403;6427;20012;32491;2947;7471;17921;25976;24315;14764;10010;11459;7838;14971;25798;13739;14174;27154;11196;5601;21687;16464;25958;24048;7837;30888;1408;123;5043;21378;21986;16070;21437;1758;13466;15993;28248;8763;30782;11424;2537;27063;28289;4597;30419;27767;10499;15458;749;23113;3182;25026;8499;23688;21950;24552;14779;30273;2528;15842;13803;12179;895;21118;7402;4188;4891;13326;21588;11794;25947;21865;22834;20718;9124;29746;1321;29776;746;15453;13297;9823;13510;
17646;23817;2799;28361;18948;30121;1449;31761;18455;12025;20325;3353;23678;25728;31451;14805;3892;20191;11387;27135;27099;20159;2457;6060;1;25608;8909;8226;19619;9555;23962;5869;2287;19363;8525;20272;24654;9807;19240;3898;9634;2883;11712;8793;28108;5993;8100;15603;13170;21345;23871;26322;26623;4216;16896;24512;5611;4568;7352;12884;30780;22012;9027;26891;11085;5223;18794;6554;23246;17302;32520;14979;4364;15155;6508;30439;2930;18059;27647;29851;14416;15170;21542;16510;16860;26693;15466;21769;19063;28929;23255;28455;15921;26835;11937;9543;23950;17087;270;29872;
25995;26980;28047;14613;30940;4911;13616;17002;11896;9936;24883;31990;26967;17386;30968;24488;23930;17423;20257;5294;26157;18411;10739;4164;4489;9407;19198;2506;1340;17938;6656;2842;8333;22435;30471;2584;32666;19361;30678;16523;17380;4382;5258;13867;17934;3778;1917;12538;5346;13756;25707;32728;26005;16638;10963;21330;22860;29866;22432;6332;15326;29127;14857;2943;8156;29241;4022;28851;31695;240;11300;12529;11456;607;12106;17506;510;8496;3965;9500;13851;29494;31377;15279;31032;27299;21057;31226;28802;26491;18384;6212;20221;32072;23281;10376;27521;16656;16357;29711;
30722;13188;28899;22340;15892;7034;28348;4037;1197;25757;29887;12470;813;22115;9178;12634;1437;14144;26883;18916;9780;12314;8918;4746;16416;1020;19072;6364;32643;28686;9179;24404;12987;18373;14554;31534;16614;8535;9256;17529;27045;9842;28428;19567;12833;23853;1680;3586;9036;32063;3042;3255;15722;9582;1018;21943;17615;1355;10877;5924;19434;20253;27618;16809;7810;1563;19155;26709;29248;31966;13526;21161;110;6165;2604;29935;27902;10619;23801;17102;7886;30470;11174;4124;27946;16993;6788;29683;18067;25757;28850;25095;13502;21028;23616;28214;25056;6894;16788;28257;
809;15095;6669;28283;19598;20208;9703;10975;20940;308;30047;1255;30890;17151;3351;9658;24702;9690;10683;17253;25330;26970;26341;15406;4616;4362;19774;31780;22364;5798;3047;24827;6314;3210;24855;4119;1423;17513;30213;29415;29332;20034;12808;19828;25960;25488;18684;9018;13933;4802;2281;24118;27510;16106;10975;27712;12240;18361;11044;18075;3455;28075;27794;6091;19401;18047;11066;29606;5881;21994;589;21934;21853;7820;2365;22942;19857;16163;19487;25155;511;28671;9044;8845;26023;29878;11880;15590;19996;22040;30266;27842;18127;30821;31325;28280;10640;25022;11711;6480;
8274;17626;9864;24541;29743;9210;1349;10893;19884;8223;22342;16510;19005;18554;30788;12947;2828;32292;14152;31944;8438;16399;17095;20930;31190;29501;8210;17579;13063;31535;12782;17724;29988;13985;4734;8731;15634;13428;17514;1384;13889;13548;32570;8082;2606;19227;6915;29808;18733;12957;24390;32397;20581;11654;14613;7363;20764;32409;7287;32267;23861;21435;5390;32659;7414;13479;18935;12561;4623;18914;30962;29528;3032;4082;11459;25896;12507;19147;13016;4683;16786;19850;5163;6365;30834;27237;5482;14572;11048;7906;598;577;4386;20552;18537;5244;21329;11347;9403;9575;
18733;556;26918;16772;1786;10136;7336;31464;8522;15984;31498;31308;18884;28241;6079;9826;10531;26260;10255;21861;6786;15489;14453;15604;11222;31167;20805;5152;1980;28431;20113;7108;11381;7995;28494;277;5166;22088;24499;20089;12933;16627;17122;24221;27466;6236;32714;1473;26242;13820;21836;25943;26034;9180;31132;7629;32346;32009;18667;21159;23999;12867;18243;13520;31213;1781;31154;1842;21501;23146;23210;20868;12180;4413;28072;13667;25516;13073;13844;6565;10391;4227;5480;8170;1856;1373;21653;6259;19893;11020;23715;26680;11490;3925;25239;5428;25503;17219;2713;27908;
6894;22116;18006;31152;22397;4661;29348;14537;9331;2522;30820;18612;23401;21010;29869;69;11701;30059;11303;9360;21231;30898;19892;12539;174;942;18518;26008;3987;526;14413;4018;29065;20639;12159;16550;23882;19138;23837;26356;21286;19486;22660;32150;24320;31378;4961;17809;15257;27757;14105;15817;15121;32482;29032;19737;6314;28854;29768;21155;6096;5436;11540;4197;5206;13187;30445;9230;26627;26062;19549;527;18765;3396;15418;9972;1892;11753;9677;29429;18290;18125;52;25544;10017;31364;12549;8378;26719;7125;13876;3326;2654;29366;10039;21573;29662;19833;20839;9615;
4782;12864;29610;4160;5232;17590;23887;14198;7326;13313;29753;20378;7114;17650;26176;6709;11306;19583;2516;21509;5971;11892;12771;18769;26949;13413;30973;1145;13480;20711;18359;19153;27733;8960;6733;23471;30232;19931;18827;9667;23220;30912;23277;26279;14120;2884;7173;26807;21297;31165;3357;21283;272;13817;24350;16451;10893;6192;2224;3626;12092;21558;13987;7549;30719;20213;7054;29318;25548;26651;25269;27780;29105;3088;18992;1861;19477;8747;10314;23287;6464;11045;24616;20028;13598;9166;2475;11900;14399;32766;20630;8831;28707;20943;20212;11067;11445;28937;26292;9962;
1813;14046;24215;2656;1434;8664;17996;17564;16664;30223;26073;157;28510;11679;15420;14711;30467;19801;20818;21669;28771;29113;24313;13985;14308;10264;5489;1458;30078;26659;32521;3845;15738;16780;18167;512;11897;4608;26503;30163;12473;22360;888;27984;14996;29203;28322;19708;15945;27652;10717;30566;9471;5960;22047;951;31495;6523;25316;17035;12642;14123;31699;1279;6275;29581;31134;23051;30805;22639;23082;13843;27008;31342;1008;14520;21481;3433;22691;1268;13943;7478;23314;24422;7197;16019;27729;1770;25109;19551;25619;31597;13161;1290;2139;9984;23992;7242;10324;7466;
25399;5391;24188;25731;28150;30650;15880;32382;2149;14473;28549;8583;16150;25174;187;22862;4036;22914;27606;354;18837;19244;6600;19969;17052;7334;25577;22319;1698;28457;22752;23045;25382;3015;18631;9292;29858;19362;23690;24138;6416;20572;15504;9948;27565;8398;2718;13765;11773;32253;13048;30790;16911;1097;22729;23535;6658;27880;25028;15284;16584;915;25868;9027;24618;9343;337;23701;26636;22159;24124;31683;15091;21960;23822;23836;964;8709;15492;18804;6351;26092;13309;13502;4107;18976;18910;19166;26787;2232;26934;16056;28082;21745;31390;3981;13899;27423;1124;14471;
26301;23786;5608;32402;5909;28086;581;20590;740;4963;11828;27906;26178;28471;29998;17396;11282;21272;27089;17526;20872;9983;30085;3683;8937;17065;7007;14730;13714;3984;25158;10058;17212;1817;10836;4703;19070;24847;29054;20731;6291;1616;19320;32024;8286;7110;4307;30477;17067;14745;2409;30304;27576;8867;5626;7388;10740;4133;7447;16355;8710;26040;16191;23557;1041;24966;5705;26321;26167;7353;1025;29418;10332;28724;21526;23134;17708;4481;13620;25396;13407;31755;19821;4676;16955;31374;28125;8268;91;25803;10638;17727;13232;25984;21401;19936;25541;23703;10382;12176;
28487;12702;10006;3684;18884;10871;23511;27003;18099;6737;9368;24975;5557;31959;11942;19913;21530;20902;13430;4826;22439;19461;16011;28743;5782;10960;27546;14340;20703;19638;1005;9285;24246;21669;23557;16273;18517;29313;19075;4888;2811;9244;13641;3910;12085;611;31196;25240;5212;28373;13580;12975;5471;13626;11736;27555;27330;30097;26508;6553;28135;27210;7980;152;8589;24245;14357;26264;9110;27067;23522;17372;27661;16588;20877;19842;32103;14104;20438;3673;27145;15618;20201;498;21259;29649;7483;26106;17468;10665;15285;13766;4454;20923;17684;1072;6355;19640;25744;10146;
3855;5515;8123;27760;14320;9799;30637;16747;12500;10590;9566;4787;12330;19221;30035;18124;24116;16180;1661;4596;11018;20226;28766;5044;17891;880;5229;29366;6544;16277;7868;27350;29257;24410;31192;379;12460;11895;14832;21544;11779;19358;17210;13646;13766;19445;12179;2917;14433;13002;14182;9786;6966;4483;8654;32395;18918;25555;32767;5073;27852;31796;14306;23645;26827;5265;8703;31654;3146;22338;16032;13026;3452;29758;17971;16339;15845;5772;6385;7652;5914;19963;20925;23924;1224;16659;79;1394;4087;15179;20113;13098;20368;27517;5449;27742;16925;26262;9209;22425;
29905;17042;16387;20160;7112;23976;7953;32746;32655;9665;24756;4209;25575;29743;19276;30282;19398;20892;20519;31633;16031;13888;6893;8296;29411;6744;12347;20226;456;27347;24462;5627;2121;13902;3171;23787;22894;9794;4764;18234;9677;6268;18982;14646;15441;27854;28121;13154;18490;23301;27039;30737;12389;25882;21465;12084;31694;14765;5630;31857;24403;6830;2181;15221;22715;7262;1542;22154;31478;20598;14748;27500;20390;12709;11405;12888;29151;25408;22317;23399;17963;6454;14591;22042;29650;15426;15390;14134;856;7780;26587;12498;17990;21393;9896;20654;27694;682;9013;30918;
26857;17067;216;17959;4131;22565;29490;23042;2586;26350;30992;14591;1442;27670;16015;13523;19309;5150;27268;5141;5769;16741;23322;27725;22058;22243;5565;25167;15530;6937;28215;17607;16334;18248;10521;13588;28235;5858;7517;21082;16008;27454;6473;6866;15014;22415;3735;30565;11710;10519;18898;9594;13929;16280;14595;29452;25222;18956;1421;255;14391;15253;1366;32692;20525;3255;18215;6619;25894;7365;15958;392;31923;18329;20898;21385;3391;904;20830;17656;17741;7062;6354;20236;22529;23013;24286;19764;29410;13940;31200;16743;16606;24070;6872;12981;7823;9567;17354;23075;
25532;15542;32100;4533;26147;14184;4065;14796;6517;15338;17197;2226;28835;28673;27210;30836;25688;30005;15858;18160;17094;2435;19070;15406;11430;8274;29958;10996;25466;1960;23498;24468;19734;28062;5584;28937;20574;23057;5583;10306;28497;28827;13388;29118;16967;3777;9475;3417;14454;6766;23432;28774;16827;5281;9006;3581;17816;17506;28200;31126;2937;3578;8174;6103;30779;19043;22243;20907;17646;13054;31028;32148;4826;13700;2307;29506;193;17471;965;32100;9572;30330;20712;7614;4936;3382;953;22396;18874;12318;29830;29638;14097;30397;29951;29844;12339;4591;9186;10692;
347;10645;9176;7274;31769;17037;14746;17511;9882;16610;5463;15421;28713;23103;19290;26401;3830;3242;16360;15698;27414;28014;2663;12970;15052;25689;5062;27506;13319;10024;29720;13179;30507;2368;21378;27498;5908;29599;21080;24660;25177;6417;15491;16779;20941;15015;3110;10423;16460;4197;32641;26664;20404;10811;17941;4970;7985;23863;2312;30234;14014;4344;21196;27897;19432;358;6652;21823;17365;18592;29574;1586;5766;17718;12303;2294;30553;12441;26771;679;26322;31183;15948;1189;4506;14443;20950;14127;8392;19389;13712;4660;24416;31302;24389;6245;22809;9582;23820;18575;
22116;25978;20844;14632;22953;8632;31428;4648;468;30972;18922;22810;30224;3664;19475;17266;16082;3560;27635;801;12314;32340;20005;16743;18678;12793;19660;15336;11335;27842;22139;14339;5831;4627;13394;16479;30283;28415;31594;24774;1606;29882;11636;21559;5519;30545;19612;22838;22884;17560;26292;8295;29102;10084;23438;2395;646;11003;25257;8618;1785;13001;5136;6722;16648;14933;30848;9982;27379;20851;25801;31867;3512;10426;9334;24615;8406;16952;14256;32410;22358;6757;10336;31786;15884;23894;14996;29625;3867;31795;31780;22482;24247;14059;30613;27125;1327;28198;3645;15406;
27178;20860;15784;28908;5424;15844;21563;11537;10093;24687;22807;28742;8882;28982;11073;18321;8637;6800;7167;3625;26042;24713;2181;12425;23818;7312;14032;9667;1858;24944;31187;4887;23159;23426;24785;19908;3513;288;30218;12062;27869;10076;20633;28385;6528;20210;32157;30661;23880;15740;1175;27218;29037;14053;2835;16886;24440;27424;23435;20565;24395;27674;21384;736;22114;16365;32010;9897;23640;25430;22314;7797;26797;20585;4606;16147;3526;23939;16829;17901;25909;2177;19747;7645;4411;559;6935;26178;30603;3587;17292;28754;6481;2572;18341;9906;11379;13093;5404;4932;
23063;31086;22756;30528;18021;30973;25869;10630;17806;27344;11753;12082;25101;8710;8813;17009;6189;26959;25561;15252;27339;21666;8348;4195;13661;23342;5745;23988;24371;19858;32719;12092;21501;31824;28800;31140;25998;8831;25999;31455;31455;26817;3176;29884;12375;5237;1339;30135;19785;14126;9377;9237;12991;29283;30850;16176;10102;9064;5174;19215;9513;2972;26602;6713;2834;18661;10054;10699;22959;12889;845;969;23490;27966;15236;7090;24731;20021;19030;22871;27545;23218;12471;17900;31983;32431;9480;3936;22436;19106;10554;21994;26846;19884;19511;30693;13407;24595;6781;20445;
27216;29170;524;6378;2621;12847;11651;27964;14178;8622;6790;4856;8741;26308;28514;2883;10979;29935;21492;6043;8687;23748;20935;10606;18648;22568;32636;28645;30955;26307;31599;30721;4857;3762;31127;4842;7259;5500;26798;30340;11570;17736;29330;19522;5107;4685;23532;8767;21028;13449;1807;29323;22112;2486;7715;13506;6049;21370;10370;11748;30143;9694;3938;29280;819;6657;21941;20082;7201;6414;1869;2223;28310;21355;9028;13023;22542;14387;1435;32010;15417;231;5153;16086;14590;9568;12950;11024;23489;19464;16913;24968;15329;2634;12191;21282;7813;2375;22061;11306;
1945;25291;14248;14568;23571;19071;20834;30836;31099;22368;4024;20940;26282;367;9458;7972;466;10154;18282;893;20414;12860;6897;15993;20571;9457;18798;29294;31864;13804;3784;4281;20682;15516;15366;24661;2611;3308;30133;21164;30531;4794;12682;6828;768;16779;14153;14878;23778;11389;10469;31027;25122;23165;21993;31840;11317;10937;24086;27756;26771;23896;26446;25800;23996;5225;27313;7198;16765;24858;23813;31532;17519;12587;13915;5587;30402;12450;7407;14955;27192;29631;14161;2906;13684;32050;27074;22245;15477;29836;737;8518;25182;8436;7047;5374;2168;31771;11759;19820;
32377;29042;10266;12191;18439;7578;32113;17769;23416;8731;31661;20148;15836;24922;26356;32025;8253;14021;8516;3503;25125;32593;24853;13601;7521;1574;15162;4612;7941;10648;1033;6503;29104;19546;19387;12715;23825;26350;31254;28565;32426;19808;19785;10657;24532;32052;16407;21913;11524;1949;6967;25703;29260;27632;13819;4136;293;30295;10801;20609;25451;30410;32583;26934;32681;25659;4274;18168;21143;16401;13199;7807;25057;19928;24459;473;19498;29495;24321;24578;6737;21538;19043;8884;13811;32592;21211;24192;10545;16112;8242;18718;2995;24984;17904;27138;16620;3966;5061;14639;
27552;32746;17703;8272;15012;8939;21565;4613;29414;4938;29692;11131;23213;25788;30096;5183;27169;8795;7421;4180;25869;4439;10502;30851;16868;3049;4686;3314;514;2185;17853;22008;24373;8545;24101;1840;29308;12289;8485;6348;14350;20820;17230;2860;5278;26067;14213;2224;16350;25080;3496;22986;14402;758;9333;24407;9222;15271;12967;1839;17266;28102;27489;28410;22621;17246;16848;10566;9968;15490;4109;22743;29612;17727;9536;5694;8878;26575;32523;21422;23602;28431;12838;13066;23127;3380;17990;578;17442;23225;2372;20960;14788;16795;7547;23006;30240;10441;18290;8379;
10632;29654;16059;6350;29127;10994;1562;10201;4965;24344;3818;19681;22566;7817;11197;22589;14036;3448;5699;27118;10302;30471;3181;10798;19841;27250;18641;28747;19334;14474;23121;19382;32716;25958;7927;9047;29288;25173;26148;24356;10570;9238;32234;20466;16577;26956;12214;18827;27970;17708;28722;8960;19045;17017;18025;4417;6960;12978;11821;4074;24472;32138;31157;19552;25413;1176;30347;18205;10646;28496;22950;8008;23269;29490;14034;15497;5900;27713;1881;19227;20775;22967;988;15907;6300;4855;21890;19520;29529;18627;25173;6755;11613;9903;14568;2273;16762;10453;24381;22214;
16217;31179;2279;3949;21182;27858;30828;30285;20493;26704;4077;25878;27150;21633;21769;20477;29933;25193;27646;25683;23173;16141;19985;30045;9181;1762;16177;11104;15347;3462;18135;10491;20409;19886;12336;6841;28510;5472;21886;25831;21710;16994;15036;25507;29564;8946;15232;28982;13663;20151;20518;9892;2362;3064;11819;2689;9761;5388;18391;8709;10297;21009;28447;6243;27327;23265;8137;28759;17228;21826;13521;29694;599;861;3340;22251;23803;5746;25355;15991;9210;6601;23618;9304;27651;2540;4969;18294;2864;27667;8739;7930;4051;31200;28126;935;5234;13644;15354;877;
5392;30946;20781;4923;10670;22571;8230;4886;18962;25705;19312;22632;32455;10631;32410;12954;9061;30545;25237;7652;7699;19169;12637;6244;12361;27737;11483;19822;17627;5336;32011;2852;24371;12454;14682;13894;4061;4530;8530;12363;4682;9791;18552;25520;30669;2010;14709;27280;1002;30351;21621;885;7632;5212;27853;18542;31524;29926;27104;23649;26624;21867;28483;675;20540;4344;20511;21702;28140;9436;20951;2738;16681;22876;491;2295;13589;25256;8989;10594;5657;3598;30162;29135;15729;20334;24506;11581;5611;17134;14003;6952;24043;30446;13035;10515;19123;4671;19525;27236;
28897;10895;1791;17012;5689;24360;29585;29927;20645;3035;26072;4153;5754;10294;10099;26266;9213;9982;10606;2300;23078;27097;31005;30826;31396;7498;31819;411;25888;4322;14485;30407;14790;24501;10768;15289;1282;32012;27954;22566;22663;31065;16367;1085;30102;4976;7714;25471;27773;27123;32047;25041;21854;24846;27366;26319;1585;4197;5035;21348;27148;19787;29652;32151;23970;9525;14419;7848;13579;23662;4757;26460;20163;17676;938;11925;22516;546;25253;28197;9720;2871;8774;484;18713;1015;6614;23809;15516;15401;21843;10645;22527;27617;12493;1662;25982;32759;17168;22378;
476;2743;23427;23346;10591;11482;5968;31850;5661;2742;20933;4150;21366;8625;29691;30558;10978;4603;26549;21925;19949;12413;12682;21335;24959;29964;30279;7458;20065;6371;28559;5670;31485;31056;5060;28751;21093;4781;29995;7907;15511;10130;7242;22359;27648;26697;24981;5223;9278;11906;2634;20326;24106;8520;11418;25554;27926;21812;7945;20779;2387;15585;30487;20229;25591;32159;23328;26461;10204;31852;11137;2857;3052;14112;18172;21810;23196;15847;28254;28454;4791;24820;2910;19689;1373;26228;24265;12845;5451;23745;23004;13890;31581;23769;9969;14895;13392;20750;9567;1281;
31693;5119;23707;31331;30883;31686;10915;8047;32341;9587;12700;25028;2004;5306;18617;21721;20365;31720;29792;22929;10406;16411;10632;25615;32133;3507;24678;21451;6035;4356;14920;4581;5183;10061;16065;27066;11077;7150;29702;20406;10800;17877;22168;2665;18717;6458;29731;29148;15555;396;11686;14629;10672;6059;25813;30265;23765;2135;6332;23554;27973;16105;13732;23217;11066;10304;7226;6742;89;8703;9198;941;9527;27126;7322;19259;20507;8669;4964;12954;16646;15176;24293;29714;20208;24535;13963;3177;23125;10669;22843;22267;18672;16420;1851;12301;28359;11455;21328;4446;
2151;31841;3875;23807;10865;188;22249;19045;19029;17931;67;10685;17502;4356;28771;29055;751;30984;7537;19014;11020;29342;16173;3295;29211;24095;29397;26271;236;28339;22089;6138;2040;32123;24173;338;26854;7440;27855;29197;6484;301;26762;28138;8915;3752;24170;23701;25651;10151;27728;22393;30722;2064;31704;2517;25679;17985;4154;22290;30643;19458;11118;15188;30611;23479;3732;6735;927;30171;22930;28764;21150;12969;19967;6603;11374;25628;14656;9339;17734;5146;18928;24489;24127;13036;21638;7686;20243;2546;19249;24076;23844;18069;27911;19601;960;12668;28767;21917;
4515;26115;11387;14201;16317;7657;1643;19464;9526;25928;9517;31834;11440;19147;12569;4735;28364;24603;8829;23961;5615;7834;25476;23605;12102;1108;18780;24796;3335;32051;10391;25828;7674;27762;2258;32140;24121;27219;15253;10057;17716;2581;23163;23386;21751;15392;28819;9122;11952;8324;21253;8375;20587;23969;27897;13879;24609;20263;692;20827;10225;8514;12292;32206;10157;11278;9695;15551;24472;9041;27463;21045;14446;28265;9584;31906;11429;15491;11045;19132;5875;10510;26472;904;18960;1136;20313;21687;21949;5367;28505;15158;7429;25618;21358;23041;8643;27585;20201;13112;
10596;14410;26439;30580;7918;21038;26198;24411;22081;1115;22425;17266;5278;21155;29932;26163;613;13421;18027;9312;27171;26538;31121;32662;26827;28683;13213;14117;29508;5745;25402;25375;21796;31910;21854;17839;3260;6474;4467;18092;10324;12304;16565;19822;2231;6698;9435;27873;11507;29441;25081;5591;27482;32042;8101;17315;15308;21397;17753;22243;30521;15112;22040;4765;12385;10188;12116;28558;2526;19367;12048;14782;11621;16394;1346;11352;18505;8330;13435;32697;12608;10644;1481;7623;7018;12125;29661;28804;31375;281;20841;32483;31913;3181;11980;19418;15522;21798;17137;11192;
4702;5419;23412;953;9212;6320;6151;10199;7257;10925;29973;19172;10966;9615;27045;13526;12380;31789;7296;13154;15773;20221;29846;30924;18076;24968;2206;23805;12143;1051;12797;13526;5699;17856;18153;13252;32418;620;16334;2964;16881;8570;19440;16009;26941;6232;6483;22444;21559;1409;21464;32100;20860;30635;8104;4678;3098;13633;4821;22574;29264;6163;29247;18831;31126;20813;13749;7431;25565;10661;5981;10039;27160;4569;12886;3793;28667;5977;29851;1778;9475;4416;26667;947;14006;6537;5991;7419;30764;9856;4283;5015;8910;22646;19840;11404;5214;20409;33;22187;
11832;7876;3453;20071;14807;11442;13709;13284;30362;7161;12103;18256;13512;2388;15298;16246;8659;14081;29850;28304;10713;30765;22934;10589;4720;28845;24968;9332;12963;31982;4725;15320;27704;22063;25846;22732;18997;18157;30430;27113;26786;927;20765;8557;2447;31652;17637;28118;31577;13946;9227;24752;13354;4400;22703;30635;18111;28702;8223;31728;5230;14547;27897;27573;24679;10319;13456;8719;10298;22899;11153;12552;26009;4021;13799;8690;7519;6680;3547;4091;24530;25180;26240;20737;7717;31857;3406;8359;31042;18994;20237;424;28102;1872;9205;18795;332;20876;26387;2520;
21742;298;7406;19819;16649;26018;3435;22918;24129;15000;13550;27404;8133;26894;20674;8491;25300;26841;2747;2681;6017;22097;2073;2115;26291;4173;24496;31777;31087;29263;15174;29646;17754;32507;10301;18231;633;3790;23410;23762;11836;22284;27748;2097;16315;23802;19353;14039;28991;10574;30781;24394;17156;20452;14605;26218;6973;8114;23667;28416;10073;3838;17394;18330;25221;14286;16069;27287;25970;30881;30659;17534;25432;3420;31366;13460;30779;13447;5068;31661;11373;13497;4381;3394;20820;22097;9135;30404;7021;9575;27270;20784;7569;4099;26591;28900;2423;13452;26063;18353;
22907;29827;3624;11569;18333;8049;14748;346;13773;18973;14885;23892;27494;9731;9380;18056;19448;27906;24008;6138;27466;13653;28209;5592;8863;16836;25045;24403;2873;8731;13987;12973;540;14300;7783;14227;6420;29489;6126;17326;6393;23588;9066;19829;31026;15378;5655;325;28792;31581;20767;11443;732;1890;24508;29729;12556;21675;16540;1679;11474;20837;24201;17332;14045;23572;31817;2125;2500;4741;6083;5302;30280;3332;2148;16823;5338;22992;23745;30624;12381;19660;15230;7064;20012;30583;19310;26418;30559;23838;26363;24129;10058;14161;7881;22254;839;24211;20374;18439;
16310;11093;20325;20890;22081;25382;30171;13251;29029;1572;1001;10178;12589;4278;11947;20304;11585;1405;20880;11828;22560;21383;3004;25105;10154;27846;19626;3202;9953;8385;5142;9064;21744;3978;26906;7043;30061;18672;19607;8512;13787;27637;10966;21458;19571;23171;4207;13956;29732;21850;9834;19534;27096;5197;14757;4518;20217;11950;20853;18584;5427;26631;6544;19225;22396;13578;9003;22425;17490;3275;16735;3031;32068;23085;1233;505;4020;8602;6802;17372;27355;12024;4676;2217;30478;24536;20351;28841;12863;24048;10867;13146;30150;24011;974;29634;18786;13759;20448;12035;
26490;24864;23804;31024;22185;17331;22818;31839;15482;16741;23260;28159;19824;32317;29030;28268;32330;23184;17;1729;23172;32628;26857;14574;9249;3958;19094;22026;8360;20368;21888;3818;14189;23637;31799;29426;17681;16239;785;20779;18508;31051;13077;12182;19434;21267;13335;19648;12820;3293;21029;24471;17617;15394;12834;2428;12237;28273;14769;11929;18264;25700;11861;10357;16561;30932;20438;1733;16261;2121;29158;21126;23731;27828;22788;1864;2642;24929;24225;14029;30965;25383;8321;2770;25133;24802;16229;6445;23632;20515;28903;15896;7033;31269;26789;28877;17360;5379;23713;18003;
12556;32041;10472;5783;22326;8968;22130;30654;8367;271;2378;954;28020;11734;6638;7195;6049;24220;24057;8232;8500;28147;25599;18735;28436;15034;9913;8473;13650;29516;31586;18241;30894;8439;16224;30599;18781;1968;2343;1952;6921;11780;24667;20144;24090;8530;16692;11034;15924;19000;28455;6806;10752;25931;23235;6277;2096;29707;7897;13954;15805;14870;22751;9018;26995;6811;24726;4989;30896;27154;8939;16789;31081;2090;9243;30422;19821;22019;27931;21366;8942;23710;26679;18591;22077;14226;28921;30915;8405;6144;6988;29232;14747;29640;30177;30692;19044;13565;19410;19618;
24248;32151;10630;13381;12246;21352;10452;8021;29175;18514;18539;13528;1751;29366;21105;11882;14706;18991;5738;14992;26379;15489;31324;22858;14707;3788;10032;26343;22152;24326;21596;18717;10492;22951;30399;29273;9816;30630;22220;12116;13888;22693;20971;29415;7928;3433;19228;5152;6951;26252;3806;12949;31963;7030;11855;13560;462;23945;5524;5612;15592;11164;24955;29463;14596;31147;14431;4729;14583;204;10829;20988;14542;19301;23652;13644;5208;20893;898;1512;30437;14864;29213;14714;30796;4807;15726;4708;2867;5735;15829;11931;8330;20904;28281;30904;9305;15625;28719;12108;
14268;7875;13213;30324;19499;18683;3743;10158;1023;2107;16617;21483;31794;22051;11246;11238;25447;9308;16897;17075;554;21454;28858;24219;6264;11283;2716;19495;13442;26411;29684;26491;26286;9585;5892;20453;30431;24013;25441;31158;32502;7724;23706;4689;3737;12333;31770;27265;15411;30237;27216;23312;18235;5158;21261;22421;12218;14787;22829;9101;26375;8055;28025;23981;32213;3263;3276;21879;29552;31301;10613;24332;2628;9302;17373;6465;17823;8598;30314;23028;29880;20979;30882;13473;28399;14807;23956;20272;25942;7586;4467;30993;28017;29015;23173;14475;10554;28821;24891;16977;
12392;29386;930;3927;7921;20387;30714;1251;27854;26567;675;25319;29438;9668;17217;27790;16845;2889;23832;32533;11350;7831;32440;2780;11591;19506;3295;8893;2276;4316;29851;5532;20559;32707;26799;17983;10758;30970;3640;13664;941;9254;23696;29185;4366;890;13427;25600;15454;13029;29280;9451;27585;10121;66;23317;16401;880;10832;19178;12507;20858;15154;4735;10667;15770;9061;17262;3210;7490;12256;20192;15812;23580;5112;30699;7407;8443;19073;16415;3880;16145;4662;603;32416;18274;2395;12261;29528;20088;11424;25530;10536;14937;15689;16419;18182;11446;21132;19081;
7045;23909;6714;14730;668;30994;3234;26957;22697;22577;6067;27154;7861;8758;1376;23821;13306;12553;8521;4980;18594;18612;24983;9175;28114;30559;5927;27056;26343;12671;26860;9019;8192;32330;7822;8583;28092;18542;32343;16077;31301;9986;16976;3842;909;12989;26791;32424;20183;15206;25428;21481;30074;29067;27388;17894;28385;22646;30998;7757;31703;5213;11596;6441;22273;26841;8740;30463;20140;31641;29919;29974;11210;12120;1186;8214;2614;11020;11475;13525;1600;24929;32454;877;25445;11365;16025;2194;4190;20869;10076;12578;11357;440;14965;31742;29075;10746;7747;28185;
10485;10236;20482;3278;2880;14106;11503;21111;13114;10637;5804;20795;1339;16866;14053;30759;12269;16554;9780;11904;10832;31348;31298;14680;21249;2552;32560;8032;5307;29333;8245;32509;13342;18174;17288;2718;10927;10288;7552;8012;13089;12455;16121;10627;27347;8145;25339;19520;11417;22979;16278;32347;2239;3883;24080;4631;32331;8581;15939;23288;22915;6034;18752;26068;23471;13830;22328;30509;4128;4225;19613;17342;29297;9921;4740;5972;18957;25110;28238;24031;24305;1814;31879;17097;27572;28561;21262;23174;28868;8392;3702;2669;19698;4569;20141;8902;16177;13950;26331;24356;
13722;8695;17549;16629;3508;22085;21011;30807;10739;5017;22566;20269;126;15372;8911;19058;1845;8080;28036;30158;8435;17447;23187;3431;28688;32339;31172;31226;12843;28109;8761;21290;2342;12921;9114;23576;21873;28058;4719;11827;1420;25411;13261;1618;32455;20494;19509;26624;845;18191;21945;2838;14688;11275;24928;18320;14310;7654;10188;29593;15397;25947;3354;26600;27851;15344;7178;7759;20017;32552;15456;7825;19424;9210;10378;11637;31573;32386;26242;29208;31745;12791;18422;1415;6292;23773;13735;8333;3451;21883;18959;23498;6311;2704;32582;13829;13969;23618;29734;21700;
12411;343;3246;13081;24568;19623;29092;12990;19374;26321;13182;17252;347;20526;5251;5193;20758;16131;15918;1033;19928;11771;26067;17078;14138;11988;9348;23082;12416;21848;1590;4252;26839;20111;5152;22898;6363;30771;24164;18518;31068;3172;18673;14988;5986;13725;8104;10883;10606;7911;13758;25002;18947;21580;5217;31876;15205;1935;31902;29951;6305;3354;16514;9986;6093;9528;14207;837;16785;25988;21010;25701;16871;22178;4259;14904;13854;6700;25005;32606;7205;11503;11038;11544;18182;6488;769;8541;31921;11817;23386;11051;8443;3440;9553;12572;4582;10170;12179;9785;
6435;30596;17398;16658;5845;4338;18524;10511;18840;22980;26329;3585;22466;32133;280;24060;32233;29189;29434;3433;1701;8202;26753;9559;28566;1091;19181;3090;24489;23677;2340;15351;21144;13593;16215;23686;7600;27326;483;29113;12759;29771;20341;5524;16077;2320;28274;28670;7090;30525;14742;24783;6345;16026;8155;4138;7803;17273;23452;22797;15775;11754;9466;16934;5368;18733;25471;30953;12287;30573;8961;735;17123;3499;20425;6465;26575;11256;32245;25285;16747;26087;16411;32696;9893;20290;20783;7245;15281;16636;5543;32053;7246;27239;14300;14959;31564;679;25524;7266;
23371;11879;25982;20265;17605;28106;12317;24622;7503;9892;3689;14842;1051;7915;978;4683;22466;31592;8263;32359;18752;5810;19286;8625;8256;17501;19092;10874;5275;21615;1855;4377;24859;27411;22306;19774;29572;146;19641;30083;24021;7550;21142;32068;27851;10033;5635;1201;1959;20598;1257;28449;15665;645;25328;13226;8701;21045;14824;7150;25581;21869;10600;25911;14071;27867;22964;30663;32552;21993;5604;10345;23529;6381;20803;14412;30850;10144;7158;1809;17884;16338;19166;11043;395;26204;22207;25671;11787;3669;13985;7284;24650;16521;14710;27364;1639;22310;8958;19819;
3002;8633;4072;3080;32276;1369;25914;31418;6216;27938;20210;3476;21994;7910;4589;29460;29782;18462;13577;10417;1268;22311;17799;15795;29883;29867;15027;14407;11508;12637;15558;20691;12609;15337;21259;30599;24285;13098;15681;22581;12581;26782;31809;20578;12120;10008;19936;2973;26523;20917;8215;14863;6976;28433;16225;5460;71;29883;17509;10121;15397;26342;1237;2214;31685;8289;2966;1550;19661;22217;23585;26725;7202;12029;1321;19362;32174;30162;18046;15717;8545;20744;20017;5514;6517;31869;20729;15614;22007;26529;469;22225;31107;18218;11507;32653;27471;28425;31185;5831;
19050;2204;6306;18163;9798;31013;24307;16253;8309;3195;6030;21781;23472;14335;2462;31818;23581;2514;31509;21082;15570;6213;12875;10312;24213;1425;15079;17456;29669;27593;29187;19672;3647;17676;7563;4999;4250;9215;4838;12314;11060;20602;12505;9044;17552;7298;12456;29558;29631;1400;4734;30479;28640;30095;10510;16918;6371;14724;2171;26934;32146;32393;23669;3945;721;27778;27046;29128;4132;12403;15948;26018;25971;2873;22055;31947;32266;14457;13717;17462;9444;16855;16380;20678;7721;4712;19816;3682;2549;24169;17269;1352;25691;13105;13680;2467;18090;17252;20409;2399;
19950;17258;4715;27708;19130;27167;7999;14881;7717;27084;7854;31668;26643;30039;86;2343;27318;9654;6815;15188;18260;21417;28062;13069;30794;14761;3386;10925;11345;29211;30349;1523;26368;9674;21645;5137;2706;32404;30699;14335;12010;12900;1595;27413;27092;14944;9302;19929;27790;2659;8188;15126;6791;23725;23742;4398;32102;26073;2075;9648;14926;1296;22762;5933;27744;17533;24056;29000;2178;15872;8177;22285;11871;14375;6788;10116;2735;3930;20674;20613;11961;16213;199;17357;278;8412;15005;16978;11191;12201;24157;29140;11050;27818;17815;28853;25368;12393;7156;23562;
23571;460;11034;31730;3726;17662;7632;2599;24365;22189;32355;18130;12352;26486;29768;20388;11402;11165;1282;27938;12102;13058;23623;19008;28012;32080;24414;18994;17456;7800;4043;28799;20683;1886;302;3927;13695;18129;26217;12326;12245;22209;31233;27241;25642;18860;17863;7361;617;27738;3511;15429;10266;12234;25120;11805;9116;28524;7429;24397;31918;26513;20163;3790;26165;28703;24053;32227;32057;20361;24213;31402;31024;14846;25700;30961;12671;20705;21643;11596;7230;13946;31362;24164;10811;2539;25649;24722;9282;24421;18773;28589;28060;2203;550;23328;20438;16759;20791;14399;
13252;5388;1181;3803;27588;3789;12883;13331;29511;3068;5085;18286;18318;16741;17708;1575;15794;18763;27330;26824;31207;19875;790;16122;27649;8832;26426;15772;30008;25807;16059;13074;6952;28996;27337;21984;27676;18324;11415;24951;30859;11749;2821;30030;1507;10370;15229;27189;24198;6612;4634;4583;25362;7822;15632;5342;16614;31271;20296;25195;29154;10125;24138;26373;26989;25112;14176;31970;4797;15036;28664;19140;1107;3460;21835;1302;3268;27451;32572;17719;31935;19308;2691;27414;21068;6798;15882;15615;10578;30840;8087;14772;5468;15131;15276;20672;18588;2415;9388;29960;
11313;8878;27966;15779;19877;9665;8694;2283;17850;27895;1587;21972;31846;20989;6211;18301;28188;28171;8398;1797;22093;10843;20849;30624;25391;13535;13993;28906;22205;11571;243;29563;14591;7633;26929;3003;32651;5508;13392;22263;20044;29983;6696;24245;13698;17774;5027;15941;4362;10605;21538;18073;27872;16568;29212;5207;4834;3651;776;19499;9686;14155;11902;29026;28079;11916;31897;2741;14604;8117;25503;2402;30722;12057;22756;9858;29723;24999;26859;10902;18846;16668;6863;21347;1553;4215;8929;19456;4093;9389;10387;27437;15345;13727;9109;11238;13001;15177;5181;5176;
3376;11068;6956;32340;18532;10830;13359;30690;30778;1680;6243;11159;23137;3456;2973;2314;12010;4736;6408;7875;31240;14727;784;23189;4885;23063;27263;9263;9430;3695;28902;1517;768;17153;23103;22516;30971;23078;29136;8573;30181;14353;13907;9329;14810;19201;4435;18231;26739;25531;7641;20681;9356;29240;16968;11022;6475;31387;8582;8036;5214;22118;10076;16763;5507;5612;13344;31850;30542;5642;11153;30204;5415;7698;27394;15435;4754;6664;27323;29073;10163;17681;3740;27194;5905;22568;27139;28990;12442;4371;31472;9901;1511;9621;8295;11404;13250;30438;20502;5599;
25829;6496;20280;19463;29189;1147;29369;24142;17167;32507;10907;28609;21938;7016;23704;14142;3357;22719;21001;17869;12042;15207;15622;1843;12795;29286;6351;12485;16579;23765;26986;4731;5961;913;7822;32325;7305;23348;7616;14754;24027;25156;14268;11630;20344;28586;3350;18427;30266;17765;9761;17764;24227;15231;16912;21022;1313;5952;8539;15312;5008;25251;20325;9317;6145;22534;12123;27487;6330;13861;20575;16750;10622;4169;19686;6721;26126;28349;14686;28828;30191;21378;26133;4267;32110;30531;30806;23702;8162;21131;7893;16213;30513;18230;25932;16838;9365;32294;27495;30204;
24224;19767;734;11482;8318;14708;30944;10721;24187;27019;3768;18759;25540;7294;26027;19529;15730;30876;25119;16322;22212;18096;18947;12539;10924;28024;8810;9413;11918;16728;4217;1221;23108;31824;16772;30480;29029;29228;7796;21496;29127;21754;20076;11813;19266;7617;19628;8423;17591;28016;5557;22730;12881;31253;12205;2667;24843;23631;4614;19339;23411;20742;12379;610;27565;17241;11418;24373;32442;13016;29800;5163;19707;18932;19905;16221;27632;14515;5855;15148;11590;10153;15710;18647;28433;22307;12445;18765;16726;16037;21351;30783;1228;16535;12499;23930;26339;17979;30824;26740;
24326;22498;1413;27172;4381;1376;30208;24855;14679;12989;5134;19393;1318;7469;5987;29969;32139;11330;410;28488;26259;25441;6614;12554;14370;1907;19370;2229;5103;19676;27958;23027;23760;8625;12435;22923;21304;26661;17522;15229;23293;13637;26623;1869;20063;26598;30220;1695;583;11227;11115;516;24524;15723;11419;16404;14075;258;3752;31421;11992;17190;26444;16090;30368;13485;10330;27143;7249;30509;19036;15028;11372;19893;2683;9849;32506;17850;16288;27305;21965;27732;2777;2858;12296;25515;26366;13188;30434;27819;23444;11831;26534;14592;22257;26194;24318;6462;29601;10049;
26994;23391;11529;3815;15660;28019;18250;26093;254;6291;28265;21081;1190;26647;20652;6242;20048;4361;14407;23938;8540;28121;26679;8654;25186;25169;16495;25475;31859;15308;27954;8417;11170;24995;9664;11324;20675;27113;15924;1616;12915;26200;4269;13013;20313;32138;428;15187;9643;9325;9149;21560;5107;3057;15962;22568;14099;5891;15372;3476;27014;27839;17363;27278;18410;31457;456;19163;24251;31869;25345;19530;25954;22769;18613;17733;10862;28439;30368;2470;5409;8383;16553;29132;24622;12892;15299;22509;29121;21245;30225;32685;29888;24703;31309;7152;5968;15361;8810;26349;
4764;17049;32120;133;24530;15941;19657;1746;15981;25381;23634;7426;28602;11495;14931;21606;19349;12418;4667;11206;4724;13863;11974;6392;8360;12148;26472;20656;26335;24044;31982;16538;19436;15780;10595;28582;23499;2110;26416;14500;26591;25627;13192;4880;31871;5069;20483;24111;20401;14795;18313;25179;3381;1129;14962;31898;9158;22023;13803;10358;30620;15752;6812;23561;7733;21254;22152;27224;1877;19651;30260;24546;14156;24675;20747;3448;30327;17497;21761;13646;6665;26016;13687;3667;18955;9643;350;4542;26786;13470;25760;18153;32401;23486;6331;355;20734;19494;18607;17729;
1145;17853;27675;17844;28986;10852;23971;12769;3242;20852;12436;17388;3110;12135;2507;18006;9471;9685;32723;906;3525;4003;17997;21426;9413;23927;10389;15567;24528;22126;6050;22793;26942;20754;20270;30531;3635;30854;22039;10739;25121;29188;24070;14385;15246;30346;17998;9486;28184;13519;17943;16678;26038;3964;443;31353;1856;2969;3952;24182;31282;837;12072;601;16301;28843;14773;17847;15038;25905;2865;9047;3555;242;27805;1092;29131;32367;16584;18720;26974;9857;30834;32187;30461;16531;4530;27365;14091;21261;9877;31360;940;18451;20232;8665;1484;19056;23032;17976;
22372;28365;8631;20405;6904;32039;32674;24142;11365;28288;8961;21815;20185;29396;20270;12401;31779;4942;17658;22686;14637;17596;23372;26900;5062;32321;2827;7216;11685;10313;29246;20972;30891;30658;4722;25780;2153;2442;20060;16502;7394;21027;27328;28665;19090;13742;5778;5231;25519;23575;15962;31565;1710;5517;11997;18010;30217;25397;19193;23046;7488;30751;22737;1534;26398;18041;10794;7165;18749;27906;9237;26853;10444;6338;27087;17422;31888;12025;12005;10462;20521;21333;29851;3738;3223;7783;13967;29307;10748;6232;19098;18437;11939;19416;30711;17300;8002;1368;2471;13112;
17532;4729;24595;22978;27050;5572;17908;31;30939;17051;3184;12517;6169;5487;12933;21036;11247;23604;7083;4511;25384;8978;6581;22227;12248;22878;19961;12247;20897;17096;9648;27660;21807;2262;30112;22838;11525;145;30968;22228;18300;30846;14203;13229;17928;8911;5856;2476;14782;28635;7033;3053;2323;27852;7188;31512;25319;31383;27935;13294;25282;28978;18191;3105;19037;769;27650;29033;29796;29841;20642;32468;25722;31880;19533;31838;6270;24540;5236;31937;32524;7748;1857;3470;14151;17132;2429;11645;32214;11629;31664;32001;27437;26364;2698;23840;26382;22497;24193;28802;
30031;28972;28348;13000;16349;7843;31536;6687;513;5374;29193;30484;14562;20567;17483;1706;15692;22236;28089;27305;10927;5063;13302;31802;14187;24208;24810;11441;25162;608;31847;26794;6478;22986;18700;12631;15790;21174;2154;24600;10523;28317;19046;18508;6215;4860;19422;11112;7848;15874;10384;13126;1914;29580;25655;26303;18435;30292;3830;19579;26394;8549;2298;12296;32234;30163;10588;15658;13812;12456;19524;25970;26707;32033;3156;17426;16964;5915;11076;29680;4837;29128;28105;3065;9789;13990;28348;13752;20861;12466;11640;4647;5253;30681;23428;24773;29866;28847;11634;7400;
29879;29795;13062;1365;20017;13555;31387;16910;20448;12700;963;7275;1418;20373;17710;32108;3330;27388;18893;9806;15458;29713;10550;22364;32148;27810;24395;22792;791;22982;18198;6970;14847;32206;15608;24296;7486;28281;11267;7655;20003;23399;2724;9473;5664;6352;2693;5191;13776;17014;32689;14760;9528;2776;17146;31171;10574;2729;5016;15098;25271;9344;15378;1736;14805;20689;32354;21844;19457;26140;2900;14150;15893;12644;2351;20953;6190;29411;28055;24881;3760;4860;11954;13552;23690;9073;3978;23300;4795;214;2994;27842;277;10310;9773;12857;7232;5460;8075;4032;
1283;15428;22357;29138;5311;29820;23723;11036;4924;26421;29228;30931;31144;22134;2326;8523;26333;20547;30638;24774;10467;8722;28387;6282;32694;8318;29486;29750;32073;5951;23740;31061;9930;30042;8911;13620;15144;2453;30306;31985;17107;25390;28684;29653;19651;10956;21798;19427;31931;1974;14384;29873;20175;25923;30833;11383;13348;11410;25822;10086;27895;18042;1597;16699;17376;31172;21642;27923;3672;31128;23450;22401;5754;14390;4862;28382;20998;20967;27946;17888;2731;9266;25047;1134;23430;25938;30629;23219;10214;20456;4357;10866;28498;14062;86;23193;8909;5612;10062;2328;
24408;29038;9628;3827;12729;7093;23243;2710;18299;12717;16234;25706;12598;25631;22890;421;6672;24872;20423;6502;6276;29162;24939;24577;31842;8321;17231;31895;15895;31288;10723;31979;29487;16893;432;15216;27672;10003;6971;27559;24361;21511;20013;16551;17634;27109;22450;25085;18806;15275;30751;8887;30598;24062;5079;11964;48;24348;23407;8799;17480;15122;16144;16435;741;24623;12573;14624;20768;22456;31766;15030;16152;26333;12221;14274;20026;15340;26999;7967;7359;31685;31732;29903;27253;17294;14866;330;23235;29352;26879;2838;6119;20705;7582;20120;15235;25835;2349;10282;
8280;3853;31012;9326;337;15384;3680;27361;2499;17565;28544;14003;15091;19549;31376;20950;19161;13825;14821;18005;24611;32523;8263;14823;20349;6157;20566;10180;15888;3352;29478;27831;19784;4728;25133;22900;13275;18846;10335;16173;26631;21086;7831;10848;16155;31835;10041;16371;9784;11455;19733;28802;22617;19503;18831;30200;13713;20734;13821;20316;8084;14752;27729;12014;32633;2914;23288;3699;22718;10585;20482;24013;3469;6040;32642;32718;14397;32422;18744;2382;15900;816;365;30331;32620;17914;16671;19057;18603;8219;350;19723;26904;28522;1526;23288;4722;1844;23374;31761;
26115;6448;27536;13289;21213;10932;28426;16550;10596;27176;15317;15376;2060;30908;14516;21224;1380;31830;30526;1659;15188;3534;14656;11383;6050;22366;25949;8444;5563;30548;12023;24310;17841;31498;30035;29355;17536;1560;7671;31376;2453;31176;28247;10849;11665;12491;10417;1136;3658;9002;28726;15678;29714;1663;14442;32072;7229;15972;17357;29987;19677;12588;30139;30667;21968;21713;31633;3897;8957;2094;4369;16179;17370;3182;25608;27240;3122;12997;23341;3516;12837;4702;17485;17889;3440;23188;11685;21287;23534;5476;28304;3989;12127;28194;9058;2872;26729;20588;8339;17083;
25308;29533;8480;9272;14138;9474;13358;22094;13687;27154;11760;30068;31997;17881;8140;15244;22003;15990;7097;17852;12223;28998;18156;27769;26825;19360;32691;25060;17282;15299;6817;2650;11430;28172;31467;17222;14014;27245;2578;3130;28392;9754;21186;17983;28378;23941;17147;32105;20517;19085;22894;28846;25783;2802;16938;19447;22692;19213;9847;18552;8486;2238;13314;10045;23778;677;7995;14854;2412;10133;9468;28245;12814;6725;20331;3781;31685;7497;545;11933;12941;31553;4492;29605;15326;16209;27025;12857;4727;20945;1910;3995;12122;19781;19200;7822;1048;8079;25304;10784;
27214;19299;22579;8903;11376;24060;32178;25007;3013;27917;17799;13907;26547;12539;17114;29259;27197;3913;23147;26468;24010;10580;26232;3062;4136;17216;20961;14706;26320;5938;28298;14651;2156;26815;2817;5047;16278;27813;2913;21925;31459;22713;2422;16305;3616;12321;16417;5189;6363;8131;17918;30627;13862;32509;23365;5681;22935;18583;20206;1299;32147;8182;16153;4351;1740;13970;14508;28493;265;9642;31294;1358;6438;4150;24116;14815;30811;8477;12329;1342;25793;14760;29076;13084;19217;25654;20900;2803;5551;24370;23663;21145;29928;21571;9548;24342;31864;4034;28797;10163;
14928;19569;8210;3923;10902;26474;26633;22534;11500;4181;3514;29916;24309;18910;13939;11767;21;20071;2399;19172;17017;11513;10412;14124;11608;12929;17900;21797;29816;29497;21948;29454;26867;2148;9892;5723;26427;22078;24383;4430;26204;28211;10140;5831;3201;24911;483;16477;27834;5878;5692;15021;20988;31701;30188;3058;15210;7448;6593;10455;28114;989;8113;19337;15995;25833;3006;16655;31518;30874;4125;8414;4914;3869;8342;8872;26220;13537;21806;1654;23687;31564;24580;17142;10817;14764;6777;28182;26534;23152;28051;5073;23440;2200;6564;28489;8303;20842;8486;14871;
1606;3687;23274;1503;22006;11133;28530;21543;22975;7550;17819;24681;20228;7377;8830;20582;9550;30824;153;16062;11924;5361;25130;21438;9402;27729;8924;24697;10327;8526;3237;12314;7355;31627;13295;888;1329;24506;24310;27371;18305;6157;31857;29279;30649;237;28020;21414;4397;28143;9877;8979;16573;23300;27726;10820;9302;15856;11938;25919;9148;3069;18435;21953;18054;18416;9076;8402;11114;11324;3563;10909;1210;17782;14073;9343;15919;4361;9388;16734;12262;29739;7861;1084;680;7951;21702;23819;10606;12380;17470;1987;5156;11487;8456;25011;32686;8060;17856;10516;
1833;30059;28440;23268;23155;27297;18043;8946;15853;6795;32752;4661;14207;2306;3904;3937;3293;14204;14427;13756;30473;6783;32504;5678;12058;860;14716;3736;14395;21017;19229;11111;2806;943;18759;18281;1459;28790;4158;24031;18043;20189;2822;17107;20994;20062;12928;13740;11237;24241;2005;511;17456;30528;3607;8872;24099;29404;1830;6938;21558;21422;30673;31475;23898;880;14142;16340;14210;25565;3468;2415;23394;17253;9654;21473;7542;2598;22203;11331;24647;13080;2044;4987;15338;25991;13541;856;16073;17095;21455;18911;11174;15395;9253;11999;22748;1302;10182;6092;
5352;30142;19371;7625;13353;29069;970;18951;11236;9794;24122;27726;24203;14103;20887;16345;32063;10300;19112;21095;8851;7813;15679;24975;2707;18272;15457;8788;3077;32009;23975;9977;14062;31489;27620;22295;15448;14012;11528;11756;851;12441;16197;13046;3898;20760;20848;24768;6967;9800;15017;28157;3849;5502;13630;11475;12549;21836;16589;29817;14683;17329;28585;18692;10907;27790;9087;13694;4984;21593;32058;3129;7627;23317;1059;354;3803;19330;18509;21465;7387;27281;1072;30784;15796;6938;404;31315;21253;27089;17841;2167;22376;5495;18580;23957;28920;26445;15300;32040;
3344;28622;9254;30101;26965;31645;19230;7356;11766;21693;19191;31436;32050;9216;14981;22363;7195;1730;15368;7350;6298;11478;29524;1397;4276;4801;10031;18515;32523;11302;4603;13885;12456;4738;9621;32425;18423;3098;18044;3625;28947;32561;16950;15168;11076;9597;1263;13684;19399;5084;21092;27300;7629;27204;1535;22172;17349;16376;7747;28903;15838;8194;5995;11492;14792;10717;22862;16413;4027;10866;15494;8915;4283;16710;27345;32478;2586;26097;7863;180;8766;25042;1646;16071;29349;4609;19962;11028;805;1413;5272;17144;2681;19399;20829;28998;6137;1863;27419;22168;
2729;6286;1924;27618;31093;30052;21906;13133;28859;66;22310;27458;10506;29706;28143;30660;6954;14326;12173;30212;5468;12238;17654;11823;13794;23647;22809;22411;28354;24616;23234;25282;30408;15446;5566;15998;19402;23027;26431;18997;10799;13146;4482;27463;7602;12782;29358;30790;3940;5131;8960;28308;29936;28477;15909;9780;1315;8880;23527;30682;5548;19944;31756;2372;1568;8114;27003;13261;23617;4443;22689;14656;30079;25119;17683;15082;29119;26340;21109;9971;15196;553;13466;4078;20587;22585;25324;8878;12612;5028;6927;11867;6206;19951;30401;29382;24249;28811;6405;10490;
13154;8708;13952;31252;1458;4987;32035;22612;19128;16982;7946;28275;32537;566;1188;6455;2645;25385;27157;8006;26443;18466;27608;6968;13824;16806;18089;19439;6812;199;20130;16171;3509;30294;24996;2649;464;29269;22776;1452;549;22443;15926;15727;11939;14363;18278;3482;14644;27767;24166;7075;18498;32017;14220;8854;25210;28275;15243;17768;18384;18000;18587;23433;23491;23738;3796;27576;1250;19860;3035;18715;9615;7755;27073;1679;4611;27585;17704;13373;10130;13450;7848;7022;26928;4955;31601;27808;17717;32191;31025;5080;26717;23308;22840;10043;16915;1942;18138;9176;
7663;6178;23828;27849;30333;29086;12147;16506;25920;2319;23090;6216;21494;24522;23970;9806;21278;4071;18639;25979;14776;31987;30561;28648;29260;31973;26304;3945;6445;3411;26236;15459;20479;26854;10219;32477;27255;4364;28948;26073;22626;8172;30411;2276;28905;30367;8734;18412;787;7069;17648;15698;20363;23925;484;5696;20388;3522;27517;17725;28058;26714;7811;17150;4635;31432;23464;20863;11013;8189;25707;30035;3954;25666;7997;6457;25842;25969;18146;4079;27159;869;10523;26699;18999;29871;14466;18311;24173;5002;30133;15837;32737;30482;29622;18771;20297;11440;31634;31449;
5552;9689;4929;29073;8822;11768;27598;8302;19097;31912;31416;4608;27954;14375;17047;7822;8515;31751;3842;18534;28847;14375;10161;12913;17546;31714;16095;25866;26259;390;7922;21776;15359;3592;23390;24890;7545;30966;2247;14763;28774;28844;16486;26055;25965;20171;29357;23620;55;4327;19758;24964;19571;18816;14265;8226;25630;7476;11460;12235;11009;8242;28944;32335;25467;10226;28298;20215;128;25892;13936;17434;22754;23014;28340;9963;8143;57;11941;24981;18076;13494;3788;24458;11200;14717;28692;18455;15140;25967;15919;18237;25498;21405;12596;22716;1450;9983;21133;18800;
16277;13930;18704;25312;14996;13500;12396;29973;23905;10586;32711;12968;2040;19676;17317;4895;15519;7686;12044;12154;23076;17146;18406;19720;19302;2733;12966;2687;20502;8856;24878;25420;17087;21680;10480;32040;4;24983;1108;29676;21290;19220;858;6054;3030;8897;12161;20716;8471;12547;26343;8048;1446;2111;29361;26325;4461;22603;23725;32193;9287;5667;18486;13108;26119;19422;21081;15896;18363;9440;15670;19225;10802;2640;27304;7350;19899;25549;27176;29080;28464;20572;7662;9507;13875;27557;15194;15948;22712;29536;10899;24746;6084;24842;2414;21455;31091;19420;21905;5336;
25664;9981;472;9795;32641;12279;31479;4609;32049;8552;24417;20940;12530;32250;28265;4539;6226;1940;29351;276;14414;14034;11166;9569;29717;18099;31387;25542;16654;10386;22240;13457;23579;29784;19714;13587;25632;10479;3472;2991;32191;20730;20213;21040;25702;24515;1696;31327;3212;23156;15714;24790;15159;8587;791;527;14018;28296;17800;1472;29917;23016;3728;5227;27093;32087;28030;11056;23830;1570;4027;25063;26350;19435;19629;22379;31635;16288;10458;14392;10088;18094;5201;4921;24700;22129;26694;28891;4435;25583;26620;24678;16618;31687;18664;28557;31733;5732;1555;16452;
25451;31862;704;12497;1092;20387;16463;18982;23682;2937;11105;26734;12654;4776;17469;20966;6948;7278;9842;12270;26961;5714;13246;7776;17724;19989;26159;17696;13571;30694;3464;12276;25639;25813;31718;22678;21835;32138;26019;5896;24889;21815;30843;27688;10022;26827;28141;23172;21047;24169;7396;16751;22596;22808;20119;28245;5595;13500;23214;22603;27528;15941;20134;14826;16467;15398;9334;32094;3467;23304;19571;11962;22466;21184;3697;26766;14617;22399;1579;28348;24766;11081;16101;27527;11186;25513;12879;749;15056;14242;11949;12343;10763;27112;26677;8654;19703;9041;14776;1872;
5259;20870;22661;1507;549;24062;32651;18122;19406;20781;21949;21558;5567;13816;5051;14430;25893;20845;11438;4817;12322;689;32371;6155;12052;24377;19709;12103;21273;24381;3316;8853;1491;11882;16802;5420;5736;29912;29200;13313;30669;11323;31084;21657;13381;21853;13998;30235;14884;8652;24444;22697;26073;26063;31306;7920;27947;26271;17349;11774;4035;22740;882;16212;12523;8990;5010;22845;16021;14645;8266;8542;2463;8979;25088;15757;29525;1120;22280;14055;5176;14382;16512;4892;16382;21734;26232;6158;2777;11394;26455;28059;13308;7421;5753;4534;6492;17672;11805;21181;
6323;28927;22655;17414;459;21531;21569;24764;32249;25065;14351;20713;4327;23547;6531;1235;5783;26589;6982;6796;25253;16714;9849;16837;25805;23712;21331;4579;30380;3474;17675;1621;14027;1565;31992;5412;5337;16829;26871;5067;29496;12512;12557;24138;444;14491;2125;29814;13743;23196;1276;403;792;6496;17396;548;15164;27814;23366;31746;13414;23075;24611;31916;7908;1655;1021;20958;11090;21088;3305;12389;26139;22573;11592;15665;27708;23926;32422;11436;23883;3339;9186;27722;11960;3370;22159;2657;17492;17909;25499;20540;29199;27682;23342;17003;19206;9205;30677;31580;
25021;20587;224;5168;23976;25273;11273;4039;2545;15860;16982;31773;16757;786;3136;15834;23568;22801;18708;14884;282;1398;13722;21176;817;26873;26101;26681;10553;13439;30410;22215;2210;27208;22948;8404;21737;32618;16535;15411;18530;12670;27940;13682;2612;25753;26205;7530;13733;7550;23113;29972;26264;27665;11914;2975;28499;23055;1085;703;7046;12797;13090;27975;9353;12894;32765;15354;15078;297;4668;27806;18711;29562;27865;12115;21393;32136;28290;30243;6657;24279;7416;8922;24021;24239;16309;18200;29182;11468;3537;10916;30708;14935;29478;3075;28155;7957;12467;20298;
29350;24287;23614;3888;24985;9042;829;17511;11666;15815;29943;30509;7083;1413;30695;12062;17369;26166;28257;5452;31417;12952;11896;31889;2188;3957;4382;17444;20863;2773;31885;18539;21297;13170;28134;22032;7023;17516;17944;21335;7234;14654;24068;5039;299;24049;9695;2439;27053;12176;21463;19042;11532;8411;26105;6446;2901;5951;31570;27345;28574;13318;18516;6406;10127;15820;10876;14183;13345;15922;7986;16074;6054;10198;8689;721;17674;6274;13735;9661;5208;2979;7519;32387;24703;4349;2077;9506;12887;23454;13321;6451;7391;15632;19664;14018;11977;24787;2376;27996;
7480;23562;19539;28009;3016;25973;19717;16317;5583;18847;2569;31593;31970;28505;3136;3543;8347;102;15532;18710;9114;2680;20877;11378;25034;11356;5833;6984;7141;9073;5521;30232;31803;19806;24386;18908;22703;29188;32649;2456;22018;27058;22987;1587;20564;29592;30148;6277;11495;20607;32622;12721;31015;30135;32292;17845;31463;27728;1799;17471;5614;12429;28321;5059;10930;9621;15816;17098;21091;29036;28101;25485;7211;21794;12214;17858;12213;21834;17201;694;30956;18094;8234;3996;16645;4929;30743;18980;22719;19285;21073;13136;14313;22286;18366;19588;13861;23575;8621;19164;
16621;11155;24577;5313;13011;19543;27282;15807;12301;30038;29136;29841;11312;3164;17066;6014;32060;32000;4526;25321;8153;31700;369;28195;4320;2526;26673;27267;24605;19532;6329;22713;24660;3171;12933;10335;6273;29625;15655;30161;23140;22692;4841;23103;8765;12018;24244;512;9173;28890;12592;32041;10429;5171;28973;32351;9178;24548;11074;31721;7714;13724;1203;26377;24736;9155;21912;28045;32702;21424;11836;31137;11203;10268;19396;25575;27291;8150;16401;3018;7895;20665;20711;18959;32756;3804;21070;29100;26592;5128;56;21214;6586;15215;7013;29814;26073;9626;19844;30579;
20241;22692;6299;22742;5425;12454;21928;1458;18640;13426;1673;30083;19530;8836;32537;16064;26117;18997;10652;22964;18425;1330;27229;1417;12399;25901;26261;934;2056;27090;12943;7483;8450;21245;11018;10009;31671;25386;32223;30664;13414;9773;9699;979;32310;4131;24079;5223;20344;2216;20446;19484;9005;13898;247;28179;29640;7742;17420;6977;21301;27730;12546;31242;17433;30499;26706;31762;14428;21648;9647;13904;22757;4718;26089;32612;31396;26493;9233;18474;25814;28827;29150;25231;19588;20024;28495;10915;10573;13834;26002;17904;18278;19714;2341;27915;15071;23934;10043;29544;
6184;15808;16993;370;5587;31391;25185;13531;31643;6780;7014;6961;678;3192;4194;15027;2823;6116;29869;7522;19079;24570;20719;4699;22693;20426;3903;6499;15323;630;4748;11460;23587;31650;23868;23896;32442;17447;2836;29923;12068;16135;8792;4773;14704;19110;51;30256;6589;567;25688;27768;1277;13172;24554;4905;28409;23698;11162;26173;12694;18036;10511;19405;14678;3871;5002;4647;23329;14446;9162;5154;14150;3846;11053;30638;19901;32141;27161;15023;10159;8215;9626;524;14903;11233;16460;24322;26219;32578;23164;32447;14998;28126;15754;30764;22728;7453;5777;11274;
9873;1244;17482;27456;10761;26722;15406;22387;14355;23445;19163;12760;22499;10349;13241;3142;32702;10410;29661;4240;3841;26562;11310;21009;10597;8478;30406;23944;22401;28293;11163;31527;4241;15065;22622;22246;4469;19713;28579;797;9469;32550;29507;2386;16739;30242;7678;32079;7961;27957;20581;18040;11461;27130;17656;4956;1163;27802;20363;11146;18058;28736;11246;5030;31913;20429;8140;14268;27539;25292;29652;4051;29952;26280;2071;29382;28471;2076;1969;2895;5584;8428;32684;9061;30655;32211;23841;14792;1678;16572;5792;5594;10986;13109;1234;19888;609;7456;11869;29289;
10858;29611;2824;22206;15526;29827;544;9179;24677;325;10266;12397;5484;20278;32633;19965;7158;16179;16627;124;7672;29163;28367;21535;32169;27723;14225;17773;27970;24634;27609;28566;13314;28039;2953;29958;17526;28447;11814;22074;2039;10372;19073;10962;884;26490;8598;28904;14706;28164;20660;26273;27984;14478;20190;8705;11216;29804;22898;23300;15571;14979;5128;7146;25188;25158;24477;19410;2296;229;11505;18314;19700;26816;20013;31910;31088;15650;3017;15055;25659;28204;173;12126;19231;12559;406;16170;5734;18559;5052;12957;9372;12644;14002;26638;919;2002;1421;74;
15029;14395;29512;14708;2661;20707;9831;27664;17641;1941;14299;24154;9306;18325;22822;25052;16876;23509;9663;28479;4723;2411;9144;13410;3110;11843;14238;18601;22947;14353;4001;31640;15924;1930;18932;29088;3921;5076;23159;824;26470;25147;29588;4656;30166;9765;30310;18754;4159;7496;11809;31211;26880;31770;23214;3193;3832;32393;20117;13924;6801;28909;9248;27361;11261;17723;19902;14773;7872;2171;1445;4167;5743;19580;24763;4346;18615;22982;2231;29881;10400;15824;24963;10964;22291;2419;7653;11018;31899;21407;1887;11751;28776;21581;32084;16208;20633;11188;28523;24412;
28603;10688;22329;9573;15244;10688;29978;6495;261;22111;21599;14185;12696;27093;23215;20898;3511;15966;26279;17470;22677;17131;16836;12249;31024;10264;27011;11786;11407;22879;29638;13372;11592;5771;4730;6329;29766;16751;31351;28168;30409;13271;12711;10361;1454;12735;2155;16894;12785;19395;16954;20540;23152;17879;12684;16610;18162;22072;19190;12346;29799;20643;29590;3582;30322;4548;3761;1132;4644;16113;3739;21916;30219;11800;3287;8978;13163;2550;11648;21392;23755;1674;20967;2861;28083;14794;24190;27051;24501;27796;6133;774;4266;30695;23458;17993;24126;595;14118;18085;
6831;12718;9038;6852;16081;9481;26167;18011;32086;19170;24758;25087;6988;26524;19190;30009;12775;24620;9315;14044;15745;7444;23239;10134;7647;6549;27827;15046;27574;29472;2849;397;18285;3343;32343;3112;1317;7314;21007;30077;23031;12524;3284;19699;28284;3039;30383;21127;31379;24164;13059;14621;20062;15776;12726;25363;27790;25620;15249;19740;6625;4884;7658;6988;1512;10362;14720;31855;28942;15515;30886;22431;29654;23674;28836;30742;19300;13372;12890;11072;20287;15836;3622;1300;29781;18464;20232;16037;320;27084;12548;25332;22471;13589;5832;15881;30632;16216;17039;16962;
7829;20748;5701;22506;10620;20982;7916;19213;6923;17819;28478;19339;27508;27643;3476;13164;1389;23164;30982;1907;5243;8485;2516;26102;2161;20492;12549;22509;29235;28946;23373;14408;7616;18893;31540;9606;3440;31174;32373;12675;14970;18661;12964;17297;16056;14889;23828;24779;19375;13980;2552;20134;4810;25735;22216;17353;742;32482;15335;6943;32531;16654;6530;15658;29337;15047;3003;13210;26170;8276;18951;6942;31415;27392;5588;26490;27798;24014;31856;11738;1313;17001;28710;26981;7346;29274;31914;28182;4654;125;6839;32199;23504;5814;26358;13199;5416;23520;16418;14670;
11875;30214;4202;31622;8396;31958;17942;20333;19603;28754;16238;16192;25549;1993;11735;28889;1725;27910;13376;23172;30034;14279;17596;14863;31216;15729;368;544;29044;2305;9392;12747;5234;3910;13413;19044;26048;29518;1202;22418;27193;28446;19927;15781;3515;13477;22869;16938;22898;23283;2643;700;24409;11175;17728;19997;32509;25766;31418;4997;26501;16915;22958;23609;31471;25723;27841;864;30364;26447;9967;8210;1295;15256;9074;21939;7410;6886;7398;32383;20825;9865;24490;25701;30539;1796;15241;31769;17535;8127;14490;22117;19299;11004;4964;15296;30818;21004;17478;9761;
29799;5571;5655;3349;4253;6953;4105;14352;8058;12402;14035;2816;24315;7729;26895;296;22577;6344;23264;18988;22524;26147;29913;15720;25879;2982;6682;6022;22356;6243;6588;13904;29737;24465;20336;18114;13420;14137;14178;6500;5979;3891;31076;4311;9951;29777;12104;24237;4370;21466;27277;638;31486;4922;15679;16183;28840;20471;18968;31414;5709;23527;8171;15252;32491;18849;25667;14658;19459;7473;4423;12888;31389;29968;19168;32041;398;16211;3870;1691;9462;20258;17880;13110;8972;26220;29587;22138;7710;2009;5029;13430;26579;9472;23963;16790;4532;31963;31191;5309;
26346;15991;27006;16275;13129;17392;9617;289;31630;31133;14681;1691;2789;17800;23561;11900;31151;801;19871;472;4481;26419;31499;22510;12912;24598;11667;22526;7564;17959;18806;19802;18602;28789;24527;446;8039;445;6077;4580;21865;409;12993;28756;11752;5620;12391;2682;23661;28865;21801;17402;25306;17900;6288;15432;4267;23953;16028;4723;1915;5741;8294;6977;26826;27794;26628;15745;4349;22622;17325;26781;934;6573;21533;22895;27910;17230;23099;8533;23761;6836;26618;9096;7728;8174;6269;31913;20748;20954;4990;2205;10378;661;24560;31387;29394;20533;18915;15235;
19989;5563;24489;626;11982;26691;18999;23443;6984;29822;1229;4408;16480;20578;14298;11049;17292;5408;15130;30779;30236;21847;769;22053;19904;17287;32092;11152;17995;7368;8502;18541;4278;11196;13816;8331;13160;30658;5589;5225;32692;29804;28517;15433;164;17716;19088;27013;18165;26986;21678;21030;13922;25713;14316;6835;14374;13867;498;12871;30396;14258;24003;13542;1769;12361;9444;18449;8700;13970;3008;9624;21845;12801;27979;18608;19236;4240;31206;28997;4211;1204;19843;29074;31847;24464;12553;31214;7362;23401;2810;22249;19373;27227;17235;21911;21173;23882;7859;16940;
16147;30491;21696;13513;19248;16419;26054;8342;360;11743;29602;22801;31758;29414;8671;422;26289;2845;16670;7039;9374;22570;18875;9629;16550;25131;27053;808;2594;4263;10670;7171;820;28612;28061;27556;1103;21947;21536;29219;14585;31882;14733;15248;22991;25577;25099;29066;18378;3966;3828;11021;27842;30036;894;28300;1328;12426;15515;6720;14136;19528;24605;9919;6887;15095;10014;30672;6073;19890;18335;12158;15198;16375;8559;14187;28093;11171;12879;29799;9786;31005;5459;22593;1588;8145;4491;17885;31954;19168;31715;31623;22528;13845;28744;30599;26292;22300;9740;2806;
4214;9966;25484;3792;1567;8080;21776;28490;28641;16893;19186;357;15495;14433;8963;22211;30206;26759;24874;953;16149;2709;15182;2983;24193;6135;7286;26500;31524;9881;25391;23229;28047;1113;24367;2624;19141;9916;21047;2515;3137;17119;30782;21419;31035;8625;23243;24122;13608;1120;29603;17480;6016;11537;25252;13125;12483;24532;15089;5086;8382;28631;11087;8398;8715;11482;1487;24567;28375;17634;27310;12721;25319;28210;6777;27234;32477;28023;13172;10831;12472;19523;24125;26545;1435;21436;11693;24332;10447;8086;13823;23996;21514;23870;7988;6864;5362;2904;14005;4636;
3037;19820;17467;5514;2011;10204;9708;2225;9206;14362;30663;31401;18872;15639;19009;4637;15598;1023;11312;32673;5292;3363;3049;27206;17809;32055;13221;2668;8524;11965;25898;26328;28511;30657;22695;26631;803;30663;8927;13761;29453;514;18057;4849;21807;30662;29943;11187;9474;10048;16887;2479;13922;613;20215;8870;23002;16936;12652;13642;5666;18928;6260;26707;6886;24393;30137;24527;20681;2521;11673;15545;10922;12183;4741;15054;7206;16695;12199;24732;22878;2792;9928;30172;17402;32066;9584;13313;10606;634;13647;25873;13947;13273;27611;25780;17401;876;15675;14219;
24789;11772;30308;11458;15702;2368;8834;15849;23460;594;24473;8447;10634;24672;26220;16592;26491;8100;18846;3970;211;30870;12311;26474;14688;26464;3753;28196;21537;18322;9459;11746;5965;22551;16774;22788;20887;15208;4423;27625;17585;18431;32277;8453;6415;15631;24747;27444;16109;12146;2503;27214;24723;17122;26252;3580;18904;877;17444;23242;26853;29475;30379;1405;19515;8210;26440;22694;16888;22132;19869;6263;31829;17190;6242;22742;24436;6748;18764;31152;23641;5780;18484;15760;32054;25544;29045;11888;1771;19176;25494;17615;21453;12679;20521;1283;19366;16853;21490;1745;
7422;20173;6732;6971;7065;18607;20425;1177;26689;21937;10265;29931;17862;25329;31533;18030;16194;16815;15771;8813;929;9401;22597;2650;6753;4646;9014;30493;21911;7495;1996;684;9523;31963;3612;20444;12164;20866;22930;9335;21247;12405;22744;27022;30012;18035;11513;1552;17217;9983;3015;18332;18179;7112;8570;19860;30250;2153;13721;10867;7701;13906;5918;12128;20766;7430;5077;5635;14623;31368;32517;31895;29493;20495;2898;26688;22723;5889;31714;16799;22970;16927;28863;32676;19480;24317;21116;29860;21679;27574;8476;29100;19752;13533;10799;13332;19271;20407;27198;20823;
11633;1191;7529;5410;20587;15849;17231;1450;21092;20099;6702;579;1846;9593;21835;12335;489;16705;4757;10675;22392;30582;21381;9072;32472;25809;32072;31729;29239;6484;9248;27009;30082;21704;9736;14911;9769;26474;22679;23156;14374;2786;20006;5411;1084;18292;30261;17122;19324;14714;7435;23273;21518;19218;3741;6761;17198;13844;24753;13855;22645;25159;10307;18984;28250;29652;7720;31767;25592;7674;30449;837;21522;3588;29202;2920;15700;632;25668;9575;32731;25234;16679;14957;21496;27120;26668;13629;7729;15503;14514;21957;17545;30454;12655;25333;26882;3761;7954;11985;
11615;5889;7718;8389;25646;15826;29754;14905;21254;5357;1087;18790;27150;31599;25137;15976;5310;15226;18938;22164;2026;12330;32147;4619;12540;1995;20076;10127;10881;30281;22030;27286;23015;27623;8703;22429;6788;9268;22245;15039;6619;8508;3823;9350;18715;26363;30577;8449;2025;2839;29134;25879;27743;27854;15259;26138;19541;10540;25089;4000;27615;8066;1123;2958;29974;6677;10817;20597;7452;28435;12381;27170;6746;11723;4380;12400;20492;11292;3118;24673;21248;2094;29041;19309;11162;29281;4883;4378;31004;21379;8952;5837;23076;9030;32603;12768;15991;753;12983;14324;
1532;28757;10984;27017;4364;9475;27533;27340;9705;30140;16306;16047;20363;17961;11948;30783;6563;25804;14403;5683;19930;25399;7191;15552;5721;15996;12348;16821;10639;27620;2856;16067;25390;7652;1231;7708;28279;21836;21260;21825;26040;4802;17731;16916;2835;15471;25413;24117;32384;3064;29555;15499;5397;6320;11303;1313;13702;21004;5199;25396;24040;32343;22363;6538;14010;4518;4186;12549;22309;28943;20575;30071;7811;30230;25642;13496;18207;18024;7428;29686;5691;21452;8427;3917;19800;6230;1519;30615;16561;25309;15580;646;14089;18352;3865;240;30374;2437;13264;3945;
9118;3762;16463;21783;21329;13984;30639;9410;31031;9084;15795;13355;4316;19503;12530;23967;10536;27281;12345;8139;13540;6617;20267;20434;17530;14681;32298;12701;3324;26472;27003;27251;24680;10399;21412;457;31531;3912;28441;25691;19171;30483;31512;7547;4713;10507;10194;15017;3855;31689;1483;3429;806;17383;1155;16193;18884;10424;17494;27706;22468;12598;16289;14152;19981;7484;3878;3380;280;24310;19890;2474;6572;18581;24317;12943;13036;16967;7633;32148;6548;7270;13678;21516;4224;20975;10798;2299;15982;20279;21861;30063;10500;4313;22667;12051;24853;12019;19357;3329;
17440;10386;10944;28376;30489;874;18216;31246;32364;5067;16184;16776;5952;208;16874;2920;13816;22746;8562;10535;19968;19004;31006;5603;18118;21560;27265;20218;16902;1067;13776;6871;5963;4868;12684;12812;10419;30458;25953;32417;29938;15743;19535;26028;2713;16751;519;20258;16537;4494;24472;24557;22530;6961;19274;6719;27409;27963;16330;22565;19818;10059;20104;21599;16802;26932;8542;13679;10240;22190;16242;20208;2693;843;6493;3369;10793;23212;8333;16098;29032;22772;28135;12662;28669;10109;15281;21290;17390;29130;14000;20413;5064;1725;27277;23361;32300;6666;19838;7977;
8842;14828;12066;32162;10029;19735;3756;7975;24696;11501;7235;32335;32111;12276;27049;26090;23929;14472;3611;5453;29539;7117;16761;32490;22953;29928;12967;21796;31729;14447;7475;22881;31193;7197;25144;8544;9970;9931;10370;18125;19468;31899;18418;13586;3509;15223;1060;2417;7164;31674;23120;14671;3963;18732;26222;29395;6036;10292;9118;27568;24058;31561;3014;4671;17267;23722;23165;21713;23005;16463;30504;29507;16239;29215;19042;3795;16194;17507;674;27697;23312;635;3095;7130;8763;31695;16343;31905;31249;15113;3641;19598;15182;15746;10367;15340;18658;16121;28089;13982;
1013;28043;7910;22450;16681;6623;7771;15161;8991;14242;15977;8789;32316;16947;25402;7571;10669;22943;31740;12667;25000;11215;5953;10598;7925;32256;5798;3216;1966;27252;17843;26990;23875;9831;22531;27458;3008;25669;4773;28140;15955;9754;9409;1027;7433;5194;29567;8996;6104;11394;23844;27274;25314;23790;14207;14303;2040;24493;3459;32338;12637;27266;24629;5098;4557;1740;28361;26906;3518;9656;18951;24213;2534;17589;14068;11619;765;13864;9391;5429;21188;25185;14745;17654;17990;5326;15288;12706;26974;10607;22622;20315;11129;11914;3845;24762;16797;20128;17278;20579;
27051;5791;15179;18652;29409;27737;2633;32415;12194;18741;12946;24685;13434;3365;31649;8678;2141;32216;17591;21591;10799;17968;22142;467;3978;2550;30700;32389;187;25037;19051;25668;30221;21348;12599;27752;23115;6640;18439;7132;22144;21210;11503;30069;2817;25268;8581;9858;22957;9842;18243;24997;9588;17623;31532;23521;11030;13357;5298;8179;22317;18489;3032;11238;15726;23662;19092;3298;5420;28257;11639;27973;24349;15485;30607;18676;6241;15608;15757;15348;7872;261;3107;7988;10804;22604;19888;26541;32679;18583;13087;31661;16637;11726;9228;29296;32341;5669;31273;29169;
27788;11924;3041;7935;25859;21384;19003;21395;4771;6616;30208;3937;28702;25594;12320;22189;31607;22391;26962;29536;17092;18076;29947;19547;11827;25202;17233;18187;11083;18673;1728;26430;7540;17265;18573;8501;14266;18785;12473;4602;9166;6971;1320;4596;6733;2487;9218;21944;20549;15680;32090;4386;24054;4516;20493;20645;725;23055;11757;31967;27351;8506;2847;15472;22763;14816;23746;10253;23240;13170;2769;1232;27114;1803;14667;30930;7639;4262;11409;28156;21415;10383;19727;5914;28355;28951;3614;19249;5869;11404;15401;11027;6017;12136;30223;17712;17402;17097;21961;11183;
1463;2849;3149;12478;30464;18223;29874;15654;12100;31534;25236;29986;9380;23628;12218;8049;18102;4189;19702;682;13954;5585;23117;11472;16337;26595;2648;22822;30632;13076;21738;26692;9231;11736;15604;7787;20758;27023;11685;7190;14106;12214;13013;17617;22085;16223;4259;2126;27476;32478;32349;16822;8605;30150;2209;8509;9808;8980;24258;21497;253;937;3949;24052;21846;23806;30861;23168;29239;8211;28267;5834;20963;30888;24090;15026;28561;23728;28434;29658;5671;12291;26651;22269;3141;20563;23405;27523;16773;7521;24085;5458;24833;20848;20122;20710;27926;15866;28385;30116;
18536;16547;21838;29291;20518;1131;31020;14445;27536;25383;24143;18493;13494;31538;9207;5416;7810;19808;31480;13001;15352;30515;18200;216;3261;23890;28601;18755;29398;23094;9144;1152;13747;17703;5268;14369;13932;25959;27859;9129;14666;9645;1441;12190;26761;7124;8123;21215;29788;14549;9099;25144;29746;13555;11412;32308;27960;3125;25617;4914;8735;7961;28377;8123;4127;19335;29318;13587;15676;4612;30166;26126;15304;6952;8274;6181;1833;12626;7469;27337;7644;666;9582;10488;31930;16135;30034;30989;24442;26371;12523;16092;27256;24075;31758;25598;8628;5547;18796;31338;
20766;25770;9471;27973;18961;24194;32168;13308;6685;16146;12822;15247;7945;16023;25833;31280;7192;25049;23575;24844;13452;6818;28559;8297;28521;19572;19229;29169;10363;2427;1934;23885;4762;7105;24340;10998;12077;11937;236;31048;24301;11390;18493;10201;28652;9397;23108;3336;19669;19919;28590;10713;12661;30716;19781;20480;2170;957;12239;28219;22139;12512;12083;30437;22073;22961;23774;5321;10789;28271;8549;8756;18210;17661;7532;5710;31883;4314;4550;23721;15736;5971;4830;19227;3901;29687;2901;10697;16692;332;20972;389;20925;14784;22181;9306;9346;9442;11045;9316;
28160;9426;27229;11493;30787;14326;17257;29078;9456;751;11192;10299;20617;14028;31854;16506;31469;10109;32518;19949;22814;9866;11580;22646;13383;30213;10282;1747;14846;26557;10929;22386;8646;31924;31514;23430;19416;6355;8189;10330;15651;7901;23650;29413;7313;2210;14119;2464;5516;20341;4514;8340;17345;14559;4486;9143;3107;23445;25099;888;1843;28840;4169;12185;24703;17660;1765;13373;20329;24315;27888;11586;3370;11402;27660;976;27671;19772;8657;10802;29730;19654;16495;18917;10403;25012;8852;6127;23385;1114;22160;17266;12459;29196;25783;12929;14644;28818;21766;306;
17535;26070;14346;30453;20751;6112;14078;26148;15779;10500;28468;10715;8120;9306;7350;13833;25422;11887;22572;28103;6127;11834;27648;13289;3822;594;1217;27091;12013;5726;16581;20623;8353;27852;25363;28;14554;28870;11647;26888;17341;9313;9751;5185;5460;32536;19390;5416;842;4218;32279;25063;11247;15135;7333;1540;11906;7136;8496;25399;14512;28999;14698;29817;3416;5957;9170;18270;26769;27427;21465;8100;25838;11195;8515;30988;17921;10728;1745;23400;19485;23867;13341;13558;30048;12528;30405;12012;20465;7456;16075;12372;16775;24632;16956;794;26667;27817;1040;20324;
30782;24289;16978;24865;15293;3963;3969;27621;5828;5554;6965;16628;13649;19996;28165;11165;17995;14741;7337;26569;26563;18552;13916;26323;10361;26134;29316;22170;17058;22624;24981;7893;29672;18407;9523;18599;5811;1031;29591;1140;24743;22366;27187;16882;27246;131;29593;3715;25783;8949;17561;11714;7806;17490;13481;8283;16526;10698;30091;3361;25157;10706;28201;16474;23448;17949;15556;13661;30806;8648;9293;24160;28849;10197;26899;7819;19194;30170;24735;10833;2732;24314;14556;16895;20652;6933;14972;31381;20687;30268;2710;2262;16541;5224;12180;17051;9045;7531;23884;19052;
5937;25894;19565;6481;2026;25597;8477;23270;27263;5000;9440;20398;26163;907;22460;10665;3796;15145;7323;5929;5187;14932;1264;28641;2865;12168;32669;14399;13095;13753;28437;28412;24009;11914;27325;22769;23387;3263;12185;16172;4228;8949;1060;21315;6482;19088;4991;11752;7551;30454;974;7102;14835;2299;19424;11371;9097;30363;3086;14319;26390;6895;28261;20020;27304;16986;20999;17637;5131;18180;17870;22404;14482;20873;5683;3511;14867;4594;29294;23523;30004;1252;27871;12796;25829;6423;23213;27804;7982;18698;22189;23634;3883;31989;27525;22332;4181;18688;10513;2264;
20226;23474;10501;29719;4656;12460;18132;23475;21118;23447;3793;1219;17019;32603;10388;1933;11299;17809;16544;8859;18343;27196;13635;17425;28525;12211;2749;15677;21848;20194;27300;21616;7497;14258;12934;10508;230;13766;21969;7647;24730;19816;5872;15791;26076;25795;23479;19990;6837;3410;8449;1169;6780;408;20887;4563;16357;11026;1108;30559;29754;17514;25991;23381;999;27629;20377;20108;7228;14911;22256;14562;22127;12621;19730;24528;29664;6020;32526;15170;12193;4929;13080;3237;18742;6792;10611;27713;11417;2808;9364;16585;23426;32254;15492;21808;31716;11594;390;191;
12219;31615;12794;5477;6661;29999;1921;2126;13582;24070;24418;2230;24049;7749;16940;30976;14684;9330;3741;32258;21907;3918;19395;6308;11704;13320;26209;32169;29257;21680;23956;8140;15082;6894;8886;8207;1381;10996;12419;6224;9711;25265;7546;29725;3245;6472;11654;19401;1142;29376;9950;30143;20187;7165;28202;16919;16740;751;11751;5223;18461;24329;3340;20444;29009;7669;14574;18825;26262;2182;18017;13566;30473;13294;11808;16157;5851;4913;26735;19241;30733;15577;27646;1568;8311;14572;5137;17483;8463;27419;12766;23827;21096;27964;19766;30998;14969;28154;22632;1658;
32672;26571;23395;18305;3303;17443;23066;12126;19333;16104;31277;328;5544;7717;11205;26060;18033;4610;22975;27239;2880;20724;25870;8020;23091;17457;28506;18339;12777;22631;14573;20363;1676;18093;5584;32001;14;27066;15921;3721;28082;29524;32264;15437;4815;5644;2043;20332;12497;30505;28542;17300;29312;31970;3646;9939;7301;19664;22720;11178;10025;3746;26181;8548;9569;18195;12274;18085;7432;24345;19245;10822;13419;11103;9034;3680;22794;2038;30311;423;17309;23624;6548;8954;32086;6989;18488;17208;19046;5121;688;22868;7618;9749;16440;31916;31271;12004;30735;22934;
25691;17066;17878;21564;19127;1520;11577;19883;1506;15179;16594;16166;22239;22854;12362;8128;1610;15517;450;18474;2270;19116;31345;18633;19771;6182;31374;26123;5862;26634;20592;12028;2706;5843;18164;25108;20382;17904;29471;5203;27358;23411;1284;20113;13982;10765;8168;5391;7140;21818;32165;3409;28918;17849;24908;13872;8476;16959;7438;26155;423;108;12125;1022;30770;16894;15182;11638;22056;21061;24642;16515;3463;30679;13509;31375;8931;11908;26806;8718;173;15756;21161;28246;4021;32272;27785;8625;14574;26055;898;2481;13425;10738;7965;22980;18885;3730;25517;5128;
25950;13784;29675;29793;10083;989;5597;4552;20405;27283;7932;10726;11052;12796;27541;19169;26148;4249;25968;20342;26680;10278;23984;24904;7501;14980;15866;30071;20435;10999;21721;30581;30791;8081;16737;5653;9724;22254;16915;26341;25884;1570;27393;21438;17897;21232;1843;1689;26953;15933;10568;18340;13954;4803;12128;406;7746;11274;15930;24639;3810;10644;30618;15715;32235;25176;28654;20424;10970;11379;10032;20622;32544;19737;2318;2751;12141;9425;14409;2343;558;27618;10587;22118;24405;4872;20572;835;3416;7276;26150;26435;16252;211;2232;20347;22867;29974;15064;4002;
2947;9170;1789;10602;11722;12128;18795;32272;31295;4104;26016;15922;3547;8817;27375;3042;21047;31324;27755;760;13463;19858;4102;7084;20008;2843;6394;7012;24966;29361;29032;1994;20865;16501;30527;20514;29985;16608;4192;8411;27880;24827;18944;5475;23894;3795;1869;15424;12979;32295;852;8541;21000;9573;10786;21153;23407;1749;3369;4806;24972;6675;30438;11881;14940;27074;25025;10077;19757;14719;22069;10821;494;18452;29744;610;13737;494;11197;32681;22606;14290;26848;793;6066;11723;14017;9547;15319;5735;7693;11083;6254;20002;17050;15782;14234;27427;1098;5572;
8695;29990;10033;5496;26587;22970;18170;31958;20444;28844;6534;12869;20114;9411;17623;20693;11166;5293;19501;28882;30698;16442;22638;24217;14643;5576;24523;13226;28357;29695;28833;1535;21382;29630;9117;8604;310;3668;31012;104;22773;29684;9714;29755;21766;9827;4865;14136;10194;11252;5292;22109;19504;28342;7444;10840;27363;7148;28099;21148;14692;6077;3215;26293;13795;22829;32705;20952;25736;16972;5495;3263;29182;18605;14919;10676;24370;538;8997;26347;6744;27014;20103;15124;10544;28739;8391;4145;18567;12150;8136;8357;9472;19911;4572;10894;4372;27997;997;27989;
23640;13833;31419;9604;12286;20417;21454;31447;5279;24913;6413;5269;1336;26445;19462;18464;13170;30538;27726;5579;24870;17229;15651;26605;29472;29060;3664;18484;8483;7220;3153;32571;26414;3571;23480;21086;7166;3607;975;21453;20692;20846;27775;30943;24184;25392;29552;27305;17278;6705;23666;17616;14280;28251;8476;13979;6476;16988;25522;14924;5655;30108;2380;22193;14226;21106;16181;7926;13061;11415;28562;25789;9049;17371;26948;20592;4130;16150;16143;21462;26077;21346;8699;10981;17269;27527;15098;24280;16653;25527;18380;32641;5113;11644;32544;1759;13325;28654;32764;6899;
26139;30761;20574;8656;20407;3582;12068;23538;30781;233;15657;30928;23318;323;16817;22964;28470;6585;3591;30411;18409;23805;17508;6776;13008;7099;1555;26350;30502;14031;19667;23038;6728;25013;29565;17197;19829;26945;12774;24586;26834;21136;4103;4799;6065;26174;5211;26341;6674;31705;12681;22685;16234;6550;14147;4572;32420;15427;19054;4614;20326;23421;10371;29631;10389;32291;14901;17662;18459;29451;14676;9570;10216;499;28145;7882;17462;10426;18115;27680;5906;14544;20681;8821;27928;26859;21041;28755;30590;12027;3193;26446;16212;30305;27092;989;24073;1627;6607;26472;
7986;11459;24884;30882;28551;250;8494;24089;15662;21279;22959;1804;11581;7044;11023;13948;19066;32354;6902;17541;4453;14283;8315;2543;32120;993;15245;10753;31661;22342;7058;11925;26177;31699;6479;10866;28087;25997;2056;21973;4897;21460;8680;22865;6043;4830;5027;15065;1304;29028;27481;8476;13409;16027;28350;24849;29786;25702;7288;2514;13959;29130;23752;25261;25808;10658;9581;3960;17537;27028;5317;20262;2709;32067;18486;2200;1332;12742;29132;6581;32378;15706;28963;7357;15482;20307;29576;6106;17027;23641;24411;19193;14242;31440;3767;4055;5735;25496;7510;95;
2540;27383;19886;22323;7188;1491;18784;16009;6417;12069;16595;312;19497;16810;11804;21010;31161;6620;16162;7541;14970;5152;11007;6429;7171;15169;30377;1596;10895;15133;27857;22989;18433;27550;19723;16165;29733;2028;30256;10443;27193;26081;4096;25481;14252;16830;30732;24515;12325;29212;30164;9480;25287;6181;31276;9191;29876;8195;28132;23044;1231;9625;21415;31851;31943;4465;16676;7203;29521;502;29548;30983;948;21732;667;30417;16011;25852;30907;26744;6086;20476;20453;9660;30195;22734;7081;7934;18108;14848;25009;25430;15536;31860;26016;19680;6726;9817;27712;18262;
11806;22105;14813;25828;25739;7956;20460;13623;4687;14030;11761;4824;23717;20324;6559;23224;25221;10885;12864;16908;2851;15902;21335;15962;7609;32022;2692;13268;1670;6204;9385;24038;27926;19326;5707;9739;32709;2907;17211;23780;6271;9883;26997;2443;7881;12349;13128;17189;19205;17841;13495;18614;12017;1351;22560;19258;10098;18664;32283;7665;7056;30980;21669;16634;11457;3019;10622;31267;15466;1184;15311;28672;27299;1994;20752;31546;29243;22125;4393;8746;1531;18105;28119;29350;4911;3170;6482;11803;3427;25936;20525;31708;10091;32407;31357;5562;7590;9641;26685;8917;
30083;6603;11505;13490;22083;4549;24202;6797;24321;18910;15242;32496;7664;11783;31848;900;3301;29783;21558;20264;14101;15287;25729;16960;27679;735;10361;17743;9293;2945;6993;26057;31254;32195;7657;13602;23784;24563;24491;7723;24869;13942;20147;9374;20844;24578;21298;17143;25881;526;23060;23174;16399;6534;29408;27075;8117;962;1248;31969;22846;5049;24451;3238;3374;1906;10751;16249;13337;29116;30266;16573;26798;27679;31467;8797;4853;9490;14588;31912;22741;7790;4148;16480;30681;12323;1810;28429;27700;9002;18940;11671;2306;30907;9625;25876;26064;12735;123;26079;
17759;10888;6145;16618;22949;24256;1147;19285;2325;10655;18576;63;6432;22113;28637;13532;25084;5368;223;21191;28580;9982;17939;3226;13344;22765;12891;16573;12038;7058;25764;32379;11841;20927;3782;24923;3089;9793;17323;13997;3667;32273;28852;8547;19203;23247;1624;12322;13823;16747;5135;6553;15373;31014;23406;4882;3872;14009;7827;30022;2007;2003;11715;9078;16455;4809;30802;26807;19450;32393;9411;16270;12599;5841;29745;14268;1924;158;29934;28251;24426;4838;18537;19498;22392;10121;85;32294;651;30854;22279;23642;844;23914;18208;13047;249;32015;18029;8615;
22889;18306;10251;1311;13386;19525;27087;7923;23470;16567;28900;28591;32198;19152;31158;30499;15340;25617;16143;20222;10983;26811;7296;21407;10347;10048;12291;20263;10720;1015;16094;23251;26724;1299;25035;27273;3603;23254;15445;14000;18566;14338;17285;30789;25753;3729;22462;11051;22386;1189;13798;19139;22719;13762;966;15549;29246;5179;31668;24110;10371;32490;31599;26338;8438;24356;31306;5875;26907;25324;10893;25242;17174;10087;18968;4166;7022;26513;26185;31979;3089;813;5920;31389;4248;29186;30113;32093;20429;30532;20858;2611;7786;10577;27110;7293;7972;8606;11729;30086;
9192;26864;18237;2650;13413;29647;30180;985;24010;17207;32031;1291;12241;32146;10502;11187;2812;5091;11993;32551;9246;18244;27807;16734;24862;8850;19468;22091;29432;15463;19624;13673;20740;21832;31022;6552;31099;9760;19506;25383;6967;29421;18439;24626;3258;13754;17888;28462;13426;30157;16437;12226;17980;7969;7273;13784;31270;28183;14249;29429;8313;17256;15127;18885;14071;29790;31528;32763;25441;27460;26186;600;30524;11291;18123;12040;24789;4494;23542;6709;11651;22056;3711;215;300;15813;17441;24009;9994;29510;5765;21794;8111;28297;29030;27074;20551;30361;23539;12587;
14110;5153;29044;31123;18786;2087;19761;5687;24105;6902;28047;17905;19125;22364;21117;26637;5111;1558;23310;29529;22867;32137;9831;25467;23715;6579;31708;4231;19326;28768;32342;9425;11706;5537;12024;9472;7471;1146;770;15972;10942;32731;4341;20362;5267;32721;6392;24333;12710;32510;27770;29870;13960;15431;31001;2215;14172;17612;31426;32061;2851;23069;6426;22165;29758;2219;29725;9416;12845;636;25605;21561;24733;4643;28782;22567;18338;14832;17079;25470;321;21348;6059;9203;6193;17127;29793;13135;994;5053;8800;13067;9663;4151;14087;17950;11185;10790;10797;23827;
31716;18325;16388;2142;3533;18360;19011;17648;21612;21535;1156;30473;7630;21039;4074;1870;3031;2259;21000;22043;2622;20079;15102;31002;26073;21270;14053;30485;26907;23292;20078;30216;8667;32046;15045;3963;13398;14976;28860;16142;24440;199;26405;8022;5719;28233;7295;26855;21249;26994;8150;26546;1655;24777;8420;23186;18937;18210;19324;28961;13700;8212;29225;23504;32666;12461;19474;8759;19009;10341;18976;13225;16718;22097;18275;26124;28131;16025;6322;22247;25399;9260;16274;25277;10389;23218;17498;9882;1192;29891;31636;16363;3573;8790;15013;16018;9385;21372;16305;32058;
14741;29518;20665;21480;1655;20259;22022;22739;7035;32263;29643;9078;26113;23657;26374;17891;5281;28692;10663;28762;31852;18529;8692;29466;25461;11946;24876;4727;21649;15105;13674;24877;24666;8482;4813;5364;28538;18855;6102;2389;2598;2939;12561;25787;14568;6545;8184;5069;25250;30934;26900;3835;19408;4708;28005;7767;6925;13816;13060;4007;1753;8358;8455;4792;4249;23499;12965;12277;28895;2116;26011;3383;6380;27101;26573;29919;28019;18188;18481;21283;7840;28896;12009;7589;16729;1844;24751;22858;3524;19752;4470;12873;26377;8658;19022;23170;4185;28976;26249;8722;
13103;12641;27676;32292;6869;16405;17224;29193;18731;13379;4473;3724;18596;30746;15214;31615;24465;16185;21146;16282;2210;11554;29130;14982;21673;16364;19721;1332;6562;21305;30912;11379;4849;20328;11298;31170;22250;22796;711;15970;17814;5276;407;21680;21684;21100;25322;19378;23807;14043;28142;28912;19631;13006;23880;11397;25410;24670;6398;25461;23164;6094;18324;21569;8365;20672;31349;8633;2098;9128;31125;18;4158;32640;29269;14392;10971;26558;3495;30053;9259;20099;12658;4339;3828;24341;28984;20591;23131;19599;29174;18926;29936;30935;17739;25252;8427;2001;32733;7090;
23989;13010;3833;8512;2731;28760;4473;20428;10014;17400;14315;9153;21406;19095;28655;18252;30840;22237;24289;12907;13693;12775;28600;4423;32517;21564;30766;25795;3124;11011;14626;4437;31356;15731;15930;20501;19043;18058;24780;13843;6535;5890;29183;17902;15839;21377;20525;16290;9795;25360;27532;8866;9263;8654;32270;5671;708;11237;31365;11207;3855;21694;30475;12361;30094;7793;5793;32440;6384;17792;13846;2486;17949;13508;24619;3859;26998;30119;19700;10654;10590;28820;28801;13627;2553;4524;23742;14646;32307;9659;31384;19671;2565;874;24161;10807;23028;21686;15222;25425;
29658;5280;15135;27996;25832;5414;15030;30297;4332;8563;13580;14568;1744;4179;23304;16991;32355;23273;8081;24349;25437;2980;15022;8476;4509;6511;26604;13510;9908;808;25601;30730;3239;16212;28078;1966;8689;21521;19946;14055;8904;11083;11068;9511;14241;30515;11369;26166;19702;15085;11855;28804;6215;19337;4369;17854;28255;23861;24692;2463;20184;28849;23433;31497;18657;13571;8077;852;7487;12651;31245;20454;16786;19353;9805;10755;10458;32286;31211;231;30009;21281;17600;23058;30459;30547;26631;7140;7379;31013;26817;26217;14695;2104;344;28278;16911;18708;30338;3829;
27354;4382;13160;1149;17363;7876;28936;1830;15234;8699;27863;13979;10933;10475;29355;3184;19840;17640;15833;18614;19842;31653;30106;3277;16746;22692;18612;6266;17850;13041;27734;23865;4811;31504;579;23509;13329;9524;10802;53;17569;946;17013;28537;21744;9652;7130;31814;24030;3634;9423;13661;25843;22302;20425;17011;13800;5343;14566;829;21865;3585;20177;9418;4377;6955;742;8469;20695;17233;17558;23771;3392;26666;19469;22442;3956;5861;30739;8763;24093;20760;17200;3841;31662;25081;5140;20738;23017;5072;27957;31974;9892;22956;16314;8269;21964;16725;26008;25446;
3242;16771;1787;26814;21093;14413;28391;24405;10697;11748;4895;31479;30790;12161;21318;18121;24124;22172;13124;1571;25718;20575;5355;6045;8948;31066;13531;3693;17645;24952;28322;30192;3604;19506;3112;29574;17691;258;9291;15011;10101;27;19654;1827;19041;28503;9047;4574;3364;21361;29217;13181;149;26996;29519;10636;26591;13427;30714;12752;13955;4987;30284;28634;12188;29638;17126;20700;2663;29489;31104;25020;16386;1776;22735;19303;26228;31361;5548;26984;15598;23262;26994;11961;19793;8695;24488;19672;18159;13919;9952;20766;30358;4934;26846;11341;32715;11431;28157;22632;
15187;25538;4047;4295;24312;8141;16132;20586;21129;24295;8333;2702;22051;21325;1537;20862;23983;24784;17727;24492;17836;3719;13141;14080;17711;16577;18080;19056;16679;20285;9269;26065;25830;19358;7296;18412;9181;3097;23339;8917;2215;20081;20033;30328;30026;1829;2196;31093;14521;12520;9052;1070;7581;12369;25376;12829;22100;8148;9178;11628;27194;6129;20566;22719;2088;18347;26843;19285;25147;28988;23821;21327;30423;7943;15634;29263;27371;9422;1524;2117;22902;16677;3398;8326;15434;29478;20491;5407;21008;22631;10451;31848;9612;10025;12583;5340;6690;6354;21031;8999;
8601;22686;18546;30337;32544;19089;8006;1851;15246;16048;26345;25495;12014;25712;10823;24285;17211;4719;26588;13995;21608;13922;4564;8845;20899;334;22897;461;987;9212;18862;7053;7552;12199;29986;9490;30602;28407;15142;611;8124;19251;26682;29971;7210;4530;13733;11611;2041;11666;27740;29036;28006;10669;12069;20226;265;3785;12284;2877;8795;29199;21686;17581;17783;18367;3812;31659;10781;20001;27386;29936;1020;9407;6833;10848;30769;25553;32425;15911;5131;18425;29523;9223;8465;17968;25870;29936;31302;7168;28560;8402;18091;12277;3208;29359;15622;22094;5505;6900;
21730;19959;7434;13321;2263;2492;25364;29991;3595;6583;26779;1898;9465;18698;26249;12583;26481;17364;11223;19327;14304;22877;9973;13876;13778;11924;7788;15804;23477;29884;23746;10132;10720;30818;21405;22743;724;7314;31276;19215;7361;5706;27331;17227;11340;31791;965;32626;11407;32383;4039;19926;26721;23367;14578;17164;10456;25302;19369;508;11533;8305;3180;18996;20255;31560;9469;16514;31355;25513;27841;9665;22362;24692;4200;28659;20363;4303;23761;31120;20594;30234;12583;15134;28241;6694;23633;17154;19654;26017;27017;24470;28821;15061;8266;12155;24232;10387;15216;3121;
11348;18793;7067;740;25822;8987;30932;20361;26686;6737;22387;3626;10018;20110;17471;5758;24630;29281;7128;13757;17059;29663;24914;15026;6613;2384;26659;2066;26242;30249;21823;8460;2280;7227;15233;25633;24662;11561;22349;26678;1005;4127;11636;12264;30888;20417;4439;10015;2202;9314;22096;7910;8055;28279;12365;15226;20566;13643;1982;2208;26805;32244;17586;10300;13502;3717;21820;20256;22729;29061;29468;1058;25633;19872;27803;21873;267;26013;29879;30761;26116;21648;16000;1572;27723;23121;26562;19988;28575;19500;30436;27086;23370;32218;28688;3817;2142;14000;17813;19848;
20799;1815;10121;12660;32353;4668;30386;31086;28755;8201;24231;22723;11005;2899;23346;30496;9766;24661;11513;8872;1849;16221;349;26692;10312;22469;20899;1594;4177;3877;15697;27906;16576;10439;25563;16981;31798;347;383;6790;27273;13036;21358;23573;15884;13587;1836;386;15888;19819;14649;11615;23210;25668;18161;17577;11703;4508;30641;856;3358;30283;16699;16181;4693;13693;11100;19692;15143;8805;5836;15202;1972;30256;27477;22856;14777;8760;28983;14577;6417;4731;22988;9824;24956;29771;15208;17318;15776;21831;1155;16235;29517;11913;10778;22986;9477;12321;5458;11106;
19644;24770;5215;25257;21468;26044;21156;27524;27788;1834;7195;13589;4146;17517;28664;2516;18230;3289;9865;11746;7690;28845;11873;14234;27495;24137;9397;22120;19417;16283;19718;31710;30333;3035;11264;6916;20233;8568;18851;29168;22798;31826;24224;4503;28794;7209;28934;6115;27489;12117;9245;20486;2301;21944;16274;11533;20979;4082;12757;21176;19927;11987;4544;8329;12787;22294;25465;29467;27972;27980;9369;4021;13766;32278;25486;28191;31474;30359;26174;21684;24964;16681;9196;31417;11393;6735;5728;9453;14201;12780;9794;28769;26121;27826;14024;16266;11429;23004;5265;32149;
5780;12576;19408;11258;27964;27871;10668;28244;25760;21664;27879;2160;28967;3004;27070;676;10911;30810;9489;26722;24705;5790;10948;21772;17271;3102;9061;17162;18459;3990;27919;20763;9986;30940;15246;29160;7673;3350;963;14815;22158;23338;13898;16190;5587;15478;3419;16494;6494;19906;29166;1171;17812;29810;15395;10849;2344;17408;21216;22833;6622;22442;28348;2132;28309;29800;1052;20647;6788;1825;6299;31847;28100;21278;1968;18759;32526;25791;31371;4288;711;7277;5951;19113;4921;26063;11046;7687;20004;28481;21633;29734;27509;30082;28512;16873;12629;30636;18882;31582;
26981;26474;25340;26005;15176;10597;14943;15027;4195;31231;28949;21570;25824;2628;17228;20427;10745;26909;7319;24999;7539;3271;19344;18962;14952;4228;6339;8321;10058;31377;17607;26934;17701;7767;12718;10513;17444;28389;15264;27561;24919;21918;1218;28571;12723;24879;14428;27938;7771;24773;2364;10984;30238;16252;28501;21788;14400;13338;26796;19141;31869;6397;16757;21846;7243;82;10104;32386;352;22664;3258;30801;15732;13572;7514;19316;20296;3863;19641;16342;14567;4909;15837;13171;19243;20039;2840;21357;19076;20395;12516;27484;20725;4825;8210;16102;4447;17858;15140;8593;
24578;16181;17143;16596;9281;14746;30373;21620;6053;9698;27305;10510;30245;10942;23364;14575;933;9231;32288;18220;2748;13982;5940;12528;14522;19470;21735;26896;31466;2831;14200;20965;16660;8148;1949;26970;18758;26822;8298;31556;22740;23418;4213;19954;1694;13792;22072;32005;31377;20414;15286;30338;18033;8285;5474;20006;15317;19587;26684;23290;25459;20640;15165;21287;31133;6988;6133;23050;5132;11249;32371;13451;21725;2501;20581;6059;20185;9980;30592;17757;32505;1083;19234;27543;32553;10319;31030;31144;22093;16415;30297;24524;2434;31455;14650;27902;21158;30343;17735;16141;
8218;20612;18566;30962;16838;11949;20672;13153;26462;21624;23525;23454;21476;6254;18348;29842;27247;19932;25722;28190;30762;30412;12165;1711;24479;21043;30777;27411;2358;6764;29915;2187;15608;2021;2668;17697;18841;27673;19408;4667;7350;30910;29743;3441;12379;1855;24732;9116;29128;29804;19700;27183;1397;25713;22537;8907;3155;772;4864;7437;20053;5091;8184;27307;28207;26494;9197;6591;2654;2032;4059;26978;28520;12852;1318;11389;16229;28566;22841;20188;12990;25447;31853;12420;22069;8437;18477;19271;27173;7611;30809;22165;18187;5076;21479;23957;27462;26806;18640;31604;
5659;27676;32554;12798;5116;836;10129;3691;8202;5211;2252;4219;32472;17974;4270;1989;13938;26690;27705;23371;1950;5822;27402;28499;3169;28455;12785;7538;8133;26868;223;29418;29402;9860;4101;10550;29435;21077;18490;3298;25938;23670;23197;18080;23455;11327;31612;15001;26164;6719;17525;29185;10052;18038;475;17134;11102;7876;28508;10858;11061;10658;10208;3270;6818;26896;19635;20530;10476;27086;10215;1419;5702;21199;19956;4980;665;2283;674;6056;6532;15060;25897;29327;16290;26955;10134;12559;9483;16276;21872;18596;24861;20519;28060;22963;31612;2472;21374;27675;
1623;30745;23393;23054;11757;9807;30233;23839;24912;13218;16358;29083;30825;29161;30364;1053;31549;8102;6913;7517;28270;4733;16759;73;18693;26091;21979;28247;30574;564;22188;1561;4036;3997;19312;28690;6992;10716;31315;19912;6476;26573;8466;7962;7916;2918;13591;4564;14495;28141;28390;28545;28818;31848;9399;7552;7797;22614;14436;25434;25731;28828;7302;27475;32188;9922;13531;12607;16757;21599;5612;21399;19;17618;26604;31436;7444;30515;28898;19163;2639;15498;2571;4898;2172;1598;1145;12402;20726;30928;16641;21861;3264;5832;32596;11506;15558;6128;10348;2878;
30566;16577;6186;8373;7983;19995;10813;25434;30441;18745;3653;8795;14037;22499;10040;30697;1846;23781;31237;3398;1039;31937;28536;25888;11823;23201;27998;8221;28011;8591;2793;28599;2091;11752;25686;11082;13352;27406;20940;15211;9331;14686;1416;20348;14522;28770;21815;4477;12743;20807;12963;19493;3913;32145;6034;14130;31447;17933;26859;24061;25650;26119;5403;21585;13002;32446;29111;11645;12420;26389;7267;27048;4539;9099;25330;19813;16005;6765;30415;22408;16695;22603;28571;18743;32299;30888;24855;29764;6336;1781;2117;17338;10659;27585;21450;12981;10829;14890;19351;9591;
14797;29079;7112;22713;7880;1961;18124;23359;10942;20078;17095;17839;25230;2776;1588;9379;4157;20334;18383;18685;8691;28482;30130;29307;31302;7459;10174;2187;5563;2835;4412;21856;10634;7676;13764;30533;8098;2462;25950;31793;5101;26828;17384;23452;14037;9688;24504;17042;14599;18252;7042;26118;9335;29914;28539;20328;18084;18582;17854;22394;4125;16483;30191;17247;3396;25515;9247;14324;23634;29012;1776;30564;17563;10735;22778;7415;21268;2610;31085;19243;8210;2472;32759;6;8788;12711;18408;938;13124;8323;13972;9514;10362;19713;16632;14748;9858;7694;29857;4464;
4319;10929;1994;22528;15183;13887;13509;4455;16465;15566;25756;10903;8421;9195;27895;20390;4499;25488;25920;31849;6318;15184;22278;31556;25050;18389;19871;17984;27340;3212;2322;32350;27985;17823;22580;27948;10898;5668;24080;17557;31638;26260;18060;4349;19208;1918;11850;4494;23611;27772;16845;27340;875;4967;22493;26480;13126;27591;2860;15219;938;21133;5945;32105;5553;30213;31861;18960;30955;13830;12197;17961;30186;21612;22663;29318;25092;2503;25528;1637;24660;21077;27605;17404;13314;1838;15840;31573;1988;6079;31974;12124;20133;30585;10463;4407;8710;5066;3286;17877;
16610;26189;22602;10698;5206;30526;26579;1882;23904;25648;265;29395;28647;16130;1441;16673;7931;22799;25049;19612;15967;20133;14871;31780;23876;26297;7116;16496;7768;6872;13727;31651;20735;23393;23240;1824;12256;25586;21945;19360;26788;13344;19972;8066;20730;107;17785;24418;27871;12144;28814;29932;10780;14177;28165;16370;29968;28595;8648;5565;2735;11030;14104;19105;11211;11690;3558;31188;5523;21360;6017;32641;25433;31487;26226;22807;15768;2168;30116;24551;31285;5307;27337;4590;4613;7387;22520;23791;3984;17872;16539;8134;23316;2156;25992;22008;1997;22929;7278;8590;
1652;8864;13939;10020;24838;7732;14875;28733;25542;27921;29804;18393;22405;30551;9552;17738;12577;28156;19258;31043;23116;120;21004;28978;30606;6850;10553;1231;20365;16252;1318;8693;14221;21098;20439;2738;10547;26409;3271;14746;25998;26654;13335;24672;18776;10668;18667;13479;13944;15786;12050;32533;14028;6932;997;8361;15398;28160;32369;591;8596;9172;6872;8882;20965;1975;5364;13906;14184;837;30270;3542;22775;22407;15086;13987;18484;25122;21092;2477;17683;17102;32455;7309;15001;29962;22508;18645;30947;12815;30073;15776;20585;12034;1098;20333;29316;2925;19219;31277;
15150;1008;25159;18842;18441;15668;9017;7115;164;15137;4738;29189;29689;22609;18850;17365;12090;20932;9194;2139;29133;15061;12953;27113;25237;28012;15429;22477;10867;19062;19324;27242;6156;24210;4268;19854;12493;16141;6976;9471;21293;13073;11788;8023;20018;32025;13035;11026;4663;22696;4518;486;24300;59;28184;32339;4766;20348;4496;28538;32441;21944;887;24370;25995;27795;5427;32345;1354;9979;25930;11112;21593;11354;7627;18250;21191;21520;29162;19567;5401;5408;7914;23580;27721;7721;29760;13829;20238;10649;9973;19997;26718;25117;29772;29869;28465;27484;22437;17571;
11145;25316;22433;19501;19631;28004;11911;9095;29887;9245;20966;26130;7526;30355;7548;16805;14827;21640;9559;4135;14956;13354;29498;12126;21611;18572;13122;2818;13449;31827;5065;3350;32144;1202;23691;26744;14519;8344;263;29110;6946;22567;12841;31267;17577;20585;13093;24874;23514;1854;30118;20451;11073;2969;16680;21220;9191;1516;27042;18010;26904;9441;22889;18520;18793;16971;29265;9582;18682;21596;2581;29566;8441;32536;1529;20171;22631;23049;22957;27987;23071;15925;28021;31839;11284;12365;12167;31832;11226;15143;21684;3804;29800;20078;3147;27409;20764;30105;11067;27705;
25087;31513;4727;28295;21835;19415;21663;28209;23082;11997;24284;7367;12481;9555;10508;24771;31597;1710;12575;29537;13644;11556;17856;4273;29184;18019;25656;28138;19119;7298;11664;27137;7246;27448;14070;11386;31520;5452;14691;9855;32633;20044;25722;10799;20424;3202;22706;3128;3028;22308;3255;936;32070;17611;8718;15360;12648;15910;27896;19850;24620;22768;13210;4077;17520;24351;26714;31487;18816;22111;25484;2522;12765;7102;24654;21554;6973;26537;16560;20966;978;19991;23833;31956;13519;3844;25318;17650;13865;19233;1619;2715;12186;28874;2975;4902;23276;30008;27499;11197;
27508;11768;5732;28268;3805;24219;7201;23929;27431;20144;14670;18676;15854;31727;4363;12942;240;15543;5519;9135;14282;26299;25617;10690;19202;19960;6120;27860;5194;12266;22769;5213;3;24319;10545;28253;26625;16972;13755;3243;2958;32126;11988;19594;18609;21780;27478;31870;31408;8908;23378;5214;8659;28251;3577;13225;14443;32353;20157;23069;22803;30108;7603;3718;6710;20572;1852;26581;17105;22071;7908;11377;15482;21501;8586;31698;26274;12783;706;13899;12055;14891;26999;5927;5068;9067;24533;13560;29149;13295;14949;23596;17870;4280;31354;30689;16660;3319;12237;31995;
22742;3525;7524;2931;12788;22036;9656;14833;3657;20198;16918;16286;7981;8125;2374;28723;24894;11090;2411;15959;25953;17545;31018;14375;11011;12197;1038;12822;28581;17336;13867;5111;6039;16478;19202;31832;5123;11179;25509;11794;27182;19554;26652;31774;16379;5224;6150;10154;4529;3960;3715;25708;29949;10775;15698;30519;3387;25803;9015;8908;5361;18312;16800;22258;8348;10603;5511;21961;32432;8363;6042;17243;22746;11980;1946;21364;31368;32021;1793;2484;24747;15685;18151;16354;30395;642;19750;26243;9468;9874;5309;13227;5121;3917;3442;13332;18798;26706;16060;29293;
514;9466;4575;10484;27860;24202;1881;12615;11228;25261;23421;9847;15798;1569;24158;27999;13475;4016;750;5940;24273;20322;26983;21085;17372;13809;26858;23940;7060;125;23654;12525;8705;19585;14012;20998;27812;10246;8737;1344;9472;29206;11971;21022;19545;8052;21679;3467;27836;14218;19698;24177;23359;7587;1534;28807;28554;31322;14160;18795;21654;22866;22608;29680;22197;20264;32377;30137;21203;15270;26297;17159;11003;31802;11803;9423;25629;8870;32163;17680;20750;1016;11641;21859;28368;13245;9035;980;22036;16242;28652;12784;26109;15931;28737;8735;3111;2264;30045;3892;
19944;11732;14315;25155;30421;30207;6860;31410;4232;3359;258;15507;1953;8931;15053;22833;8715;6168;19987;1513;10881;3103;7685;5436;30032;24223;13824;9762;8798;31095;15281;23968;16491;30455;19581;24220;13719;30799;18976;29681;4388;16455;23188;8383;10878;26161;7988;2820;12664;13596;26401;29809;5081;2891;24805;13686;23575;19942;3926;28320;28002;17646;1469;25636;16612;29558;12088;14268;2120;16401;9565;29873;22905;391;23072;8761;18348;17356;6391;20484;3488;22834;9020;20754;11556;3037;27602;6343;10203;887;13835;28225;13628;13094;7113;27113;6620;25531;16100;29000;
1008;11821;10700;9501;4365;31301;9072;30124;24883;21914;31326;20824;23306;14016;2859;8564;1387;189;1557;2391;6690;23228;14311;7086;13811;12294;23069;31255;18907;27693;11849;4843;12695;18314;26805;29018;4971;14314;11850;21438;27932;22917;10672;31785;29246;25648;31671;28480;8118;211;2806;5453;10359;4892;30386;29071;8079;19317;12545;25557;871;5428;1070;10315;3654;13586;1888;2451;28696;11231;18039;30999;21870;12660;8503;414;24517;23528;9640;18462;29451;18183;27068;3793;31839;20479;10291;28299;5657;14685;9404;14923;11530;19256;7005;16656;2821;17324;16148;25070;
27293;11147;3007;9824;30769;25422;28473;22240;25638;31826;3526;15797;27252;12865;9649;3085;29540;6349;22067;5451;12696;20901;19863;21666;24907;24225;8860;28899;3290;25664;23835;12947;31363;28757;29161;8257;10093;6397;13823;13590;29673;2004;3288;26030;25848;17769;22043;26406;7949;22767;24186;27767;32276;4149;22490;19970;28338;984;7348;20332;27855;11191;17083;30635;19282;6055;16575;12129;10539;8296;11217;6505;14231;9432;20392;22960;13727;10087;9795;15943;17634;24523;29392;32438;31637;5365;973;1426;22472;21315;24685;30802;30699;21239;25917;29022;15504;8936;5127;8297;
14195;27511;6902;17665;2999;24005;22268;14180;9074;8995;21873;29590;24172;24778;6397;23216;7716;9165;9655;7803;21268;18763;6286;2877;28470;14057;19945;9171;25031;30591;23434;17408;75;4114;25016;15621;209;8451;30621;8306;27000;10117;14061;11579;6450;29524;10952;4878;19912;9381;9698;32740;19231;18008;17377;11223;1977;22645;6662;22323;638;24278;23312;28367;9661;18465;29277;19102;23406;16634;23123;14977;14010;18294;12798;21855;22205;4818;22010;15992;26250;9061;148;21750;24175;3795;13612;453;27259;23684;31454;6053;6718;1620;10849;31102;15824;29068;21294;31475;
5141;29714;31717;12089;11838;14812;16877;6698;11411;7850;7259;30613;14448;20469;17942;3289;24462;19234;4920;14514;13444;3068;13751;13650;22670;32609;13636;16564;21132;3643;7795;7981;22350;21683;11549;11332;26382;22945;30211;28099;25662;23110;21427;23822;1925;32317;6832;23220;21764;1967;22733;68;30429;21447;9178;17506;8438;16229;15234;9497;25082;17431;628;19571;1441;24901;4801;25415;27698;9643;29061;1619;31558;27916;9674;4490;3022;9765;13993;13743;31063;13537;21682;3107;13965;17611;12943;7420;2814;8136;20707;2902;24097;23814;16760;23534;13207;31792;9626;2541;
15536;16612;27582;24065;9009;25190;4200;15282;29013;25494;26187;22772;15121;10015;10673;5112;27804;5106;25373;23368;25135;24051;23855;23571;11530;18161;12745;27333;10679;27612;12912;23003;19346;29234;12277;13046;16777;10683;25940;1582;22561;30326;2524;17320;15545;5843;20112;21355;1555;6690;19150;24431;9744;6988;7214;1015;10427;5057;15789;23073;25737;23217;23051;4284;32736;9343;7537;1881;28629;5747;19031;8101;21562;17071;5541;14582;21720;8292;3608;2595;25593;21573;4840;19865;2602;23868;7592;29611;7998;31068;25453;20266;5270;22296;4402;28726;13472;26290;10107;8531;
31646;24566;14649;15040;28073;20519;4590;16388;3573;17466;1809;31689;23382;25410;30900;3565;30211;3372;17764;8151;21147;20908;13649;13063;7781;21367;8367;15857;14556;27571;21851;2828;26219;8619;32706;3622;8309;19144;6911;9210;9880;26301;11331;28676;13619;3073;19834;19604;1317;30850;19243;290;30936;6808;22944;13025;6783;9783;9544;17302;20379;2666;16985;4779;26052;23292;16313;21631;23718;632;24863;29697;4426;20565;17526;12925;11927;14186;30338;31158;1816;20648;15045;5172;15359;30215;2724;16351;21866;2497;4038;20173;12262;15807;7613;19033;25393;28496;28392;19573;
1605;27425;10391;833;29841;11626;27249;4828;30858;29285;27923;18809;32610;11012;29690;22966;14871;10723;5795;3882;20400;7292;9456;12605;1220;9370;10958;2109;31803;9744;22293;14510;30040;7338;18864;26849;11000;3684;3325;25800;14356;28122;15990;13320;9613;256;10898;22096;1321;8211;24550;6633;15832;24783;32144;16527;27965;483;16597;26240;617;10914;5641;24530;30186;21243;12463;9;17156;26539;28386;32745;1598;32433;3060;30089;25889;12290;26196;4777;9020;26239;23733;7493;2155;15652;1644;22123;31833;15490;19226;17225;31556;3183;7564;3210;18432;28156;24031;26595;
32575;4519;9960;16360;28687;7634;2771;3621;23972;31092;777;7018;3672;12047;5976;6758;19440;31714;78;20599;14625;24415;18661;16577;8275;16095;13158;3454;8100;29077;25991;916;22064;18624;8150;1133;30352;26661;1115;16899;25248;701;12409;314;13445;20395;11798;22131;22767;19312;32764;4190;7836;6498;19838;17679;24350;6491;29022;13653;9437;1454;28654;31303;29279;11615;6262;12575;3783;7827;21974;6476;31644;21829;29292;22722;30668;16955;21304;23189;13297;15928;28222;31686;7122;15732;44;31325;22829;22345;17725;23223;29620;30255;14685;14114;12885;17386;9102;11687;
8638;9730;28810;24615;25633;24180;8362;15018;11828;9383;19718;29683;5501;19105;2014;31832;5068;17019;7225;20176;25609;6162;28875;22606;7215;13056;4636;26957;10393;29899;10215;26028;3197;1883;22976;9917;2998;28594;26362;17305;8646;14551;30152;13238;27163;19219;23970;32699;23953;17248;28907;29842;2361;24351;2512;3263;8793;20489;24179;1009;7091;3176;24649;18647;8202;28551;10944;16693;5603;15975;17702;5175;4233;25779;15302;28421;21075;32246;21588;30615;17449;32524;24971;25035;1605;5079;31252;23221;32311;1331;5802;15926;1580;15147;23420;19152;8559;12141;4306;18360;
23088;25595;3828;20781;11397;12836;8520;16137;8878;1459;9402;22934;1693;22630;25952;20642;19638;417;32606;10454;7123;11876;18184;4931;5771;5499;31815;25406;18868;15348;19774;5742;25638;24022;27693;8995;7106;20240;15509;233;25523;26800;23453;8030;22516;22101;1972;16192;530;22503;11128;25034;23348;19333;4054;16961;12120;5055;31091;3530;17887;11782;13643;19838;29516;3424;22681;14016;30793;3425;14326;21966;20971;4438;22980;18071;24374;9155;26573;28621;32740;10768;25640;29754;4194;127;9565;20055;26396;4705;24008;18971;14074;17034;12867;20753;31530;14338;9215;15533;
20513;25341;20915;8928;24028;19981;21497;20714;14188;3991;14580;26736;21425;28548;25399;21198;870;5432;20450;32430;2141;20936;2062;7130;12812;23143;16748;18766;9033;1826;29224;27026;9554;27086;23572;4422;11280;20798;21250;17406;28573;3257;17009;29521;16131;938;13933;29741;28743;30106;27568;24173;4518;30300;11021;2734;16414;31367;29711;8798;18224;2090;15069;30229;28133;24506;15712;3625;5391;12623;13224;10621;2769;12816;24460;7833;14177;9708;16273;21248;1805;12684;26894;15549;13692;2181;19853;8768;24119;19409;28531;3176;30311;11392;18916;7905;5089;9899;28641;19120;
9567;26794;9907;3852;16;14982;32653;15472;26196;31153;13421;28142;27584;31989;19523;11462;23145;29867;19029;29239;32095;6957;27874;31637;29815;18830;16133;9372;30030;17544;477;15364;7562;21941;12523;1621;14947;1282;9659;25341;10595;1634;7879;18336;13929;12223;11672;1455;6900;2870;20526;3644;670;22915;14754;10253;14567;6330;3594;19439;25652;25401;5533;6988;29208;15066;11032;9472;6353;5229;26976;27753;4630;14181;23656;26301;29456;17873;14677;25249;17830;142;25056;3575;18173;7099;14076;3575;28479;14190;32441;23937;9884;20645;24937;26033;19343;16000;16897;1205;
28259;4013;30146;30427;26101;23587;7960;21998;8635;24339;12226;8899;23813;27931;22067;3343;6019;6846;23096;28027;30472;10001;11484;9723;30349;32438;12169;23643;1657;27406;30319;17179;544;16811;2601;25724;7817;10244;27806;9179;13940;16237;25894;26942;6043;19782;22511;11053;13625;13170;11422;19139;25545;19723;2105;30212;528;851;24132;1137;13149;12014;7466;474;3856;6479;31199;23412;26969;12913;7876;25387;6466;20167;16843;7481;24560;373;26075;3064;21797;26304;19318;28148;32010;29379;21657;8773;27436;6244;24547;10012;5828;23687;24314;26267;17467;10626;11307;17898;
10221;30416;25424;10887;9774;6409;16887;27101;21642;19985;21184;22297;8273;22928;26631;25401;15956;17827;10691;869;18409;7122;15022;20867;10549;10817;14503;6918;17578;10538;7252;20998;28622;21642;15371;5270;11582;19995;30195;15954;18419;23427;17766;14391;13253;21707;18330;31416;22317;22290;29569;30221;8783;3971;2285;21711;5944;12932;31480;19650;10084;29488;22947;29170;2691;3848;32445;16385;29308;16869;519;19903;16563;13874;14485;24315;8328;17751;17271;18585;11040;7288;29081;23269;30823;6496;30952;17959;16725;29624;19126;11640;30577;1661;1888;23507;30100;19889;21806;20335;
11760;27728;7802;3916;31056;20101;31509;32524;27553;15390;18662;9477;20914;28478;14292;5780;15416;849;19687;32436;15381;20549;8361;29391;13274;1528;23763;2516;25226;7148;15653;27017;2977;26946;6038;15907;24660;30950;12205;20500;3611;28167;22831;11300;5741;3274;11770;4547;21450;15167;23345;7069;20479;3732;18841;22128;20390;14472;9539;14874;14060;26915;2156;14583;11159;30884;19873;22889;6215;28092;19751;3512;29947;13305;2457;15901;30936;5765;4051;14617;6438;21264;3599;32267;31132;22795;26190;5634;12765;2327;16378;28368;3138;2237;23753;27744;8666;32351;13540;9289;
30639;18798;7753;30626;331;2782;877;32537;11387;4567;27942;32063;23123;174;25545;19238;26994;15891;27535;29486;13704;1676;8254;28188;12309;12834;13317;13932;30323;601;21927;9705;2326;3174;16860;20858;2067;5021;1012;22335;6367;26665;10685;21212;22873;7679;28327;27669;1035;12309;8742;13212;10669;25550;19800;16934;9195;185;23528;19908;9577;12412;19506;10609;2819;6923;10919;25319;21081;4894;23667;29368;22923;26337;32094;12953;19521;10477;21744;3585;25071;1399;9945;8435;20823;30663;25232;14615;7503;29676;30265;27920;7876;22703;18636;15882;28671;15813;8052;30610;
7463;29257;29237;16811;15879;16233;29650;6430;23826;17247;20718;8721;20388;30883;27249;2267;25483;15710;3885;25879;1478;28450;30914;21239;18060;28377;4030;14044;24209;8444;15113;24355;6532;15878;16001;30785;18908;1831;27873;1810;10708;13116;12519;23918;19892;10239;12726;15614;2899;21371;5753;7245;31450;14788;11593;16930;29898;2788;31057;11022;12609;21784;27695;27969;27769;10045;20126;3745;13457;14213;7250;286;17552;25198;22308;14655;4263;5621;5487;4865;26550;32006;20410;30946;19986;32568;12695;313;30086;26807;29130;30152;30359;20097;30126;31124;12044;726;17365;16629;
27054;11753;2543;4073;13133;24284;14829;29357;259;10475;614;25743;3005;8424;9785;22782;1270;20199;30580;23267;2246;26682;31092;13876;28956;26016;28238;24517;28231;18873;21358;3938;2236;11197;4478;16412;28691;23150;25482;2784;15186;11083;14689;3918;32366;18951;6462;24263;22799;7225;17575;7624;25236;3413;9366;20343;5975;22235;16599;32636;11058;6350;18097;15890;25922;22120;25288;8798;26858;11020;29250;18175;4123;19324;20265;29926;15059;10060;15376;28776;14308;16023;13050;7313;10999;32752;7031;26812;5072;17051;11280;15456;23252;12542;31461;21805;1736;14162;405;19288;
32731;19102;6238;12339;999;7142;11398;31488;12276;2975;13817;14343;17150;29031;12339;11750;32248;3059;6752;27945;17680;11593;17090;32282;26165;30511;24916;8410;10454;15331;17837;21425;2797;22284;7206;5027;20285;4849;3647;2884;16599;28137;16959;9165;20451;21522;32283;11374;27549;8518;29081;3046;15774;32587;27573;12370;10845;29770;32580;12610;15093;13699;23255;22546;21545;4670;22498;632;24229;2821;1310;4953;17542;26896;12331;26081;26653;27137;12922;30418;30704;21458;1386;14364;17410;1291;25009;17071;30805;21816;28158;23181;24748;22938;16605;31011;6549;25117;14810;20953;
21159;17034;30185;1256;1545;15358;25349;29803;18740;6811;14104;28602;6905;23421;19995;10483;21189;28399;13182;10457;5412;27359;23242;13538;29060;16784;19333;23435;3388;20623;17494;6895;32716;23528;6505;21912;17510;18841;21013;2453;25774;12615;18876;32204;16575;5168;22515;22930;6254;20833;17379;23161;14802;10793;1775;7273;30980;27341;8856;10227;21795;2941;3485;15073;28315;23943;31846;32530;12967;6347;2210;9093;24597;23919;31792;2995;18762;32212;17211;2338;30597;9416;18858;21303;4968;11261;18359;12620;14004;14009;16861;2818;2900;25808;16376;21208;23453;12752;32680;32509;
30676;21627;9718;1123;5360;12922;13370;2069;2210;15439;17468;15050;1683;17804;20377;4794;17133;11586;1640;22448;7708;27325;31006;13665;15830;21102;6575;18428;14168;10025;22518;22274;12019;19345;23895;12888;4296;10192;11171;26011;18128;6027;9019;13747;4127;29716;13433;7339;23913;3810;16459;14271;22213;12351;27681;23479;28337;28225;27914;17268;9814;28667;3609;3273;26382;28916;30222;30604;5412;6361;28722;6892;16347;31598;15491;1284;4785;21706;11025;30897;27620;21956;1704;15777;15414;5289;4783;13997;5101;30256;8272;12905;287;8879;32474;10745;9004;23438;19299;25126;
6028;17660;25521;8881;9163;30690;91;30694;16593;28693;14891;12917;27495;10960;32455;6526;24055;2401;14480;747;6035;19490;11723;17922;21561;14763;23295;15418;23126;17990;19613;17486;16776;20388;15334;31633;5800;16590;29450;8577;264;12893;15501;22942;19705;23278;25071;16253;32657;25553;32140;280;22443;30209;9153;29544;24622;4953;10064;21814;30611;4100;32006;13358;28833;16438;667;10293;12411;11801;11481;22780;28125;27659;24832;469;30115;22278;32106;26566;6283;23903;21867;30172;9787;7604;9339;29634;6534;29216;15511;2706;23019;15280;29668;3051;13918;539;5526;12100;
32076;15277;23056;14720;21977;20869;10828;17090;15980;13312;12926;3714;21613;4981;2036;10721;18765;4387;26177;17465;10439;31847;18330;30201;21606;28723;23680;27056;22600;25787;9888;7015;32033;2417;15095;8756;15234;31540;28473;14348;29788;10948;30324;29657;4800;1914;12528;27084;31464;16950;13147;9717;27259;15512;18722;13585;11789;30835;30242;12195;20453;7038;15232;31558;9220;23373;9173;13889;21859;25984;23183;348;22651;6203;21140;7154;26378;7894;16424;1608;26901;18133;27152;7709;28457;8474;5623;27010;8679;17241;5138;1004;19136;15821;11776;24968;23036;6441;31988;23758;
3585;28882;27413;16985;8146;32075;25637;20214;6358;8944;31073;21499;13787;22760;31913;30170;31578;31829;22241;14581;24316;25549;7575;20660;10846;18190;11238;25813;31505;20205;17050;16644;998;24976;29588;8876;29544;32477;23665;6412;9129;16690;29798;11149;30530;22103;29038;14931;1941;1201;2216;19730;2133;4280;3578;17443;1097;5803;14075;8151;22348;11394;1296;21003;2457;24612;6869;19964;28741;26074;190;19037;14093;2819;7422;27047;14162;16650;25255;15537;16482;21654;31763;21376;13561;9472;29828;20576;8712;28682;9479;12595;12980;1486;26782;17162;9634;30964;23453;29682;
10098;7976;10837;30481;13961;30155;13040;28401;29716;16105;32412;4635;1609;27244;21996;32232;28656;8079;29818;11156;291;31381;8146;15252;17746;21178;9611;2857;4746;7274;1207;18486;7670;15281;18046;30543;14758;23283;18949;8210;8079;6621;1941;5050;28115;10395;3833;497;14403;9035;17703;20454;21282;16818;9507;26016;15148;12078;2081;26002;16087;7916;14570;623;19673;28763;22144;26431;3050;30689;18949;26035;8139;16332;21465;24245;16263;21899;29699;6468;249;30494;12754;31615;32142;13515;1731;23039;13389;23315;28838;20842;19732;14564;28413;24133;8484;5648;28581;9994;
11487;28158;28344;11387;20177;17056;19889;21557;30702;7076;9681;392;12570;1519;6594;12422;6639;10055;27259;18266;17594;14927;21347;4572;5062;1721;29113;7010;31710;10679;15155;23256;20493;17074;18405;25875;31400;22591;29541;6498;18318;2383;6445;31846;9135;24229;28736;13604;30155;20622;18961;24665;29820;21708;14496;11789;7543;2259;24550;32107;12815;19512;30323;27344;23803;24422;14678;1058;25944;23187;22333;5987;4850;4338;5853;20358;10175;13354;15508;4993;4780;19464;29517;23459;16284;22128;15525;28968;10414;9114;11340;19467;3263;17019;29357;795;28465;4480;31441;593;
17642;18306;8064;31585;29343;2295;15274;17551;82;23909;6662;6596;9753;6429;2041;29665;5666;3877;4025;27219;10228;8054;7602;21224;18679;30055;5417;5088;22071;2666;6175;23624;17253;16630;1656;13955;13087;11204;30812;10538;25712;21822;14302;23062;6555;6965;32219;26554;23572;29394;30245;27830;16848;10447;20193;25002;6078;29158;22318;20808;5526;24458;28936;4782;32465;3286;23147;32242;21752;6083;4539;20222;32546;15005;22883;10910;2745;6584;7869;31191;27004;6495;18482;3963;20682;20493;11938;19450;7709;26848;17925;13179;25813;2634;14675;10795;2359;5386;32162;19157;
3253;20314;8334;2996;28527;20586;21982;9605;19195;16398;2149;28895;2657;16051;29221;11719;25450;2456;32699;27008;29979;12091;759;30368;12156;26641;30922;11113;26782;26489;26213;23125;17115;14579;4511;14579;18528;32141;6295;10482;24553;7583;11419;6011;32460;17080;29769;26309;15417;11736;22772;5603;10688;15840;17226;6880;5395;14918;2867;8973;5902;13837;7932;11674;5108;7925;9652;13412;4348;19695;8406;22286;780;9683;20777;15443;31428;10581;25317;7578;20926;31030;9495;12491;15636;12727;20550;25698;26915;9811;8279;8642;655;22189;17838;2507;20616;12232;29078;24494;
17483;28022;483;5632;8683;12307;4054;12814;9809;6770;26176;31089;20097;3096;8938;7650;9248;19368;1845;23375;13107;13727;15358;15406;3370;17217;3268;30737;32029;32212;24077;8314;20821;12811;25349;4081;24078;30661;22121;20309;7547;25080;15011;25968;4363;27367;25911;17613;18411;28828;22877;19406;11980;21906;13807;2809;3302;6578;14982;17811;21053;32640;10209;24688;6947;4503;32646;13065;3326;7251;26283;28367;28747;28621;12374;4287;11235;32268;21188;4407;1405;10617;19464;17928;19317;22420;14836;10956;19404;7142;10556;890;15471;3894;24537;3383;30908;9984;9900;12655;
14402;8483;22116;28453;8904;22490;11169;28295;26001;4589;9817;29382;11743;9001;30844;7716;11446;28941;18387;15439;2018;12230;18222;1773;23612;27486;27326;6264;13608;12592;15296;332;7522;28063;3931;13054;11515;20999;9420;13808;14494;22260;28352;23842;1560;11922;3073;27723;10775;15205;13141;25641;29490;24378;5796;26901;1578;13918;344;30682;3952;4877;13833;23751;11751;19757;20314;8451;31466;14909;10270;25121;21393;24968;3776;18420;18224;16542;18401;3237;20257;13316;9282;19202;13252;22571;11749;1817;17091;30367;12399;9478;15003;21377;8401;16905;3928;28471;10279;9180;
27807;4194;21984;12867;6386;10768;15648;12004;7728;29236;354;8025;23387;15443;5730;7556;25502;27775;14138;546;20111;5769;22731;7587;23985;7539;7006;29498;6973;26404;32651;10800;22050;30815;25179;10621;8010;3318;1193;4505;11295;59;8654;2192;16974;6584;22909;3157;4298;4640;28907;16216;6677;25733;12083;25434;5051;16330;22778;30336;24351;11356;3918;9895;32633;14877;5588;3832;12576;19105;17443;29628;1541;19357;9835;28785;11136;30108;4442;19485;15696;25332;11584;26594;18909;4857;15473;31699;27583;11632;8427;5638;7300;6727;25912;4074;9390;16771;19606;28123;
19708;1913;11862;23796;13547;22849;8322;17189;29307;23912;13762;5509;24374;7397;21120;26857;13935;14414;23883;28853;26824;32076;20089;24562;18679;28749;25361;24737;30153;7800;30440;5455;9574;19430;18953;22762;13784;21007;13658;12499;9927;17026;4733;9524;24710;8666;23285;29588;27732;20205;17034;20393;475;27206;20718;9837;3581;20950;16032;6004;5840;1254;6417;6268;8423;1104;29190;30534;31188;751;7741;11684;3050;31316;18259;15316;8008;30650;21733;32012;11283;13628;28918;10838;8706;21318;11152;32670;18720;17994;430;14089;8141;19636;19290;20105;23046;287;21779;19375;
26087;23753;10353;29120;6510;15940;18444;7690;28034;18543;25241;15992;27188;11685;16726;5733;10308;15156;30121;17838;3047;14609;2563;17931;7367;29130;14859;21151;8012;30395;30201;28109;21274;29829;13631;31054;31451;11196;23663;5248;4414;25056;14937;13569;20287;24207;24691;11645;26538;18680;23167;5828;7130;31123;2407;20256;3527;5136;9580;997;29504;32141;11135;31049;3700;779;14831;1142;4023;17443;8261;27614;17539;13813;9837;8655;14269;21090;20246;3399;10042;18299;6490;21769;29314;15160;1442;24816;26324;30574;25028;1412;3178;4603;8303;3531;22781;25923;16329;5986;
27532;27873;854;29899;13658;23190;1308;2569;13366;30597;25093;22378;8702;9635;1412;9893;15718;5481;22651;3620;4086;972;22365;16035;21842;5230;21392;20218;26558;7190;25621;31287;21985;28510;18794;1008;1481;2475;18607;14040;2352;8290;16905;12687;1790;30297;1604;30143;24079;908;12220;28004;25909;17682;637;23147;27777;18767;6057;25727;25534;19562;22554;14624;19007;30977;2633;29173;19419;8476;30574;13667;12085;864;27625;17758;31041;28806;5857;28799;27139;25867;3371;6487;13978;27432;29549;18436;9342;22788;4995;31233;27142;16169;24865;9283;30765;6964;12730;7041;
4501;8913;11169;22227;21196;15079;12399;16510;4047;28432;18084;2318;10956;32076;18065;12454;18476;18934;20085;14997;977;20471;16870;16169;2972;24889;22642;20424;17203;19295;32647;24892;21761;13491;5008;12367;21630;17759;13409;21656;21936;28897;14549;30100;7666;29625;1461;22009;20980;22884;19420;10566;17667;7822;29081;26527;19850;17284;11093;5080;17113;25320;1910;10192;2086;8360;29059;6912;18641;1328;28808;14163;18925;6367;9404;12344;29947;21432;18529;12278;32760;13659;14316;20289;22171;6451;17766;11018;10456;6896;23314;3227;17064;7992;12624;22498;4364;21657;7105;13325;
30799;16579;12716;8792;24460;11764;21920;30499;5489;3251;24667;26952;29250;7617;29419;11179;23329;30797;13331;17683;2700;16487;31984;6712;16935;8631;14556;24093;18876;25199;31891;23711;24448;8830;6293;21326;32152;6919;10955;19581;6363;29201;29548;12437;15578;30336;28962;431;10525;22596;2153;30049;21424;12496;14904;24791;29919;28621;11748;11046;61;16;4673;14814;12011;14538;6666;3038;32534;28415;6019;30317;19650;15162;31580;14470;26566;18302;15065;22642;19224;14719;24880;32669;22859;3346;20531;18594;16982;29411;29742;13224;30359;1894;28435;13553;19224;30224;32468;4528;
13072;23750;8977;32539;12973;918;17907;14274;28432;15525;27736;31519;32666;104;12592;11118;25702;6679;4134;32191;17942;30815;17284;28745;25299;30296;14672;31489;19599;12470;25531;11883;23693;15171;26813;13488;36;19085;29945;26866;17088;9691;13798;30940;14633;30054;16176;17533;12808;16582;24412;28758;20391;12715;10156;23985;28408;28365;11074;32053;32729;8998;14727;12216;12950;1374;6094;10580;7855;29575;32309;2749;18140;30474;23500;9425;7759;17633;9722;6769;29497;3591;14108;21648;25231;13357;110;31881;14606;13999;4911;28854;25981;27590;17664;26430;24626;23039;29582;13102;
11223;17900;11120;24524;21358;18457;13907;5672;2451;32577;21588;243;19713;12994;9389;8852;13912;31055;404;20857;21278;14309;21344;20139;12803;3328;7918;10918;1129;31758;21315;27751;31011;27940;6770;11974;13437;21744;12736;10246;2429;6383;3335;20395;22633;991;18776;5771;13961;24184;13028;25896;17198;87;25117;21565;19956;27963;13336;21399;12867;21107;8758;13094;3100;30871;15619;16980;10770;32119;20062;31125;24726;27217;26331;25152;8824;31303;23141;12445;683;9487;28712;17471;841;16877;18862;660;21974;22238;17735;16314;28873;26646;24495;10644;7752;23469;22763;26910;
26676;17814;8308;28157;1381;12240;19607;6235;11319;13024;8476;13553;28229;29310;26918;32613;372;21135;10330;7895;6708;30803;26435;20663;15106;27616;7925;13785;7473;28111;2033;30155;5867;21813;20553;11366;8819;2517;32005;21923;27308;28307;31428;11184;223;20524;8615;11075;8121;11301;12394;12847;8083;25601;724;27701;32759;12471;1874;540;10847;27235;14303;16131;21055;30780;6694;8183;5702;31942;2795;449;18145;4681;22695;24833;30210;11137;29042;24705;13343;27799;10278;2499;7805;4176;21698;31708;8878;11653;21516;31877;7001;28883;10875;8048;10809;7827;20051;30680;
29544;28940;23826;2140;7646;9960;16395;25869;15668;21989;1105;15302;2222;21965;27094;14012;889;22440;28116;27989;31281;32048;21612;22334;31143;1157;30094;30136;8928;23586;20760;10034;97;13072;11842;22813;16553;22873;19001;3068;31232;1216;23050;23994;23407;19887;25538;3649;28432;30833;13011;12872;20872;24225;27578;2156;721;3299;735;9347;13373;26834;6845;25901;14263;29497;3394;26539;29772;31365;9337;28149;1003;20858;18022;27398;24169;24102;6194;10619;13768;5395;23688;16476;26553;13505;4414;19002;10335;21843;4152;4730;19030;8329;14217;11504;18420;17902;23772;11184;
29135;32595;4115;26400;26239;14715;28973;3154;14245;13592;7533;26001;24620;13302;30648;4410;28622;1655;20544;6862;4058;3391;12127;10820;17717;816;18373;15780;5023;9113;21462;8401;26168;170;25166;6054;24899;7724;22055;28229;297;9327;7612;25516;10945;16259;25902;8842;4302;32426;18439;15440;4810;18446;17949;23178;30946;13488;32698;6768;12609;26785;31993;18104;29329;15220;1139;25519;26559;17651;17691;16776;18687;8721;22375;2292;1553;1568;22961;30195;26050;27716;11228;13545;16053;32040;3642;5620;11619;31983;10157;2685;27489;21870;14093;8461;11234;4248;29642;29538;
8572;22329;25043;15043;4399;18408;7350;32400;5795;14902;24072;4381;32177;16940;17159;20160;21797;2037;5502;21289;7874;18391;7145;6386;16519;3688;13530;14199;6961;1278;16795;13032;27137;25191;9237;4765;20415;21466;21488;12713;13567;29230;20220;32177;23459;5962;26832;6143;19361;10205;15793;3282;32007;9551;19637;5368;25404;7159;32039;5535;15752;16782;4910;21097;20694;22499;22442;1470;28345;10193;30559;21350;28078;10350;23893;18775;30369;9862;3198;25291;19378;72;15514;16790;27704;18750;15960;4535;14854;27267;27326;19245;1006;4912;8650;17932;6532;3351;7258;21711;
19492;18868;5449;22768;311;15200;3547;1462;14769;20168;12635;17743;13022;6302;7170;29726;1119;2958;2331;26198;24432;19060;11365;27592;21356;27340;15033;17913;15250;15209;26092;17528;14857;25451;20471;31598;25634;28011;14677;18551;990;4856;28333;6576;4784;23623;14769;11026;20867;26662;22854;11774;8703;28722;17637;3864;1288;23882;16193;20057;25224;67;31786;7520;32367;17117;23985;14345;16120;25846;3213;11073;10285;6654;28605;32281;12461;6827;18287;28953;21421;32494;28449;18390;1085;29733;2822;20678;26060;9106;9387;8020;28143;23820;31450;11312;21342;23028;2239;20457;
28223;11371;2121;19389;28072;11970;29651;21680;1631;1842;19204;21723;32484;5070;7923;22279;15537;21173;10639;20602;14016;6796;29759;15633;29006;14124;20933;16783;26335;16023;12136;18485;642;12849;338;19347;3926;16429;20023;17309;16717;14661;7735;26881;15152;3758;20742;17080;13795;27723;8010;12763;11499;17185;19268;28601;13357;22539;17587;12838;23288;10926;17397;27158;16454;18608;8304;20586;15423;24869;26160;13577;17151;11338;28369;17459;25753;31606;416;13842;3676;1357;16125;7314;29013;16951;23300;17267;12820;27921;27500;22173;17843;31778;19630;17075;8213;9808;25194;1002;
5996;18579;14087;22300;8446;16299;16027;280;19240;2574;16650;8253;6307;17957;12145;15431;8454;24759;26821;2152;6796;1958;12727;2971;12568;13529;25563;9013;20086;25977;6154;5052;14308;20832;20485;7165;9425;14030;25434;15961;13028;3678;13196;13408;23360;15161;27502;16545;19719;2954;19920;21183;20764;7474;22365;12744;6958;31420;14276;8387;11250;1171;26134;12680;10415;31346;21615;14805;19456;14621;1753;7837;21462;79;4461;27043;4284;21747;16828;23880;31327;21398;30573;31393;27981;1821;28711;11725;30205;6067;2737;5254;19728;26118;17751;4853;26838;26291;31632;10955;
18452;20990;9951;18573;23044;31687;9975;31535;10142;26554;21794;18917;8726;28101;26339;7222;15014;719;25562;26706;10125;31143;13033;7077;31320;20538;661;29100;27488;23818;4271;11528;32404;28891;5427;26321;25976;16559;21616;26668;17006;11253;7273;16928;12597;13054;12668;6053;14511;12720;28225;19966;2535;12926;6837;5961;12370;28056;16024;2901;5973;18526;29459;17075;2312;26907;30622;10256;2618;13040;3617;29634;14261;15886;25177;1440;2242;8232;126;4375;6896;6441;7971;20346;27410;30754;16477;11418;8071;19590;28199;8599;18366;14233;5637;12789;13560;29222;18408;16114;
20560;23152;23634;9495;4601;7788;17850;22542;32200;22061;4402;28851;18674;8864;23111;24941;3350;9337;13865;17599;11390;24429;23052;31258;19362;23970;205;1270;1005;10084;21465;25121;13252;25369;23371;18262;4037;12663;14676;273;22860;6644;13536;25250;24124;7038;22390;31872;9724;13677;8800;3297;28607;31926;7949;24199;26121;4449;20147;2525;11119;2109;15672;19522;9374;7378;15187;27045;9118;16279;1007;19538;22616;21605;20688;22283;10838;13612;8824;7515;24523;19685;16204;30247;13779;24263;11763;7302;19963;19902;12031;21203;5380;30745;31183;15360;1764;31618;16563;24364;
29710;30004;16466;2424;11251;4712;24137;535;12489;1296;6933;17573;22667;12488;23347;13754;32577;9226;19333;1470;11905;12705;25848;13823;24118;15968;21348;29696;12960;5907;17332;16149;23452;25270;23878;3116;31014;1253;27285;23534;10524;1172;29973;30471;8772;19200;22622;17601;145;20197;4237;28632;9890;32754;18407;19850;22668;1658;26560;15085;29657;11116;12444;25733;26833;31877;7571;11286;22776;196;5882;8375;32471;4383;14399;15656;17151;10612;11541;24677;8780;17858;27089;13435;18791;8089;17172;30619;2446;24527;10411;23405;2712;6261;1971;28326;24115;6921;6145;17629;
22641;32493;6337;20635;20867;27672;16476;9137;13508;32268;25504;2510;249;21256;6171;12624;7638;7038;21959;22107;10949;15815;23533;9256;10980;25110;23875;16544;12876;31403;14167;13866;30873;7241;14641;12225;29863;15081;15668;15177;26009;7856;6726;1571;27936;9503;12337;18431;7930;8842;4936;20465;10680;30667;6989;26568;31941;12343;22930;411;4004;15313;14943;25508;11897;6590;21908;18001;28619;1785;12943;6297;14216;1352;848;24205;27465;20079;6875;24111;15320;1955;8926;3718;10224;18753;21652;31986;7235;20160;14569;7358;21697;25317;13279;13556;25368;23605;24368;24693;
32375;15792;30773;21576;152;20412;25862;24627;13309;17760;5347;23944;22394;16818;16339;66;31475;20883;18826;15952;6503;11673;19344;16689;5165;22605;2720;5569;29566;27799;23375;3667;4148;12406;14830;2815;2769;16372;6576;7230;13251;25690;12048;13236;18663;27552;14701;22348;11339;5159;4087;2698;30776;24747;30159;25117;5232;26739;31082;30132;12468;30666;25399;9235;18569;5299;30593;23910;5180;15321;3990;26581;2852;27077;20009;21080;23335;17491;29429;2509;31103;30823;4515;17480;12478;8156;12270;13994;20496;17341;3845;18549;24513;20152;9264;14814;32511;975;1207;28708;
20192;19793;18688;23585;3751;30729;10999;12063;19779;11957;25522;20972;21528;18874;3158;21041;12034;18197;1588;14847;30103;32405;11832;1451;14765;26183;24452;11228;16157;31538;2392;27618;24774;8773;23605;22089;18132;5518;21058;17326;21058;12717;5870;11730;24989;14215;4567;7917;21259;22079;6379;11077;26509;4450;3532;10494;27521;22369;27257;6708;18539;23621;300;32071;25588;3230;29566;30582;28723;11452;9425;3504;4396;30754;11247;24486;31638;21816;2031;6437;28898;28992;7257;3491;15480;22667;14474;12824;5700;24301;11865;26895;3697;27758;15354;21756;26228;578;19747;9424;
31565;3068;22382;3787;9481;20734;22015;28049;12172;6708;10342;13185;20621;24578;22726;10306;16098;5242;3383;9374;20222;24019;10346;16532;14520;21782;23948;10152;27214;7451;15212;1918;3241;26036;29407;19623;7394;12072;23652;8635;16134;25059;260;25768;11798;3691;10876;1609;27986;27030;16030;2107;7863;22779;27125;3308;8903;9126;23976;11764;25992;6928;9376;3241;31951;20558;21485;20717;31678;10632;6758;2635;8076;27565;29584;10051;14724;3173;450;30433;31313;24647;21382;26773;632;31053;6209;32318;23590;18820;2071;9352;16940;24072;777;25976;22600;17968;11104;10565;
14502;31494;32591;31082;31398;23290;13780;31225;5856;3543;25311;3378;19558;25845;9910;21844;27464;2993;27800;2227;10334;7194;31904;19467;24129;27629;25837;1812;24475;9668;32256;26454;16033;650;3685;1343;11741;14130;20886;24435;24113;27304;26140;8291;32281;18440;26359;25121;15920;271;13376;25715;32502;21711;12045;26918;3024;28326;27797;10916;1872;12656;9365;8393;27831;17148;24306;2035;19128;27581;9375;24152;7039;7874;14273;19357;24050;15848;5905;9892;21559;28239;20610;3493;2934;4362;26405;17536;4320;13339;20553;19793;30704;3998;19430;28485;5616;25412;7228;8109;
5824;18435;24759;337;20179;18956;6166;28167;28282;24318;3532;16004;31333;3161;13990;17521;11622;21045;16559;10946;10105;11828;23121;12355;3586;19125;29884;28787;341;11850;1420;11926;2939;32621;2981;22278;27700;12398;23394;10954;26168;10160;30192;18793;29122;14357;28660;3328;30799;32183;11124;27795;32163;29401;26868;22689;23054;20765;29663;17915;27117;4855;28201;23254;22131;10593;32563;29214;23466;14800;27119;26893;12212;30823;20036;27389;28503;29291;6580;12154;13241;23800;27452;24220;13671;15346;28283;3987;8348;30013;29207;5508;32449;9265;15709;3732;22832;16712;26919;26946;
31037;29210;16387;21497;26999;5516;27025;19173;7211;24644;25901;14343;23338;7520;6094;22916;25804;26471;28974;25155;23093;28031;27692;2230;25303;6369;28270;30712;10552;9867;19274;22297;5366;2356;28135;23222;26120;10117;28319;5324;5446;19078;6056;30413;7724;20567;7412;14836;5595;30496;2901;8662;13152;21578;13029;19771;11577;19440;4261;2347;4117;7312;31588;23116;29404;21255;6115;12395;11247;15036;22582;30808;27569;7707;2669;32759;24646;27461;14964;24724;18075;4357;27448;25463;3238;10247;27403;5304;26863;15428;18250;30805;2895;19137;9021;5506;19191;18297;30270;19520;
30133;16279;29982;10545;9331;27625;10948;11179;14593;18322;1047;12811;26900;32511;21279;76;31374;19228;3430;5336;5375;3271;18853;16285;19564;15493;16540;12132;18768;627;21826;26974;12769;2688;26654;24320;14484;26842;31221;5649;29667;8870;24997;5890;25422;12020;6481;5501;17824;1010;26302;1856;9331;1119;25341;7468;14582;24899;9547;21145;3566;17374;5429;1773;763;21470;10240;21869;5405;28117;3399;8019;4214;7657;3814;31776;3922;13006;10263;1075;27236;31985;6107;10651;32338;3574;29340;4906;27253;3173;30480;11722;11482;28576;10848;26644;16268;14361;32650;19487;
6933;30657;3588;27542;16962;16068;7074;21006;15143;16499;32185;29078;6499;17537;5509;15759;32165;14451;27592;26558;11887;30034;12212;29599;11802;3491;7435;5116;29211;14233;3461;1727;8068;10120;14706;25349;28878;28317;27552;3443;10453;12749;11391;18125;14116;19723;10371;2244;29043;14014;21962;9488;1646;14194;7423;23231;3512;18893;2430;21965;22832;14021;17592;19700;27507;16913;24793;12741;14242;31453;13993;9976;3685;1218;23216;12545;23599;27893;28062;21732;7364;24511;19434;6473;10233;21037;24760;7635;15291;29704;8192;15534;26451;32263;27629;27239;15336;12356;27011;18433;
26182;5357;2181;6981;5598;23356;17046;8537;21773;24233;21918;28564;13985;11870;32111;22161;31897;10475;28841;31618;7212;59;9434;7111;17165;14790;7658;11968;16878;32521;19639;23007;67;21043;16636;27393;23880;31522;12919;19710;8773;16525;9547;10878;27152;16771;11683;13071;8660;788;5784;13941;1810;1614;28757;2625;18149;31339;18808;28070;8842;24392;6076;24455;15647;11289;5077;6868;30379;20060;3228;11543;30815;5387;30060;23370;22044;23574;13260;18668;26933;3088;28750;5460;18549;16936;28343;25412;356;13404;12639;32449;30406;9705;27611;5410;2149;6;2266;13160;
26640;25297;18253;32461;16356;17034;13003;23456;3530;25855;31539;30287;22593;21319;28563;25286;8286;5043;8264;17911;13584;16386;27751;15802;19369;19412;32348;31448;410;3938;31697;16738;11134;27243;27858;17224;5467;4978;7726;2342;6180;26406;800;23905;10370;19490;23086;28019;17107;32470;6482;5507;22644;22981;25944;2617;8763;28146;6279;21712;31816;32660;7299;21869;12030;15121;7026;16303;18764;13866;19550;17799;28721;4467;24282;25674;18303;19975;18921;2052;22495;11129;539;30992;5653;8718;23289;18405;28549;19753;6051;11059;32758;23046;28344;1071;21655;20139;1398;32042;
24639;15644;9763;30313;1273;14031;13739;13617;22208;5215;11402;2337;31623;25988;5868;23493;19581;7491;24595;24167;7310;20066;27898;18984;18477;3103;19000;26192;29265;17186;28966;18659;4797;7855;26692;1397;14725;20000;17113;15934;11214;16019;17370;19313;15829;7392;10253;27850;3635;13262;23406;14694;1631;31366;7634;16856;17524;26439;23242;6265;21044;23132;14538;13311;19789;13643;9099;24658;25820;29264;21933;12699;20528;20489;9633;11677;8912;25971;6598;8008;8639;12821;2002;18571;32254;32379;17268;26219;6227;8422;8248;15186;12873;31298;19114;5033;12408;16216;15550;30888;
20998;25157;20847;1389;366;12331;15271;4684;8832;30502;25695;10855;426;18562;29703;32638;18549;11051;2856;20488;6994;21092;28232;29570;17559;11452;10510;263;4293;24382;27814;17441;16396;233;11623;29663;12561;10848;17331;24615;10478;11746;5151;2382;23674;2939;724;21990;7884;30076;13878;23255;22778;31018;27843;27058;12070;8115;27197;22849;30396;7014;16395;15459;25077;21794;29917;31510;1184;28175;20367;470;5665;2445;18768;31526;5306;29546;27395;18284;11785;30296;6629;9985;4306;30366;6000;19081;3071;9485;14464;15744;7909;24118;6069;24342;24265;2522;18200;23869;
21923;3746;17665;26112;15905;11792;14392;790;16623;23734;14170;21431;5942;27302;8062;6318;13923;4137;15897;18096;26921;12980;21023;4844;31177;30231;10347;11747;20881;28152;22369;8314;12706;896;24018;32589;26871;25428;10527;26695;11171;1991;18082;32368;28506;13134;17481;22533;28979;28468;1156;4814;18604;25230;2402;684;11247;5490;31479;11890;18772;29796;27904;3829;23078;10257;10186;17511;21162;5440;30799;13792;21341;6405;19362;20286;16254;21815;6542;20783;7372;8485;25210;26508;8337;29317;17552;31209;3551;21165;27679;27242;18714;13318;25405;14040;17590;15293;1200;12275;
11074;21435;5647;15114;27302;6360;19748;20938;1193;31051;17557;13396;18614;5989;9155;402;23263;17536;32243;10698;11298;10290;11436;28531;18411;26566;10591;27208;6875;25068;10830;16540;5832;21167;1702;2797;22533;29608;9710;5563;12259;27761;32421;30106;14455;10077;26663;8583;21918;24166;17361;1912;18239;29799;16741;20279;12496;28300;17072;16239;14876;8710;8810;30983;11587;27139;25181;31920;13826;31197;1226;11962;9780;8081;5384;19756;25497;2676;9070;3091;25303;27169;14451;19482;21438;31158;788;8027;25296;19264;18038;4213;13313;26483;19149;24543;31419;5535;21884;11132;
21285;24543;27774;13423;16549;10132;26884;14128;30116;24081;7519;2527;18577;13720;4641;29913;31272;24198;7807;31114;12532;9418;24570;31618;19986;411;21823;32714;32569;30059;8267;30328;12791;15894;13266;17025;19517;15712;28642;29647;19998;9118;29124;26515;16596;12979;6947;17117;5892;11582;5231;31594;25155;17938;20100;25276;472;9191;18311;26480;11971;19791;5905;205;2303;4331;1424;30873;2565;15838;13034;1840;145;16514;4195;30167;31144;30554;12736;15181;15066;21576;14764;18083;12741;7680;25948;27726;31962;26045;31599;10619;29028;1331;8728;12706;17093;14532;24702;31326;
12035;10742;20323;14716;21636;32293;15620;2385;5398;15733;18497;10065;10803;9739;14078;222;20098;16253;3017;606;8352;17030;7869;23696;8993;10495;15782;13344;32210;31242;5990;28537;25665;9873;30359;5850;17792;2543;3953;31404;10533;25324;25838;5139;23957;22767;2349;21443;23427;24943;15636;21269;691;6571;13114;7001;5124;26779;31236;30574;3245;32038;20750;913;18119;31893;28108;28531;780;30024;29553;9870;16350;27047;8719;21176;395;1884;256;27897;28623;24256;2182;20634;27802;11922;3758;1150;2068;6127;31610;11958;30174;20094;2110;26191;26523;6380;3659;22382;
28848;13720;10443;28064;22343;30607;11756;30827;30362;12218;17217;32297;5742;13910;4453;12566;23517;10405;23265;15015;14169;12003;31311;20765;29678;24188;3008;19291;19399;3196;17756;9972;9716;9287;17224;13449;24939;22154;19149;24146;20812;13425;18614;15610;20073;2843;3833;28336;517;4939;5530;25723;19932;18784;17101;6605;30052;391;32347;27228;27731;3119;5190;31277;28257;32445;10928;25585;17487;29825;20217;8597;23080;23529;24104;25365;2759;9205;19596;18321;17561;24043;4259;11426;27556;10060;13626;2030;7368;28678;22230;32506;13893;28907;4179;12608;18814;26210;6859;26754;
23037;25437;9401;9053;3510;20619;9310;11809;12944;27598;10596;15840;15649;23535;29122;16837;9401;11409;17887;24231;16547;18019;24570;18654;2727;14234;25289;28758;27347;24735;9056;13026;28796;22788;19029;2258;7295;8381;4130;24519;8396;29069;6346;6086;14630;17598;12992;22156;292;24853;32004;9505;27516;1285;14479;2992;16000;291;18673;8086;14825;22234;10297;14265;18900;12128;21013;15131;27402;16104;27194;15791;9348;26650;8710;24427;14895;13248;8548;8606;31980;28866;30449;9860;23515;4180;21341;3863;6873;4718;5139;27433;21063;5756;24860;28592;7182;25688;25152;26465;
4575;373;20335;4480;192;9821;24672;25334;30148;10333;24440;23972;2073;11134;25581;29175;1096;12472;30507;7868;23737;21603;10615;17206;886;20718;22994;22382;4400;6611;13600;32459;23943;8906;12425;10466;27782;10046;800;13455;21869;1533;25282;18757;1716;1331;2113;23202;2892;4761;16066;2631;13608;21482;612;23526;20732;7063;29219;28572;18245;5563;6395;13954;20105;16721;21072;21887;4832;2469;19853;10848;30387;5128;29964;10026;20676;5576;15414;30638;19310;18015;6379;9567;18735;16875;11300;11617;29283;28638;24022;15586;20562;16887;28698;1965;6509;24433;19852;27900;
4821;4218;5872;24206;11037;32230;13340;15866;12881;6437;27666;9283;21303;16498;18540;18348;12756;29518;18429;29646;21298;11053;9397;18407;12897;11375;12485;12149;9916;25489;3844;18692;32621;8869;19089;12100;30772;21247;4538;22622;27492;28466;6173;32648;25902;22843;25613;19672;31777;24827;2872;12117;4850;3819;8838;7508;26489;1803;25924;12034;4861;6171;22401;18237;24497;19214;26552;16040;6014;1724;21424;17662;12291;7127;21665;27814;30683;19744;22168;5256;10526;10202;16156;9248;1322;16511;1810;19920;23971;10163;11230;19323;11960;11126;15307;18767;11944;14493;429;29410;
30341;28803;5061;22145;10297;18172;18916;4805;13766;15498;24275;614;11730;2260;16627;23124;12642;18771;22049;28164;30438;2127;14044;3592;32374;12298;9386;13539;23387;15931;16311;30235;14033;19389;16320;25488;28683;15497;13359;23819;32120;11234;3976;32282;29509;26831;515;7708;21283;5838;26491;5784;2378;18119;19590;17363;15037;7231;20198;29601;18640;21198;23840;13947;11752;14291;6506;18130;6019;27750;25546;31395;24952;910;20349;29516;22143;20660;1942;32670;23027;31320;26343;25651;24279;9475;18212;32257;20504;19069;19270;29488;19985;4415;10542;26153;25940;14379;13963;24304;
8872;27259;15613;24243;10318;4088;22907;20899;10377;28012;27378;21250;26973;10585;21550;30589;13718;2283;5374;4541;24332;31020;32403;9529;13862;14455;1834;31566;6813;13359;235;3729;2434;28336;14352;16484;19587;390;15433;3271;11882;4062;22879;12401;22758;15673;792;29984;16270;31848;14428;6189;15395;19124;8597;32611;16405;11101;28252;12305;16201;30534;13905;15454;14362;21742;24906;6877;31902;27810;23217;7265;8490;11505;5159;29715;13336;13153;7021;1473;8903;11616;18309;28281;28644;17789;16660;31575;7912;28888;27147;667;30946;12503;26758;21246;3703;7451;22773;11591;
6951;18867;27513;31769;11730;23951;28817;15887;14970;27959;6389;22027;31050;28093;27842;13770;14039;21487;15832;5820;31143;13266;6528;13587;8432;29772;32083;16666;24737;27425;21335;31433;16038;29985;31082;11158;30056;24223;22500;29325;24468;12324;19320;5795;20766;13157;26203;21320;389;17523;19624;21307;27480;17202;12292;19874;17657;14604;11902;31066;30369;1766;6328;19084;12708;12115;25420;11905;3319;4360;18281;14775;19183;9617;22205;31796;11339;6210;1688;28698;29813;18799;30286;13948;773;4576;29917;5744;9863;23167;2511;29285;3198;23636;1378;10167;29353;7347;23527;3201;
32132;31156;20584;32691;22546;23268;12941;16228;218;23098;13248;31081;26671;31053;6032;18982;17333;14019;17235;7588;15137;6157;28944;9956;21056;31570;2460;24947;13371;17832;27138;20799;17433;16778;6184;29865;5765;16775;10928;7387;14546;23351;26653;8284;26940;20083;24887;7137;9329;27845;2736;13671;11344;5406;6663;5502;27632;6087;10669;2792;23780;5786;26727;3170;20925;13682;22515;3266;18897;12000;24302;21826;12859;8480;12789;23068;14371;10059;22539;15703;4160;4813;20026;29664;22426;22810;3709;16604;29077;2461;32222;31549;1835;24561;1500;20883;2937;18004;23823;37;
27005;23641;17167;11585;16158;21981;13201;24528;18796;17979;21715;17453;26154;11204;9531;13112;20106;20329;11323;12198;28471;19643;12919;19867;408;22038;17706;14458;19028;2328;2245;19196;8465;26456;7898;28031;9602;18261;9017;11937;17824;20909;1113;18958;31031;24208;15097;4502;22181;18291;9478;27779;25822;265;1984;24873;20148;4463;32025;23742;23382;13991;20573;11628;20502;20807;3608;25253;8047;26482;19253;1975;2374;21512;26467;27808;4208;30234;20157;28963;26997;29857;32425;1563;18067;27247;20992;22800;9478;3685;22640;24072;32647;11239;15647;11167;2579;32653;145;23898;
23277;19483;2508;28729;9446;15284;21178;19851;26332;24906;13262;30726;13441;28249;4842;3863;31837;28885;31105;7287;28439;11617;22009;24575;27632;27073;27731;3517;5776;15250;14861;12871;31237;12088;20807;12623;23817;23321;28454;4728;11139;13065;20854;4200;6481;12292;3987;7711;25157;8227;31369;22151;19309;13001;18554;2636;18840;5405;3904;24557;28949;12990;21076;14868;4798;28338;10222;22563;10806;26783;14702;25871;366;8765;8955;26737;11630;6411;30314;19930;18514;10305;25953;30311;3218;18182;22204;2198;13703;30436;27439;29272;18731;30329;13613;20840;12065;3183;10249;13786;
14581;32430;604;29431;32676;2511;14246;29256;14943;27860;7480;15601;29324;23831;24145;12097;14606;30337;31623;2694;16582;31740;22888;22822;601;31787;8802;22763;19764;11864;32736;24479;27086;7086;28342;28121;12589;26792;12991;25622;15788;21193;11716;3595;6395;13966;7584;30778;2919;12705;1442;17348;28764;13647;18227;27774;13352;7484;11705;13638;24321;7765;29115;11928;20810;8711;30533;2908;5394;25006;19342;14338;26846;22097;9688;26577;26536;20620;28568;3196;29223;19661;6103;27639;15697;22468;13784;18568;10783;5908;16123;20257;19088;19023;21473;16365;14320;22561;26833;1321;
7770;15307;19802;11317;8572;26323;22330;29931;32410;27386;13439;27439;4053;111;10476;16071;5294;15426;15006;19822;25542;2843;4592;4899;27111;17452;4251;29895;6728;26724;25634;6375;13325;25062;5997;17111;270;22457;26547;25600;29145;27073;24734;22394;15098;26862;938;31710;22394;24499;32463;8021;5285;32442;13919;29173;2832;16854;9777;29262;10459;24889;24063;2111;12596;25319;7437;16911;21788;24682;20747;26552;18798;21703;31805;22662;32285;1714;18137;26337;23229;25342;16305;9831;9285;23383;4113;24639;28691;7475;9963;8617;18480;13574;7985;6361;25814;29109;25987;13317;
7983;7246;24842;14013;352;22518;9124;14715;6086;15907;25921;18299;26495;2827;20109;3788;11821;28252;22223;22184;20214;21549;14608;12289;4304;14900;17537;5212;4603;25914;3095;26338;5326;2765;14712;2996;2487;17205;1818;2432;31358;22441;9641;26962;15049;16578;4266;18604;485;26927;5727;20952;20931;2219;5866;3709;20289;11052;16052;18545;28587;14429;16400;27854;8066;3919;20508;9544;18044;2667;27368;7101;19659;32684;8923;7182;1442;4363;32594;2094;8950;24890;11913;21112;5762;148;3775;29254;1037;9813;21141;1727;10479;2566;17592;7152;23762;28988;28351;17951;
4022;17794;10071;1883;26936;18068;19357;13144;27923;11470;10187;17786;18663;20451;21271;23856;12089;9682;728;21635;25531;11798;6379;9455;23758;7453;29013;3697;7750;23548;13097;13537;12653;12385;10413;10114;24138;8393;25272;1752;2595;26867;11102;15545;24384;4756;3023;31399;8690;1612;27005;29277;22228;10457;32381;31912;7761;22667;12592;8824;26982;24311;3874;15415;27561;10992;28466;7001;28299;26291;32500;29237;27098;15970;16211;28179;1418;27316;13435;14214;26804;21482;19702;19708;31199;24837;17428;27539;29823;18230;913;31278;30651;28054;18546;10953;29299;14615;3888;17929;
4226;21690;2840;21783;3392;18947;11506;7599;3915;32171;31969;9332;29064;25748;19338;10631;7524;1282;32376;21335;23136;6151;31679;31675;14028;24383;30944;21310;28114;702;12525;20153;28343;2887;17902;4904;26974;19646;20866;21430;1038;21728;26826;22042;7796;12850;6018;4390;17900;10039;5745;6557;16124;7654;16644;20806;18465;28507;3638;3134;31183;21453;4274;8338;26547;3776;16956;5133;26427;11132;7757;23631;8024;23997;20477;25887;17795;23212;30502;20739;11262;15886;18631;10253;1372;20412;3750;26871;323;15699;19002;12403;9841;7212;32455;27324;3581;18319;26315;17265;
25567;28451;6297;18339;20659;27049;24132;28205;12474;8170;17598;31299;15394;9198;9793;27726;1159;18543;13294;29943;27577;19597;17077;7810;30656;28612;24436;8286;10269;538;28259;4346;12371;17565;22959;27098;15270;11788;4965;4585;7715;26581;28306;25105;5856;5951;5033;22537;1925;18153;5156;27502;17675;1139;24942;14614;26052;1659;11009;30881;12444;28363;26571;28752;4510;31952;3799;23323;14266;17487;17193;29949;16325;15443;30442;8595;4289;14954;18885;24805;19807;11792;9872;1668;32450;12396;25647;26325;23686;15418;28085;28332;22017;8713;13773;22812;16584;3238;31065;30606;
20597;10712;5464;16401;15272;19277;29709;5617;12876;5077;21854;139;2332;1230;30330;17503;15973;32735;23742;4711;15373;4330;18394;16808;31444;5179;3887;18182;27354;3334;28284;24412;17762;16400;1466;8140;11221;26284;4164;24660;14346;3561;5947;13474;25028;30218;9001;26410;23932;1590;12516;10869;22625;10353;28086;29884;13726;8651;32442;14773;12507;15063;22409;30381;2566;19551;25622;17623;7763;1110;2519;26084;4737;30478;17446;32467;29280;20652;24550;29963;27024;15064;6761;8615;31115;19129;10129;20241;20709;2848;25398;13522;10195;30467;12744;26024;17899;30766;21558;25561;
5418;15925;13070;20424;26171;429;25829;25798;18934;1947;29689;14378;9256;31021;10005;28324;23442;25512;20917;23502;19252;29858;28523;16388;22731;18033;3713;6262;21656;20707;19936;13691;1635;21040;29232;2857;3008;17452;22081;28706;27537;12737;15018;16048;716;157;14512;3093;11902;808;23657;27164;22288;26297;10785;26356;16585;21001;4860;16190;17813;18408;7389;30309;23557;8750;16775;18734;3990;14581;18690;11920;20022;2565;9025;23237;12036;29840;1281;30881;5720;23840;19444;3363;23299;19917;28191;14666;20696;26291;30848;20009;23659;12963;24821;26430;29720;13337;12121;32512;
12871;15982;16880;12727;23791;28495;12549;8848;1625;23662;5585;14065;11047;18807;14495;7178;29076;31302;27182;19117;28157;30039;3159;32095;4257;19070;3567;19631;8357;12760;24047;26054;26715;5889;6610;3904;30403;25735;31551;28730;6738;9119;18664;19884;30963;17431;20146;12794;26956;8332;8470;12997;28994;4829;12231;18695;3519;11487;27541;28511;10162;26963;913;31401;23128;26901;32114;24786;28347;4246;11575;25066;12408;6539;20494;18299;32708;27879;20085;11802;17585;22791;27039;3387;10158;30765;22553;29002;13133;23344;5549;7159;17226;19570;27271;32465;25800;16145;28054;17430;
3037;15970;1589;22985;16977;29083;12555;13062;13219;1999;3119;13203;14925;8224;28304;31159;21065;560;3733;31311;5332;15064;31744;8990;8562;28957;28952;30565;6194;1887;16135;23219;2355;23764;22913;32255;32103;17205;17830;8948;31895;31927;28714;10636;13480;22077;11955;7136;9756;12748;28802;11327;31196;5439;25174;22909;25652;4412;2445;11661;14623;5222;6797;19026;5573;32468;3682;14515;17218;2499;15272;11758;13993;22407;30380;15150;21064;16328;31950;7007;19502;11242;12074;4929;24043;6093;24695;6075;8599;2743;14894;11891;16406;7310;31983;15515;21657;23371;8226;14350;
10600;9387;5338;28315;12768;18471;12286;22432;26039;1319;32682;9179;24968;14707;4051;32638;28811;21482;25130;14977;25507;24438;7491;19260;22943;14911;14071;24373;23737;19743;7687;28215;31075;22359;9985;932;12868;8832;16488;12811;30077;12996;12815;25853;30512;18253;27590;1309;5443;16126;10040;8823;10337;13665;24852;6419;26178;27617;28011;25545;14637;21306;11098;4438;12475;18733;7144;4016;28637;24184;24625;16791;15392;14597;25285;4717;4656;26210;12363;31815;25499;12913;17258;13380;25048;22113;18409;28958;31368;5084;6420;32766;26875;4226;32610;7061;246;1431;29014;14696;
5812;6136;23459;16747;10282;27732;13459;25554;11152;19352;24233;292;10012;27563;7814;22673;30225;12380;10249;28805;24312;30873;1722;28029;24365;19425;25961;19226;20382;31739;30994;11123;18128;3817;4868;12464;23587;1304;7746;5333;12374;20441;3114;29659;24397;3093;29780;31749;16146;21819;27581;30833;4123;17534;22309;27118;715;28734;15541;8717;13882;32707;22757;5243;5177;10033;31389;21133;11921;8120;27290;25885;396;28684;25108;30869;16311;6421;21662;3913;2789;31463;4429;11786;15991;1524;32540;14071;11995;3200;30863;26263;595;18518;2711;10021;1784;26810;6838;11819;
10750;15518;14435;6227;29753;19737;7600;30585;12256;31764;9002;1796;7058;31559;11009;31351;20118;12132;18281;6723;12903;21393;8255;8928;13680;28956;23536;6683;6932;32618;3991;3762;3313;16433;31333;30238;20838;11239;4166;7344;19282;635;6081;23519;10015;21570;24352;2785;22784;5940;19666;23928;20598;7256;20237;9487;1305;31101;28344;10245;16533;15147;2439;841;18931;29401;30568;18983;22042;30048;7966;22625;24981;23984;15915;2690;22422;10178;26612;20591;10811;30670;32;20031;16401;25021;13377;32588;23255;17633;14518;3978;23428;4068;19664;24344;1931;254;18995;25621;
13149;13931;17279;24245;30255;8989;30256;5012;19198;15278;5059;74;17105;28568;9755;15935;11327;17064;4898;1985;21552;6832;947;4947;17384;5501;12728;14664;8257;31496;24975;6033;3639;8176;2739;10196;16554;19496;29592;31678;4960;31213;17622;5017;22346;252;22410;801;13320;513;17145;22675;17070;9810;28023;31240;17865;2013;9352;27905;8861;21856;68;15427;32689;1752;5632;28645;11406;13883;15914;19367;14019;28777;29045;18309;20524;4704;310;30348;27252;1712;12046;20461;11225;30512;26570;3664;8495;18158;9607;6506;20776;26732;15642;11730;5330;25609;6831;14096;
22881;8893;12719;4087;12079;20745;9192;7478;18945;28206;25576;30249;22156;23454;22185;4085;18744;176;14452;7891;2595;22167;18687;8620;8809;28821;729;19431;20131;21612;25095;16767;6829;14102;32240;22872;27309;29109;31350;22995;5456;17101;5222;25504;29527;12209;19730;32467;2131;6715;31036;32314;10412;24256;14134;11502;16616;3651;4168;31273;8746;6377;18770;5975;30713;31917;9906;15472;19267;19541;10088;1668;13986;8869;31608;9368;12253;21970;14736;18096;2738;32570;6123;813;6355;11089;11381;9817;2862;17887;30768;8257;30833;5737;16854;1219;11470;24812;960;20967;
9980;32466;28934;28787;26238;1054;21992;8889;28455;17642;22381;21940;9694;20243;22089;2131;27295;11315;30980;15637;5058;32719;8537;10710;11904;21970;20701;6633;10419;13626;16609;13926;18397;19218;12696;10437;4460;16800;13437;19372;2108;6111;30191;24070;25438;3376;18974;27733;8728;30028;299;25673;8492;2173;18059;1681;5469;1038;4013;10993;3888;12031;24028;2709;27632;5886;22374;1189;22516;6547;31742;4377;17957;3483;30815;21967;186;8439;23858;4570;14150;16005;15666;21278;11765;4175;30350;10778;29202;29187;11150;20484;14285;26532;11898;29467;17724;27774;25784;7481;
3743;11871;25908;26791;26600;2308;22021;30518;28539;21970;19789;24459;5682;25543;14688;1211;26788;11183;5161;3096;32167;5275;26058;25930;11795;23695;23171;6305;31177;31099;28629;20393;15860;1644;31975;19455;8335;4356;6696;16484;21800;23336;11318;16400;7907;25848;5631;14408;13249;21252;22054;10291;25890;1212;5032;2794;12681;28457;23999;10190;9120;4059;8966;15646;8828;3107;9182;14537;5921;20610;25617;29568;2889;17504;24502;8720;9569;26113;1877;28911;9685;25270;18251;32276;18829;32592;7791;9484;13752;25818;2037;20811;20680;9608;15507;19136;11453;3562;3811;12460;
26279;5733;26377;5811;8038;2276;8597;30772;29109;11979;21931;30166;2407;6957;18017;4451;16367;25918;872;23514;25126;26379;31983;18879;841;21608;3780;8630;321;15914;18108;14672;7720;21911;27222;29733;21256;1051;32667;14627;16358;11069;23880;21029;23807;8400;1583;27079;20817;15214;21467;7033;4701;802;13427;18899;12588;23141;32736;12073;30864;13132;10290;23646;16556;9471;18752;6653;7094;30061;23439;24453;16380;27454;3702;21765;21285;31753;3455;4841;31418;10952;13583;5140;21989;10889;31306;3631;17528;6502;2609;9280;7984;26550;25613;10110;17724;16261;29457;23140;
8953;66;27451;27140;5632;8888;28027;4510;21090;6464;14103;7281;11570;52;24654;14801;28740;12966;28220;22394;6965;5970;15357;30244;13739;14802;32533;11351;5854;1041;27407;19329;18008;11266;14437;23366;23033;10642;4768;24343;30013;18651;12736;6662;19906;11418;8926;17624;22788;21731;1040;27228;1899;32275;14221;24060;12425;27655;21010;146;5276;30091;18564;18301;5979;25621;8406;14835;6127;31668;10797;22680;2623;16195;66;9040;13680;17634;24072;12626;15276;11943;912;3967;20259;7056;13097;22769;14416;9404;2507;15830;4478;15067;14006;27775;23434;30692;22102;4276;
20458;14598;29802;23883;5102;5344;31077;21497;12614;500;1812;16231;30661;16729;2178;5000;11365;25009;31001;10283;10634;28251;9993;460;21643;7914;29934;7344;3182;6869;24237;28209;30195;9583;17822;4182;18645;17946;18417;19366;588;16568;10058;29502;8406;29283;687;18210;19767;26206;26532;20689;5310;14155;32404;28188;6347;4254;22131;32311;22414;25681;5026;25873;29201;10458;1555;22753;4985;13146;27309;11777;23945;535;23538;5376;32359;2860;13791;32499;21411;25471;28947;7179;15989;20980;14644;10349;3398;8928;17039;31549;7794;20417;8958;3068;8269;20268;12815;25109;
4708;8454;13410;8882;27653;27383;22099;12500;3073;14620;14809;5027;21936;14076;7086;5891;7990;29886;21425;23143;21765;3225;13448;16874;30371;15499;3721;32156;20654;18510;23003;6937;6173;14216;19416;21857;19144;17474;23478;5859;31019;3483;31335;25051;23910;25277;445;4830;25481;14865;7890;12723;1807;10415;15271;17509;10664;28185;11275;22678;18236;26664;8639;14102;11052;838;11223;30133;2779;31454;17763;23381;10605;32273;14159;19011;26830;3243;20872;9415;27638;8277;16224;24569;11884;30220;31540;14551;13577;3025;9548;16277;15359;9890;16898;11572;1562;29866;8999;14166;
12613;8117;162;22097;13391;25574;1114;12674;27119;32428;19799;9700;19718;2546;11812;6880;18981;6038;10871;6503;19023;8477;30739;22847;23296;8101;1774;14490;5997;24602;21647;20973;14094;26541;3771;9215;25946;31874;18768;65;18130;9897;19313;13149;20288;15696;14307;7185;19777;21559;5303;9278;20225;7524;30250;20540;17478;4887;20681;22641;432;32256;14041;290;2367;11184;1269;9352;15381;26958;16889;8999;22909;5771;13855;11867;28461;25815;32104;8500;7880;5846;6462;23427;23719;21517;17751;21301;3033;25826;5084;20448;7016;27331;5323;1180;2270;26789;3226;31764;
27656;12208;32285;2781;28666;1080;2985;15366;23891;3824;29562;27632;6595;28250;11090;1375;16586;31874;24419;5330;14786;7404;22639;9744;28447;9931;3374;8196;2806;16243;25328;4810;23740;14609;24963;11274;19537;18842;24151;17797;32316;11777;25312;16877;3385;3501;21052;11258;31985;12842;4630;19386;18952;26399;15050;9769;15196;5760;4809;6913;22668;29956;22848;5331;10680;21210;9204;32599;9352;25752;21616;30721;27248;6260;26723;27860;15410;19382;10564;7547;18084;29805;32567;12950;11443;4961;27444;24402;29352;586;27750;16700;11946;29247;21713;29271;8836;11889;20792;363;
8873;30489;10302;17569;28277;2223;29899;14925;23990;9053;24497;27659;1899;9907;7312;2061;17868;5532;11767;9395;15242;5777;13515;25180;15959;17420;20205;24445;19113;24896;18711;13040;25787;18183;10247;24718;2773;7452;19680;31743;7374;13194;14541;28113;23759;4196;13287;3784;27993;1463;23385;3445;28810;25533;23233;21002;11420;6995;21722;21613;22958;25773;16217;6283;31943;15945;13844;17647;29720;22561;2409;1939;6273;16165;3038;15606;6231;23784;25349;3438;28517;8090;24483;29888;8240;24118;8464;26606;4736;19708;2017;3408;15131;5666;15301;15078;28884;27335;18605;12013;
4804;8232;5936;14000;25560;11542;17453;14241;16268;7080;7090;20136;3061;17197;15132;31163;3333;24164;7808;32687;32011;20976;7498;2638;3705;14086;6692;9897;15082;32361;27162;8112;867;16280;14075;26367;1497;2117;24834;32763;3060;16394;9141;8478;30483;29784;526;32655;11664;8368;15833;30966;27973;18197;24157;3982;10063;27841;2622;27772;18705;20247;14498;23647;5756;25817;32147;31272;31118;32667;30117;31788;27417;8567;5336;22391;22726;23299;23743;11619;11353;17792;15842;14186;22583;27988;10338;9529;3365;16571;4059;8453;32082;22201;26254;28194;20632;8787;21440;21970;
11775;26110;10589;22107;32387;31576;23777;18524;19735;17174;1912;28256;26601;20797;12644;8884;9960;10646;27808;6006;31620;8283;707;23791;11700;13111;14886;8739;27198;28270;30281;25509;1587;12887;14195;31920;7096;27923;15769;20084;25612;7289;21121;29102;29383;11344;32552;9851;13920;1217;12384;30318;25074;23819;3773;15584;9280;9849;3506;2439;20470;9106;30200;4427;22834;32655;28463;8532;19522;31250;19656;18536;8624;31508;8738;10868;4987;8991;25075;12904;22440;11198;3306;5704;25593;11315;13203;24960;7933;5735;20346;31097;8777;39;14227;20585;29188;3212;13273;14959;
19881;2491;29750;6367;32264;5839;28323;20443;17550;26132;26768;14883;20423;28534;12166;3885;22817;10041;17675;28537;20467;3306;454;2847;13757;9877;29667;5802;4018;15416;31929;552;4467;26488;29098;9858;25886;19347;17483;23818;13447;2454;30149;13651;22469;17616;22908;15685;19697;19334;27374;3952;23850;14312;15069;7073;4828;7492;14256;23987;25922;5498;21783;30376;15658;17072;22254;23545;14073;6470;17252;4393;17902;1548;16476;8096;7339;17587;24595;16567;32497;31362;8451;28176;24747;26954;9480;19496;30254;20124;25538;9007;6591;17209;23610;23063;10837;11978;2504;10219;
18337;9170;8244;28514;3916;14304;21275;30900;16256;11273;11412;32172;25257;31125;14100;15358;26749;5881;32399;476;20538;2310;11488;26820;18478;5215;17771;12956;26237;9008;17409;32000;24351;13085;8964;16091;23336;24441;3275;17460;21836;23481;15431;7243;8098;29224;20711;11749;30376;23260;6586;26084;17800;32488;7124;13338;32665;31699;22514;19039;13097;31561;4961;20961;14714;13073;10267;2748;10250;8511;8244;2507;26391;22699;8308;2237;4451;29089;26182;31851;309;29402;23760;25960;11936;18091;3428;3802;17159;4221;28439;12169;1505;30333;22959;8502;1722;13205;8131;8750;
10362;1434;5149;21791;29162;19399;32355;29481;18292;26986;17143;25656;29227;16605;16923;12690;6155;23224;12889;1708;2433;3397;31266;13378;2094;14388;19637;27046;27368;26768;3650;6233;17153;30962;17231;13784;26316;501;3932;20408;1374;12009;1730;9717;10130;19148;22497;16264;16976;6518;3962;11575;15886;20755;31834;28337;6038;18390;30265;11738;32266;10732;3041;17508;4646;19375;23699;16287;10950;27677;8358;22162;17064;31624;9585;1610;29554;14990;16491;18546;8695;17740;32145;6180;16310;24271;3336;14591;17827;4299;13316;29818;19499;29584;17640;16759;25714;12857;25263;2588;
5855;7975;5002;990;10970;27822;26314;19934;7124;24077;12801;18809;24456;1188;10596;24858;24961;23905;22388;12627;22493;25212;14302;18477;21840;25956;31135;28348;15468;17657;11371;12534;30751;21499;23888;6085;7549;962;26263;18778;23231;10032;30443;965;22412;25061;5053;9666;27256;6065;6886;14806;18379;28751;1934;14235;3459;17232;32333;28504;20636;85;25745;21461;3982;26497;1856;5742;11800;9774;5278;18789;24124;11231;28016;31869;6795;19318;4450;1988;5538;31912;10918;30896;17141;20909;31966;21869;23755;30012;15164;10870;2954;17590;2535;5731;4661;23202;11937;18433;
9267;7513;13480;8872;18514;9730;2009;31945;27915;5057;19227;11463;4616;7980;28155;22536;10979;511;17812;14411;7985;1808;11442;19260;3007;22149;28471;8261;10523;21060;1213;14504;31574;5803;24188;11723;12041;29570;19566;4562;18326;28973;15794;15987;688;13862;24623;1542;5406;24747;25465;31452;9403;10420;25336;16594;9154;24104;15175;7462;29000;5968;20186;14473;25354;9100;32228;18293;7273;5701;21879;3264;22195;32290;14829;27250;32420;7295;4232;29908;19245;12571;11349;15305;12659;11792;598;15969;23067;26633;26847;15532;31685;5807;26177;23500;16086;14692;21158;20558;
3707;13364;20796;699;31467;14600;25750;25193;4332;20765;8783;23191;19096;6837;18928;7609;32097;3853;17171;15121;26963;25742;18121;12927;19865;24903;14394;31386;9795;12699;28811;11519;30534;5943;517;19690;18628;1096;13939;23555;14478;30442;19659;12666;17640;10467;14865;18261;13452;26513;29049;29193;16369;10273;30668;13896;24524;11266;17932;12571;25816;18841;16219;17968;15570;11575;15897;2165;2248;9800;31821;4326;26772;21709;23366;14242;8100;19212;20098;25413;30460;30597;28110;25202;125;27433;29359;943;8039;20423;9473;24438;31261;8903;31454;2184;14632;2074;28609;5765;
14207;18801;22251;16058;2053;21933;11526;28474;29780;21655;11529;8240;22713;8914;11355;20339;383;18958;571;23131;28017;18813;32351;10708;6554;17035;13019;25776;14927;24010;5445;7234;1392;31787;15127;10024;29162;2164;13652;7784;4224;31982;20335;12479;25036;29022;13672;16437;19840;17719;17720;32245;7922;14862;3951;30812;10968;4686;19228;20304;591;2093;16621;723;22307;12511;29079;4055;30026;8201;31608;20308;30129;24440;891;19353;3644;3859;9533;32736;8968;16654;11886;13860;31987;26209;10617;30519;18782;24441;31591;16655;18225;1325;6400;30560;17696;15859;5940;17009;
21805;29524;6842;20520;22894;31645;27383;11110;19985;19416;11297;7579;29853;1530;1188;20113;17530;14174;12741;5772;17588;23410;20357;13973;13052;30385;22472;27411;7152;24017;7350;3227;18588;32061;16994;13065;9536;13509;31657;3792;1363;7060;3678;27790;26825;16483;25252;5860;9874;14829;8602;2692;8291;7075;10046;12427;25528;8864;19339;4882;23578;11999;18149;16383;31389;23724;13751;20001;30382;21080;32603;14461;3083;5681;9274;994;23059;177;14132;25284;18496;7926;1602;19271;5106;6514;13913;13209;27502;29412;22162;26757;14886;13191;11913;12869;2619;21641;19458;15256;
8000;32702;5075;28437;11841;30614;23038;16063;22275;15181;17693;2521;17038;15201;259;5372;2793;12873;1184;18534;20517;30052;28453;10389;7836;21040;16489;15637;2683;19388;28811;22934;9342;19552;10970;32065;11259;8107;12273;15436;8738;18589;8998;26572;8835;2070;18214;26571;9425;10127;28121;31643;3045;23560;8076;21609;9733;21825;15694;15893;615;19757;8858;19010;16369;11172;2615;12713;14659;4696;14941;24498;12791;25866;15385;23621;26919;8702;8690;2013;13616;7852;8653;24031;3254;31928;1550;12587;8425;27428;14848;5872;27910;1989;30071;29636;24352;29939;19380;24308;
32288;30597;8584;20504;12555;12541;20157;19179;2947;18943;28337;32090;17297;8456;9284;987;13473;20828;21748;18432;5070;9792;8007;11596;14688;20074;4202;69;9107;25526;23831;23498;5787;6938;8635;30887;32228;12508;28121;7015;29342;25858;7849;5226;2937;7179;19718;1591;22957;30684;21127;26130;14142;31997;10731;27346;19070;6149;11962;24045;25299;5971;41;725;4794;27903;2878;2183;11020;19728;54;14688;31617;31728;14116;23859;31858;24861;18394;410;17891;12832;22796;7305;30656;18883;27315;15657;30567;32639;8112;16099;9831;4916;19122;12986;30343;285;16985;29407;
32523;20994;16540;5247;30514;15279;20840;11232;14851;9638;5257;5804;14153;26129;22222;16525;30173;19194;18024;5625;2851;17342;18068;6480;11223;16063;9850;20004;14858;3930;16212;28375;29799;28697;15826;8300;10939;29993;6845;6295;7093;782;1756;27158;24554;7573;19988;27460;1563;8970;30162;27372;17595;18348;6830;10075;25772;25950;20808;15289;18762;29599;3702;30617;14762;15292;23202;21710;20259;7492;21613;32640;11534;30397;18072;9344;26059;1685;21797;31193;12549;22620;1465;13736;22326;4656;10053;26413;30317;13944;23781;26145;1103;11733;20489;19530;12635;11605;19922;11598;
4467;19690;21439;197;11672;25115;20360;29329;25334;29434;5706;3442;13088;21846;22245;29653;27036;20017;2978;6893;15010;17780;12058;15365;16161;25058;14419;28693;29187;8523;8747;10643;4786;16642;506;139;4315;2705;29043;1266;25970;22698;20427;2872;31990;26721;7710;10012;5878;19097;31502;18628;16084;2492;429;12301;16841;22448;3997;10784;17961;22534;13941;19782;26600;23156;23655;9981;32350;6533;20512;4171;28487;20879;21488;7250;13070;17382;25643;21797;28235;31311;15567;15066;17546;24247;25190;14560;18510;31525;12846;1427;11349;30190;15736;8206;6686;7720;29774;24640;
20905;7264;25432;19779;30334;7056;2305;11752;11760;32331;1493;1943;29347;29755;11309;32598;16716;973;13071;20775;696;23595;4176;20887;22288;875;15867;11668;9819;13573;28407;23679;6724;1163;30435;30850;25885;6292;26949;28964;31269;4602;13284;19482;6918;29509;14450;26720;24226;7270;10606;30601;5391;11945;11849;8532;11488;27877;4808;1407;32167;27637;1449;4064;7096;10092;10889;21169;6447;20101;773;23340;22580;23897;29472;13400;21117;22101;25828;3106;31253;12266;20301;11951;5980;19078;9314;19441;18512;708;27301;15224;1290;13280;1453;12939;19851;15981;29202;8312;
25785;26442;30857;9512;15525;8914;7248;22006;30735;8275;18637;17601;9516;10689;626;32064;5543;11180;7907;27798;30693;31088;18523;26407;5517;8620;20556;16553;23368;26357;5445;10878;3525;12491;25;19521;20481;2251;23614;19103;24261;30759;3955;12392;9584;22868;29861;28133;4086;29186;24084;25197;15913;26961;690;9267;31799;28226;23243;31330;9332;8811;12267;15724;20058;7408;25597;4510;28366;6574;13232;12281;19877;10425;30751;12605;29799;29193;11184;3910;31315;24944;13884;20635;20899;20175;17521;4677;31249;30346;11893;25565;15513;22073;12748;10729;21633;16801;636;31337;
10647;17378;30575;10156;32698;8433;22040;28008;16283;2889;346;29706;15557;25054;4005;7755;7387;2643;3170;21764;17441;15212;26769;17731;27454;19398;24240;17566;16961;22726;19935;20423;17633;22991;20547;22369;9225;29624;4264;20242;26772;8317;9066;13018;13141;32564;26261;30371;15962;24643;11595;5145;881;25041;14950;10939;11244;12410;20063;26162;11682;16455;19567;7906;14646;4573;15091;26816;23964;22516;8981;1123;1240;4363;5033;26205;11785;26970;19285;18635;2215;30985;19957;31531;21769;12959;26941;25710;11818;5565;27808;27470;8364;31244;6257;14562;13085;1652;2121;2416;
17274;10383;7336;32642;24049;8285;10207;11580;28907;29753;25133;18412;586;24843;26920;14819;18927;6848;20062;1668;21888;28919;31037;13466;6504;11261;24624;13039;4895;13820;23819;27418;24747;25711;8361;30360;29031;30169;2515;10782;13315;6071;25444;27438;26060;2227;19883;1001;26413;11034;22289;26916;14710;7056;2044;9917;2525;8195;26099;26159;28099;733;12802;17253;13368;11902;26208;25548;28864;7401;14159;940;9047;28605;6980;28088;8628;17512;7752;4324;9675;6295;1182;10358;9621;21232;166;10848;22547;17412;1;28621;2961;13183;21494;19450;12584;19874;14612;1351;
16774;1268;537;25742;24306;15412;27155;20147;22666;19601;20933;7292;29391;15390;27724;9379;6500;14464;7939;11306;24083;10729;6307;12527;26897;29259;25519;17024;16003;11461;30735;23856;32064;354;4090;31595;31449;24834;17434;20806;24791;15768;13035;26202;12099;4758;14181;467;18540;20902;29402;7364;27108;1947;11809;20158;14028;19879;22004;26784;14161;23246;5783;12720;29047;18842;23226;31467;32534;26129;12705;31898;17697;6116;24706;12838;12334;15593;9007;10285;6707;1995;24564;28885;15758;14081;21187;12897;22857;14332;29582;1026;27291;2725;7157;3311;8114;30982;12321;6583;
26543;30535;20208;7126;17395;16349;19794;18311;16025;32766;243;17370;10819;10328;7706;8454;3866;13826;11473;2304;26896;1971;22854;24141;7017;4914;9073;15636;15737;3853;12791;4727;9391;25742;19534;15907;20434;32235;16418;29222;6027;17597;13816;17666;18468;25779;14610;10751;2191;9864;30354;17349;12970;30514;30690;17705;193;28509;23634;21576;13396;28439;22019;9170;6683;8653;28165;13993;3912;32374;21436;427;27660;6158;15240;24523;30556;21062;4260;3175;18421;20090;32335;6102;13982;9443;5162;2624;17837;15886;2530;10418;8652;24716;26126;4209;8189;18156;3163;7311;
23772;20966;30438;18877;24868;10969;7913;3168;28533;27256;22682;19687;24405;6079;9808;32347;10612;4909;18152;823;2356;16941;871;21627;22376;3797;32736;7932;604;4050;5017;19198;18199;27811;27753;8708;4060;20998;356;1767;7159;2736;6331;29734;21686;4161;25821;13437;29621;10359;31970;2489;24158;25250;13354;13770;23217;2392;5441;6682;321;23657;1030;24861;4223;10005;19213;26154;1339;1661;6209;20361;7272;29784;11470;3789;8736;27111;17470;15203;12776;12075;30433;31596;19508;10837;7027;28360;25902;17278;27641;20595;20659;12440;29164;16917;12190;15781;32153;30164;
16970;25895;11464;10861;17490;19671;17564;11651;13723;31385;25274;22583;13461;21936;18861;14840;19901;18478;19594;26012;25703;5295;7631;5296;6330;13383;1425;5389;20220;20665;17111;13484;15376;12010;7233;8124;6972;7573;25581;25841;28976;15423;29338;5150;68;11886;24078;11014;20994;3862;28342;17520;31204;14420;6285;15737;30046;13150;31550;17710;19743;25787;11661;2650;23445;18607;22515;31645;23727;21498;25224;19902;10982;19650;14887;15426;19838;12237;28876;14398;15369;30195;15680;31081;31534;19923;7673;9589;30376;7622;9019;416;15505;25105;9348;25222;32225;15199;25895;20025;
30770;16750;27703;1171;11462;28168;5030;25035;2250;13365;4782;20295;25308;6063;1904;14001;29132;22678;17372;11085;8351;1893;25040;15754;25562;5413;25220;11479;29693;13280;23845;27575;4429;7001;192;10776;13526;1530;28002;23009;21169;31246;10366;25034;4483;13104;12430;29296;6982;16387;29693;12713;27468;10276;12101;12308;15744;11869;30293;23797;752;796;27957;27712;32648;31523;29676;25332;29984;7808;18850;15786;32698;9152;27394;25966;1796;11104;12258;26317;26917;20356;27686;7983;17077;23531;6113;21608;30733;16931;17086;27273;25538;7673;22175;11260;20076;24116;28035;22480;
5036;25987;16045;27217;6253;14259;26371;21468;30313;1829;4276;4593;239;13952;15901;24202;1764;8867;15342;27051;30217;18654;32392;20795;17275;7521;28330;19218;15744;9716;26957;13651;10880;11497;30412;252;22866;8271;32072;10939;1722;29033;29259;13828;15407;2143;20395;24160;3041;8242;20402;29448;19962;7925;13435;4274;17188;15931;7839;11691;16460;6092;14098;11302;18342;27292;12359;26324;13042;11261;25243;27572;21245;14611;2032;22829;10346;15496;23192;4442;6578;7298;7030;14245;19050;1234;17247;11415;30661;24943;25542;31726;32345;23842;31385;28912;27942;14466;15718;17664;
18900;3363;8130;7279;27196;20747;6379;17812;1834;11877;27820;28191;27745;890;31617;17066;27104;7900;24060;11409;27236;3044;20327;8708;21294;863;11179;15450;4358;21637;1137;2216;30336;23083;4486;18067;20350;20537;132;2402;19958;7517;26543;28504;13302;25857;24605;25408;24293;30075;2842;7241;6155;26244;1738;20500;20052;31724;5648;19212;7504;8332;32687;25334;17791;3451;26799;30664;31180;29061;11779;30399;9815;11480;360;5036;5239;29953;19856;11407;4096;29975;9600;2918;29121;15926;17207;31303;13137;7215;22928;23981;28684;8830;15721;18704;30552;1405;10757;16824;
21549;5079;9391;9170;28116;25662;17312;24004;9710;2913;23587;30142;6073;28184;23543;3473;23695;994;20981;22725;31151;7570;27122;14565;23360;1093;24551;29726;147;1175;11856;14857;15785;14871;31697;27332;13813;12024;3103;21575;29794;9225;14366;23029;17560;5351;12615;14962;12667;19568;5197;26549;19701;7548;3840;9566;9462;5064;7537;24905;2489;12595;8791;31331;2376;2861;24241;27068;17474;23660;3245;478;32732;24288;8649;14430;6438;490;31800;11696;15760;20681;32647;26431;3244;7509;25728;28605;1845;17135;16463;20920;28497;5560;1763;8303;32275;20993;3223;739;
4676;8195;19218;30001;15459;32720;28011;13342;19434;12682;26513;1780;16851;28115;7403;23437;19547;644;23099;26797;12294;10146;9928;19093;16867;8334;12476;19924;22289;32123;22731;23649;19842;4389;8469;16615;4607;28353;846;13408;18284;1071;29212;27109;29518;9335;2496;3268;21386;5747;13305;25812;16751;31689;17189;5381;17911;9245;18602;10299;17226;8324;10900;24669;22404;11067;15488;31656;23736;14233;24504;25674;10805;15938;28319;32300;31496;6558;30544;1807;7618;1673;2434;15578;20859;7500;7087;15922;29718;22220;19317;22860;26055;29186;32060;15615;17875;19883;7961;16414;
27799;2625;4850;13060;18124;2089;995;28528;30217;5678;10977;6804;23177;25646;18077;19816;27183;3603;19115;5956;30919;21253;2532;3758;21903;19679;24585;25713;25078;15327;7849;11503;1443;15009;16708;21431;9145;28238;11440;27994;30042;1809;32188;23419;28010;9418;11028;30502;2453;29703;32356;13667;13459;5936;10432;31242;7594;12289;30276;3288;10613;7485;25847;25795;24549;16545;8949;15755;31621;24855;14286;11154;32258;32045;23849;8685;28138;8645;19117;7867;8628;6414;31009;29109;15361;1459;8401;20743;15649;15954;30516;12383;19929;32047;28621;3651;10083;14378;1103;11175;
15543;13550;18436;25023;2313;11628;19055;2578;10131;6280;3377;11472;6292;27409;4393;26981;22425;25847;16095;19790;9979;16056;11811;3371;13481;19228;4337;21526;31783;24866;17816;7476;2519;8762;21531;19337;888;28852;23256;29713;6636;10873;11879;3596;18494;31737;12485;32153;995;24420;9138;11398;16960;7197;31319;9575;30573;23148;28204;25829;29241;8051;23321;21849;14702;17763;9948;10394;20054;17391;14250;1042;30845;23809;15897;13080;32441;428;22077;21370;29032;867;17425;12376;27129;25960;20249;16185;25518;25222;326;29528;4511;31491;19738;23359;22019;7889;24332;15511;
16043;18436;7726;8767;10959;6537;8205;4251;32269;22036;5081;21551;1199;17242;26822;7788;27949;19841;13233;25801;31474;32468;6151;13846;22115;8124;14307;31245;7710;4843;28534;20267;7551;16859;24492;31422;19561;11639;3084;7998;31811;30488;4065;11488;22080;30130;11927;16489;3812;11088;17255;25664;29380;11965;21559;26568;12429;23940;19387;16620;1095;27163;7905;11260;10203;6748;24940;32183;11475;18996;3550;23465;9058;1695;1180;20151;12964;21716;1613;25592;1574;31164;11651;20422;13481;21929;11165;18197;1059;10309;19692;772;12039;20681;2068;8882;3782;24175;7349;24403;
20374;1321;1355;18051;4466;19091;16467;28377;6754;32550;13488;23232;32252;22447;13644;32130;24107;15104;26626;5798;10543;6118;5052;22396;30949;22363;6616;1782;30537;16124;7889;6073;27705;22461;9755;25716;22652;11483;9550;1649;16898;30482;21127;31338;5485;2065;12811;1949;16593;2603;10030;7458;27576;26703;3188;6525;28778;29242;5877;12400;31339;4331;2310;25363;28228;8023;30741;15910;32390;15199;10709;21157;4621;8959;19612;7325;24450;29128;3849;19519;25123;21136;23273;9522;3015;31080;14171;26670;22556;31182;5683;31431;9524;19748;4253;16774;30016;7521;22275;24638;
32155;10247;22576;21661;9994;19797;25525;7938;25410;8125;19339;28046;31658;1944;18683;32126;15715;20249;10427;9912;9862;10879;602;17827;30892;4239;32477;30524;21684;30530;29355;23399;17344;18619;20134;20866;20865;9339;11419;25408;7093;16600;31452;20917;31469;171;2859;30893;10388;4426;2266;31810;1581;9398;6705;29870;27100;7189;12560;3165;5160;13922;20181;17479;13055;5987;16256;21116;5626;15067;4118;20224;30691;10242;17475;8922;373;31026;3906;28008;26978;3043;5122;21493;21915;27865;28801;28557;25035;21660;6268;19728;28452;18473;17227;13190;8543;12775;28935;9394;
11518;1756;19181;19434;23253;19489;25351;20262;25800;4243;5897;13910;4054;11980;6777;23801;10071;27474;27666;8683;15745;17165;14955;18814;21809;32255;31700;17869;22761;23087;15744;22861;788;25318;28138;18341;7058;18462;9841;2240;11888;19000;14405;12832;8183;3565;135;2677;16873;27783;18348;31598;19975;5201;12323;21967;27094;3404;30775;7108;6051;30243;4918;17780;14533;3425;24019;13274;1314;23266;29129;17872;7157;3463;23745;17261;4558;24878;15990;5009;8154;8418;4631;28606;22628;6478;9965;2602;1180;3960;3133;23058;3991;4012;29808;592;8856;10421;21361;1584;
22158;26452;15447;16512;7901;9706;16964;20710;20833;1144;24716;29559;28592;7369;11802;30340;5536;18158;24592;17079;12554;491;24494;10591;26317;21680;30581;27913;18709;15179;23436;14416;17117;29787;4450;30454;23730;17096;31381;17715;16058;30641;1811;26956;5110;22694;21119;2920;12996;13848;12502;8096;11944;17933;28242;13909;14155;5912;18062;9926;26820;12169;22252;18401;28951;11489;4148;11098;12027;30601;27517;3835;11745;24259;26193;30779;9009;12512;2572;11793;20695;9140;645;1290;28926;8519;2032;12698;3867;19661;8195;5295;29230;21464;31320;13964;31813;24525;27667;25557;
9025;15252;20164;8422;26332;404;18063;26473;26603;26079;13194;25128;1249;28841;21094;6943;8085;15615;20562;20438;28741;4022;22044;24558;2522;23201;20121;2553;29549;7;27720;27279;31499;27219;12850;29086;9653;19470;1044;16897;24747;7179;448;12116;22507;8673;12737;19975;5620;9886;16190;18866;20687;7610;20257;30120;2128;23114;12407;19407;22938;9334;27674;19887;11233;17197;30606;31688;6772;19992;3882;22313;16378;23500;31608;8510;18171;24643;17886;19946;25507;20365;8317;23509;6851;22723;1369;1800;31257;19773;20666;2487;9681;2052;23251;24413;24395;27018;21666;15887;
26911;15257;27671;14857;27743;4490;31608;18318;17180;30903;18436;3823;19499;3379;5079;18153;11304;18104;1805;2355;8124;4576;13354;21848;17180;2456;15290;13763;29394;25810;21300;15128;10688;27771;13092;16843;98;3501;12425;13803;12627;23589;1404;18750;18195;6391;3347;20371;22279;4480;30341;13652;28097;27293;13199;17499;4226;11290;9750;11014;30717;8302;20749;31118;26718;23717;4249;2452;19083;1181;7539;1021;27306;8053;24463;30976;32739;4163;21499;15997;24935;1797;2569;2193;3249;32219;31664;28775;24844;5747;17712;23889;13397;27588;32757;1047;9474;11263;17598;28815;
19811;3778;6398;19821;15400;31631;19330;24157;22052;29822;1109;24655;1360;6446;3041;17426;22803;22017;3414;30501;31680;5001;22608;11978;8545;31293;26036;26971;21427;7793;9178;6625;16241;10373;19954;12771;26325;19804;21152;32124;23901;11023;3562;1456;28875;24035;23124;27904;25455;24953;15689;31292;7080;4677;12989;17817;27817;25409;23569;15364;23673;7139;5687;27829;2877;12876;15126;21766;8122;5570;4656;7814;23830;32096;13442;841;17886;3852;26539;19587;28750;29354;13393;8021;28620;9615;15297;3047;30645;8761;4309;4791;7004;12349;6171;5169;20304;28800;13107;24191;
4062;31146;15225;19874;20695;6360;4069;12738;6804;2706;14895;28610;30774;16380;28470;4120;6962;1104;28322;12252;22542;5771;1480;2078;24677;2919;14799;32637;24113;2954;23825;31221;21578;16893;5060;23289;26665;3807;3034;28098;30962;21083;27685;10214;10162;25559;16063;31276;13540;2414;23209;9119;22331;929;4274;15073;28571;329;8091;25026;15976;4048;13176;22289;32260;23457;29785;23219;1683;21725;26666;6129;24322;3152;11224;2582;24391;23715;18358;3898;18410;13267;8990;7513;29380;4322;23387;19880;263;2508;454;12840;10878;28092;1328;10619;4630;22400;19072;9463;
17310;17466;14493;5369;16075;601;15247;28539;13183;3272;737;1257;21322;9829;32585;5937;23602;18869;25483;26394;16559;16598;11418;11222;4346;31157;29952;10458;2439;27265;6017;21997;27344;6751;25851;19839;32341;8799;29073;30013;27873;15022;15624;5346;18958;10254;14961;20304;30987;7556;31497;12767;20125;26192;93;19957;5220;27682;31154;4311;20832;28043;28835;19902;31668;30898;10508;11822;30633;32328;14375;31875;2037;4286;5877;31949;4926;9141;13280;18397;25306;24502;18334;23712;16089;24099;29016;23468;2885;24941;24076;8473;19112;23944;32560;12434;10703;25756;5272;10155;
30926;19454;3481;10869;13636;7518;1391;32337;2528;10306;24284;18177;26404;18355;17170;6661;6505;12341;2003;23588;36;23037;16599;7497;19047;23391;110;26256;23723;18310;2918;11937;17356;25959;1071;26685;22869;21239;20797;24342;31998;26780;17070;22244;1907;28898;15149;8373;23127;2160;24598;6788;12681;14906;5338;19726;6566;11256;17830;7137;12239;28374;17727;15286;3756;18541;16945;25344;3248;2034;5928;26821;12191;15277;31390;17837;31054;23213;20918;11097;29099;14011;10856;9717;4604;19084;8415;31761;30060;14395;13343;16556;29379;3062;19947;19346;885;5879;486;3049;
7134;30389;18424;26886;22732;7260;13811;9605;9790;26747;31863;30872;17259;12029;11027;20895;18438;14171;32684;31225;3777;3344;17699;2330;10512;13388;1330;24286;16431;5868;4503;6173;1894;15786;10357;12672;9100;10641;14327;19603;11210;25013;1334;19227;10145;2336;14941;13481;11822;4367;8203;6767;2733;23391;1528;27987;2621;24898;7900;31298;22242;12854;21388;199;976;24376;20838;6108;12007;9780;22512;21760;23418;29121;2492;27017;27220;267;17551;10812;21245;19472;17601;13595;569;30736;6119;10622;466;28734;8880;9829;19863;30396;15885;781;31141;16838;12181;30145;
3557;31022;295;7411;15062;10248;31697;7819;19341;30374;18928;20863;30970;16583;1177;9636;620;23563;12344;15812;12119;8874;27767;28656;7766;5734;23394;8215;1388;12222;968;10456;18319;11621;13028;18069;871;30706;8508;14537;32595;28121;24266;3483;5805;11162;19034;19379;3151;9272;6195;28236;26197;7661;11257;26506;14117;26396;18898;7438;30637;22407;25288;4809;22252;29122;111;14349;8884;14568;5063;2794;11694;3724;11107;1463;22174;11506;21707;2799;5352;4479;11552;17215;11860;27503;25854;8668;31246;25286;15270;794;21745;19337;13661;6459;11012;6445;4367;7044;
14917;9808;16696;27543;29350;9383;27653;9468;5974;18744;14006;19201;1345;2249;24646;2244;17114;30872;28494;14222;15640;10060;30503;8034;21950;556;14414;9686;9952;6799;8205;24354;8099;24467;27480;13687;24132;8210;28918;6802;27484;26834;22241;30608;14946;4860;14062;20228;4977;5840;30384;17735;19019;30358;22170;783;26271;21976;31845;9795;8583;4302;31921;13582;23637;26650;10223;18227;29839;5302;7806;22944;6456;22570;28692;69;1361;23810;19040;27174;17312;31615;31470;27567;24496;13965;18506;840;10265;1269;26216;3114;26113;15060;2627;4977;11747;10060;24773;882;
11664;14969;27879;6478;7027;18342;4377;22728;11032;14273;18404;29267;10992;16397;20430;20335;12110;28951;20094;14646;28342;12779;12064;19762;13143;31623;16395;13426;1494;26768;21409;20701;30029;27972;26743;21702;8340;19376;7351;30912;25791;6179;28866;17331;21735;25058;7449;6447;24366;21533;32637;513;17149;25378;25429;25348;15504;22993;10577;5690;2485;23376;4685;6683;11216;11520;12664;19245;2851;23727;18869;23509;24396;5903;6721;32365;271;16998;24214;30102;2390;12680;1424;32464;24950;771;25551;19272;10420;153;25948;31472;4872;4851;655;19925;9505;7571;31792;32686;
29096;22283;8924;432;15305;29036;11690;1706;8944;9986;25615;5453;15312;32574;7935;5323;15018;24564;25941;1957;4812;16071;10101;26813;12120;1761;24112;24243;10566;1767;4328;14702;7852;31531;1780;28153;3901;2084;10309;1169;25104;14620;20810;11516;30884;22313;7698;27932;29472;11358;28849;7619;2527;1858;14052;10697;8235;4737;13048;17244;29769;21730;19431;920;4279;28025;10437;10327;25265;24606;7002;25675;6649;1566;7697;30026;13784;30512;26897;29928;25440;32426;25257;5963;4341;28916;28401;19515;23308;30013;25262;30329;13873;5998;7543;11602;31311;13916;3862;15475;
13100;8770;11313;22015;23091;32622;5674;10975;23926;16698;31299;23898;6131;20798;27654;485;7958;14020;16100;8764;2432;21116;8988;30385;4871;626;2526;18884;16894;16956;5296;14837;29110;7032;5138;19926;26180;31350;22877;3684;19845;15153;24561;7063;20832;644;4495;28472;8011;14234;10756;16883;2321;12711;32264;18093;8914;28117;10597;12312;587;24962;26716;13444;855;15528;8260;1016;13750;12444;23412;25729;22542;3836;15459;26826;1071;21730;11278;29933;28827;30302;18330;1417;27462;32292;20795;27925;29082;21889;10324;31603;2494;18580;3296;17352;16664;6842;12816;29836;
29713;16202;25653;30173;17176;2691;17889;16921;22761;28354;26697;11435;26127;6648;17134;2853;30119;1884;20093;29840;32616;22877;18163;2815;23264;4059;22788;875;30720;28310;16062;24506;219;10215;3946;3873;18603;8110;18099;26796;11285;23179;18186;13339;18094;27985;23368;13552;8637;183;31637;27590;16451;15697;22921;484;11320;13247;30610;4882;26904;5413;20374;18860;28574;20443;19673;244;5839;25701;7456;25004;3643;1701;7447;11493;19840;24399;25584;10514;7439;414;12877;25952;7219;26949;18528;18250;26703;5289;26448;5735;18791;3917;479;31367;2017;141;24651;8191;
20365;4752;15217;30273;17380;17784;4920;15536;10637;731;17453;20914;18726;1399;8299;30726;28480;26913;4030;1624;11691;30463;31496;13586;16885;503;1763;32374;17709;26471;24967;17642;2284;2071;10223;13202;17815;19820;9783;3364;32222;3806;30537;23800;15240;27563;18360;15967;2419;27853;16364;11830;20182;810;22912;6843;28618;13836;9192;9631;22281;5584;15447;19548;19701;18146;31967;27336;16348;14569;9947;19434;24954;24126;3210;15629;15807;30627;32252;22292;11987;18482;32050;29197;21080;17811;32129;30473;25583;6258;12855;1066;8445;304;12417;5885;6575;29913;26764;12554;
4923;1623;14827;10922;24425;28645;10041;10265;19795;20678;27903;25804;5992;29494;32727;18693;29367;11937;13778;32164;9067;14867;7960;29248;14993;752;20942;2422;24866;23525;11581;24449;21565;6174;22576;24331;30388;26297;32413;6211;7114;635;4744;3632;28475;2498;5157;28229;7805;4795;9533;26165;10054;20437;27602;3081;28494;22646;2054;3183;2390;27116;8505;4949;19305;13478;20082;8886;6754;2468;24064;19380;3758;31788;16481;32232;22099;19391;6754;24822;30769;10827;17032;27748;23688;12962;11695;12716;16059;9003;3825;3215;27732;12503;11977;11693;30023;1623;15736;13139;
12667;17293;9384;17556;16262;4416;7248;25243;24761;7443;1751;25663;22108;4536;22652;20440;9274;24417;3573;1873;23649;26743;30294;31359;22563;26255;21557;21425;608;7066;6668;21129;5896;9051;17886;18698;31707;31007;8222;28401;5747;1448;25036;32585;17285;18794;1505;21562;21348;30458;18925;29986;12230;4547;8703;19175;3787;25851;9157;28299;22331;26325;11508;17920;6671;23544;18666;25406;17716;20273;6547;22932;29579;12644;18313;32059;32308;13769;15743;16689;13068;15956;13023;10052;21620;27765;18866;30317;18005;10754;17345;11104;3169;15986;4857;22369;32155;17483;18708;24921;
20761;4829;10870;23849;26632;28721;26709;27966;30962;7997;17949;25190;60;7769;11795;3554;6643;10743;31032;31164;10440;22414;28272;31579;28248;23767;15587;21588;30897;22332;30116;21891;2322;10126;18577;14427;22515;13814;2170;8826;23109;12846;14981;1920;27643;9200;13520;23842;969;24495;4185;21882;21548;13190;29211;5025;32170;24686;28538;3712;13915;13235;4577;5603;2728;21673;15786;11727;6995;6811;62;13334;31928;32516;2429;1064;6994;1;21600;3372;18816;1799;17116;3664;23177;10193;12554;27997;28382;19357;17286;23438;21920;7320;29973;15522;10082;17815;10122;1072;
32304;23047;15338;32059;28368;31271;30158;12294;10055;1909;11785;23081;22176;32101;6283;11493;16872;16985;8581;17845;10877;1230;9678;5413;27017;30931;2694;10215;25801;2496;30713;1572;16531;21540;15301;7440;29463;31743;5696;26305;7397;13106;30484;17473;19119;1075;27948;15842;1104;13573;19924;7633;19726;22120;22299;6382;31004;21325;20860;31195;31843;5260;29886;595;5763;3289;5145;30398;20;16629;21914;2050;32049;8225;30921;3995;31031;16600;28808;20974;4042;21949;21566;15066;10009;28371;27701;18577;32611;23276;23873;6310;23483;15716;14243;19303;10248;11278;27948;12652;
16463;26991;29350;30576;15669;3882;4207;17504;27071;15548;9831;32178;18013;7785;26380;9720;15655;24694;19940;2485;27494;25241;21788;11887;9302;16302;11886;14341;4394;32171;840;14403;4689;31190;42;7348;17912;25910;12111;11959;22480;25927;26257;22997;32273;11506;19591;11346;18367;8635;14576;17922;8236;24893;29780;10590;11198;15059;6888;8919;25074;29081;9907;14955;2209;23187;25839;25461;29826;11051;23218;24265;13041;3041;23757;768;238;17214;24308;24337;13161;3337;15904;27426;29885;29118;2610;15261;31610;12860;4825;27269;7783;7102;15285;11019;27079;22540;23485;15196;
6620;3571;11230;10430;7850;26098;2276;6619;3325;18230;3230;4956;8365;24777;16957;27322;13345;21254;31230;23377;20754;3408;9;29111;16017;13315;15000;16715;12364;8875;29531;6161;31501;24180;20508;9405;29315;3298;16031;17165;21573;17090;22476;25180;25620;16225;32271;14965;7520;26619;15104;17061;7694;6006;8255;7956;11897;5712;12194;30804;2743;20183;3731;28987;20765;4504;2227;12014;14853;32281;9668;10047;31950;25547;22213;10553;1573;12090;32350;21496;25475;14215;22655;28607;2039;24;1349;23876;20006;17038;15133;3918;23440;21751;25643;17026;18709;16453;10989;26490;
13495;6912;14875;29464;8353;31799;13266;2330;17257;6844;9202;13550;11666;27793;29125;9415;26709;23197;5345;6896;29088;23715;4431;2401;14688;4469;32492;2960;1020;10085;8208;12937;22049;10493;19310;22337;19909;496;11579;26407;3174;20559;9107;24317;5779;22016;14872;26598;19630;7789;2268;19136;24816;11385;31361;11699;28333;17592;15774;20490;5850;10207;25957;14402;17868;20857;32131;2145;1602;3804;5448;27786;1446;604;1544;22477;11664;26302;30913;835;30348;9968;28413;25435;22557;7671;21242;1903;31234;4904;21257;6043;2743;18075;3124;25806;24383;8669;18467;16161;
16417;24805;21057;1640;1969;18249;10266;10503;30096;13746;2311;1288;23414;13198;10510;24426;1839;16644;2820;26043;3556;1325;17908;28137;23708;11393;14789;26709;12802;2959;30486;14377;25961;23026;24173;26092;7949;6528;14993;24659;26012;32196;23092;16218;9461;26543;27861;15764;4655;18826;9957;23487;4317;1839;28969;25244;32144;9849;10079;14078;414;25593;10788;13344;21538;32746;18453;59;3140;22375;16949;3928;26811;7644;28559;18531;12432;19131;17436;130;4388;3952;16102;16549;7540;27030;878;2397;21148;9579;8779;2289;17818;25729;21781;30639;24149;31927;12673;3712;
17374;17256;6093;19391;24053;6370;24671;31307;4047;18458;3241;11995;4118;3742;32591;12178;562;24778;32652;31188;13511;15935;3026;23127;10622;10897;16304;19325;18953;7744;20729;3553;28257;1002;26659;12079;6226;5566;22509;29498;2106;12084;30788;21320;3854;26363;10344;1968;16797;1331;15435;20392;28953;10717;22842;27480;3283;14224;1470;31795;20806;22125;28869;16262;26711;9045;13309;22353;24283;24409;5505;5463;4954;13169;3255;31857;530;23665;3704;27687;4671;21306;25714;10881;18586;17709;5067;16411;800;28902;5895;23160;8724;15142;28460;10392;16967;4112;20516;26061;
27799;25753;27746;1738;24246;27706;9161;15613;20781;22247;6601;17439;24224;11077;30411;11785;28755;4376;22735;8393;21485;8186;14163;15093;24188;1619;15991;4671;16570;7301;25952;74;28815;14439;17370;12732;19414;21749;27457;11157;22628;25158;18081;15039;17734;20926;17948;485;4427;12932;22924;6537;31427;29238;32362;30289;7301;5596;25839;2466;23607;32539;28792;20592;3529;4524;5935;17493;28739;19724;25832;25312;26561;11892;9545;16175;6331;28427;31022;20928;18570;29275;23371;31364;10024;30977;22548;26933;26168;27561;31961;24554;16710;21050;16950;1001;23375;19278;30122;12476;
5508;6117;26246;391;17227;3930;23049;1176;24455;3990;2761;19776;10009;15747;14164;22497;15527;10691;1048;29769;14747;11683;13440;10814;20591;5194;32608;19546;25641;25655;659;11546;14625;23786;6627;10801;8970;31968;7464;546;21552;9157;18868;10253;12799;9446;23279;2505;21189;24037;5695;31796;2233;9648;20011;16839;7739;10163;8383;24430;10077;32589;30002;13206;3235;10113;31942;903;13063;4847;15088;29428;25920;2;22713;6608;25156;23914;18276;11364;13580;21197;30289;27039;14743;16825;8225;17325;29489;21214;29467;30411;6133;25466;6350;601;30097;26388;24824;14384;
4937;4461;5031;22071;13631;23732;11934;24113;9457;16377;4602;8153;25347;10724;24598;10545;9791;5031;5291;4375;19418;16433;5948;20505;7416;31652;19633;7050;3443;28426;27714;30421;22488;23620;7062;28434;6835;22082;5676;13527;23309;18810;25595;2129;4146;26770;25429;11155;7352;20832;10769;20269;22716;32277;489;11521;4463;22197;1057;17746;8658;30411;6250;29214;2237;31578;23301;17582;8230;27926;11819;24939;22944;6868;31405;19955;9250;30784;25560;25964;24330;21710;29339;26393;32353;32499;31724;21290;17505;10132;18023;2521;13364;6591;13112;24754;8703;6809;28220;8754;
1055;1431;26979;11156;27059;30961;10073;7400;14938;9812;6501;20325;9022;7128;5265;1536;21841;6449;8715;3134;30934;17705;11979;14150;31268;22350;24182;32058;5030;2535;1410;5831;14631;26669;3740;24315;18508;19640;20294;25943;8802;9272;4037;26150;4954;18533;19002;7437;10770;1849;25871;9698;26071;10844;27796;24513;23847;4832;4074;1629;16827;15662;25889;30101;26053;16704;14493;19272;9846;8977;27582;23401;24515;1874;9920;10838;19817;8287;25055;24933;32046;26481;2495;29120;13930;30229;17164;22900;31431;5085;4445;16068;1093;19541;25951;21955;25729;8504;22063;17442;
10550;11492;2567;30534;10756;18700;4637;8349;25456;3501;15816;19507;813;15427;10469;17792;2458;27452;2425;16005;9355;1453;152;27927;10060;29508;29317;4730;17379;31870;10778;8497;27030;16153;19306;29973;27821;18125;22950;20901;23417;7735;21565;6813;9365;27670;12103;31434;29292;28857;11044;27932;24571;30648;20320;23549;27353;4579;3290;19169;18036;11128;19238;15902;29853;21145;25903;21759;18247;16892;22817;18963;12171;997;12166;19915;32240;16721;23983;28484;30698;4468;10069;1890;26272;23910;17280;23070;754;11290;18600;25121;25275;27279;9242;31377;19283;1098;8350;23339;
3417;24579;16471;6802;19887;5279;28138;10982;24517;27230;18659;1177;5403;31830;4436;29566;9729;3616;30398;14883;6050;27089;20021;32609;17216;23083;29632;14897;25281;5397;23295;4033;18027;10825;4880;22472;6124;19021;16818;15126;20125;31140;22955;8303;14599;1093;4200;23449;16295;17740;22244;21172;17646;5872;22987;3530;18060;32437;19678;25767;9198;27106;1433;16107;11781;3638;10515;6749;25674;17111;28967;19330;767;25995;19665;11375;18103;8234;24538;11739;2328;8788;9656;32376;6880;9055;15280;15492;32550;16531;5693;26010;27619;2970;9653;30927;13232;23858;11818;32506;
31953;16421;22158;27987;26995;2171;13083;5696;5426;27374;20210;7275;3038;10398;30979;7192;7551;8966;22572;32438;13206;27695;2725;11443;2982;10019;21659;4501;31475;19621;8731;9799;8074;10271;24626;30128;8833;8412;29011;20362;28544;9079;16632;7538;1409;16276;14988;3643;17619;19917;10121;2952;24165;12784;14558;11674;18497;3431;16275;8550;23383;30199;22703;13547;32380;1198;4186;32194;690;20758;16447;19959;5290;11439;11572;27415;26503;12956;10269;15242;31973;32669;13837;24099;11802;9789;943;24566;23227;13133;10213;1130;24675;22160;31150;21391;16303;952;32077;25265;
4749;8081;11432;2861;14263;3453;7918;899;22394;12576;21372;3757;9660;14428;9218;13743;1341;16768;8673;16240;28701;12732;25304;23240;18847;20441;224;11994;32044;30502;20820;17828;3739;30390;5973;1236;32687;28872;13677;10461;12001;20103;8818;30283;4960;7156;9646;5459;31319;24608;7740;19375;10606;17822;22965;2217;2707;10040;15885;30581;17658;21729;19127;3011;26466;9451;13584;15509;1947;9594;9210;24910;31557;569;20167;25868;3546;29259;858;17464;22511;17029;22408;2140;7094;20442;2500;13876;19144;1558;21756;25095;6433;14032;15294;24119;16748;23705;3743;14360;
24194;7802;12765;30462;32301;10142;26179;20890;20785;10059;6477;19846;7309;3351;141;32030;20478;21848;1101;20370;26053;31196;15734;10041;28586;23258;2737;10792;30017;13353;203;260;1900;29360;14942;30740;11553;32286;19118;13978;3437;19163;22481;100;31417;18494;8211;13726;17229;32512;28312;1258;27410;29680;17219;947;12956;8937;12759;8381;3943;9729;15452;9473;31073;23812;11461;14009;12713;10529;12751;4791;26263;4322;17196;28666;22780;24674;4321;16771;26283;6586;493;19045;7736;18876;1579;14364;16383;5348;16249;14111;20584;4235;17946;13753;8042;15454;3161;18708;
26958;12303;9583;26775;29878;20810;29607;29553;20957;9707;448;13430;7968;5742;2963;22571;30398;13478;31222;2332;27100;23218;21983;9846;11468;13870;30413;18641;22670;5030;28771;2382;26007;32336;854;16098;17362;2042;5514;9713;13285;19777;30072;9759;17845;2564;27859;10851;8236;21016;26219;16221;30266;16957;11089;27625;19737;15697;31548;30708;30678;2500;1067;5518;27661;25420;32076;8257;21492;21722;26909;26273;410;28364;17105;12837;10097;11620;6901;309;31243;9081;26451;10116;7969;15724;2583;18592;3545;12382;21552;24776;17480;27040;1785;20477;30262;4715;6425;7003;
6434;31698;17064;22698;29062;1780;5267;30769;1373;23926;8001;24778;6113;3633;27766;4668;4761;25127;20600;16836;32659;32188;22129;9461;30959;8739;19477;24259;12701;8982;12420;17114;31590;25802;2674;25396;28209;30242;27013;7146;5247;6947;5886;4426;16697;23464;14748;21547;29355;27222;28861;8317;26320;30675;10951;27172;17616;17971;15046;11271;32711;4275;29015;11619;22216;7082;15556;12646;5666;188;5232;17657;32225;2897;13174;7901;29080;14661;26253;17913;21854;13282;28975;29170;15383;21771;19962;23037;19189;3257;20054;26097;30270;15020;23896;30113;31567;20570;27110;12904;
15329;20268;15388;7941;24203;30441;14831;22953;22664;14450;24336;17487;17595;16561;27667;1868;11248;12236;4305;8743;8805;20638;5643;32426;24201;25703;19024;14905;11523;22210;13856;6499;26102;28120;23377;22967;18307;19156;946;21977;22928;20119;25327;12245;16072;13996;4020;30130;5859;1662;6165;29771;22056;4296;13614;11354;13872;13646;25094;7638;9196;9931;22970;23935;20202;19754;16599;10423;15827;6136;32263;27539;3129;21786;1520;27954;13711;24507;7769;5709;4473;15241;23694;1552;25927;28705;25350;26920;11963;14535;8772;18206;3091;23643;8443;14819;25923;16776;3957;17324;
14979;4927;10805;14079;15369;2404;12252;25870;3864;10695;28233;1605;25657;5461;11012;4383;17097;13712;27357;29501;11699;24124;23760;24761;1407;14171;27692;11704;19340;860;15861;26174;10905;5520;7558;6215;26762;3293;7290;1043;9577;9910;27085;9921;2988;15946;9279;21279;21942;19452;11257;19649;19616;30996;14195;6480;9272;7092;12181;31781;22602;12045;5917;20502;28447;7122;320;13200;17732;25837;23444;15079;18060;3186;3885;7401;14424;17617;15622;3513;30998;16975;6563;15323;22792;16567;11253;9099;28743;4428;29566;11347;5639;17667;14774;17628;23836;18159;4780;28933;
14782;31485;20720;32306;13449;13537;28849;20966;20167;6992;15907;1685;31730;19312;15139;19123;21621;20621;2078;13841;26035;17421;21551;2409;17226;10662;6279;3128;15769;23502;8978;31947;24960;7283;13400;18077;9574;7661;13473;29408;26497;6193;17500;1882;8529;15943;11201;18290;29806;10238;28086;2955;29828;990;495;8848;21148;9566;31322;29136;19869;17239;6074;18189;3090;31417;4497;4303;17197;27005;5444;28926;20236;30170;16506;23984;8252;5564;6853;17472;8828;10866;21124;25248;195;17574;16648;19184;27268;25747;31221;17743;15920;2674;27115;1009;15613;11061;18534;23921;
11238;23928;24803;361;1522;21173;30533;23361;9146;28855;19318;5956;31781;8017;81;32249;25207;7759;27072;6576;25994;30637;1569;23131;13402;25095;9967;11167;11208;10065;3230;12587;29079;25544;31174;7497;16571;12584;388;21938;19155;4640;5406;23207;21236;12803;5349;9277;26024;19648;26720;27129;21046;21268;24998;2204;18724;7934;28684;31296;17403;19572;26112;5284;6730;2644;22069;453;26605;30621;19457;9902;10383;24799;25347;27792;11374;29168;520;8213;19038;12257;15663;23282;29457;20272;9036;11196;2453;14911;31371;28668;9502;23557;12374;5253;8198;772;120;12293;
6162;28795;6018;11227;17399;26588;13421;28456;16925;21120;3458;16425;17570;19354;31863;20420;16034;10346;13787;9056;30390;20659;4020;20730;8890;31598;7014;16757;28884;9152;5846;27954;8625;18986;30928;18145;6162;22016;7334;18583;392;11036;20762;22304;31867;18387;20094;28566;24433;32552;22554;21298;1421;9024;3278;9571;17494;13334;11001;12317;28347;26224;19353;17012;2387;5906;22707;23913;5097;32305;17141;8964;3127;14122;15002;15267;3570;28788;28558;9617;13319;22483;7378;8922;7973;5839;25379;14686;17787;29541;14038;31013;28611;26876;25863;31986;1919;19867;29682;22811;
6786;22360;25249;27799;14259;5652;3016;18521;2318;13669;12269;8412;20203;6868;27339;32256;8323;13385;6137;7444;5552;2755;27335;14644;15860;27980;15721;11733;2237;18477;23383;10142;743;31838;19187;22394;3459;19264;23148;23531;29143;10894;29667;21665;30373;5265;31949;21579;23217;10388;17561;9389;22653;12184;18066;4338;5975;22857;17158;10820;11669;17712;29608;15003;6176;11305;24371;22994;19247;15896;4176;22784;16469;2008;13242;30725;9662;30068;24992;6499;4790;17562;5707;26704;25962;31564;7680;9481;11763;14041;30760;2920;19088;26380;30126;1977;6451;18851;5801;11722;
25152;14850;27451;9793;24721;10537;31672;1586;2749;20964;31755;17649;410;32065;20054;17445;18432;27463;6361;7710;10192;13285;29461;11881;26677;13353;28209;2209;14634;23475;31900;20871;30781;28264;31988;11861;12946;3691;27687;15952;2090;8777;728;21149;21605;27507;16900;22613;16326;24818;13029;10460;7927;8790;24086;13422;17165;5871;15865;15098;7948;3392;12374;1844;26286;28337;11076;24550;2656;23428;14669;9094;13454;17162;205;16910;11296;19479;23195;2312;16453;8627;15339;30184;8559;30738;30579;671;19359;24007;6605;8301;26082;11572;25885;21751;15131;12869;12275;11673;
12292;22622;11123;31997;23152;29841;21683;5869;7635;21;5476;32357;28931;22259;22453;14829;12608;20227;4468;16933;9843;15127;2678;16034;7347;11894;25146;1272;14093;5260;6345;3608;24453;28895;7904;21981;30808;23365;12625;22753;12932;3157;935;9365;11658;3611;32265;11665;17523;25872;4705;24616;11281;17736;27837;8000;18055;10222;757;9568;20492;21742;18318;31755;18667;13553;990;32077;16590;32654;7537;5011;26429;6590;19116;11200;1378;14481;31408;3452;17679;7200;29825;3535;26882;30403;29032;20464;23143;21636;13973;2135;12190;5843;29193;30233;4159;22651;24243;1653;
6747;19924;29657;22186;11525;30010;9146;2060;15377;11199;28018;6743;4380;31261;17949;16451;7629;11759;7487;25177;17241;4896;100;17412;13133;24995;8707;32491;19848;13156;18344;18558;8070;5759;25426;13775;26853;4017;23578;29092;18721;8459;18966;6346;31395;10478;10621;12460;16122;11571;18700;27684;24680;26282;30632;12944;27808;8390;13636;7465;3278;16790;27397;24208;7896;3575;28324;18602;29667;32265;21781;25774;22554;13791;22630;20860;18346;30331;21737;23601;29969;6905;8597;1784;1177;30218;18346;29219;8479;9124;23956;23418;19993;8952;2322;10194;6872;19621;27799;10978;
6922;31019;1009;8531;18562;27554;13352;4374;12860;21676;4777;1018;7323;424;10147;20606;30454;3112;12210;25827;19027;7589;8379;18566;1394;7026;30231;18285;18958;20207;2035;31776;8031;24063;29174;11194;11747;10172;19749;10303;26718;22889;16644;11568;17952;20391;12286;27229;29318;6124;775;12539;5571;9778;22656;30454;6880;4844;6747;9353;5890;30014;16255;24587;13804;11629;15470;19468;20420;13205;26405;27552;3098;16026;21060;8443;13862;22368;25454;31294;9809;11327;10483;16529;25848;14513;12972;32114;27244;5454;29223;27212;8253;1019;26116;32332;1976;3166;5279;3696;
10670;15509;6640;13281;13175;25127;19631;27778;25911;20282;16059;10697;13664;7;7356;16846;19832;13452;12551;30369;17437;21120;3523;2017;14406;9100;8778;650;12747;17336;16338;17167;27432;21540;20813;23977;26750;17912;19086;24814;32730;20893;4780;9893;14010;28206;28075;9945;6349;23849;10585;300;27643;7787;4471;12398;26021;24667;28441;7278;17710;16485;5968;32272;30650;28586;19717;18848;10549;4085;31272;4966;26264;23793;1035;8827;13671;30106;16136;9691;17534;23026;17770;16314;6670;28917;13707;23324;25315;10958;6969;32672;18152;4939;2142;6044;26348;26767;8416;23663;
26534;2567;7623;23827;11767;21407;2974;21234;12400;14645;18459;14587;532;13901;770;22772;31327;26119;17990;17170;7815;22351;18801;25543;12289;29012;5191;11227;1095;31803;13478;32446;2521;8724;2993;23325;7809;31757;30254;29107;6876;32741;21547;7778;14102;24996;13288;30594;11509;15754;9201;26489;15129;7749;28811;1163;28034;13159;20561;6900;20306;19478;17439;7476;27092;27141;11823;28331;13502;164;25730;15461;23475;13460;17026;22583;32012;12126;32229;18955;17880;23396;17108;2936;3873;7192;23373;8598;24690;22123;26054;2320;31637;23945;24339;10362;21921;6083;905;15589;
8501;28620;19300;29873;19966;26153;1638;11427;8575;22243;23233;823;19729;18303;11063;13880;9512;20783;10368;32397;24025;31562;4588;24150;28825;6650;26953;5432;3912;1333;7687;12020;18542;15342;29594;24639;16580;18316;10016;9678;9718;29595;6212;22960;16039;11713;31074;13024;15285;8692;19180;25371;11967;26347;9740;18159;18917;20178;6794;23573;19663;12354;9201;29184;17137;15216;31213;18614;30477;12197;16376;4575;16377;1262;22581;2075;2722;24084;23964;4249;17745;22222;2392;6886;4141;566;1901;13058;22274;11642;32414;31161;14400;15060;20366;30512;23879;10428;20261;31679;
10209;6492;53;766;22800;28228;4190;19747;5387;19551;7215;8843;26755;7205;32397;30102;13098;23059;12121;22200;7030;19288;30029;28365;28578;27346;28455;29613;6135;8760;14346;19201;32329;9113;11041;20309;3780;30469;2693;27502;13801;4234;3425;32733;32723;610;6484;18132;15551;8042;11030;10809;20171;8662;12895;16377;1278;10787;25860;24735;10121;10830;19811;3109;6476;4420;6146;4361;12956;19097;25715;10660;14660;26236;7547;952;6601;32235;7283;26184;17907;10019;7149;27052;23688;3675;15771;30180;32347;1713;10093;31533;29829;10085;31738;6354;3059;18757;12833;9797;
18977;30824;4080;21102;24356;11807;19652;19779;30958;26409;7858;12185;23502;27174;14118;5433;25654;21070;29386;7479;21953;12899;16554;17535;7028;25572;1173;20145;23877;22148;30918;12591;3801;29659;21188;13428;23442;27482;12166;16295;5065;31364;2779;623;32600;1371;17929;28938;14684;4889;436;18073;31033;801;20226;446;27870;3637;31741;3945;2122;26601;32569;6127;28238;5208;18102;8797;22165;17941;28167;523;5347;22629;8116;17012;9626;14763;9694;1348;25474;23075;28193;1715;19145;29395;1215;15378;27977;14527;19194;16547;31754;20573;27841;1198;2568;5448;22927;29393;
27702;2616;17553;32664;23234;1330;28679;22350;14235;27644;18412;7698;7729;5332;4057;30253;8316;8033;10279;16546;21823;23018;11860;19463;7054;1734;31911;26004;14222;5652;19735;122;11388;10156;874;26485;30704;26965;25242;11429;4707;9528;12668;19354;22767;5268;4771;12718;17495;19124;4995;8343;4423;19486;14034;7996;15837;9742;32308;27848;103;6690;14102;10749;7023;12887;3802;11468;13045;20788;12853;12834;1787;4677;31702;25092;14151;3787;30281;23006;29796;23218;13594;12568;16874;19907;18749;11243;11775;27931;21677;4211;8734;2268;340;20997;12567;25122;24363;1730;
1623;27961;28066;23404;23146;1037;21570;31097;4286;7393;3729;4966;25258;22852;3894;2894;15278;321;7773;26555;11005;16087;30557;2748;3640;11689;27032;24376;22909;4853;163;28801;8352;20938;30632;8236;17848;28534;31752;28193;28894;15422;836;1774;13617;29779;14365;3169;1822;27905;17146;19541;26590;8744;29067;22988;27199;14320;428;15422;29864;17593;5004;10545;25687;30545;1806;31754;30190;28010;18543;24611;5934;20043;20522;24861;1538;32197;23064;21880;24767;31593;6108;22368;2986;16888;25214;16330;4027;15131;12118;22464;22176;6996;19500;13305;26629;14901;9885;28333;
3091;15056;8896;13223;30518;6254;17674;21148;25380;27524;13167;19387;14619;31458;20938;2693;12649;27950;32127;17119;3122;11921;11359;9318;18286;24240;29388;22530;30257;23262;13597;31678;7471;14479;2116;4311;14463;17424;1453;4114;20127;22390;5738;6227;13497;7637;31118;27500;26660;5810;2518;11571;8494;28090;1679;6359;793;31412;25523;8308;3427;32180;25942;10980;12875;27537;2624;25561;13968;24218;2524;21032;15996;32645;26961;10344;11297;31400;27630;956;13027;21868;25291;3309;17462;14334;8109;12220;14761;32583;3883;23670;24612;11039;15887;1992;18541;31933;19967;23765;
241;22898;7517;21894;7362;17816;9835;11553;11228;3013;22963;24862;2220;25668;30630;13366;7891;12485;11651;26556;3879;8275;31098;7984;21754;20359;6674;8722;20640;14587;3272;28660;23339;2562;24568;23251;18297;12182;23553;7079;29809;12178;18341;5433;21641;8738;19374;14645;3723;24439;14807;17280;7066;13759;15081;16331;1648;15188;10277;3433;12265;4403;5090;21853;15557;10673;17783;9912;4265;26473;11355;11554;31336;10361;3723;13750;30081;4590;30252;30227;9449;12156;8818;18863;27402;15219;32704;22895;17163;8942;27409;24949;16210;6733;17558;2362;20807;21990;5536;476;
15963;15096;19905;24249;26186;7392;23342;23612;16028;23184;8808;2295;10098;28732;6428;1266;32127;20822;2119;19267;3413;7869;14749;14815;19426;3378;5164;19376;30778;4107;27709;14568;2711;7211;2683;29076;5277;5937;11863;9844;30435;18160;4010;21514;4016;21792;9116;1009;18178;15186;10438;14448;7125;11050;16019;13903;5793;18120;3052;8425;17701;15751;14612;7299;9059;8426;16592;27356;5612;1491;23756;13829;22877;17910;4410;32115;2858;30094;7100;22867;12186;24910;18820;2077;22803;10395;30905;31340;21656;18424;18717;20749;32656;10178;16366;342;10953;797;25354;5049;
11964;15150;3926;12441;5395;27275;3679;28507;31592;19695;12098;7105;4944;20275;26314;25971;25496;23417;15065;11743;11982;13739;32009;26691;8963;31780;6290;16392;14032;8364;30575;31058;22423;28074;17084;16341;19723;27541;611;22506;30195;15020;24567;26082;16939;13543;4320;16282;3563;27693;11193;31823;16971;22727;27894;14004;24327;19477;11978;13634;20864;31615;6216;27856;15620;14255;18376;4451;6223;9213;31884;10567;17490;555;931;22111;51;26195;27662;18873;24212;26397;17954;5477;8216;7733;29229;20616;5923;3325;16988;16812;30946;14719;29660;858;16268;6053;17216;22251;
487;4780;8227;6555;25613;19158;17422;4063;1392;23391;12444;31481;4124;15539;22747;11465;19772;5854;31222;3558;25312;6212;26385;18925;7933;9362;19573;5657;29621;28660;11757;17940;2265;23177;9327;8973;1709;8212;7935;14603;32235;12276;10961;3713;4362;16726;1710;31266;17087;30633;1432;2806;3525;11090;1201;13998;10714;10913;30809;16949;8714;1796;21655;6279;8239;17019;21690;966;4537;29004;26176;31883;2475;9208;15094;890;998;11629;18017;14617;28074;6525;10845;10210;5978;26511;22276;29846;29567;23957;25041;26837;18192;1854;22533;3052;12017;13676;4170;15854;
7865;4584;16279;2310;15544;6997;21843;7435;16185;7522;25277;10581;12036;31044;4491;2255;13095;21092;28113;29774;18934;29524;1829;12065;4945;32520;11521;25066;4133;16963;19049;6060;31541;14671;9421;4388;7963;7665;560;25181;19849;4508;31370;3711;23509;14309;30827;5607;18613;21815;11490;10877;28487;17864;31389;32322;27476;24779;7249;24617;4821;7144;2653;6952;10422;745;25514;19342;11483;22454;24021;7831;28001;28291;144;12350;15654;6728;12357;31570;29579;15729;19453;4044;6520;21207;25217;864;26529;752;17086;20562;31240;6466;27502;5771;23747;28190;7669;29420;
22016;6282;6281;24802;4422;31871;15254;23099;4094;2389;7777;10552;817;15483;22251;8419;29331;15467;31000;12194;21697;8157;4368;13;31943;13627;7398;7165;229;24150;18808;17893;32403;21591;30358;31846;24514;26616;18022;23581;1381;4596;15366;21440;31536;26555;11636;24169;6303;18539;3243;14385;13115;22012;19471;16641;17945;3770;25099;421;12963;6905;12281;1826;32410;8964;20546;2122;13148;16726;4038;2445;16995;25869;5758;29458;4879;14491;863;19719;7589;24767;32642;5685;14231;10164;3203;26839;29958;26792;4647;25004;17285;20335;28481;32075;8736;16505;4566;24503;
6813;32001;23167;14899;24577;22408;20239;17239;13910;3202;24694;30052;1964;4943;18405;1749;19038;31596;16179;20790;7318;10731;6272;6713;14611;2848;31000;29447;10538;3230;15257;8660;22539;29538;15705;18870;27462;25165;6914;17591;1166;9432;8319;25641;20668;4611;28700;2873;2071;7054;9448;22471;17362;23916;29790;19829;19670;16757;4933;14078;18370;2907;25045;12746;25136;24799;8987;6079;25915;8772;17311;15193;20798;9988;29507;10749;26333;12995;5742;26762;16714;13953;21098;24114;26049;12819;14603;24968;27733;18900;22418;7129;9711;25752;11472;14016;25492;26081;19087;2037;
17126;22614;9773;12134;9198;7280;23690;23433;11288;28535;27941;10224;31359;24237;12417;18974;29035;31433;3534;153;14616;24486;13253;30784;24506;25661;22740;7135;15037;1745;18043;513;27985;26985;13302;27909;14374;29315;13340;4468;30324;26119;14983;5778;27711;2682;31733;1331;18905;11892;11758;6352;2216;8788;27047;9946;1321;31282;13863;4174;31285;11285;32168;29066;16772;24166;29248;1119;32111;31397;9664;26727;4090;22619;22749;17817;785;5200;17805;32026;17938;26621;26804;23638;25740;5444;3840;1616;6727;14943;10513;1846;26756;8727;10974;17977;4229;25654;31316;18844;
5968;27198;12608;266;14001;11355;13934;2604;24446;14999;29202;9083;12574;26189;8552;16723;2636;8160;3480;31049;5913;23724;10716;14271;48;6461;23780;29622;8030;19391;31098;21731;23890;23222;10850;4;7329;27632;21892;32116;22029;8119;14925;28157;18950;3147;20306;494;27505;3471;9014;26222;26537;15618;17614;7440;28611;9713;30340;29096;10007;2539;12537;604;23291;18806;14575;3582;26578;17664;19557;31897;28486;18968;11011;22089;17361;24798;32185;7248;11650;3512;24996;14439;27646;23367;6705;30290;6597;16538;11908;15287;21686;14241;30235;29232;20438;6116;22702;22431;
12877;2420;17754;10434;26545;9250;9471;23047;17799;3824;19431;21153;10759;13253;11944;24027;30752;23397;24139;18092;5308;17823;4013;20876;18757;4553;12838;2183;12136;2921;22889;3472;2585;12085;32427;26391;12247;31806;23816;31454;27185;25960;27938;11016;28297;30493;17419;18803;21528;1346;22885;21831;11058;30058;30919;14031;6603;31050;25187;28040;8507;19822;24294;25720;28990;20522;19104;24769;27711;1234;23525;15990;16598;22317;10419;28589;15503;13096;12180;29142;15341;17608;26566;11595;23470;29794;7322;29480;20305;29454;6170;3420;214;27481;24814;5376;24005;10810;3969;744;
30065;21576;32351;11896;19582;31529;23010;11961;2465;10062;21261;20908;24487;10717;31160;7647;22713;19183;493;4669;26334;10236;30867;6186;24001;22163;11081;23504;14773;8015;18325;32435;22518;25862;30014;22668;1073;3139;28662;14932;32583;30455;25660;26527;25423;26731;4993;14891;2266;25977;906;9145;20858;25852;15637;539;31621;25733;23999;31119;25366;13648;293;18763;21589;5494;17738;20057;21240;26979;28217;10405;31498;10635;27883;13909;24299;22617;19818;22872;1689;5224;20535;15170;29741;6902;13033;855;20905;20118;27672;13029;11248;5668;24185;7128;24342;10238;18250;9608;
6106;5489;27633;21461;3697;10866;19168;17526;24198;30095;21435;5774;8318;3109;27325;28800;10240;24274;15192;6149;2997;12845;7707;20604;23116;4021;5593;29569;8386;17160;10248;30656;9696;14166;5223;23051;32517;18708;12260;7339;25125;24565;26300;20724;22802;25878;10724;24349;14842;27000;19368;78;2353;4276;3986;7929;10289;5098;29069;4462;30176;28923;26698;25258;17425;6648;9955;7536;17996;14554;8638;19868;24018;23411;23221;11187;26332;7076;14451;9918;27428;6097;27937;16473;23974;20370;12355;28423;17320;14507;20444;31432;28408;8255;23769;2030;11637;11328;30380;17452;
4560;4394;31288;27120;14740;20465;6125;3570;13412;4151;5428;27405;28804;27331;15629;8271;20636;14383;17398;5452;20152;14304;8976;30903;20626;9020;11901;3379;4372;278;27404;14438;17177;19821;26392;2127;20852;18775;6829;8922;24627;1848;4845;21426;29477;1847;27826;11351;23961;30707;25205;27248;24425;28529;29039;6242;4919;12378;23037;7201;4599;20323;32585;10311;28589;19724;27175;17251;30072;30605;29501;22931;15568;10509;22631;3157;4108;13846;16730;13466;13351;8262;30599;19228;32707;24903;21826;10994;25454;25089;12323;25185;18213;29197;17068;1526;24854;21357;22829;14801;
27050;11899;17893;25924;20675;544;24682;17565;22595;25670;5195;19775;14285;9872;17139;6136;11727;13128;31952;17806;8640;13977;21941;4507;15270;26622;22653;1947;5340;2042;24050;3652;26130;26122;19181;15638;22165;728;31166;12338;20689;8881;21197;20079;20;25657;22658;13739;23444;12125;10851;16735;25268;4234;17276;24438;28291;21532;30724;10080;15493;30234;30269;26466;5815;14880;20124;7216;15565;32668;18218;1725;29374;9789;32298;21586;22658;5801;8188;3294;28442;17263;13377;15245;28370;13884;17984;1435;21187;32081;27785;9067;15771;3380;29655;28627;7073;27302;12603;442;
9715;12502;16247;998;11026;18388;11176;16143;16545;24392;21801;2616;17002;356;1203;5439;17058;21015;32457;16818;20334;20100;5459;32228;12710;8370;31881;22080;2264;23429;26386;12510;26768;13037;11629;26452;23254;1117;1169;13007;27641;17279;2000;7778;9099;7974;6657;29597;3757;29316;25054;21858;16269;22173;26027;31988;26156;26619;2585;19793;26213;5283;30825;12482;3883;1609;12244;29872;22290;31936;17963;6073;16912;11444;7099;15875;21637;30363;1651;16336;14202;2537;14409;1619;29222;18563;25817;10947;23735;32375;27215;2989;12367;16874;392;19598;22604;3922;14708;29601;
26828;30181;16831;6646;24176;26704;18608;25028;2913;1453;28753;9984;21905;28335;7888;7726;10820;31520;11813;21880;19150;25486;16117;19453;22174;13121;12982;4971;13947;5744;4373;12240;19726;22708;23700;10669;4257;10172;6776;1613;29222;28227;4578;6740;13691;23359;1596;27291;7916;26971;28886;3899;6650;31400;32209;19688;15706;23695;20541;22657;20545;18443;20862;30948;13535;12821;4084;31495;23593;95;28891;11333;9948;30276;14703;20213;22463;28159;13140;15681;31528;12828;28726;11830;26561;2861;28845;20759;15500;21950;12899;13047;37;13451;27000;8838;17736;13040;26917;1580;
30866;27552;32672;22612;15244;1946;18752;15883;28901;10585;16098;27593;24063;6219;907;19598;1454;16517;13647;7985;8252;23221;17777;32245;21680;20568;7115;1118;5967;12333;2416;1859;20836;18153;20113;4899;13885;12332;14237;9405;26998;29620;5548;20442;23162;721;5662;18542;31046;10776;15743;479;10352;19292;2478;22693;4200;29658;32575;31251;14335;8884;9757;32372;1573;21409;14708;26970;4343;8674;3790;1075;24057;6008;30844;18205;30623;31892;10039;17404;31763;15183;20231;18377;2354;11163;4964;9773;10711;23417;32411;25422;10333;10093;2164;12265;27231;14127;28690;27553;
14786;12964;27930;8598;7926;17164;31768;13114;12408;13437;18974;9568;31644;19344;942;17302;27273;9050;2777;3509;19333;10142;22697;9142;23923;32576;3517;9159;1433;31485;30259;11934;4775;23642;1227;1550;12533;2266;2376;31192;29709;32116;9754;5827;6505;5700;18747;19439;26750;32385;11351;31334;21497;23727;8239;8948;16456;3862;10047;9785;4956;3186;9118;19196;29101;15596;7207;32450;19583;24393;23766;1183;9572;20066;30324;1613;11011;15060;24951;15227;4887;11512;18468;7015;21947;25366;15350;19631;11748;24533;23107;18277;815;15606;9245;23905;8413;5698;3447;7387;
24091;8385;1928;16697;7047;16941;2677;9765;14833;15526;25130;28899;28254;17063;17032;25569;5971;1849;26310;4240;30544;7783;16401;23411;30874;16881;30582;1654;24125;20037;18178;13696;1618;2986;28200;8523;8574;6079;17762;27764;955;804;13595;20174;29275;30583;5069;2812;4938;31106;12135;25151;24979;7090;1521;31372;19237;13515;29042;27362;23512;28379;19218;25050;6571;17005;18812;6784;30287;12798;7814;4961;31210;22965;6164;15333;2837;10062;18489;3039;30758;20056;30880;14691;9653;19616;27947;216;1625;4845;14809;13133;16307;9709;12269;32529;8366;19312;9805;9853;
19716;6100;8488;6421;16901;28608;7387;8912;6292;21014;22;9651;10354;32290;31034;4516;28863;18968;19206;3710;27069;15805;19571;3169;9176;17764;8156;11852;22499;4380;25954;17133;19621;29736;27791;16311;13716;22703;10554;29238;28384;7093;28586;23455;15027;25930;15358;27308;25528;20737;2251;1958;26842;31396;30984;9923;5710;17190;22823;21683;12243;25049;15237;29046;4152;5601;13316;3440;25119;3049;30454;7359;22018;19477;24382;29900;31091;17463;8113;18464;5032;16965;9155;5242;11062;29451;25439;14110;6429;14621;11798;7023;19717;28688;12668;14272;9927;28649;16079;19560;
2351;25814;5082;6420;2561;20252;11033;31842;25401;16209;22302;12715;2455;8907;11571;8479;3163;13400;833;30232;8782;25903;1265;28584;2049;21031;9232;8052;4953;6439;26680;2758;8267;8926;25005;25053;15077;13492;17285;16776;10894;24320;26892;13043;17038;7035;19046;24000;7121;12277;9334;8281;7143;10566;22527;645;27984;648;17417;13882;19703;19587;8071;6835;20732;26985;5686;30145;3254;12484;11464;22374;13817;4012;12354;23456;12180;31037;13475;16003;7454;15176;26310;30346;25587;2889;13705;18735;15737;24473;5679;3513;16040;26853;26627;4694;30921;16351;15166;22377;
6013;6963;32555;5413;8194;8637;23433;16219;13746;11513;14641;31632;1996;4027;15865;15699;19575;13600;16343;31950;27908;11204;29514;15258;18292;28981;22773;19416;10554;4520;11917;3453;26434;28651;26358;5613;14129;18843;28073;30156;11759;19351;14681;4368;1891;19124;29142;15707;7037;29875;11569;6793;9338;3440;2081;22916;14947;3163;7589;25952;10199;11820;8683;8868;31755;20179;9329;14565;32271;8110;15722;6810;25939;3583;10851;16171;31593;28061;7718;17227;2828;15338;18399;25480;16482;3844;21885;1312;24190;1344;30043;16663;28201;18644;6944;9606;18914;31699;3044;8502;
11043;8287;30100;19821;7398;20762;5527;2568;30568;24029;12977;8138;18733;8365;28200;23796;20804;7914;12326;24598;28364;19146;13151;1316;10679;30982;29683;10444;14542;24275;1430;13831;10485;11284;5358;12783;2481;5582;6204;14800;17127;25820;29503;10113;30695;23780;4694;20469;7080;3977;16612;4109;6741;28642;16120;7088;15369;14891;23086;17182;9432;955;3536;8833;5646;1846;28225;28614;21691;260;25500;23210;22895;12290;30616;13080;11586;20087;15023;18866;6167;5961;1151;16046;1058;11121;4976;13027;15016;27564;20375;3875;24070;6771;13530;21964;17653;23086;10325;12954;
6924;23461;15613;15551;27271;20663;11139;7990;29510;30542;380;6996;29465;20626;19390;6560;17210;22621;16397;15588;28443;20719;10743;11140;10338;30436;7932;783;15410;12643;15858;10772;28077;4759;32168;29751;22967;15459;20170;19587;18428;32081;5380;23042;3380;14796;15210;21131;25254;30096;26648;28636;22250;4446;4885;15081;15348;4340;1150;8563;13902;32060;32224;2523;20901;14020;4837;22841;16007;19566;30003;8105;7531;10857;14225;24293;31474;13663;19531;7961;24940;9712;17112;17906;9118;14432;2235;25592;17603;1164;12711;27679;8656;4643;2790;2456;16380;32018;32252;2029;
25728;15936;1671;333;22939;27772;16233;18213;1242;2484;19241;14576;12950;12391;7063;32079;15038;13660;23727;20828;25303;4501;1728;25147;8512;10367;23502;25843;9659;15979;21556;24700;19241;13121;16013;24090;22165;21875;5845;29673;10100;24881;22732;23992;15659;32732;20891;6170;13778;23484;13498;12731;10808;7157;30737;18161;2855;23735;15198;23443;25577;30646;16086;1806;9738;12506;11535;9909;25184;6967;15389;2649;4937;19007;27132;20250;23604;9014;22574;23676;25187;25319;2724;14270;8943;11158;3554;8551;27148;12085;18527;12577;20366;18907;31530;25546;23724;8305;13779;20425;
16132;6063;16777;29598;11488;14151;18304;21181;24248;19807;13974;21661;16888;26181;11317;6668;18690;27742;25723;15557;31863;1120;30104;11588;12723;31169;23160;8921;2710;20336;4259;20988;8842;18626;19809;23776;3265;32431;3617;12875;1983;21822;2075;20132;2585;25918;15157;4942;3196;11831;11299;10292;13552;9376;2515;7077;18270;28754;16904;13411;32592;28477;18757;10742;14073;20570;6636;14150;32629;23264;11943;15209;3666;13755;31751;23738;9294;17210;11627;25131;20834;25864;10532;14044;14848;15453;8150;19436;16794;14965;11041;19599;15971;5442;16257;22624;6745;29790;30067;14329;
1411;27203;28122;16321;7543;3518;21920;21766;11808;18337;19616;18764;28606;10425;13252;32740;26158;23551;9834;4544;17772;2322;8973;25477;32598;15077;10017;25058;24243;7861;16958;22561;21363;12095;25729;5371;21560;8239;27696;20913;30998;7643;13980;3928;13207;13617;14412;24180;18435;30702;24663;17609;27614;12562;19218;13678;11697;15760;2027;20259;2574;23881;30357;21732;20942;4155;32614;5311;17821;21494;11005;12514;2745;21840;23847;32504;23798;27226;14084;29110;8710;26771;25701;16560;16887;11099;22649;17010;26877;24234;15785;11468;5746;25089;7360;12141;7451;22433;32591;7347;
30893;13308;4432;5314;7311;24937;1545;26324;8162;19483;17459;7376;27327;27220;7516;25885;18623;5334;5258;20152;1217;17307;30753;2948;29159;709;21254;11490;1506;13272;30981;3714;26736;28455;12912;25465;7202;6540;19209;6547;9315;604;2082;1770;19638;7578;18947;5559;30015;11883;23692;25193;2181;30154;15132;32756;32374;14717;19377;22124;4268;14152;21840;20434;1006;22624;13735;18222;11002;14626;6641;28125;1665;22789;16154;6957;9844;1742;32035;14887;12414;23811;8649;18860;12242;25249;24161;8900;4646;9233;19719;31026;30207;22617;20727;19020;11824;26256;22075;11785;
7837;24468;13447;15964;22085;16383;14689;2240;2688;3670;7556;15892;22404;10628;27015;5290;27182;23431;3514;4251;30464;1130;12625;9821;8806;29043;31940;27543;15933;13469;25461;18995;149;4168;12436;27061;6070;19248;23359;17100;16226;156;26094;4391;15194;16600;19727;6026;23332;5604;18669;27169;27402;16494;26326;13076;13926;16638;15741;9563;32541;369;16541;4564;3690;12968;30687;21139;17117;12929;7422;121;16291;3590;25897;9992;8455;29669;31145;27253;23097;11041;25539;21503;8270;25094;28640;14464;1673;26978;19435;27970;12249;12274;25851;16147;14754;4635;18482;24476;
17344;20954;2789;15598;14794;19198;32252;30558;16787;14229;12444;27027;29431;6308;1540;30429;15572;5915;25269;5064;6998;28935;13526;15602;888;18186;23510;20505;10183;24072;13139;31608;31337;10532;17723;14164;4191;12267;26417;32210;18951;9422;18226;13579;25829;16342;11128;32610;23202;12691;27038;26134;12629;16982;22790;4627;8450;29088;17528;1806;12896;10713;7947;5328;15072;23621;73;29394;23018;6453;11150;14859;23402;30842;9905;12550;9099;26143;9190;7735;1986;10072;17123;5263;14607;11189;27970;28238;9088;32411;21031;27161;26358;27893;17698;7756;19755;13095;1111;13969;
24820;18243;10716;12210;2756;4992;19554;1451;22130;13544;4888;2052;17980;4688;16588;18525;22283;24461;31315;22347;6649;24805;19500;17250;1808;708;13152;3731;27988;6576;11692;3513;9220;24191;5346;26222;24862;31432;18829;7971;22817;14743;28884;30064;3094;12389;18849;28328;25553;29767;23810;22193;1909;12133;3535;8466;2102;10926;19341;24654;19299;8138;27794;18289;21923;26448;29546;27112;23423;22330;17274;11669;15136;26006;2275;8995;17242;25470;22441;14487;27626;25673;17941;31272;25340;9475;1623;21841;5105;2075;17264;4644;2910;31068;17743;30433;23640;19998;8250;18887;
27375;30142;29552;9514;16376;3659;31501;20934;18960;12674;31021;6995;12253;3581;14932;21338;6039;8359;14606;30278;1991;8819;9426;9918;17743;32334;20524;29490;21163;25426;18972;6580;29814;18236;9913;15882;24368;27936;15129;17921;29246;17499;20597;20484;9266;13258;4745;30700;1101;9529;15674;24090;30018;25886;19835;9411;1341;10888;14705;22412;1828;23378;29653;29015;20765;24732;16027;29788;17488;8059;4305;18555;494;27120;5065;21456;29042;31767;31610;393;31783;22945;15908;10996;8682;8068;28467;5852;19249;7665;16742;790;31820;20103;29744;27735;19947;31430;12383;2121;
20193;9926;6139;9693;13095;5161;3441;26594;29732;29006;30192;3543;17963;2247;31508;16125;1862;1294;4034;2993;2866;7283;15443;6393;26794;14681;30196;10845;11241;29346;1356;32248;4714;26728;16480;11982;13298;22766;7092;4448;15568;470;22195;15998;7523;8596;18257;16477;21214;11554;2287;5609;11592;3573;4735;92;14023;31793;30696;20240;8221;18713;23212;7569;22131;11721;19912;14327;9814;29223;12508;6515;4095;23;18059;14631;12503;14062;2597;6459;26170;4906;2179;19501;3451;32352;16435;25704;1321;23413;19670;537;21393;8977;25029;29502;5764;9297;22523;6655;
8283;15804;21295;3394;26167;8825;16960;10106;9102;32703;16086;30655;22243;5772;4167;18724;31700;7578;21943;13381;9818;32655;7044;28447;25421;18803;24545;20261;550;23912;19136;12688;11273;15765;7414;15862;27651;868;6809;14110;3216;22253;29869;19987;28256;31410;30208;11127;15450;16268;30547;8986;8418;29925;24250;17867;24663;10536;11846;17774;31968;20086;26080;24399;18281;6043;15480;16566;488;8512;29792;6588;30437;15201;20210;21084;10809;26370;25465;5581;1814;23582;23887;10255;12103;11233;25922;14789;20409;21271;14908;11842;7739;20707;15652;2022;25730;5556;29695;28331;
15472;24181;18523;1275;24982;20484;1261;32453;15351;26342;22137;11983;2062;3897;21490;32334;16403;30953;20963;692;10875;31783;1293;9673;12734;8727;14417;5117;26972;9673;6609;25852;25634;363;25427;12932;16297;23485;25062;4467;2337;27077;8391;8485;24396;6339;15237;9468;30157;5223;7012;23616;23971;32066;9215;3114;14065;25467;4914;28731;12288;22979;6199;1234;30086;13450;26127;24574;30761;18803;17700;3217;11071;17158;26668;7030;8408;23718;2128;24388;9982;6850;3214;1554;19003;21327;16476;1422;24924;6773;23950;3401;1653;26504;28025;29525;8485;1595;17753;20242;
26139;10256;8688;13893;28633;10771;9840;20586;21688;25288;17051;13388;24109;3170;17449;17362;17738;7989;5994;31260;6280;12398;31532;24526;11971;10498;11231;6572;19334;26852;18935;17768;22665;10875;32658;6327;22648;14931;10587;30378;30454;22291;1710;28476;23010;19887;13565;23848;6105;9694;31346;5629;30716;29391;9173;24691;24307;7191;31153;9472;3378;13039;4274;3239;4730;10140;31058;529;6819;29486;4788;18654;30618;2413;1232;7997;3238;10001;9681;7610;32495;20529;20155;18776;20288;4862;25425;3040;16652;25265;4406;1656;12975;7874;2642;29303;19191;6747;15991;1144;
8163;14348;22597;1454;15018;28096;331;6007;7423;17648;12654;21811;11156;11030;3471;18518;8669;9829;6504;25276;29462;17079;16567;29501;15495;19143;31647;18562;11527;8608;4683;30230;1471;20565;17364;28608;6192;7155;21605;28433;25976;14260;18077;22329;17104;26485;17460;2847;10074;9834;31202;27056;1818;9745;27260;25718;24385;14692;32097;25709;22450;83;19476;28947;7615;26481;29482;19903;23603;20462;27239;307;29846;29637;10276;31604;23980;23094;5107;19930;19263;28791;3206;10595;798;6823;1229;5964;870;20739;31839;8163;24064;7516;22299;21399;28011;3273;22543;27217;
18108;27033;17305;27911;3299;20875;27851;7566;2351;31810;12820;4271;11541;17907;11549;11902;24877;21089;6642;3303;17789;23563;14690;22666;18170;931;12968;16329;11852;13251;14411;5150;3026;27868;29762;5554;9446;3439;32604;7468;18018;27263;26591;6087;8290;19526;2927;2472;3916;8999;18482;2670;30222;2276;18738;28682;3495;25105;29187;7121;19945;13256;11685;7631;21373;415;9387;8799;26407;18391;7837;24057;2635;26070;4764;27466;11441;3287;11076;20362;28549;1761;16855;6410;6562;27125;5271;19468;8464;2956;15475;4568;28106;18497;9702;24076;14789;29642;4381;32308;
12847;1324;23896;18330;15860;21295;9106;22368;3463;29968;25700;6347;22495;7031;19751;1506;26816;30120;22617;22072;25659;30461;19777;4102;25464;4244;25302;12156;20147;13125;2526;22617;6277;11735;8787;17850;15973;15219;8202;27695;12910;22104;25239;532;4707;8913;17515;25119;20464;1636;9535;31797;11826;16205;29622;18562;14458;4139;31293;28872;5710;21496;29494;9207;24753;3646;10327;18431;23717;19336;8524;32226;16109;26135;9636;11277;23831;727;5610;744;28602;23186;24594;12204;18941;9058;4888;12661;10840;11884;21987;1176;2207;3531;17775;6198;1340;22219;32299;16913;
23995;21592;21664;9375;2701;15798;340;15197;27141;17778;17390;358;7335;5272;16794;26180;30370;1574;8879;1286;10907;14017;13200;20882;4524;15527;3280;12349;13485;7141;1689;11161;31410;19146;31566;15502;8404;23195;7535;22701;24373;6280;25789;15040;24382;15071;22175;6566;26411;28288;11717;16734;24266;22673;9483;16993;4479;24690;27040;11061;20876;22003;30823;63;24719;18373;27293;26073;16716;7727;30141;12452;22189;19970;8864;20511;29703;14287;32745;18297;17055;1879;21408;10404;8301;10051;4125;17835;23584;7446;4136;3141;29282;24927;24158;16298;12380;2099;3031;1189;
24445;19930;23045;29675;24183;23497;15327;9899;19339;22992;29247;29030;9223;8085;18313;16641;32013;6721;11918;19993;14741;14969;18608;6806;25013;32400;5958;28035;32545;27899;23618;16669;8942;4869;28177;22313;30875;23492;706;26507;2641;21323;13931;7445;6762;10785;20680;21661;13873;3314;3622;21074;26088;9349;28543;24912;7696;20974;21991;4465;21988;31493;27942;1894;26407;31510;10663;4871;6943;3034;23953;32744;2274;15014;10547;21549;10448;15843;19109;29087;16737;16062;4268;19711;4385;27424;29919;12186;23032;25569;8456;14109;12719;23353;25549;1963;15280;30583;22672;25645;
12301;19957;18067;8425;21444;2635;31584;9303;17986;5571;9320;27183;18469;21261;27626;15559;24390;16948;23830;6300;31735;8401;21363;28206;905;23167;31102;13842;25618;23950;6804;2882;5484;10236;19473;16311;11137;8352;12730;7994;24006;4265;24920;21623;10246;20807;10662;9299;26721;424;16493;29567;7828;22822;7150;19021;12411;27071;31616;19139;22484;26309;25466;19695;7493;17366;4179;5497;1185;16399;9480;23167;20071;12669;6334;2716;29323;9428;10153;2634;14457;9572;19244;23403;4184;16712;32066;25378;4491;7649;19228;16871;17022;12419;31500;29147;3487;28525;18849;8024;
1962;3839;532;28621;27434;7975;30178;10953;27965;7453;6075;31061;20375;19792;15771;12167;21449;29088;20023;21588;29635;12237;23962;23462;920;15407;32016;18094;8322;7336;16963;7804;4390;6104;18852;31949;31513;9359;14348;5924;4514;28040;32675;28;8642;15700;27650;4860;8049;26260;14740;15756;6187;31851;15426;7207;11947;28467;22863;7186;1015;24943;22656;6156;12700;18689;20609;8998;14651;12446;12932;30165;3396;11646;14635;12614;5890;23896;16040;27889;24024;141;15907;17009;13258;1188;1115;19347;2878;4854;21393;18093;23044;30634;32418;21809;11669;29924;16243;2177;
21656;22074;19601;12549;16811;22632;29209;9084;2911;14660;12758;26767;11652;1012;11946;2732;28584;27998;26415;30225;5338;21728;925;7975;14516;15681;15087;25362;32152;20968;4929;22150;28729;19532;381;30428;17501;19884;11318;29029;20194;256;21972;29950;24831;6447;12786;16868;26829;32642;10756;27594;31494;18009;21821;553;10764;13341;10160;4824;20013;31349;7349;15068;8997;28093;24718;14721;24292;20660;15690;14762;9618;2164;20202;17765;32465;19624;17091;6082;12354;10233;9763;16614;8522;23753;2103;20571;11286;548;29484;31146;32732;27891;149;26412;30820;14707;3341;12061;
3784;2278;20253;7922;18296;18313;21856;20716;16768;3781;12260;16366;19214;30633;18644;19852;7982;29080;12372;28260;12505;28991;24493;28849;10030;3018;14250;4381;28415;21080;15938;20951;1423;428;24438;18406;24730;23077;13693;21181;6038;13296;7199;29199;12857;9084;4959;11748;16443;16942;13660;17645;7773;28503;17273;5396;3242;7523;3772;29272;31229;32595;16244;24536;10435;10861;16415;24365;4354;49;20362;18941;9115;29840;32314;27085;21196;1113;6923;16919;1016;28660;21271;16541;20139;3666;2265;18428;11481;19492;9875;18564;102;11083;28652;23367;4587;22160;5854;4976;
27832;7574;6095;31191;15381;27916;8446;26322;3534;5927;2337;11853;7662;80;6477;21021;4042;1050;11797;11921;14401;9846;29686;21834;23875;25898;17139;2637;3728;15743;23932;5975;31682;14906;5780;26993;27534;7630;9011;11459;14407;31952;6889;23213;30115;23723;27589;28180;9154;10901;17781;12794;4972;7874;16302;24146;24475;24535;16335;30482;8249;31393;25025;8585;14890;519;26657;25587;28813;27453;30625;843;6975;31291;8619;29536;9889;21102;584;3371;16540;32685;30017;32608;22242;2926;9860;11587;19062;29242;456;28605;31854;3422;17780;27823;6136;17636;15549;30854;
15771;7617;25871;13840;29631;30800;687;26766;112;4863;26782;11274;4191;9545;30656;2026;20265;9956;6461;4038;21724;5947;14376;1655;3256;22814;32351;14192;31026;30392;22706;31314;31039;25026;1607;5306;29390;1015;14140;28253;1686;13256;32399;19288;12563;24912;6971;193;31947;3978;23716;22402;10710;28098;9781;4455;28317;9545;22088;17525;13794;12141;5190;126;32257;18344;18959;29426;15733;19992;19612;31992;28829;11823;30691;28605;13504;7596;16890;25356;5200;18378;2432;23072;26731;14519;9017;10934;29607;7495;27384;23142;6671;10986;23490;26162;23145;17372;29488;10336;
27835;11163;25621;20613;10765;24478;23649;8675;8559;26692;25157;27636;32318;13835;3224;28999;9124;24322;6778;12427;8542;20609;11831;17386;26050;18711;12142;19096;20736;11972;6258;4267;3496;5480;13040;26925;21100;2428;2002;28271;28968;29440;1636;7329;22303;9396;9909;31392;25223;27531;2881;17679;12617;12893;26060;20393;19714;3548;9105;4309;22605;17609;9372;2939;8516;10344;629;2839;15684;20785;10750;26124;4593;5064;19614;14906;28538;16943;27807;22482;8223;3387;2261;20073;4336;6724;11137;20556;30679;8481;24692;24596;6872;9811;22136;31866;7320;9601;12267;15980;
29212;16421;18093;7520;26068;17540;26429;19944;19416;8419;18206;28294;19313;5880;14976;30402;25051;17311;27932;7291;585;20174;8800;9083;30506;22475;16588;19278;26795;29084;11420;20307;11389;17344;13735;11539;17112;8988;7303;9426;9408;14136;29434;10340;18311;32683;23432;11330;31123;19924;27750;3805;31841;1739;14747;2610;32714;16791;19041;25503;25221;5538;32206;19957;23534;11626;8883;12750;29445;29048;18117;20513;26298;24470;250;29459;27496;25149;15158;8464;24991;15437;16167;1563;27174;23808;2669;1890;31552;12321;11775;13590;23343;15993;15562;3705;9207;12939;3483;19513;
13412;5505;21566;9468;12878;22629;21992;16444;540;32148;15570;19285;22407;30320;20263;25820;17313;2390;3360;21043;25621;21456;31341;13146;6064;15627;5848;10504;23584;27787;18981;8443;14588;6429;18236;15500;23557;17421;10890;1414;19116;13466;22436;25912;19668;18343;23085;4553;29912;26547;19963;26060;26832;16651;4725;22036;20752;1598;19775;31178;4082;22738;26;22716;9942;10805;13829;29688;27750;10486;2984;15514;30751;3637;5875;27874;26381;24409;29187;30602;24021;30721;27973;342;27641;28732;11485;6380;13400;13052;13641;8422;32500;22728;11073;8230;6136;6834;19170;27753;
8186;29065;23052;25375;12669;13647;6665;9339;32698;20717;31855;1222;21152;24102;8007;10232;1049;15818;21614;31625;25231;44;14396;645;7343;12757;7012;10207;6764;24698;17435;2823;26439;27692;19069;31422;4558;30927;5164;4650;9315;5069;13114;11301;6975;25100;11337;8411;31671;27165;26608;404;28861;20150;21345;18126;4265;3426;29769;9359;12346;5495;29688;30969;26327;19272;26050;2335;10267;19357;19621;23;5777;864;9260;25681;29628;28569;28818;30502;20827;6557;6699;12980;26602;9089;6144;23018;13932;30933;11705;20191;20328;30607;16577;9064;30514;9542;2212;6121;
30571;17569;7868;31851;19403;24334;12556;10223;3102;5815;23660;31234;14221;21682;29159;6802;17695;10103;11105;27648;7552;26008;4988;25462;25088;26796;9405;15227;9438;29836;25579;13509;30407;7875;31160;22862;28058;19007;4004;30122;2158;2893;29725;15511;5334;1988;18923;18646;31076;10111;18123;28985;2411;10513;17754;8958;17929;28341;11829;13915;12389;6020;31839;29018;4406;14571;24803;11495;22917;19547;18874;20519;179;9538;20462;5644;957;827;20736;20775;27071;5249;14216;8637;29111;31914;14107;21020;19852;13202;32625;19759;3663;20629;10951;25425;9664;5633;27523;20831;
8468;20682;15639;15889;245;24704;7207;8586;21195;31615;2542;19245;28474;870;24286;31155;491;32202;12422;14714;16016;1323;20153;32032;26402;17958;7149;9297;1901;23789;17633;25821;2511;9973;7043;18958;2365;23790;6416;15928;1158;2296;19325;21137;22236;11540;12822;14659;6544;11736;19813;9664;21277;21864;26197;1878;5992;673;20631;20995;32070;22679;11333;18826;3391;578;27333;710;3474;24180;6897;3903;20344;10254;16500;1787;25005;28276;14967;25751;19501;29246;32126;26518;14651;14897;9356;28920;12200;29805;7566;3598;16978;30695;29942;9614;22763;31258;1191;31459;
30204;19706;2577;31686;7721;14634;26525;3090;17590;18542;5451;17364;24906;5219;1177;21410;4851;28014;31656;815;29803;28146;11162;32284;1434;19910;1598;25360;20059;2534;5871;18698;7811;13416;25273;12022;3872;178;5054;2431;10494;24555;29656;25381;21616;16815;31360;17039;30284;19719;29167;19234;24120;9624;30594;19410;27172;4378;23395;12344;792;4364;9062;2021;22320;17574;13617;6135;29925;10000;27552;10986;11149;32209;7016;4784;21797;2954;19194;4355;27983;23268;8618;6650;6551;13767;21008;9434;1786;7373;942;32559;16553;21238;32724;22044;25610;20893;9665;27120;
22016;14506;27147;8185;23916;3850;25921;26269;18164;26460;13774;8102;30211;15597;14624;1246;1808;7399;24586;15068;26404;28613;8807;1565;1174;30474;22017;22103;32025;21299;27825;7177;27898;9706;24007;7255;17314;9340;16043;14101;16738;11917;20165;21282;624;15627;31387;25847;15148;15712;6713;17279;2472;11500;28374;16170;104;2226;9140;12093;20070;25937;22088;26988;10329;17207;27035;22442;22327;29457;10480;8256;4089;7813;32167;5148;30878;18724;15457;22380;32370;23962;19813;30828;24976;6952;13379;26748;6566;30549;15031;2934;30712;18400;17103;20798;10920;18680;1104;3483;
1332;21423;14679;581;12864;22701;32316;20287;12950;29473;26811;15718;19819;10238;6742;5963;21988;9571;20981;1086;27096;5722;16592;6571;3544;24262;9870;5802;19052;21399;30894;32209;11936;17216;6439;332;23487;25195;24651;30000;32351;28907;32241;15373;22685;10994;30163;25027;16810;23172;15157;22678;16007;7467;12232;3204;6156;12781;2509;16597;4655;25467;25981;27637;10371;25259;1449;1407;29695;9512;1950;31386;7681;7272;3659;15496;1170;22751;10406;7548;29676;28019;30539;28588;6458;10031;21862;6824;4766;27963;2260;6890;16504;23820;15749;8110;15334;30424;20517;15108;
5767;28237;11259;22563;18309;29570;16401;27648;27090;2094;20373;5151;12209;13592;8575;6057;12153;13262;21364;32448;28053;24730;21482;13327;18384;2226;18318;25765;9680;26799;24034;4611;4831;28480;22827;2675;9458;6176;19850;15260;21731;29509;23401;4948;11266;11355;26904;25269;27340;9840;8120;30579;3322;32753;12121;24428;20158;4821;7775;2689;5961;17688;10282;16037;27792;15723;28406;4659;21584;20522;1279;24709;17999;14478;4329;27842;5094;29220;4448;9975;26812;18045;1020;18282;18644;25383;29543;13355;12234;3037;12481;25835;13657;15611;15427;14609;23329;21045;8483;29707;
26535;1415;18616;21474;29342;23151;2271;30226;1637;18779;29085;32408;31440;16221;7686;13644;27947;17958;3165;3441;31100;26674;16764;19339;6409;9536;15222;15728;18970;2821;30588;14498;25856;17953;3837;21212;16982;16210;12305;2283;5767;6376;29976;18367;9873;8313;24478;3010;14856;2261;31363;2665;28253;60;26456;6664;20320;30415;23307;19434;22788;10565;19911;27809;18018;17375;25110;24219;20993;12702;18249;758;19285;27571;6937;9365;9605;23863;3726;6516;25458;12060;21024;3640;1268;4196;3357;12299;22886;20112;25674;10406;23398;21084;21453;8367;31190;21673;24650;15430;
29222;24507;25421;17883;8150;28836;30440;31554;25910;19712;17565;12553;4465;24803;15229;16393;26569;14608;29074;28987;11300;28012;13435;23501;22728;4018;3414;26997;24931;29287;15331;29958;10062;23569;27877;14145;786;31396;12236;30189;1836;11069;28562;10538;24589;27154;29411;2818;30053;32425;10112;17729;12449;14409;15589;12678;3250;20143;21034;24475;21265;15105;15143;22018;10752;7432;8411;16592;22546;153;271;703;24813;5972;20790;23678;24399;14994;18584;7755;16463;18840;5551;6084;17382;14353;721;14842;26285;24763;19984;8136;6376;28768;14431;28771;26308;32008;4086;20529;
30173;7533;14839;21471;31747;5295;32593;10670;4926;26185;8420;27917;3855;26180;30439;22637;14073;6570;8071;18769;2624;31550;209;19108;28913;30826;8658;6480;32290;14969;7933;22284;10107;4102;15821;24437;5622;2740;25515;29537;29666;9504;29713;11888;23598;1300;23024;31460;20196;11774;16463;30642;20212;14240;15925;1240;3379;23816;31178;27122;17571;30659;1721;19208;11253;15182;984;24491;8268;17613;15371;8256;27972;21247;20070;23963;22067;14962;8593;30416;17583;27123;9841;8517;16464;4937;11780;30476;5046;19491;22157;16240;17102;15182;21490;9678;13906;9771;5986;21159;
16527;29281;6714;6898;24427;28623;20522;14775;24486;32453;1172;18393;17760;26227;10036;26164;7644;28577;19462;19943;7811;6049;25188;15091;13612;28546;26479;25862;28058;31623;6065;31377;20550;9943;25601;21024;7775;8054;11686;17899;3856;11892;3519;28072;29185;24677;11234;10916;23328;4625;26627;14866;15265;13676;23447;16803;3139;25288;30202;2647;27862;2633;14350;23954;23802;22937;21286;14450;29225;10718;12066;18784;12024;2537;7131;27621;24473;14512;12737;5823;8101;9215;9666;28725;27928;16234;5230;31911;27806;18310;2137;7017;17165;17753;16321;17874;10290;26126;30065;17551;
5840;31469;12517;20285;15846;13707;25007;19000;5937;29758;18970;5805;18162;13012;32012;10487;10481;29573;29489;22824;11970;13349;31573;8677;29511;17311;2578;16760;10102;2974;11436;28960;15452;8845;9017;9899;28258;14786;26117;5191;5584;15350;6708;23190;24719;12281;14761;8448;22835;13219;29223;2125;24377;8974;32694;11123;29836;16386;1609;8876;1102;28081;11933;15564;1750;21669;2660;25298;9973;758;931;22973;19582;23744;23385;22177;12293;28884;31585;6393;23526;1454;8089;32575;16010;29352;6724;18874;12773;6509;14253;32664;7235;5039;1294;10812;3653;26909;32431;23257;
550;24975;26962;11840;8259;18308;23247;17142;11483;11983;13820;21898;787;5005;7631;30501;16701;25946;9159;4707;2649;21189;13703;12897;220;26881;3525;16408;24241;23517;11362;10729;20094;2549;6618;10616;27176;4394;31199;7102;665;1873;12609;8026;5313;11048;8977;27944;4058;8590;18694;7957;20721;4851;11039;22834;30626;15629;31370;2311;30755;19660;21445;12073;3716;5265;27651;26383;30516;29339;11729;8481;4296;31681;2297;17170;19192;15975;31143;8816;1770;12715;2762;3449;19636;9439;22461;22065;31260;17212;20775;5041;20129;32724;18720;3522;30912;32201;2709;1706;
2160;18621;32749;22342;27375;29065;11500;4441;21440;25394;32728;7204;14069;1049;15835;32567;14506;30577;3753;20358;13778;4854;27490;29375;18998;23772;29882;11483;30650;9734;29783;11252;21218;5241;3451;1622;22678;12816;24802;24280;20770;21361;10222;9069;25729;27455;2817;6646;17371;7570;14122;12122;3148;10148;30469;15577;18151;28621;21212;14237;10747;20913;31762;32402;32660;31416;1986;14968;21829;27326;15523;1079;22821;27916;30767;17778;2072;7559;28420;1886;4432;20008;19594;9173;4883;24748;30166;3238;5310;26765;29646;7472;25098;10544;18574;10799;11150;17504;13323;17365;
4229;11515;11254;24093;30162;12779;2788;21340;20033;13656;15019;29976;14352;25628;24079;7966;5038;376;15774;207;30658;6917;31704;4283;9839;14573;21651;24177;26582;24154;27550;13972;28125;28207;28325;19762;9519;18423;3668;25170;6021;12570;4799;5324;17187;24151;3842;22366;2981;12654;30756;15355;10235;32541;9026;2406;12723;29006;28393;20224;14710;22927;7107;27359;1238;1986;6262;13855;22855;30998;17609;19325;30826;29494;28681;7201;12690;24512;5803;18108;11393;31736;9010;25811;20850;12478;13907;16987;29277;9917;14935;13189;6518;27366;17858;31963;8438;14109;4402;396;
30751;13105;1161;11268;14714;16914;8014;17600;30308;12094;16465;11105;23496;20605;4238;9727;5166;28622;5460;15039;2805;4513;11687;18344;29916;27462;32482;19634;16840;7590;5281;7200;23489;2097;14301;25872;22333;18455;16729;19537;30881;14267;27453;1908;13061;613;26113;11814;1079;8246;13453;13757;20995;20066;5023;19216;11442;22425;28780;32396;6865;16582;12938;30340;21044;11772;23821;7113;570;5037;19185;29819;4945;2078;2744;8478;32701;18711;7507;12272;10646;18911;7238;14970;21008;23912;2824;358;5632;20678;22440;31376;5019;2533;20150;1376;7552;32380;1633;14678;
7929;5949;1245;742;5501;21327;9736;647;17274;16381;1100;25095;82;6320;26823;5153;18851;8986;1705;12881;31180;7093;1502;27879;18349;18028;8430;16731;29614;30615;23073;27360;17922;10541;3046;16699;16941;28725;22645;31190;13251;26238;15540;32528;30835;23696;19031;20952;11077;26594;19788;10618;5408;8526;24662;17848;1679;10177;13560;10013;32452;15159;4756;8590;17374;999;20692;32034;20583;22970;20809;6452;14881;8194;15442;17846;30210;2409;1344;18119;7549;22567;31159;13960;6403;28281;24663;14636;21450;17230;27292;14159;23757;3907;32259;4745;6420;17873;6255;2114;
27445;11973;21450;14024;29723;13297;19695;30878;20742;14114;29128;2584;31443;1106;31411;11556;10878;13342;4907;16235;26341;4730;30116;30361;8142;23971;32438;14072;31276;29013;31614;14404;12702;12863;14146;27835;13113;19892;3155;24179;21895;8611;31800;30448;20943;24777;4872;25846;25239;18213;6680;5276;11112;29356;24022;28066;19921;13375;2805;19460;20398;27866;26315;26319;13995;19214;26359;6452;32003;31921;27718;16859;17294;10452;9432;11386;25850;17909;22910;14757;20056;8310;10855;14568;16603;9550;32508;10515;24797;17663;11528;21205;13859;712;6940;29068;354;1051;25138;24156;
2818;13393;12944;29054;20257;20637;32751;3547;10971;28734;14557;2778;28361;23801;3424;28790;31431;20423;2268;14739;18171;26059;822;4242;32275;24966;11578;14883;3277;3150;15418;8794;19133;19452;30968;16390;8267;16614;13767;16958;19963;13;28652;15420;14577;15767;8266;17263;24756;31615;32575;13259;25138;4235;16329;3684;11268;7038;1517;9787;18420;13967;7257;3927;23996;32539;11592;1048;21265;17815;678;13513;11488;31176;4468;13684;5592;10038;21615;32250;11816;5598;14828;12386;2186;25383;10503;6514;30848;10007;25084;8060;5597;31175;15829;4987;6536;27924;4422;6239;
30589;20120;14037;5284;23060;17881;1085;25129;25222;8895;12053;12352;21165;28748;25773;19457;1035;8071;6457;17125;20494;24249;21041;5008;19858;28892;28663;24813;1960;6481;15035;23424;4502;28625;13980;21752;7199;12454;783;12804;28676;23835;18821;11880;29130;16433;32584;10064;4798;11155;32422;24548;21303;204;15186;29724;14875;23224;5639;28118;26020;27448;4974;12326;6500;24874;31298;11501;28039;27289;7346;6317;857;10032;20743;4251;25352;7925;23942;26358;26282;4404;23448;2456;22145;12216;22056;14027;6782;6721;10061;29789;9477;11827;22825;31991;31472;32396;3601;6058;
31958;2072;13293;3531;21901;30184;1762;13057;12781;2560;10031;13212;9687;32336;18005;7464;25206;29158;12155;21826;8645;13921;12048;29355;27474;4521;7602;11419;5697;18397;4687;21592;11411;397;32650;3334;5033;25130;16480;13761;7683;25274;22539;14825;27214;17616;26918;15293;13214;12732;10259;19756;30456;23039;19610;10983;4627;10498;18130;11707;16223;24839;15173;26142;4935;13151;2639;5640;24243;10461;26311;32004;6866;28300;16353;10886;16918;23197;595;19071;14976;15779;29879;8239;13597;21507;13105;9018;9937;27557;3665;29439;15955;4592;20795;5157;31609;24054;13061;11382;
19382;10987;30560;12529;20449;22236;635;14874;12087;22941;25636;29333;7076;18436;7729;21491;27454;5972;10782;9676;27410;13564;503;29454;20260;18050;12408;27028;25521;9658;11380;22523;25527;27963;883;15793;6328;10515;6047;8526;10170;32698;29921;8488;12178;26437;327;29217;7266;15068;3241;16580;21601;17518;908;10385;8666;3747;18758;13716;32376;4883;32099;9277;9152;6325;12360;21355;1247;22170;19222;7370;5542;11995;11985;1887;723;5584;20162;2145;16274;31106;18969;17995;3139;15715;18647;4655;23166;7741;8171;2893;12884;4713;155;8420;31960;31297;14118;26184;
22495;13527;15528;27957;22275;27880;8253;6755;21998;12811;2921;10330;16341;12846;26040;19592;28738;10051;23457;12945;4375;19767;19632;16870;6608;29732;25829;24985;21512;711;25943;11888;2366;32052;24604;22328;15834;25544;27501;4955;7531;32352;4102;26549;31795;26568;30412;11684;4581;28023;6578;4190;20909;6009;31709;29832;881;27820;11527;32260;599;18223;7201;10250;17543;19736;32060;9082;4146;24933;18089;28528;467;8502;2399;24601;18356;16697;10398;1990;14004;24421;13522;13887;7241;7403;28090;602;29121;5225;12233;4556;21709;97;20685;4926;26943;9707;12238;7844;
2067;22438;31801;28618;24492;9460;30782;12079;26977;2407;14966;15639;22584;12406;13001;13020;25841;8565;30351;3717;6983;26564;6133;15513;3186;2886;3234;29750;2800;27924;26523;6493;21381;23667;27236;6544;18305;30724;12649;30367;7233;12091;32668;29631;9208;30738;27998;6364;5040;3327;32419;48;27275;18211;25681;8725;24143;26820;27882;4887;28961;27645;26731;26702;5265;10676;884;13803;32215;27853;23976;23568;3932;17821;24407;5605;31613;12706;4699;32488;1163;27505;575;644;32278;30447;26535;27110;29547;15812;8939;31756;5979;20493;18950;25630;24894;7505;19887;20994;
31544;14775;31173;2347;26043;886;21744;20913;29773;15500;9094;32679;1932;27827;4523;1193;10351;8081;18621;16308;26830;21295;29679;32570;11557;10924;30771;26998;17301;14643;25438;16126;27691;31018;22150;11159;13925;17324;28591;6476;22514;23610;30375;14786;24762;25773;20783;14790;28702;19823;603;21288;20353;5611;14652;12492;5639;28994;12988;22782;14748;9024;29384;4614;12601;10638;6325;29948;3170;1321;21212;8926;9204;14354;13704;20448;18461;19272;30995;6403;4012;28915;25419;22505;11403;5858;24602;26856;27017;32055;3431;5981;13661;9569;15927;9283;24296;11595;14616;6916;
26299;27347;13759;26766;2521;23422;24048;26794;27070;15466;21918;23945;30112;24196;3668;1440;30964;2810;27091;17335;29492;3060;28669;3388;7392;11647;7153;4828;15811;19145;1144;22357;14455;15252;25504;10373;28459;13797;16806;11975;26020;30716;18201;1664;17538;20105;31293;6133;8645;19229;27566;8544;12943;16095;5701;10050;18987;19840;30271;16122;19023;11377;7068;26519;26782;25171;15302;25835;28017;6831;1651;20704;20439;25063;16844;22288;21211;23916;29135;20111;2053;21554;3826;9739;23331;7009;4105;22040;2888;15182;19305;19909;13590;24745;29518;3443;21049;28152;12666;25575;
21044;16707;9759;413;12384;529;19967;22111;11057;2964;5074;27927;188;18209;4328;14818;21622;2787;16655;3685;8767;20687;11703;10340;25247;23002;21588;3728;17487;4458;19460;12193;7931;17675;28274;30629;838;1124;2042;20376;3087;15721;21262;15156;21746;26834;17112;2314;14866;23243;24864;18642;17686;3053;17265;31744;27506;28269;23415;13464;488;9107;9900;5698;2382;9582;308;28065;14481;14535;8196;20961;26618;15187;30282;1167;16816;8748;2569;942;23423;15490;31748;519;7639;3726;18142;14784;7192;22728;31103;19760;16908;8026;28858;10738;31413;17876;21548;8760;
13386;4897;23143;12386;25980;12730;6224;6352;30717;25;24517;24052;15427;17777;29059;15019;19082;7836;1607;5837;29976;14165;29492;10754;12228;9127;28021;16600;4281;28069;12579;22547;20088;11100;3945;581;24348;12550;10214;19358;7394;13185;20818;4100;5096;28415;30053;30566;23861;9726;25588;3150;11002;3195;24926;8374;27159;29538;29734;29981;7393;18506;13793;21978;21283;15711;11091;8879;25443;11679;26581;29857;18790;4426;32761;22023;19958;5779;3953;16610;23522;12956;22061;22380;9799;16033;12484;2804;1038;30068;28693;9448;9398;25897;21550;26164;595;10514;11885;12490;
13527;32750;28388;28546;2705;4701;8450;12325;2547;32151;7024;9156;16536;30302;26426;31055;902;6193;8751;18019;1200;13507;24714;29282;25023;14251;20946;22473;4113;29277;11518;4030;18946;25689;10205;7145;24939;21410;32181;25221;7017;18802;18731;12471;31072;18220;13666;14110;4927;18322;19047;13483;26373;24632;22733;17331;16772;5944;18580;32066;9316;16680;20304;26291;19820;31561;20870;23933;17149;5633;29530;30032;2527;908;7271;31841;26689;7918;29423;6658;23034;24364;4660;15221;6677;19131;37;17154;25997;16185;9789;11591;23381;24923;20905;8400;7579;18727;32425;7143;
6222;15971;29496;13485;4318;6477;27887;8042;25411;7052;26151;28450;4160;21863;13918;17513;233;27445;4572;24183;9059;20244;11413;17023;17643;17118;1106;27965;19737;13913;5644;17103;15974;21934;664;12485;8173;23581;26250;13947;13422;32494;26963;18343;8856;1195;18348;15662;29320;23692;23864;18492;1165;18995;29028;7059;25902;31129;19347;16163;8814;3913;21112;16859;1614;2252;15042;15808;23188;356;2303;25148;6603;12029;27322;30904;12683;11104;10983;5997;14842;23978;17794;30326;18067;6140;24178;6954;13350;15733;8115;19882;6176;1117;17076;3254;13581;10403;18686;29637;
6235;8842;10263;18260;17761;13727;27814;7038;4512;27630;6359;18637;5704;20853;16897;9040;23294;985;12679;10221;7644;27224;3324;5113;23737;10751;18826;6918;939;10781;28308;12028;25803;15607;27546;3692;23864;16573;1373;3360;19295;19645;7748;19191;14969;16087;24063;19696;26452;15665;31850;11396;599;44;13236;20793;21185;30870;7616;26740;7985;9761;203;3982;32619;12819;20304;25643;31577;8768;24360;28359;6992;14389;7158;7058;19861;20663;14530;13694;17696;22380;9444;6038;13727;8919;18468;2193;4286;19594;18975;29863;10406;22934;26861;31139;23491;18247;8960;31034;
11723;20494;14415;9627;29180;31935;18100;15431;27301;22012;1427;25379;487;18929;25789;23499;32701;6723;4756;298;24890;26178;11631;17224;13586;9574;9280;5474;8540;9721;2676;576;30358;25617;25370;23235;29674;19649;10056;12990;8367;16784;3002;8198;24371;28714;18877;28621;7352;21078;28491;17963;17084;27176;31352;23550;19838;3704;17421;20212;11197;23443;32114;14310;19395;7215;17873;31592;31138;16037;6776;2206;29374;10842;9855;31313;21131;2430;13739;20033;15512;23290;20115;9917;26573;24739;14337;19058;28401;15796;28059;22145;2670;22907;18371;22228;5977;23122;23227;14513;
4013;19665;20749;19343;22487;19266;17706;17449;1400;14677;24145;30162;870;26646;13490;13832;14068;13851;16596;7755;2675;2;23092;8240;248;29979;2351;8113;14176;9313;12321;1991;30354;21935;20431;3387;15108;816;27394;5048;21889;1816;19829;26918;2345;20881;14833;19251;19129;15096;17335;27442;1292;17994;22302;25641;1762;26585;13693;22309;32225;9284;26699;8657;8921;7077;28549;25415;31564;21772;12112;17190;21550;24109;24800;12005;23017;4949;2712;359;29092;9123;17267;18639;14277;9588;17826;7829;18356;20255;5239;17882;12514;10211;14721;1016;15627;17693;23801;26462;
27576;26558;15708;28827;18183;3581;19034;20920;30126;19785;26351;14283;11838;2178;5840;21193;28581;22120;6920;3996;8951;11348;16867;14453;2670;8486;28171;28516;8623;23678;6385;14118;21326;1583;21614;32318;10133;18928;4011;24647;20609;17237;9022;4488;14094;26110;26773;10441;28084;13839;24728;15205;11314;25823;11658;32673;14474;9717;25648;26940;24909;20528;30774;29767;27928;8005;18382;4663;9055;10607;2714;27961;21097;23905;10188;30149;30364;7296;14220;28278;26363;17743;13210;27161;10989;16938;6964;28676;23872;28728;3642;15017;16493;29339;9104;17514;26654;17897;32452;5807;
7149;10208;26864;3894;22383;10069;28898;4011;2929;28782;22139;19321;1153;10513;17749;10207;6833;29084;8872;25158;3735;24023;29295;28882;14232;31271;6086;20791;26471;12548;29847;14798;9928;9388;11381;24808;12186;20761;3784;20066;18452;2609;27691;27513;25423;10814;23314;17632;11012;1181;12208;13072;22168;28858;11032;23776;29525;316;9634;18517;507;15228;14480;28091;3447;25404;10993;244;7922;11926;9670;25873;13069;30258;29540;32287;5227;13756;19993;21827;16241;28821;530;17162;13129;20169;26236;5114;21549;1602;29162;23405;17122;25659;28151;26783;19842;2807;3628;4613;
23935;14258;28196;19168;1765;9432;15085;14099;7391;23669;2994;12593;28541;3820;11671;30427;5812;16877;26341;28489;28327;27553;30055;16422;10532;20007;19476;9377;6258;10052;21485;15041;5962;2134;13353;15096;12835;27274;26000;19964;30131;21327;5413;29906;1714;7435;6663;14123;26337;14348;665;3060;2891;30657;31969;12329;10186;16426;7726;24554;21454;10125;19966;9680;27738;24683;22558;13441;22351;32690;27155;32386;3053;29492;32697;77;1175;15448;810;28836;32214;17167;9185;19236;9889;21770;10528;26909;9692;9515;17294;7329;6430;24377;8741;475;28855;9175;20043;31394;
19698;183;4927;2126;16535;14603;29879;30667;7348;29244;30920;5100;10653;6367;18693;20993;28978;4581;28395;11435;32352;3089;12157;8431;13803;1456;18987;394;11370;23172;7928;5252;7571;28161;32732;12040;26808;17852;12647;17267;13970;10272;24232;5547;11326;4962;1101;2482;20357;8376;5899;16507;96;10182;26945;30460;11195;13913;5080;23428;7034;12376;26221;19791;1978;11256;8882;14936;19801;24110;1809;3950;28088;11114;27795;28298;15295;12418;31745;8032;23074;22508;15945;28212;28387;20273;3106;27887;12313;28830;8435;19058;11759;30013;21745;13354;32239;772;17032;30180;
11137;27467;23293;19427;4526;11652;11857;6960;554;4646;27240;1074;23954;29162;21867;894;242;32058;18282;5360;11402;6118;26438;3323;18386;7450;11982;7229;9915;8077;31272;12631;13368;31226;9843;11515;9725;17364;938;7239;7558;32310;7627;27985;23132;3353;8505;20995;24980;20681;24159;17705;16024;29594;12439;26056;16682;16342;19530;7345;23717;4603;14424;16471;3206;15139;30394;10974;25132;26564;8294;30324;8156;24217;30834;21476;1288;11232;14973;12136;12241;3270;10315;6079;14282;12064;6831;7040;26111;6491;6574;4270;11830;20150;16353;31372;19828;942;27931;435;
12739;30394;3148;12897;3891;16697;28837;29972;17951;13481;3581;30040;32433;6169;4212;27357;7592;23009;5974;30924;30297;2448;5954;5979;24052;11814;10123;15264;1033;19588;16094;12706;13387;12832;8997;23734;26003;22525;4268;21001;14888;29147;23682;377;21821;32171;5667;24745;10683;26437;27731;19540;9793;5213;22861;5089;25193;27827;23069;25400;12622;12939;13643;32469;15691;16221;5305;1562;4357;30925;30414;12266;12715;4573;15060;13683;11900;27746;19615;24395;18826;11957;13168;26815;7614;25002;2073;11624;26141;10950;5729;21759;19017;30380;11689;29041;21579;10201;25808;17206;
29583;7569;21845;6111;12592;10009;4539;30447;31095;14119;23346;4332;7838;27543;23155;9398;30937;15711;24556;20247;18327;27845;28445;30874;14340;32208;6466;21921;13523;22780;27442;11442;25404;25649;29319;22290;28992;10230;7679;12181;6452;21731;32034;25524;32381;15700;8997;23264;18329;5989;12559;10262;6495;6938;19226;14772;22407;20701;32092;15243;20076;9262;21414;24373;10769;3734;10413;32424;24162;28380;28775;19724;25789;24700;440;2506;29361;10069;9038;27110;3590;930;24522;11150;8701;555;25888;2035;31192;7357;29504;30551;17565;16087;7670;31591;1560;678;26126;25548;
6431;14899;28093;16637;10010;6364;19516;31063;14530;4353;17590;13423;17448;14847;25700;4263;23545;21090;19447;22271;25601;12886;10294;8494;28399;16991;7656;9714;10584;19018;11508;8100;30206;11364;20167;271;8017;24809;21494;27778;16950;17855;17700;8484;22024;5732;19239;21128;30172;8230;25190;7809;20234;1682;23941;5432;22761;11310;31557;1915;14809;4971;5029;3928;32135;19413;8270;1771;108;16269;9261;24948;13463;29945;13922;6828;9133;6330;13401;12378;21038;25566;24374;23073;26617;12887;26743;29596;16915;23980;12756;19629;20900;12271;17514;21521;27714;751;17177;20536;
29042;24494;23595;6740;26988;12822;32310;4017;287;25831;21571;11588;1909;31220;19759;2438;20440;29327;12882;8323;7669;7234;4447;9773;32448;5568;32139;21239;12984;8218;27634;24223;3436;4150;12086;7499;28222;29822;22121;29400;13927;17109;29485;4207;24635;8911;2841;12377;7086;10273;14431;17428;5144;4438;15788;18598;17205;24260;4432;13617;30064;21951;9119;14280;25441;17420;25751;13441;1172;6040;19651;15051;32652;7786;27998;25858;23303;727;19388;22081;21636;22517;3046;19064;3;19026;11909;27838;5388;18661;26113;26600;3314;14916;18153;25946;30297;4632;22422;28189;
8694;23246;17163;25138;3222;1936;13088;31270;10850;8820;5600;1767;30561;10995;21039;25558;28990;14492;12208;20253;24140;13833;30181;7235;1479;18451;1688;29950;15709;13634;30586;7240;28652;24967;28427;26548;398;12846;18617;25347;13523;28174;17484;20978;30029;28163;17537;1111;11090;12702;24821;12396;31997;11290;20293;18283;8310;23954;26484;30811;9075;3186;18317;21801;19455;13100;23177;19962;30331;30252;18034;30400;5346;13837;1481;19211;13137;4621;12326;25635;9670;28350;13854;21843;17191;21759;5225;8839;20871;15659;16964;1306;1958;6800;24341;29417;18358;15139;25422;7084;
30565;20337;22675;20614;6423;11993;23839;2522;2675;11257;30308;32609;3106;3430;30449;1657;30419;32416;31641;10944;16771;3397;17362;13538;15611;1668;26971;5039;10394;18645;15138;23409;1108;24039;16228;20348;17403;28890;8470;10758;18365;29871;3204;5689;15855;3837;16184;4231;21001;6885;20253;8510;19697;22599;27876;9564;2684;6966;9639;6564;26674;4010;26572;7153;4433;25973;20269;5835;19477;30841;31861;19256;11319;18711;31693;11476;20147;22763;32441;17444;719;16310;27964;2856;1113;3227;4675;30767;11056;18319;26433;10991;13318;9995;17174;28629;1635;19971;28725;3482;
7149;9756;28166;4375;27880;10778;24969;2906;1529;13463;31037;30201;11055;9979;18496;12710;11331;31912;23735;21252;19999;7797;5488;12730;28062;2654;31430;28101;16275;9082;7877;24338;21004;15917;18575;9036;13016;15518;28414;15859;24390;20331;18059;32430;24880;11932;26223;8674;15672;24278;18696;24451;5714;22225;11133;23594;10883;6412;4261;12392;3304;5568;27429;31323;16633;26898;13017;11646;6927;18828;26998;5317;2596;15054;21101;15082;11994;22657;25106;11521;25535;19853;10237;19283;6864;19340;14512;7273;13372;5758;23163;22119;12906;30910;31133;4764;28476;13109;10156;24406;
13974;15821;10807;9211;27162;27688;23721;2901;4662;19091;26992;26670;97;18229;7775;18461;26273;31628;24657;10399;2129;10779;528;617;26657;17500;629;7933;5982;3324;30160;27772;2676;10823;7817;17339;5809;15586;30984;21656;32075;20152;16083;11407;10149;11830;9462;2952;30926;2491;22952;31475;22602;24394;1323;23319;23062;5251;20980;23207;10214;19153;16396;3223;4017;17380;18358;4141;23407;27234;3922;32603;22050;21209;14465;5964;8723;18681;2186;20285;17502;15616;28669;20878;2480;9589;13718;2841;10320;10521;18531;17602;17244;9499;32041;31567;13142;25483;15109;27003;
14303;5649;23375;30789;30401;26847;16579;2446;27699;16868;27107;20707;12377;66;663;11928;13835;20483;14615;16662;26327;26119;23050;8309;16457;14401;30704;30798;22121;1572;8637;29642;24454;17751;27846;12287;11570;18096;21985;10365;13966;10080;15816;21027;6088;25195;1215;22584;10977;5724;2423;12215;7604;21302;3889;29929;10548;1197;20262;18233;19957;19606;14631;5957;14830;24989;10113;6961;15229;17974;2595;23872;26027;27606;19715;6309;18866;5730;32189;22678;27068;5096;29821;3491;18670;7309;1056;3398;15525;28358;30102;12219;25343;31691;21131;17;25246;14409;17222;12930;
22440;25943;977;21760;4626;26028;13402;28176;2335;29455;2265;32219;10275;18446;7155;5506;22669;4595;26910;30899;27940;16116;12807;32122;21137;31914;21297;7769;10526;31429;19422;29338;11197;17917;32050;228;2124;20300;25750;8205;3351;29530;21851;23087;20383;5689;30111;1534;12442;10066;629;2648;24890;8607;8000;30;19890;23579;13408;9795;4343;15991;8465;23586;21955;11791;17551;5653;18656;18204;8831;67;163;13867;9866;17337;32183;17870;19275;8637;10523;29841;10347;22878;29550;10031;11274;2896;31083;19206;865;4087;20912;31945;30374;29634;26563;1909;15408;3514;
2134;20358;1756;25691;714;32362;21423;21666;1011;566;15037;12135;3611;13720;18249;16621;12873;17420;6957;30392;28355;7763;24957;6046;22225;4898;21607;16929;26564;24599;23133;9468;12087;20208;32375;9724;9877;13055;18450;27409;26587;23257;13758;31141;8095;19023;24407;24620;24658;20639;881;7677;15042;20203;1017;15712;16354;17129;5658;21480;20430;27101;10590;23811;23050;4036;18966;8911;29450;24274;763;10543;25336;17183;533;20255;4529;13982;1244;6724;29713;2382;20382;24775;24176;31156;13344;17764;24684;12680;27528;14782;3561;31407;18298;31478;22871;16489;32386;15483;
25396;12492;6066;29988;25297;4721;14732;636;3160;8813;24610;5725;6158;3714;15995;8896;20182;24471;20281;14291;16375;26726;22649;2124;1054;3189;26363;2045;12711;29511;1155;22697;26136;31699;11646;30999;2286;1077;18921;27236;11165;22948;11631;16285;10962;25764;25297;19342;29947;25980;18059;24788;6665;21739;13493;22586;2164;15639;20007;20802;7040;7878;6368;24833;24256;14032;32681;9008;10968;14293;29941;24961;32646;19499;15628;17711;16100;29722;9064;18137;11751;5196;8031;20624;24108;18559;11267;17967;25844;20093;22343;26602;877;7502;19555;17194;9267;31916;23929;9625;
21014;12471;20600;18040;3102;3562;29505;6713;6860;2382;15112;1098;19107;6381;29437;23343;12263;30858;15916;29395;22437;9871;28834;8480;2547;11591;978;28877;377;3149;10807;30327;15408;22085;17978;31732;18794;22217;18517;30180;14611;21670;14457;30600;4150;17481;28333;6360;26306;32372;16121;719;4751;20278;7298;5642;924;28953;30710;24465;13723;18589;23850;20469;23215;29669;5122;26779;9076;689;18578;21335;18496;27276;32386;6204;14248;2887;21431;26035;3654;22437;22063;7883;15290;30296;28973;9168;30959;28460;13719;2335;29600;14467;412;12344;21274;14593;19353;30485;
31299;4488;5182;29115;10971;17255;17389;25102;28162;1742;30562;25065;26106;25990;32665;29550;27951;28126;6380;27547;9844;4585;7549;27422;25232;1766;14035;22891;32505;14592;21192;5643;8671;10040;24482;21559;30572;15263;4992;21669;21579;29640;17144;29090;24935;28029;2814;12641;13557;11185;20999;21139;31924;10166;25711;1847;7539;688;12312;20916;27605;27466;25429;14373;25169;2983;29446;16884;30844;5020;19460;29610;32651;13084;13247;15621;10259;6387;7205;3404;5396;18871;28358;479;8246;25340;4918;25362;13138;7880;13491;25403;23348;11079;2824;21514;30624;10943;10929;17945;
11410;28613;8256;18116;30922;18866;23296;12347;5512;30033;10967;16341;917;1498;21873;26280;27010;23076;1690;2134;10036;29206;8172;7209;17057;14431;11179;25699;4564;5222;30445;12239;17975;22660;5886;22940;15633;24690;24066;31595;14670;29693;732;1447;27263;16897;79;12821;25889;1940;28515;1196;28706;14210;24843;20134;19361;13818;31492;26583;21750;31878;23552;4670;11250;14912;2820;15322;15719;17476;30223;4798;22251;27233;17404;8040;10202;1044;32169;22863;21402;18870;21081;27067;31011;19956;31575;4313;21438;11136;733;24847;22796;15110;29235;17549;30795;25954;11035;293;
24277;26128;28781;11868;26089;4579;25087;20929;3502;30202;28615;5501;10613;25329;2116;19756;8511;14420;1561;15595;27775;1113;8444;22194;10785;19406;26062;25061;31178;3664;31243;16677;31330;23230;11877;19052;4560;2029;9388;25945;25092;26013;3313;25544;3899;31148;15851;18598;15230;7562;11418;28932;23404;4077;1833;21353;18490;20166;30489;18797;13048;19827;20124;6019;23830;23350;9535;10007;14886;19942;10188;9945;24291;17636;8047;1368;24947;6225;29719;31186;3817;18558;11807;3914;6670;420;15150;26076;10081;2006;31324;7758;23132;7987;21398;9191;18425;17504;24131;18564;
29301;18742;23335;26344;12884;10679;1416;32596;12453;11591;32656;599;22151;10265;24051;15848;21996;28903;5842;8370;12189;24294;22494;18351;23167;25593;1984;2552;28692;5924;30393;30428;580;17220;645;31279;32350;19966;12678;6884;16730;2806;2334;2015;16737;20289;9053;26372;28815;22812;18396;6804;15607;24542;3048;28857;20967;24619;15843;29023;32366;30827;8168;15942;25884;27002;13742;14677;22793;4001;10671;25906;3096;26566;3465;13327;29309;29919;31140;14535;32637;6573;20501;28201;8053;15014;9922;2195;4894;15411;7367;1476;4111;12571;7961;28395;19076;19775;24681;259;
19549;28809;2124;12131;15722;24095;23960;13457;229;29660;28689;9560;19520;30208;1349;14874;6946;17190;19636;16999;9388;1143;7988;30413;13824;11806;19860;7410;5636;25595;17024;12769;22115;5788;31652;3746;13781;27753;7701;15117;30625;19230;10732;25311;21600;5503;4404;8462;26627;28999;13830;5466;16663;10593;5106;30757;30024;90;6305;8324;24356;1815;28601;12438;26914;19395;17921;23573;2531;29964;18374;32042;21943;7567;24189;27526;18787;912;29097;18862;12834;24815;12031;15510;22249;32599;7624;16754;18159;23737;392;5577;29037;29689;20445;26059;27298;32231;15785;13540;
539;15984;10099;13457;3633;12822;22795;32115;4307;12189;30829;24226;6534;20999;6120;14147;2217;16067;13184;3677;6142;7202;7568;23784;19558;19466;7860;15911;13548;16110;19685;31288;6917;29437;24038;7914;2070;29594;30944;6862;17463;27917;19273;3729;12855;10360;25865;18568;11488;1036;8160;7821;18812;15228;5634;6666;9112;5298;27653;10835;5639;17602;29181;20793;1322;8476;24550;32220;7791;28933;12610;2496;12568;29512;25602;3107;1086;27688;7850;30606;19989;20378;433;13739;12401;23473;10278;13654;24201;14170;7066;7926;20475;26953;16185;8974;9489;15155;30266;5903;
8259;23870;2426;21617;22781;23990;4195;3585;2978;18689;24851;3965;10960;1493;19386;7006;5606;16808;9540;23285;6339;360;25913;5305;6353;10861;23265;7392;4931;6060;15787;13356;20634;3885;7375;18696;29038;11199;29235;20179;14443;3818;23692;8060;13722;28453;17605;6991;14049;22089;29348;31502;8654;9286;21675;2116;6800;10772;32572;12246;7238;28909;9985;8923;26237;442;6795;31149;25587;16587;32569;3392;28321;12746;21852;31411;5369;14322;1944;1317;17517;9852;2446;18890;32048;13658;18871;31294;29504;11816;31379;4377;16548;25952;30468;13507;3314;21453;17908;15498;
19989;25666;318;3057;1613;18827;9164;14411;9079;28836;765;11401;25487;25385;30537;16209;25203;11790;30759;28496;13546;8336;12078;14800;13540;30571;18043;16269;25348;18510;30292;11204;347;16780;5642;4494;19319;4628;13348;13164;28572;3491;31161;26915;11601;24888;23838;6090;15646;27593;26562;28705;26005;3892;4949;26404;24975;3448;560;7392;31672;17957;5873;9606;846;26641;12133;26814;32293;27469;1708;2877;15343;26455;663;5786;11962;6545;28757;21341;11450;12274;29775;2394;32585;11260;12624;6717;25388;29166;27369;10853;24088;22586;10004;19446;3444;19257;4887;24617;
21089;22814;12203;8935;32504;14889;2142;5271;26834;10525;31286;13876;1230;8179;19863;19362;28686;19664;10086;6210;2627;21301;5487;18884;1323;11637;14852;1340;3416;17005;23271;19064;28722;879;22379;8593;25407;9855;18901;18113;20642;20674;22536;18548;19682;17715;30562;19362;6637;27544;10209;27227;23389;17333;27274;24740;24569;6335;30475;31617;9343;2323;29855;32339;29601;13864;14898;29284;18253;12482;22982;5313;20273;30057;31509;22088;16511;3354;18807;8705;21229;9788;30983;23986;3841;14805;9985;22701;20875;4350;6511;7405;10355;16021;8709;22113;27828;24881;10313;17544;
15785;16731;7927;27198;16776;8187;26787;28630;20268;18704;28576;27496;25879;16036;29985;876;4535;4096;23454;8072;12520;12572;28793;7079;8891;26201;30946;12619;24437;6258;1528;2852;3291;9392;21552;14049;30893;32094;14843;26950;7281;11901;27043;18559;3697;6841;2678;12468;1031;1179;27943;9949;18712;14335;24433;28120;20703;26569;25341;29112;17388;5076;19334;32097;12140;2859;2107;28242;14762;24188;7269;23233;32726;22217;2889;24045;262;17505;15184;32432;14970;14863;5221;25683;22820;2193;23967;19879;9319;3659;7712;32337;1568;12093;1341;5734;21475;2355;7647;2104;
15751;14395;20776;8303;1252;16220;31834;21595;25307;27013;7669;19080;15767;14020;24096;20883;5139;10680;30282;14653;17116;2377;15377;16830;1561;27286;21347;5468;23752;5935;19427;59;12618;9093;11662;23159;27426;18847;14494;22640;19962;23566;23726;13669;18918;25890;11040;27717;8429;18014;18620;29377;1478;27690;8857;10918;6111;27080;27201;32106;24740;4489;7440;22020;13821;23873;6877;27905;9752;15096;4061;6869;20586;4578;13763;9327;20464;5010;12332;13840;6843;11626;2107;92;31403;11862;2944;11186;891;29882;4639;5561;10749;14504;28718;3387;24743;18007;5726;55;
23887;15568;9694;20529;27699;9451;31612;16589;29756;29818;30222;13468;4228;20932;31760;11318;25365;11061;1166;15241;1268;30547;10053;26992;14174;12532;30725;11656;14929;25518;12633;63;27726;23696;29290;12589;5982;21263;5153;30632;3923;7747;22924;29074;1360;19028;32643;1142;13451;8751;28555;21715;19538;381;6650;18360;15180;725;15196;17041;16386;24112;4374;7489;25245;2974;16713;31345;15345;32312;31225;31271;11707;2902;2927;31386;28711;20994;475;23365;6294;13996;574;30266;32157;18207;28295;17337;7249;6835;5372;23553;25282;708;28380;19302;965;8036;12867;27812;
14327;11341;15181;15731;4094;6681;4222;24923;15378;18358;1634;18122;27837;28692;18032;8804;12510;8224;15668;13466;29940;18678;13230;3454;1945;16978;6133;17109;18253;20808;14623;19566;23925;1846;31333;31411;10915;3318;16771;15230;18456;11864;9310;8494;17032;14799;6633;24569;29213;2154;12873;13700;5054;16902;6712;28336;1936;12739;28071;32695;22717;16052;7591;25209;29301;23771;28041;12048;9779;2644;19268;8874;26434;11472;1816;2200;24447;25413;11889;14754;16736;8164;3598;9630;31541;7756;8034;6977;12206;2557;25915;16948;6046;26895;31649;31594;12542;7972;24321;7090;
24373;7323;11915;13448;24727;3590;28120;24369;15659;8158;2512;15879;4785;10870;9419;10257;25059;23086;28150;13014;16636;10217;2041;3699;6007;13761;17110;26604;18201;25593;11540;17856;26161;12850;16414;4800;28447;16610;11238;19232;2323;1795;1485;32719;19991;4104;24263;9220;12880;22037;1210;22810;28800;3183;29480;11421;8144;28210;14094;31909;22221;25922;18956;30306;32688;7555;10437;25337;16866;22605;10377;13966;9407;5146;20530;5538;20379;23682;14411;17568;2818;22122;13944;13746;26436;23672;22545;10457;11313;16330;28689;4669;30242;231;15407;15042;9273;5365;25930;20187;
31721;2861;24330;20387;9656;9869;27333;6698;26435;16332;16799;30988;16003;915;10742;29769;16976;24810;31741;21328;27683;15345;22950;1373;12064;14544;7622;25605;84;13040;18036;1040;13371;13420;24241;2182;21893;450;11087;11276;22809;3535;7947;29809;21339;27130;23037;17541;4778;1711;14386;16426;17197;22543;13207;13997;32720;13029;7448;1878;29833;30172;28938;13373;30176;21232;19142;5984;12718;19747;15255;28147;23845;15985;2263;11767;1040;31237;5460;23054;23900;24237;31225;18318;18648;28044;4522;2772;23097;14607;31855;32219;5473;16418;24021;5389;16353;2467;23185;30296;
27580;5142;6503;1669;8046;28059;19274;24773;16172;2078;32453;27789;7022;7630;17049;1444;18603;14800;23464;27259;9315;14644;4625;25788;11107;22568;22941;24613;1349;8043;22874;25495;26934;17925;5765;8298;16380;23350;18093;3076;10039;19628;3350;14250;14822;7416;10076;23189;16942;24131;19800;16969;14423;17725;18503;7458;13080;26711;1321;21296;11540;32562;9832;24901;17316;13911;22714;27211;21207;27432;28488;29403;4791;25623;2832;31500;6606;22805;20872;27273;26857;24653;30340;743;25628;4883;7513;19509;23814;32535;21827;12244;4694;14303;13572;13705;18574;7284;22990;5840;
24584;9563;19811;7283;3126;20166;6011;31324;4141;29452;32358;7591;9317;10583;15090;8444;27066;31900;9103;23324;3511;3793;4785;15289;1044;31834;3190;27275;31101;5060;26505;23712;25494;13749;32070;21492;21051;28963;9503;32065;26124;12229;32574;8216;4137;1735;21099;5425;32570;32706;305;30464;23987;28139;23100;16520;17750;9099;18438;20084;3065;7087;9139;30308;19849;27680;12089;10373;22351;5013;31427;20324;22642;30760;14680;25092;31677;10759;18615;23598;20131;15980;28806;4360;6528;22223;7340;3049;3362;10330;5884;29548;27016;6045;1043;8899;489;15491;10115;27982;
16889;25220;13105;16492;6247;22813;9723;6034;27306;10365;32158;30362;30205;32386;16343;24157;16808;26595;7881;28547;1666;10671;15519;12186;12212;20214;21106;9318;22719;16069;15981;14712;27841;28248;15663;9218;19188;908;21104;14570;5239;31635;9448;26909;1873;10731;20844;22566;2739;9105;31067;16639;20605;27250;4152;7463;12292;27938;11416;16884;7698;11984;24639;26667;26159;11130;23430;20942;2335;19549;24576;565;25772;176;18012;15456;2214;20113;7053;15244;23847;28736;6441;23044;32283;20875;32015;6714;28672;393;1101;17942;4587;27787;3393;6286;28876;29264;9470;9591;
24562;11384;1008;29595;31442;31035;15812;32011;29700;7771;10370;2487;21902;6231;16124;6203;5733;27106;620;18684;10545;32659;8025;32628;26705;31710;22970;11722;799;32579;1118;32422;20597;16581;1931;20803;10864;2718;15078;15302;14195;28465;5778;1998;17519;19008;32668;23884;5218;25183;13207;3989;18718;16041;6019;16565;18764;1201;28148;20230;18352;29372;14448;16642;20399;18989;18456;9046;31502;15936;16778;3383;13564;15099;6151;16121;11859;6242;17361;3806;26395;3563;14295;6188;29008;31281;23188;24706;20708;21228;1589;26475;7432;20769;21498;21556;18088;11670;14046;13819;
10292;393;10618;2569;17062;8097;29479;31842;19393;31013;18531;5785;29078;25452;19062;20713;30541;20885;10837;14722;3874;22136;29382;9761;5550;731;15813;9187;4712;29674;22822;6491;8555;9697;7805;20194;10874;24332;571;20782;2369;18161;7705;25127;2781;32204;15034;27637;25759;18491;7307;10846;2061;9019;6127;32335;30762;21587;12441;8120;1016;18959;18488;8605;2618;24752;8282;31851;10878;24354;13194;4744;1883;16430;10684;25389;32248;7153;27628;24440;30413;17805;6913;5565;13230;28958;28151;10014;16133;30192;15165;15195;24671;239;12636;26347;14890;19294;730;14155;
29884;10700;2398;22934;6808;1860;9236;3926;2541;8389;21843;26009;8032;5361;25470;25160;32267;7177;296;7093;6342;31769;16507;28275;24741;3440;21978;17770;15554;25427;28101;10282;12092;27891;6653;896;19327;8860;6633;24647;25030;4910;569;31873;991;26065;1993;31399;18222;9189;29128;6973;26613;24376;30489;13480;12755;2172;2809;23876;20874;2552;23779;31666;29701;31357;4016;12655;22169;31900;27651;21419;11403;7702;4580;26200;32210;19348;28075;19841;25375;11416;29728;10461;17179;31668;27104;3492;29935;12026;14851;4769;27658;1203;8187;25225;20766;18516;10431;18571;
11372;25517;20266;27432;1346;4196;14237;10565;6850;15778;20204;19838;6628;32268;20600;3006;29887;4597;30616;32012;16132;25041;24638;3496;13259;31981;23255;4439;18578;28766;14194;29179;29058;2616;19493;11366;31477;23808;15020;3952;7222;5987;14676;28999;10119;1063;25368;20231;31593;18019;21257;2699;6423;9707;3827;14978;1108;15;1341;16581;20582;12421;8721;6888;32355;1699;16317;8462;4267;6865;30297;9986;30646;6207;3754;13188;15376;20179;7239;16865;2465;8550;762;16839;50;9263;27497;18774;27949;32639;27382;11642;21156;27311;25315;29817;24469;21335;23226;22216;
15725;1217;23020;16931;22218;25502;1208;4828;31621;4599;78;30580;1520;3942;25141;12904;25948;10629;12010;11853;12767;20647;11210;6175;11604;9414;2097;29655;21922;20157;8676;24379;27714;31159;26796;30458;5883;232;9540;4600;32240;9595;10101;18151;2781;24779;8064;28695;11678;9941;9916;8591;18929;11502;15232;17756;12924;2225;13379;21033;21778;15164;28162;20496;31794;31900;14819;8112;18896;23429;19991;14208;20312;1350;15876;19298;26353;18941;15780;4732;12799;12551;13352;8003;24811;12731;25058;32216;10278;25688;7521;3224;1643;16187;27614;17135;16453;13398;30935;23148;
13522;17117;12537;3611;28614;20802;1091;25615;7346;25444;4969;13630;16263;260;19574;26514;22102;24696;15030;3644;18521;10659;3539;25676;17975;25892;7230;21886;32644;27598;25808;2391;20871;27224;21426;9329;21313;19798;20090;13332;25258;10600;19350;30725;5950;29618;30958;32419;15800;7820;13765;18223;16670;28282;25568;24172;9469;7006;21483;10600;29942;4588;20760;21145;19833;26975;4105;3371;25041;24938;1264;8857;9057;31858;25845;32379;28205;2554;22232;11423;24220;13663;5847;32090;13436;27845;4562;17440;26438;13393;15277;25683;20387;14745;9462;8281;2608;15192;5063;24305;
30590;6503;9198;23239;32094;8424;12876;28742;27995;26820;6011;32173;13447;21081;30132;2405;14459;620;7663;8850;1433;26213;20555;12264;12948;6587;23473;8383;7475;16301;24756;13418;25681;9523;15292;19397;17193;16180;23140;30990;12752;22777;32;16886;28419;1762;15907;18423;22307;12631;8832;19175;11390;19458;25231;14798;13520;3387;1170;17909;20490;14788;19608;11327;27729;22711;28834;10428;31562;25532;22533;18556;19605;18303;27151;3489;29079;18530;12269;6584;3709;8047;19916;21066;15485;25488;5951;13229;24927;4866;17121;17952;8253;20743;315;26904;18311;11227;31464;26836;
24649;32490;31222;4663;17073;17728;17040;14551;21452;28737;24282;25426;20624;5786;25117;4577;18975;3959;26404;21295;14154;19959;19942;7019;16212;4316;31845;4507;8697;14984;9941;18228;24751;25893;25345;3560;3372;1827;2795;24512;24872;15335;12978;3434;868;1217;13753;9940;7659;5663;7942;20986;10648;1281;28904;1020;4824;26797;4061;20595;7089;17572;21682;17157;7940;20180;2540;30519;6415;26127;22631;25219;6453;19644;26429;1195;258;31693;13033;29260;13418;8689;24493;28086;8017;8970;2865;507;13393;11233;24940;21574;18615;11800;30919;8046;29134;22625;14720;3531;
18273;24302;21581;25929;12155;10281;3139;14778;6001;12708;22517;6513;15906;16723;7648;26636;29566;14073;4103;23441;28997;4576;27354;20413;12561;32461;7004;25496;25495;563;4229;5453;27946;4775;15333;20537;2945;14228;1419;8514;2233;48;14117;1386;8093;26286;8809;1699;29990;29622;1715;6886;19262;13842;31215;31103;20681;25258;22713;23211;13030;12466;451;21860;21362;17954;24695;20348;18639;18534;2782;13289;2787;25943;30401;25440;29027;26731;2574;4901;26449;12328;2684;3617;30659;6111;12402;3125;6119;10646;24870;5070;21060;11334;21506;6585;14146;25159;10059;21305;
14061;3080;10244;28247;18422;771;20752;9338;32762;240;17816;23351;263;26425;19116;18282;24669;6831;1069;18054;27249;18299;30954;25129;26680;8535;8713;12788;18849;29694;2473;3993;22884;6112;15557;20789;24058;7963;5211;32225;19436;20135;6606;12419;27985;14288;2698;7403;8850;1514;16102;27419;8305;21568;30798;23781;20298;8269;23201;29116;12184;11311;5336;31940;26554;25944;31977;24875;24312;9095;8938;26812;2497;21494;8058;26801;19254;25813;8541;10441;4077;1272;32358;16539;1518;3021;19354;24362;5634;7568;16530;12473;558;24514;27169;22241;19834;20951;28727;9952;
20726;7727;29445;8756;8703;30535;17250;23913;11711;21809;31342;18735;11763;10049;13429;4527;23281;19978;29462;2079;32489;29064;27300;19092;20075;1951;16076;7704;10793;7876;29304;12029;11775;16635;3828;11121;12592;769;17999;27730;7155;5066;5381;8259;13870;24622;9946;11519;21377;7903;777;15085;134;22686;17310;7925;5463;16558;23585;5779;20817;29065;13172;2601;25624;25043;5374;18842;2011;9612;15626;30484;4314;20361;1129;5165;5669;1829;28511;25906;6054;9780;9149;7867;17761;29496;2634;4483;19451;19416;8039;18551;19065;21389;14067;19725;21835;31391;14189;1495;
10889;29008;4184;25432;31612;23382;28644;20246;28512;22415;31690;4336;17256;12273;4472;7858;11267;17856;20846;2535;23390;3587;31208;32751;20778;12856;21693;4177;22431;10567;15495;11602;20929;23733;32004;6854;16098;11802;4796;16166;5992;28885;3556;2787;26320;11262;7299;27130;18163;14492;32723;29641;8328;4120;28906;19744;21739;24306;14489;28828;13597;12211;32405;20784;27147;16931;5076;2821;12819;25275;15418;5764;6084;22109;15221;12721;1509;11843;10534;29626;23737;6198;20545;16079;27778;32512;7606;1077;31044;3875;25169;3734;11211;29643;27614;18076;5103;24578;14738;9662;
8215;14371;20390;19289;11772;28561;28229;26626;6320;28328;12200;29467;26590;5364;20864;24228;1107;11169;11668;15700;5565;23603;9643;3816;28083;32632;1708;9916;9206;22714;9988;24728;18423;4408;17480;6092;19353;2008;25627;5247;2871;18710;15443;25412;5865;17216;26199;19182;8451;2789;25035;21670;13791;17291;10864;6714;8413;160;25925;20152;8871;12979;26867;13628;23738;29924;9575;31238;5666;20121;11969;8655;15748;15731;28525;861;19554;7041;17807;32598;28571;13747;4005;27218;6449;9873;27752;23859;24399;18732;12786;24505;19595;22613;24614;8529;1384;3598;4685;13358;
26399;22334;13309;32411;927;28585;32063;22160;7890;31262;31216;31619;4386;26866;8296;25216;13116;19118;15194;2172;14099;20229;11003;16103;4648;6153;16743;9856;23818;11166;15936;19565;19480;6446;11672;7563;9614;10142;11793;9219;22720;8065;25154;17182;6816;1420;4445;25946;11142;22858;15119;20669;10801;11281;8872;5481;6153;9269;5500;19057;29350;16507;28809;3307;1686;28625;10586;30022;24411;20796;24107;30430;30900;12305;12621;24014;5406;4200;29644;24325;23961;24526;25424;28317;11951;7738;32577;20584;14003;4931;14638;5835;18759;25487;1136;975;3104;6799;2314;117;
24846;31849;32212;7754;12598;13366;28121;22332;32162;12910;27901;32684;22781;20384;32739;7876;11927;1895;15117;8459;31408;24473;23877;6454;22514;20417;26940;834;1599;15568;626;15807;20141;23823;4437;11631;26831;6232;29357;16143;17719;14470;13879;15221;24888;32298;12432;8667;2033;28032;25685;31867;9350;26529;1673;25436;2481;25593;8759;8555;21114;24060;8024;12237;16450;19221;12534;31604;14854;11487;28306;10480;20706;5016;7364;19080;28116;9427;26913;15498;3267;31340;7521;7135;10432;28097;3522;2786;15755;8991;18087;14451;601;27003;15749;23878;16852;16995;2303;9089;
29540;9780;25680;11399;31149;22668;490;10510;10841;24834;29020;14200;791;31765;7289;31840;12259;6243;8119;10611;18057;13340;469;26241;23396;11957;3777;20691;21356;25313;22968;1216;6000;7357;10927;25979;3231;16458;23282;5935;30285;13345;25867;24398;9460;25698;11237;24358;5753;29166;15665;23733;27569;25046;4873;3518;22308;24851;6355;6428;26897;28791;30569;16983;23730;3299;27767;29557;19136;10171;12580;6418;25914;919;13300;1203;8291;18747;10732;18776;27914;26826;15096;18000;26637;6966;19851;21585;8992;6139;13701;18632;27339;21261;19033;17262;11698;22286;10351;31260;
26905;4037;8647;30432;16039;6348;8672;31824;5994;25736;2264;1054;30748;20318;16852;3053;27301;29476;6306;9315;8416;20182;4765;30336;13474;5771;20177;13102;10489;16295;12640;8473;4273;7505;24101;15552;32285;8488;18070;7885;8212;5169;20207;7329;12345;23572;20109;22324;5759;8329;28567;11292;26093;25869;12772;15595;5791;27353;5401;190;8462;28436;11794;5139;24209;6472;11140;15067;21283;11795;3552;18641;17510;23071;5754;25609;16872;10579;12778;21964;677;32331;25010;23971;15310;7686;26914;15026;21705;9183;16761;24391;7289;29119;6477;691;25535;28816;25389;1369;
8513;13557;14212;23300;618;23608;3520;28542;3506;13700;4276;14686;14879;2900;4667;28449;8203;8491;25119;4732;10025;14726;3129;17905;21955;14350;16857;8353;9541;13331;29288;29793;32767;3894;22347;14863;19495;25701;30475;6183;10269;25357;25523;14225;15347;27274;14458;23229;17453;31203;6818;27378;14789;18356;16800;28643;15219;5739;19069;9604;7211;6327;23164;9243;15078;31294;21757;20122;1957;24719;10401;31532;22963;30807;30639;2574;31531;25303;8119;24224;3515;6037;25717;28348;11431;3666;16887;23622;28689;17725;10754;19716;13687;30566;12467;29872;20861;6005;27746;1356;
3821;25244;3275;31158;7932;8138;28016;28284;24271;24354;10041;31985;5693;19883;25950;19585;5079;29001;390;20033;18981;24812;11057;22218;21043;19719;7763;2632;30540;27716;11585;20174;12294;8310;8657;14573;10367;26574;14781;9860;16869;28243;16969;31705;11068;21388;5926;14057;30555;30847;2197;19709;21560;27104;27856;1662;18278;14978;24741;19722;5084;25105;31588;8135;11512;29699;31227;8696;23236;17100;9568;30670;29559;17233;30767;25984;20031;17568;18325;25758;21309;20446;29548;9122;19665;17536;24999;9160;24089;1215;18673;26911;17076;17989;3729;28896;15308;23341;15249;25087;
20051;1834;19743;11265;13964;13574;25651;2061;13518;8271;6258;4165;6021;18253;29267;24919;9849;14646;20608;31310;21331;5285;15487;20143;21341;19017;29329;16065;1673;30682;8410;27180;20405;28498;8643;4293;16941;15961;13725;30121;18545;18945;32647;30857;10297;21171;18833;22852;1975;29802;21537;22971;22556;30494;13462;12769;18781;900;1836;2577;11063;4084;30751;28581;24433;6570;26644;30660;16737;32306;12212;1147;9905;2334;18074;24591;23907;2554;20847;8850;19219;1666;23379;5557;4476;23826;15999;2781;23614;27485;41;22393;15327;3426;9128;27538;12815;2204;14553;13987;
21296;14201;10689;20140;8469;2318;2932;3458;778;10505;30261;6249;32533;25575;10462;1508;6268;7015;31619;5580;30599;24382;25938;12192;16007;32268;6589;6940;12311;8847;220;9997;2722;20758;3852;12899;15654;22841;16349;19336;22839;4040;14379;23024;26182;25857;21386;1522;31267;11014;8424;21206;15041;8334;4717;7983;11578;5082;25766;32619;30226;12779;227;9896;28352;22002;24285;20937;13418;27912;10652;26825;5105;16927;11160;19024;30509;17976;17951;30084;14202;10455;30710;1570;31091;21684;14147;14029;30205;9396;8874;23974;21640;25879;19895;5916;31377;29939;11388;4870;
29803;7137;25211;14319;23360;26614;30918;4272;23635;10229;16228;14405;17799;21954;24055;14297;15141;1306;22428;2851;31450;10882;1555;16117;20479;20093;20512;24082;7453;258;7984;8257;7857;8493;22592;3999;19244;19765;23547;6201;29758;3742;21026;13786;3412;5808;17457;13346;15200;7975;19264;13528;4568;17196;21799;28801;8449;25732;17637;25906;14701;28936;29251;26530;2242;7253;19636;19075;29630;25028;9600;4115;20856;25245;25889;23022;27625;29831;12269;2854;27050;29763;15862;20629;1279;12442;27183;882;13333;404;15568;6691;9864;24555;29947;6994;15400;4287;21919;18243;
22781;14731;14749;27493;14985;28760;13097;5159;12876;7217;14963;4364;27022;14806;12167;32514;4696;22709;13170;19696;10692;25621;7335;28302;12150;3221;2721;12665;30315;26069;23753;26759;29426;3187;4249;24919;10743;26681;19202;22573;9607;24212;4363;24061;4753;2376;29628;25798;27626;17763;13114;26146;22164;11887;7475;22554;4928;23020;10876;25662;10513;26366;8185;5366;11683;13922;14014;27923;20044;24230;3955;7593;32418;12442;29949;20001;28733;24578;12891;10890;14270;9357;32717;11312;17167;26379;19260;20592;1261;20186;24534;12746;31140;17313;12537;14136;26906;14145;19538;19902;
2575;19465;14150;24643;27299;11050;15248;415;16921;8042;26412;31989;4058;18460;17268;16451;11197;30799;1930;21815;11141;5702;18933;23621;16812;3880;30095;15862;31071;13049;1438;1667;29641;3273;19777;8098;2708;2859;19982;23712;31661;3305;25081;3248;584;9718;15479;1923;293;12452;1764;26648;8721;32535;7202;27094;3759;16634;10116;7128;9848;29040;10986;24200;22017;24910;12333;24431;29564;12679;10685;1867;17538;20968;18056;3682;4368;22533;15646;11031;26575;17011;21011;3771;30616;31799;7589;9381;8759;13439;21663;18309;11375;24208;6270;24821;12095;28160;4817;10065;
11876;8997;24550;28105;30751;31693;3234;15028;12856;7215;11185;6183;14403;17442;17888;21191;12066;9357;10694;6875;29131;10527;24234;15270;15180;2624;16033;23795;12812;15175;31735;753;14419;2285;5584;16449;9740;31745;15;20046;20426;21598;631;32733;32522;12315;4880;16869;16312;13057;12237;7840;9972;16962;31595;30434;30485;10343;8604;26026;17646;13707;18021;502;593;12231;1221;29404;4562;10221;16535;2519;18381;1657;20409;22367;31915;25796;15982;28092;5216;1659;13057;17947;7992;1872;13484;31714;30676;4335;22967;21057;623;11572;8420;14345;29031;2203;31243;15810;
13048;14584;16898;12792;27722;23656;13759;22485;9646;9351;8385;27637;3108;8675;19116;27509;27682;25521;26675;20813;18832;16319;4922;15840;14615;22186;3644;15570;24219;10321;22251;7450;13574;19593;19479;3928;840;9235;27345;32360;8860;5579;26320;22071;31244;11297;8724;11477;21303;9933;18376;460;27730;21695;3693;1969;27501;19029;25909;11256;5879;18385;4269;20748;30597;25610;31391;28320;18127;20322;14647;3135;20475;17143;4452;18987;9503;28702;30849;27748;19969;1037;22837;7175;21537;5079;8088;21209;20473;1182;20631;9508;23427;17411;12441;24002;3580;25826;15715;8311;
25832;29757;32568;1668;15958;6773;30021;27000;18533;23744;8509;20554;2567;4823;30273;12965;26885;25839;12034;1667;20803;26091;20265;19453;24902;7632;21495;2913;16371;6265;22568;31110;32665;19596;12062;13916;12850;28332;15163;22983;4838;1264;911;17070;26833;20116;19635;23631;1798;21487;14580;19925;3540;12965;13236;18476;20808;31262;11278;26132;2290;11319;25273;21108;11500;13879;20271;10481;9241;30212;24590;17600;10155;8087;6846;29112;32744;5805;24148;13228;32301;4287;19894;6135;22579;4917;9472;17752;18577;8663;32295;15873;6274;12676;18653;2026;30441;13094;31156;12139;
16530;19173;13445;22538;7611;1947;30227;20370;6355;11912;236;22373;4737;28488;4496;6162;14056;5121;7637;29482;22570;481;9098;10064;21034;7624;19035;31376;23447;26945;23796;24306;26662;27575;23914;17742;30;15334;14550;4705;12570;15759;24131;27169;31754;26480;15562;17742;25724;9587;27899;1354;1306;11046;2431;31274;19827;19051;31484;3853;19710;8817;15161;4268;12123;15074;21379;16947;19933;24414;6735;13392;31302;20265;29728;4745;26321;5408;7083;23250;20342;7154;13625;13151;18537;21132;12622;21175;21988;29909;17032;11786;12582;19612;27337;25028;24252;32462;25497;2146;
31231;14573;26053;29572;23006;21181;5196;31556;29405;14401;3708;22471;6750;12261;27993;14609;3871;20733;12350;4382;27397;15982;23751;17454;25112;31147;21997;13152;29390;25060;11891;21890;27532;13178;31362;21032;26986;7093;25744;21243;13367;13497;2438;32596;7101;32182;24609;22026;14917;9056;12184;22920;16478;11423;22912;16930;11739;24455;31469;10921;7195;29322;10459;27452;32141;24044;19404;5730;30322;24952;24242;19542;13029;4722;5390;22690;24089;1484;11354;19951;7907;27292;27813;5148;15736;10446;7293;7309;22135;22550;27665;12486;16170;9001;7063;3896;32521;27437;24812;19034;
639;16238;20602;7676;27377;32082;19807;11993;8189;11407;17612;26731;1535;27547;14506;27907;32218;101;23940;19480;4597;24898;20385;29407;29827;18986;9072;2845;13064;12836;21802;15418;17176;13567;23474;662;19554;17731;25280;4384;21486;14951;28734;28964;11427;3908;30962;21604;20748;25802;10334;19819;2652;7410;24548;25118;2223;8691;12590;11412;20626;11705;22477;32295;8646;9619;30240;14539;15169;24108;6520;21151;8310;23484;18809;14274;17366;25215;9924;32360;14999;27495;23763;8493;23988;20750;27427;13225;31797;18670;2457;17732;688;31956;11295;26187;15376;22674;27022;836;
3989;24564;18896;2687;24604;8438;16198;4078;28833;5684;20327;25398;29186;3490;11946;19462;7685;26493;21414;24744;925;16770;17784;10966;26729;25181;10598;3790;25470;31076;21442;10409;5478;1669;24592;5096;8552;32381;5227;20816;19466;32587;5156;16120;25301;10469;9645;22176;20824;28201;4021;9796;1904;29206;20885;14065;5318;17724;15083;21976;7576;6001;9860;29601;3261;12742;23680;3585;9955;19642;24496;22415;25372;5805;10819;4563;11417;32407;7586;19872;29108;5881;10648;1444;9268;9492;28342;18238;3789;12378;24566;23951;9191;9762;10142;13012;10657;26015;21351;23539;
26388;18451;3039;595;14044;31040;23308;8177;8917;13343;18002;16817;27938;14293;16278;17394;10868;2275;12708;15716;20872;21149;11214;3102;25586;31965;28886;14571;5146;18936;27919;9445;3204;4337;22462;13638;15444;26605;966;29050;19729;21223;9093;18297;9641;19109;1017;27219;7861;12267;807;32524;19455;32494;17853;2987;32577;22283;28662;23694;26672;10937;26046;21504;30137;11197;22039;22542;23691;18333;5563;21142;26325;18518;3330;30624;29009;27985;15623;17905;14721;4244;8198;30174;24889;11318;26889;19039;19293;21525;26308;30820;13804;30667;3517;6252;13629;221;28080;22099;
29833;8502;5681;21355;24490;26068;11923;28367;6690;25026;17673;26612;26463;1350;6411;3969;26686;30043;25851;31329;20941;30561;27401;27414;341;17684;18772;25936;4504;23739;22865;8126;21847;8609;7793;18468;23319;24777;2046;19886;24101;3550;2630;9604;18648;19561;21244;15774;11286;6471;7387;4570;20505;10329;26252;5963;17011;19069;4298;29140;1360;28605;10180;10230;17404;6599;23491;18663;12453;21149;27916;14564;28513;31630;3848;6087;12915;2149;1698;30172;27594;31456;2033;19185;14282;12900;5911;25516;25935;25582;28777;14626;16111;20045;15312;26276;31104;32399;3950;12764;
27610;14521;1413;22810;29662;22715;27029;7144;11448;16290;16581;12772;23136;8464;12676;9167;11879;17641;3696;15073;18928;4432;2167;31327;8445;28882;19516;22384;8940;26848;3772;9005;19521;29827;19761;23287;1445;30539;17463;21261;29743;23689;25133;28509;7907;14013;14558;24219;3448;29522;12896;2961;17503;30345;3389;14518;16896;13236;25553;31233;24903;5540;17139;255;17759;19300;5080;28452;12989;19752;23859;8799;31073;11648;8097;12272;21592;2769;20805;382;25222;13574;15535;18532;7330;23427;18179;15181;27778;22362;24919;20992;18841;26050;10588;29565;32446;26309;32065;19016;
32046;29752;1748;13061;24789;25840;491;31045;2505;4147;16898;22176;28440;25965;15141;26628;3779;11300;4625;3404;7946;46;30614;26388;25834;24098;21311;26316;21477;21516;309;9484;23297;10853;10081;29223;787;6466;26065;21763;16957;24011;26205;27688;10422;17391;3978;25878;19145;30806;24238;32220;3105;13975;11605;17638;12355;10156;26084;2839;21596;1187;27516;15384;13885;20885;14625;4335;27812;17628;31772;20691;29885;11905;11677;5182;14568;29684;28581;15941;29885;29696;12579;8229;6733;26365;23902;31518;7339;3912;6802;21636;17324;19952;23518;20499;27882;28594;19037;1155;
24079;17960;18836;32348;3152;24893;6924;25868;32055;31972;25919;30262;9382;30474;8633;19278;25625;25032;13943;7523;3883;1502;16019;31547;6492;26973;17955;9637;20753;11939;32094;1547;19420;24460;9984;29511;26622;30951;17904;14519;1834;18983;20000;5012;26252;32091;23733;6783;14346;23393;15209;17245;24778;8278;13101;31589;244;29776;29202;1399;10425;23632;2153;4784;24212;14194;16681;18747;23247;7271;22930;11626;7242;11045;23568;8453;14968;9949;8802;27874;6314;27694;17147;2229;24208;6040;28073;5418;23036;28723;31604;15409;11754;27297;13769;27545;29374;22593;6360;7649;
11212;5797;5434;9547;13853;21319;5335;11569;5232;14199;18183;26012;15488;4248;30711;3347;18821;18572;30543;19633;14333;17005;21009;6779;3756;28542;25540;5616;6370;12385;723;4833;5628;22154;19504;18050;557;23027;21052;19138;23679;5905;13035;27608;3604;10504;22819;29726;22194;13339;28006;27171;25215;13414;14769;29947;27912;9423;1188;23258;5512;4666;10210;19938;18536;28412;26043;31544;25090;14994;16905;4189;28330;20884;25175;10940;11247;31204;14665;25983;12062;32555;312;31143;21768;29574;18972;9308;24325;26748;7855;18305;24889;13364;1231;30860;26134;5860;23844;29077;
27426;21645;26116;6316;6907;5862;26003;4464;26776;11157;16175;3294;28625;29349;30731;19302;16162;4405;28441;1348;28332;15469;19502;11533;10364;12471;27233;16520;1552;10539;16820;7104;26391;27466;5110;599;9593;15088;24807;21277;19095;19076;26014;6625;10708;31602;11048;29576;1108;731;26738;30812;6660;18059;15208;8358;19418;1579;32095;22398;13150;9399;14000;12258;21353;9779;30118;28678;17964;13722;3227;26347;3189;18200;31581;16435;25134;10872;2007;18996;15398;8672;18925;25163;21269;20668;11943;31602;24538;5880;13970;29461;27910;11378;29539;10274;24990;4271;2270;2144;
10525;8909;13558;2049;7353;30136;9014;14202;4583;13473;3935;27538;12833;11180;31571;11193;32743;18665;31793;23196;11524;10630;25282;19702;9746;1859;17172;17065;30528;6693;8036;30221;28243;17007;14913;13704;7659;3790;21487;15199;9736;29396;22282;14283;26060;16807;14443;16720;31363;16635;3664;8010;12256;26685;8886;8905;17801;8209;1290;414;11735;5631;24321;26550;10710;30825;4293;12967;26260;11969;22609;2953;32664;25081;2078;21255;2736;26938;4351;5045;4336;28376;25417;28325;6391;24966;27448;13877;9844;1478;11406;11050;21225;15268;16765;4099;25519;19620;16583;1671;
315;22009;20260;27553;29599;8951;24548;9581;2131;3019;26837;6035;1334;11370;3431;12756;19664;1991;1294;19682;6106;27465;16616;18805;26624;9852;5280;9627;6117;27399;26258;31823;11368;26846;11056;9038;19238;31416;12196;23334;31295;30404;30647;17808;3422;30615;13041;5631;25587;12649;3329;12409;23747;10114;23904;10918;8867;21999;31282;25383;13952;9081;12909;9000;23203;12248;13116;32313;17203;21027;23718;25689;12284;23435;18795;6740;21358;29257;3630;3152;10985;6357;29657;11938;11320;13657;12606;24806;27739;11621;26618;1870;9097;27108;26783;20026;12917;22351;530;19465;
3281;13856;24625;29999;11536;20362;15801;5768;30065;25191;28007;18925;8761;23666;32350;6404;12607;13238;32713;16988;25262;29766;10177;21689;14087;22063;24945;5292;3685;28587;1656;24679;19717;22423;18318;1488;10501;19495;2155;16084;1388;12761;13029;18430;32363;32423;17752;17736;2787;25985;8266;26929;22310;22010;22351;4623;15618;9282;2347;20903;31996;27988;823;4859;7385;2928;13318;21091;3939;11980;12615;7135;2409;28295;21741;17324;10248;26078;13710;3349;19497;12706;32265;13196;20299;25065;26732;2553;30083;13317;24597;9298;16576;10418;3863;16236;2388;19091;23263;23313;
32688;14560;5143;14930;31599;19033;24010;15902;15255;23678;4041;19988;31771;8961;6222;17302;1188;2940;8416;2847;5264;2400;31350;28630;20539;24109;5343;17763;4990;12777;1377;25601;19830;4043;24737;10964;18823;6967;27586;31870;2464;4335;26833;27117;5568;26759;609;32630;25785;10777;6770;26664;16948;19515;152;23386;22005;11822;21337;2183;12384;600;4310;30044;60;15604;6830;526;21944;23305;12575;2033;5803;5528;10606;17991;2080;21786;25481;4437;4370;31018;17132;30653;6772;18558;11969;20999;12405;7451;23883;28801;18689;8393;28292;23369;21387;11717;6661;22696;
30218;10167;29735;11681;6977;24803;3688;19658;13892;24483;30480;26459;24376;6165;23572;5253;11610;28177;21818;773;29251;4958;6526;26872;14954;5669;9140;9713;14058;13221;2672;19273;29829;17193;3875;32438;1001;19767;10374;27423;30515;8971;3132;13231;22706;2628;31667;7465;32493;20700;22603;24955;25063;23901;17082;24981;21921;3922;18863;10619;19937;1020;27573;31385;3890;4935;28762;20568;28972;6396;23697;4846;5621;24120;1622;27770;15112;14109;2960;29776;1845;10439;12347;9361;31209;11138;26566;19968;24496;23866;3514;32272;28664;14387;4509;2882;30744;8698;6678;15277;
14225;26267;25426;14814;20883;29716;23717;19427;30659;27146;18805;163;12859;20923;26964;18289;26834;4660;27500;9696;4510;29891;12576;32728;10424;19888;9200;9705;21823;7464;8861;7648;24480;15482;18830;22936;23828;27526;6771;20499;13418;21105;18216;11465;24582;19358;9180;2368;4394;2522;1138;25821;6260;28375;2343;20218;14248;9692;7798;30521;16560;22202;13369;6167;9697;1282;28688;28612;24448;28533;24326;15154;19077;956;27250;26475;25758;14938;5148;27945;2423;28382;15777;2720;5433;2141;32537;20383;4177;1567;20726;12247;18546;17561;3375;3962;31453;3739;2975;32265;
29664;20171;23976;4967;18332;30034;27931;9009;2060;26069;604;14930;7235;423;30145;6865;7413;8765;4156;10734;23097;6114;24378;1134;28301;171;32714;11571;795;2990;9474;2575;10555;31855;23966;8922;27960;667;23787;22210;1623;14841;19172;31715;18453;26269;24474;7448;14513;16735;19929;18960;28906;26763;16648;11684;10506;18650;29265;24167;5923;4769;6402;7551;665;3913;14899;30644;12512;27391;7082;31943;3975;18092;24059;261;16246;9768;499;7451;25972;3755;23863;24620;25580;27012;16937;26657;25072;32525;24331;21569;17278;7646;6247;17921;30466;16961;25262;25629;
15389;20966;24351;5095;18341;16344;16362;23775;26861;11440;14230;10885;5190;22281;30624;24683;30405;28723;613;29838;30535;10540;21569;998;18611;3019;10233;5436;29055;29759;23126;32316;27766;16056;12563;7883;18104;32100;2298;26267;24322;19101;12105;22780;10799;2913;27226;757;8447;13826;30083;6035;15128;28958;29756;9857;6986;7890;8319;8409;20759;10283;14453;8250;21363;7389;28494;9243;6344;31544;25968;14686;28733;13399;27605;16424;56;16539;5806;17393;3617;22616;25421;6615;29546;9421;30017;14648;25548;32090;11971;639;26835;1261;10321;26686;13980;15294;19352;11902;
15838;22844;5527;13395;7975;582;17410;31667;25448;12191;29156;25479;7604;22684;26505;18435;23109;13856;8603;32051;32448;12746;21387;22487;32697;21869;26930;14449;3962;20161;19385;19612;10752;23384;28086;31391;8775;12499;25239;11074;5320;13653;1348;26081;25407;7224;29184;29374;7601;15103;22416;30619;31918;10892;25504;17033;20692;2196;20066;14075;2964;27983;18808;4382;17721;26996;22036;29549;25637;8292;18014;29312;18782;21157;28182;4900;9802;27795;18042;28337;24503;27986;2410;29080;8734;14855;1994;26684;2857;12616;16168;19971;3186;4817;29342;4780;27534;3960;19194;18915;
842;5475;16925;30994;10804;11384;23969;30587;25182;30485;31935;5252;13918;11009;15727;30801;26521;5795;15568;29336;20930;1650;14027;11185;10141;7853;18675;27629;27913;32076;23728;27945;21053;14390;31901;27299;21586;2996;6446;25356;18178;19750;150;16606;11183;30197;3560;23791;31142;23240;21372;3911;15270;25339;17556;16942;9884;21581;8767;15242;3505;1752;12158;4200;22406;5447;28838;30425;22718;23875;31237;27135;14270;25646;4552;21607;15792;29716;10524;13465;14542;1246;28820;28654;21469;17865;3019;18338;1783;23319;10314;9258;1422;9221;31660;10952;19886;7420;27904;20828;
15490;12811;28014;25725;19482;5525;17438;13256;24171;28487;20821;22648;14744;30541;3297;19000;6512;20934;17336;13877;31287;15989;22748;19574;169;28857;3457;30576;9020;9151;5234;12757;30886;16118;29873;28334;20383;7875;32605;18345;29672;21879;23769;26036;17548;30846;29995;22474;32614;19928;14242;19469;26083;28110;1468;24342;7945;11485;17734;30089;31416;25079;24005;21484;31280;23787;9493;26809;16852;8481;32592;31921;22574;14474;13810;15732;22066;13015;19002;22095;27847;9449;18131;2901;25475;15497;21683;2737;29878;15450;5956;26682;10923;29707;5057;30536;8746;2257;10211;30406;
22081;8725;21438;17289;22853;20074;23269;1248;7955;13505;213;1901;15515;26080;25745;14899;16544;25104;16265;495;2489;10006;3008;22188;15772;23141;21806;24466;17819;25490;14948;255;29807;2824;24686;4313;14645;28925;24061;9506;950;28837;25030;12492;15851;17317;6181;25295;32449;31178;5126;31610;23065;6395;16133;3078;29203;31084;5332;21617;11660;12821;11741;13194;14309;10595;23849;23880;11782;7725;25985;19295;7331;15593;2515;7189;13246;5408;31959;21330;21358;799;29681;12791;21982;25072;24922;6001;15000;6536;6523;8590;5892;23874;26521;32399;28715;11916;21943;9598;
25025;30688;11192;26818;13923;21495;27077;5872;21789;21817;16878;7652;10287;24951;21780;25617;24849;30172;14086;19477;15796;26401;32234;5776;13067;29185;24799;5687;8394;12269;10720;27172;29294;17408;32491;12912;20861;21557;18019;29444;19727;8920;10932;6316;6797;23610;309;21614;21433;27817;6226;16665;21998;29343;12522;1824;9897;8506;9974;29353;329;9964;3436;12258;29203;27764;16739;8596;8825;16397;14455;1530;15004;16613;3695;24019;31759;7888;5661;18870;31198;574;29062;20902;4559;12395;30019;19174;2791;16341;23335;20494;32048;28915;2082;32607;26298;32548;26981;29524;
4576;32230;11463;10617;12492;5704;22632;19328;21054;14498;1428;3730;5000;5763;17130;7395;13278;30955;25021;15753;27852;18106;12986;11918;13320;20329;30155;25924;19050;11768;316;10456;15417;22567;25629;15146;13992;11753;2023;988;22176;7446;5474;29098;21696;11616;8389;1529;12963;2184;24863;16050;19809;21202;30455;21072;31064;26550;1583;29240;2860;20184;10031;1865;29196;32058;29503;7349;18231;14000;12339;27919;30399;9109;24398;17829;25997;28349;13153;13327;14502;32682;12851;12808;8621;9475;1317;17277;21672;17217;15638;15076;2823;23468;3461;6095;14306;32646;17141;13249;
20866;902;30870;12608;21539;1928;20769;24875;25080;9858;14084;4686;9328;25274;26559;32564;21176;8758;20110;20028;385;20340;29256;22511;8195;29276;31367;10129;17985;21875;4105;27126;14479;2897;7254;16024;17490;26709;11427;7910;23048;17559;31735;20446;2184;6686;26764;4573;15754;21332;22648;694;28521;23990;20876;26114;5160;21712;18557;18360;2484;22889;27457;11518;21352;26875;27324;18238;20694;18790;1948;23931;20933;23780;26242;24550;11126;29248;28514;22956;13100;25923;15404;13587;16874;9072;23212;1477;9599;26865;26031;19819;8896;18896;14695;28286;27925;23402;18192;16730;
14135;4641;19412;32661;16695;10066;28396;31118;1987;7047;2825;19017;30885;10477;9970;32122;20620;14856;24942;23519;1551;14501;21604;20947;26095;18704;13121;9249;17564;17800;10394;26390;26875;3568;14099;27610;5223;32711;8575;6144;19446;10842;7752;23387;18173;4920;23057;14355;9942;7911;3483;4345;23520;29141;10981;12824;23496;23953;26008;18316;3335;11835;6817;13976;2988;27706;23328;3314;11100;26156;7809;31329;23191;5923;24552;2186;19260;15630;10963;1287;1104;13173;23291;20922;16635;26218;4987;3937;16595;29116;12595;22122;27998;16493;15471;29192;30929;16486;7620;20870;
23070;32362;6715;9180;18990;15945;23218;20864;9835;25430;638;18558;23682;15642;6485;20171;17255;3146;19564;20182;1433;21495;19164;21089;167;19205;16714;8079;15859;478;14535;11326;26806;4199;23797;23446;25924;24628;28011;14818;28050;26360;24155;10911;22261;25919;27762;15571;25900;32095;10240;6561;20129;13995;15193;16665;21996;16619;28795;2389;7321;3081;14833;5057;4907;2061;17143;11450;10848;8523;19166;18779;10679;19675;20402;6035;20272;14666;19483;21627;7251;30607;3201;23783;29811;12353;24435;11324;28724;14599;9546;15745;2635;7759;777;696;2437;30019;15496;26222;
19467;2552;31186;2961;22500;15849;31691;16258;21691;10917;1046;21099;21219;23748;29749;18899;920;15135;26610;8559;18056;28225;20222;3643;12434;23576;18905;30666;28621;3056;19953;7130;12492;1699;21774;4140;26912;1801;7149;5779;11039;3766;13355;30538;26340;13029;28006;21898;15511;13743;22942;12892;17391;16257;28897;4525;27892;19660;6183;30112;24074;9214;3963;9256;29483;26546;2907;27349;17012;6435;32098;21742;18915;7911;20516;1985;10847;9178;6746;14647;5112;25176;3391;29867;18289;12207;8761;8700;20731;23507;19388;737;24644;14676;11627;6781;25008;24974;8065;13108;
15590;2336;368;30396;23695;30879;8136;19575;25434;32139;12633;29184;12868;26497;12188;516;9238;26035;3663;23891;8751;22678;5728;10806;30339;27610;26636;24068;32484;3231;26696;1264;9601;4070;7520;15397;17068;7493;16094;4629;19424;12768;31917;16653;29698;20372;16766;30733;8423;11381;29803;9688;23063;30331;32218;31303;5328;32632;5029;4578;334;25933;4216;32689;15690;2654;23162;10576;4033;29251;7471;10562;4598;22209;23197;11143;27066;2296;6061;30833;30955;29405;10197;8627;9787;19691;23540;1467;9010;23574;6269;7490;21367;19457;5848;18209;14667;31088;22021;1638;
2902;16640;32387;26279;22438;9750;15728;31382;22517;26133;23281;10454;23338;19412;4052;15117;26659;22351;24180;25403;32178;3484;29405;11082;5093;1313;20017;742;17035;517;16715;24462;12531;14052;31393;8939;13047;32199;11119;15201;14137;7507;2066;13029;27309;28224;10161;8206;13656;29965;1827;11630;29783;17394;13069;11042;5410;14615;23883;24232;30226;27907;24978;1265;12321;25943;32083;15031;11762;24508;16098;16145;13329;18714;28631;17477;15995;13579;32437;17117;22369;27023;11209;765;19241;21249;32085;20467;23990;29769;16110;2576;25833;10068;4131;2742;27751;16833;18015;3763;
18077;29149;9745;6861;12034;26578;14089;3742;24988;7963;14373;22947;19398;23611;30254;1679;14896;12975;2557;4325;10279;10017;16866;14533;5143;16862;14918;18694;32078;9610;27022;902;28418;32275;9027;10174;15510;23523;22128;18330;21273;20314;2892;24199;17424;22651;25625;24269;28021;32485;9548;10527;25343;9733;2286;8816;31908;29067;24898;23561;11869;19994;20136;473;3369;29252;3265;780;9556;27573;6868;10463;1529;3246;17265;4018;9670;19894;18260;13918;1279;30604;12171;6090;12485;10591;2780;697;2969;3905;6753;9190;32540;23770;12661;30291;31512;24665;19668;3550;
26052;16816;9469;28693;24900;16897;16347;28491;2672;3923;17829;15340;5334;138;7427;8205;26626;19862;4722;6471;8701;6122;3817;17606;8979;22320;8637;20893;1753;32315;25026;27996;11887;27709;27059;24293;16387;32314;29651;17275;16278;21692;22741;8732;9475;8649;30201;18705;4925;4882;15993;10691;5336;11373;31779;9936;459;9861;839;2142;29300;9680;24019;2736;25564;24002;12733;15095;28989;29761;26273;5738;18113;14680;20140;8088;12685;1839;22200;24061;28926;24123;440;31700;11570;4530;13143;30253;14027;6210;3548;4927;29679;21762;26449;4863;7827;27817;6628;19954;
14330;31486;13197;13887;21880;15503;18673;28424;10876;166;28551;28154;29646;30585;8953;23331;10260;12449;6605;8964;4507;24013;19780;28392;13652;11704;14466;30580;11037;21336;4848;25982;19266;3417;2527;13603;21828;16841;15726;20243;29657;533;1197;19504;16947;2868;15618;5976;13957;5666;10444;24958;5572;3216;8519;7168;21675;30170;8112;27956;2561;12345;25001;21316;22046;19002;11486;26941;25516;4206;30185;610;26027;9059;28275;4038;14007;10708;16028;1050;32142;29469;28061;10691;31437;7665;15788;7984;25594;5967;32545;28010;28615;1458;7894;27884;30613;29833;29651;27830;
21048;21478;4139;20381;19450;8314;6433;5093;24546;18369;27279;30993;5686;7290;2441;14330;11326;28506;10813;287;26955;8193;19741;13628;17656;14893;14145;3102;17072;29486;18950;7605;9840;7066;32252;363;26318;22849;1279;30644;59;15715;22435;20966;3461;2849;12758;3148;18848;16946;17088;20085;24229;16855;5102;17874;9755;6161;27568;3713;15990;20753;11967;7779;6621;23280;1315;26228;27184;20896;18004;7772;3658;18211;28832;28225;25731;23546;12236;27360;9849;15329;14078;6108;12817;21177;29147;25685;25528;19910;20716;21949;26095;15642;13638;21735;6662;26961;16234;20833;
32295;12671;1386;12036;13463;1383;29773;12745;4153;20462;24757;23519;19028;26063;2751;29178;17813;19599;6443;6637;600;28084;20413;18299;10275;2610;1250;27498;18547;550;6807;6362;16060;17606;32391;5333;20907;31896;30067;1063;31150;19427;13783;11120;28854;11620;5579;30071;28476;19777;20519;13249;14978;28227;9450;19811;26651;12095;22749;20500;31405;17621;22643;6022;15350;31581;500;32503;30733;5407;23258;20739;32234;22722;13436;27068;2345;25608;1001;16124;30987;5816;28951;17146;30910;10715;24893;21788;31966;18218;125;13580;14907;13512;3782;11278;31197;26925;29689;24721;
28229;7010;24394;2051;28150;9076;30186;27370;14132;16163;21731;28465;8460;3802;27203;7359;23956;24292;27004;20559;12660;4316;24331;4219;17573;14693;10072;14617;28793;17948;19677;28875;11996;16331;4491;7378;3801;31968;10089;18211;21088;22557;23679;10941;6470;16272;15858;23097;15757;12230;30320;13475;17638;28476;27598;7304;2932;7702;24560;9552;3027;28179;6378;10958;26713;5825;21604;1814;6555;23021;2627;23183;26163;11358;17030;6729;1985;22211;621;22672;8496;8937;5345;31681;27195;26929;12816;22364;13359;4674;19032;23387;11250;24827;30822;19906;32068;6315;24223;17016;
15173;21381;29630;17749;12855;7502;703;27260;1670;9817;25085;14571;17669;8885;9623;9040;18555;10661;20759;798;6238;10576;19542;18913;9438;17082;8090;23759;1062;8691;15106;20127;5342;9871;19748;27550;10740;28757;27892;19455;9116;9276;6888;24690;6549;32147;23897;11513;31406;32639;31789;9719;17802;23210;8115;25482;16032;23354;22222;7963;18309;29440;18518;12084;15214;13298;5051;30097;29937;20188;9451;29561;24843;27218;32630;30799;17255;26089;17648;7780;4061;23975;31384;2575;32058;439;21046;7936;13631;5729;31306;8145;17900;12346;14690;27614;14334;152;22732;20311;
28342;17993;8813;6547;13532;13957;30193;28071;6916;29216;14629;312;2832;23300;10144;15757;13558;24031;17833;30440;14531;1049;31317;11799;12768;25097;5360;4166;1940;13672;16798;10519;9931;18438;12610;31477;2326;27323;30879;29093;11506;7329;27326;25373;25421;12928;29327;4762;5702;4746;12242;27117;27957;22601;23352;23829;29163;29909;13766;11283;6971;8010;1915;30458;24761;10617;28978;22598;15297;3294;5578;31086;14779;17363;24195;21949;926;17154;24235;8029;32435;10016;6779;31413;27292;27353;13628;1013;8340;14598;19117;21230;22520;12070;30633;28968;5127;9228;22021;30254;
7910;18133;28600;15917;13798;10781;27966;28349;19210;3955;830;15871;32708;1801;25450;12264;15616;14256;13478;15836;3171;25348;22125;7295;5845;31204;29553;5064;27709;21798;10114;7511;30859;26248;15537;15624;18940;30185;17333;18376;3225;16057;2958;3239;24322;430;15464;5167;25705;24248;6593;27124;14305;2872;12238;9325;9433;14445;28699;7938;18659;15918;371;6758;699;24031;18175;14119;21124;12702;25265;32388;3924;7101;14052;28030;5619;19061;11068;13874;21728;9176;14548;11109;22933;11784;408;2657;17164;18343;30447;5888;15746;17550;21406;15878;27515;17090;27881;12723;
24582;19363;7930;13465;3650;5479;22663;1708;21025;30919;2480;10392;30316;28408;31270;26967;23560;11229;19090;29186;9847;10363;9525;17383;4513;12717;25035;23773;21717;20249;8374;30164;14091;5730;8536;4016;14444;16032;22465;16984;29972;2061;1418;521;9494;19456;23040;20209;24000;18720;23942;761;30753;32721;11316;12770;16585;13043;17348;20371;21712;24780;26799;4273;20506;18498;26259;14705;12504;20046;12248;20138;5202;22445;8339;23855;12517;27353;26794;19291;12615;11831;24890;26861;21779;5778;20789;12566;31361;22984;25936;29393;30068;31171;24348;21363;22459;31659;16242;24451;
3728;8026;28693;7627;31077;11025;12435;22703;24033;8041;19052;4542;23845;26508;20598;21383;20051;22948;28032;21934;8785;7060;1590;10047;13514;16359;12869;21313;11894;12037;20671;13199;23708;12461;15296;26083;8661;10655;24402;5940;25618;24985;14222;6466;7136;25989;31236;30319;26859;23025;28253;30672;20417;20927;14911;20868;1241;32030;9329;26948;26836;17593;4928;27452;6658;9518;18977;8473;16168;24257;10903;16228;28545;19794;31831;7438;23554;31884;171;2380;7650;19552;21780;13221;20058;14769;26931;23112;19370;8017;3049;12964;20316;813;21438;16435;14796;17348;26239;3478;
14056;14814;25643;31719;8245;8826;30993;7243;16403;25864;23346;18374;23105;2520;14060;26964;7587;29907;20186;11829;25411;14441;21238;4232;24215;5322;13056;28699;8962;30553;28708;11650;8860;3677;12759;31590;2614;17658;8706;23072;7833;15201;21602;29062;32527;3907;15662;15621;28965;2187;31483;15857;6574;32332;30686;10264;18187;2040;9680;15517;12458;20180;23126;18180;20429;5032;3425;28809;13709;15547;32626;23990;542;32766;2819;18996;24916;32136;9507;5858;12390;24130;20832;32292;12531;19172;3305;25214;27970;20256;29940;27489;12750;32028;11358;25668;16386;25894;17553;4599;
7745;13732;11691;29236;10537;5961;29149;6520;18969;6543;16400;8976;30448;17249;2511;26487;24344;7191;14433;27871;27076;16552;15669;17934;26997;22811;388;21355;10435;575;31025;6745;13402;32668;23796;9923;1603;18857;20407;11000;30309;19520;29504;20922;5195;26958;12305;30353;20007;5071;13452;14438;2327;5882;28507;6732;3752;23992;2319;9889;29593;20059;8455;18518;23521;3725;20884;20107;16370;17286;16218;20063;5952;8835;14330;22278;3069;25971;9198;11292;7207;30707;20404;31288;19397;28796;20526;14789;19566;10715;1609;13325;15882;4322;1501;24215;27869;31326;25556;179;
12481;5449;12175;22355;20914;19776;7045;11036;5520;12599;6445;3261;23329;12907;27679;11136;26198;20376;30838;31262;16847;108;20600;5592;22944;30012;17785;9155;13142;32503;32764;6244;26421;13144;25372;7548;16068;8543;16170;2597;7308;10753;6040;8478;4380;20767;21;2404;16720;6837;21754;13570;467;18516;21221;10793;19427;2770;20899;25219;28500;31808;9812;13509;9688;30236;28873;31876;27517;6088;22577;29769;16503;4411;31477;30183;14368;1527;5600;5388;31037;7226;9859;18455;4995;3193;3288;4905;20058;17674;28709;27007;21728;30241;27427;14591;25393;6653;17248;21520;
22758;19811;12258;11695;21723;3148;29453;7104;15926;9947;19399;5025;24228;657;473;5381;29158;31684;4504;14080;20109;31565;15046;2910;3073;5250;30387;19513;18888;16228;6567;1995;31749;793;9092;16000;24895;9372;936;10063;1380;11699;21521;3659;30222;24609;20420;373;3076;26909;2159;16341;28164;26884;8013;7881;12480;9035;1354;22940;14374;27319;1640;32602;15844;7632;9313;29411;8492;18323;1166;12607;25524;14439;29959;21041;30722;11090;19724;30479;17638;19309;11427;7120;584;11669;24451;32359;21283;4708;26417;4176;16594;1119;28777;9832;31627;9841;14271;23297;
1065;18073;8582;22070;9006;2271;2289;28796;20744;16012;2680;25466;29587;15770;19837;32027;5344;19562;4400;2273;30517;30133;176;25468;10836;22725;4723;27803;1536;18917;30439;19202;11710;22294;23129;14044;473;1283;32279;15955;8616;22583;27857;14431;25363;32398;20037;23003;25428;11497;7708;8414;5371;1318;18958;2632;28469;6224;31565;17819;8781;22802;3873;23309;30067;4722;719;30683;12733;14012;22208;21727;15979;6843;11487;27493;21103;28975;9795;27707;24365;6780;17422;11527;6271;7328;20373;32733;15868;22375;3521;10513;2426;18658;16821;26442;26321;30229;17072;16856;
22754;19440;10549;4424;12248;3201;22378;30261;29870;7271;24767;12897;11762;17546;5327;6148;25032;15369;12683;867;31025;3700;149;4773;26765;12860;25578;4066;16735;25447;5572;16766;4433;5768;8127;5301;12920;6127;19770;22134;28888;11037;7424;28277;10539;15995;30248;20604;17630;1867;9273;6145;14173;6622;24210;510;24720;20999;24329;14589;30885;8145;19411;10098;26897;3181;30884;17486;14033;2926;17174;3537;25078;27705;3663;9888;24160;32694;8670;18711;2506;17996;28647;1248;17159;14861;1664;31429;1674;2349;12378;2754;13356;21689;2212;10335;25130;18309;1580;18749;
24941;6503;16840;8686;22287;21154;31732;9481;3866;25509;9660;30846;27795;25846;28893;21800;6839;4969;11047;1185;25476;23701;26917;29018;20347;3976;17408;31979;29349;1466;11937;4263;2772;22592;9750;7284;21291;30018;16695;30682;12512;10671;25481;22873;7489;29487;5986;22528;28917;11866;21326;11067;29829;29991;11954;7405;23067;16807;18863;25022;1161;10483;27721;19383;16268;16995;8393;2828;19794;3840;19807;28984;27963;30012;4364;27215;16349;9441;26559;8336;11338;30536;22975;32314;10901;8139;14920;418;6034;16508;14713;6017;30174;14104;19822;28562;16415;13878;13993;32605;
12429;32452;9142;10061;8626;19892;14350;11785;27757;20979;31293;1537;26429;16027;27968;4423;27324;19817;22833;22433;32618;17777;1830;25308;6316;23056;29782;13667;277;30243;16509;3856;23523;18294;23426;29761;24525;7808;13911;11055;12028;30285;31522;9083;28759;14523;4250;31754;3587;4841;27827;6931;15658;28141;31357;3190;13052;24517;5961;6736;10996;10384;27407;21452;8797;4095;8204;30268;27924;14086;15791;27752;1935;12759;10934;22565;18974;32272;6805;23082;24945;10547;27159;3104;12379;15192;12103;24824;32469;14878;145;24449;6726;22503;14117;27450;19202;9029;12444;3941;
17168;19119;21470;92;27184;18553;23875;18216;11036;2819;13816;19280;9743;27952;23205;12015;27780;4889;5452;12553;10816;32515;3701;2591;24466;29327;31112;30465;4314;28721;24698;26084;3912;28899;21163;31156;16102;8731;31503;22444;32217;16378;24973;29475;4324;24518;23460;19369;14637;16026;28756;20818;22340;26716;13116;25426;16225;19184;23296;7370;8941;2475;5869;25570;13124;9483;26592;28440;25018;19109;99;13528;24796;24926;28698;31052;19192;9694;7774;28277;4575;27458;22567;6779;7145;21521;29999;30785;12858;6002;22612;1597;9284;9884;20286;14215;17549;18061;5443;31535;
8882;29183;32135;19924;9901;6040;2152;2418;29011;2145;26649;26492;9760;10873;14476;26923;567;17419;28310;6677;25765;29309;16974;24833;11238;8682;6326;21242;3242;6355;12445;15522;17881;27665;5827;21961;21972;28430;9535;21310;5374;29749;4638;19173;22907;29095;20813;7690;2103;24112;19897;24053;14122;23161;15796;24255;17627;31359;5787;27748;2339;17219;25525;22040;820;12484;1119;17375;10457;22570;5478;2648;15104;31300;2485;28889;17269;6708;13872;7617;8176;27753;21727;7434;15954;12750;17231;13598;28204;21313;53;32236;27521;20807;11349;28218;1741;23550;4770;21309;
3653;10067;31655;26215;23649;20340;20517;30080;12184;24969;20222;20728;12138;23711;23121;29820;17060;16100;8167;7623;6880;29466;8398;17851;6475;12870;23619;12208;28843;11688;8662;780;10400;5360;20168;8979;26153;19631;31416;14593;7531;26892;22398;9302;4270;16568;18520;17778;16553;11300;29764;22113;12799;17649;22444;17912;11273;14760;6472;18721;21718;2475;9793;5747;20080;15723;22930;6;14689;28380;12980;24453;16502;13862;24442;2180;4547;20126;7482;13588;26855;2036;13613;8341;3730;22445;6168;17612;28996;7892;23852;27958;15191;30701;10283;5275;2623;8491;15053;16613;
11025;22243;13666;20787;66;12863;19128;29226;29873;24631;27455;11403;8168;17597;11115;16907;32671;24120;26970;19551;27266;32052;30135;21142;8245;9304;17374;18603;6804;9368;25921;11611;1087;18860;21514;14900;30806;10944;20738;23023;28545;29549;22705;22783;32308;14568;29639;1130;18481;12153;26298;10968;19790;21551;1201;13289;29560;24275;10657;16844;29176;4122;8117;4366;501;12318;29684;2735;30778;20751;32286;15483;11322;10790;8150;11159;20561;7899;32518;13659;8013;18008;16256;29279;813;1837;32737;20441;6441;6981;7611;21286;14066;4121;1267;15270;21818;5923;3687;30413;
887;14998;12756;6775;18660;19020;3832;22908;5833;5376;4595;9861;12285;16829;14067;31006;10665;23958;12560;26892;26958;29080;30837;5088;17418;13565;961;204;8983;12194;12461;30390;20884;24764;8174;30859;22408;15814;2141;23510;1572;7614;17749;11665;6472;25744;9308;22842;4681;723;13830;17962;12274;7603;9751;24355;10184;29486;24296;14376;1170;20100;31756;18065;19993;8424;20530;24414;24109;4732;589;28620;1768;8060;1523;9254;28215;5561;29443;28894;17045;1610;139;12764;11546;32638;9961;21526;9397;8981;11568;15713;1718;27823;9677;26246;6287;15492;7786;23449;
22235;31318;1810;5766;13727;25764;5270;26605;13776;24609;8752;25136;29718;23396;22119;31434;5328;6881;3890;21986;12632;280;22880;28703;10888;9996;30519;6847;1149;22775;14940;32227;12186;19260;13555;5421;25296;7069;1542;23181;27421;29358;17707;4952;5203;22921;20833;29595;3867;6084;1852;2990;30777;11680;8770;13324;25874;16003;19860;27489;6507;32681;10193;23269;19059;32534;15927;29929;4868;22223;17163;25007;32038;8265;827;11903;17621;15394;24387;29431;14340;16911;19277;24739;22497;11542;6812;28878;8027;6141;6698;9367;4833;7682;16016;2887;32109;13260;26919;737;
32450;3234;2157;26363;20210;24539;6058;8653;23330;8853;16851;21384;8081;2474;11182;1001;25303;26592;10551;4621;13931;15456;25155;22151;24680;1386;10851;11184;4753;11078;4107;20542;4754;6014;26355;22552;14217;19530;20926;8041;24772;4172;3802;29683;18892;637;3239;26791;24483;10856;2267;1906;31563;22678;16165;21849;9607;27465;27408;23752;18406;19309;8491;12839;28412;13771;17255;9903;499;9344;5312;7548;4931;27821;12319;14051;11965;25713;26239;17925;18638;9492;18511;17572;13058;15749;24088;14646;14791;26887;21600;17208;20340;7719;7886;16837;26761;2545;22159;18535;
27960;19299;22519;22061;25637;802;25452;766;14955;2924;17792;5932;19679;27726;19037;16716;5784;24599;102;24134;10415;31756;3611;1960;20291;20829;7997;23616;1984;6744;11571;14057;11361;18397;9901;18341;30964;786;14983;17132;19678;30551;18928;6980;20062;30845;17867;30994;21270;22834;31573;25776;12743;1472;5129;22207;24924;14072;19649;8895;2346;20840;10269;28637;26230;17621;8232;13323;11063;32741;6969;25942;14878;19483;10264;21876;25556;9736;17762;27549;2435;26048;14383;12445;18583;19340;13809;24870;5062;17630;26016;31338;23885;32138;31764;29929;13949;4402;30642;8584;
2167;28930;16202;23780;18996;20894;10304;3301;22472;13657;10218;7318;20199;26280;13370;27188;5288;30422;6045;23429;26761;5369;15394;3178;10419;20772;12767;19384;11136;8158;29841;23108;21051;12755;13442;8253;14631;29642;9904;19647;10434;19159;8235;5028;11338;24786;191;32158;29057;5383;12499;32387;21934;25903;13969;17895;17380;25248;9799;32240;18566;1984;29197;27750;32267;447;23721;10762;14079;17030;5039;25641;2378;28394;13549;23664;7861;32038;17157;6914;28330;6024;19804;1736;17723;5994;20275;22536;15207;11364;2580;6458;1176;960;24432;10775;13679;1070;28038;30962;
26564;29113;29574;26187;24553;3578;16631;1698;5935;2188;13398;13961;20396;21440;3328;13565;5435;12689;5202;14326;20419;3290;25102;12093;19133;29382;16384;10622;22000;16520;28898;3998;25471;22861;24190;10830;18214;30831;29458;9697;31425;29676;8696;2138;3086;790;25478;19914;6067;23948;10292;7897;30083;18024;1788;21922;31229;22458;11015;17604;28949;8758;17541;29877;13880;29993;221;19290;3466;25266;19974;20949;8818;21550;27956;3231;20312;17140;6328;6614;4781;26947;16673;2520;21804;32632;9640;9744;25952;22916;19403;6672;19559;30878;6711;13024;24565;25909;6891;10390;
13724;25897;10395;9767;23370;25146;2898;893;30995;5313;18524;26058;16432;18078;10595;14875;19272;17009;16088;15920;21487;17165;24981;2955;24941;30505;30656;22727;21696;27993;242;25899;30180;31805;11672;17023;26193;31480;1434;28958;7366;24036;25147;589;20037;2949;16193;13515;26718;32187;10069;16298;177;827;16300;16220;23983;13631;14055;30993;31904;30077;6968;26689;14570;2134;23495;19076;30864;8017;31060;7594;505;26567;10781;17416;24307;29152;29954;17168;28919;958;2023;20517;6831;11511;19802;8109;8885;11849;1397;10855;13214;2441;26118;23806;7479;19933;1518;26079;
15118;29739;6087;5448;9268;24529;14282;930;2114;22423;20719;29201;23962;2785;23893;6473;17647;30506;1509;23203;17928;16813;25907;1904;18880;22885;29092;12941;30034;30008;21206;16440;19155;17008;9788;10273;13056;22378;30473;7620;21562;16018;27984;4855;23247;11663;30825;18623;5755;15546;30870;25192;4399;13013;11238;11989;784;14586;25178;7188;18371;2769;15687;2357;14568;30470;32251;27229;4580;17402;10147;29462;16612;19641;30829;15081;18719;27181;32233;4143;6747;31889;18613;27940;434;10535;857;17213;6038;8238;28784;4284;20243;32527;5129;29825;2644;8919;3148;13347;
22633;32489;23905;26687;16455;19445;13453;17168;15632;8996;26270;9536;20373;22933;11658;29950;18714;12301;26963;27473;13145;10986;26669;19372;31177;9817;31203;14786;14367;31433;21111;8603;21013;17824;9;26088;14443;10796;30713;18580;32556;7900;32592;16795;10547;6832;29276;14367;19693;14062;12187;20921;30305;6423;10715;19469;27245;14617;26014;5281;12114;22470;26051;4847;32371;14725;19299;22712;857;31047;11514;11420;3067;1981;26823;8936;3644;10953;30325;14511;9910;4402;31738;9500;29878;20123;10688;21766;30599;21430;8706;17605;20724;14005;28538;11332;4360;24577;20281;12632;
28440;28463;20950;5200;5124;27696;6090;2766;22969;6343;11547;15573;9210;30272;18488;6178;13921;21344;28708;28096;11168;30360;19927;3543;29197;14461;11490;21957;29022;8829;28497;25711;15792;26058;30933;26841;31695;16027;21795;16117;23217;6036;7575;20153;17987;386;25117;24948;14185;21324;6481;24930;17727;1575;23525;14206;23462;8712;28483;15255;15100;20063;25460;27302;9514;23298;18497;22367;23524;21863;15768;2310;21548;32279;25393;15492;17176;12895;27504;15290;26582;7753;21902;16149;14061;19147;4852;3427;19141;23613;7143;19941;15722;5392;14186;16549;20365;28862;31328;20745;
204;27389;16882;13993;32051;18232;11568;6238;1026;27711;23035;26011;11184;10302;26914;23041;10033;28908;3531;24365;28789;29700;11285;16597;31793;3065;19195;26387;23265;27878;23932;2816;27406;7619;9976;6533;204;4575;16094;14446;9864;30346;30596;8640;23296;2322;11350;18765;28819;2290;15155;133;29115;6725;11540;3215;11992;11393;20975;25241;22831;14689;21467;32364;20274;28707;1396;1859;32258;8436;28545;14045;31794;31913;25044;14033;16846;31919;2930;26658;8603;1861;24052;18707;26529;9192;16429;27964;16615;21519;21517;15326;20606;25625;21445;26740;5568;18564;18988;22922;
2010;23391;10850;29138;2696;3586;2739;28533;8224;25340;1726;21927;31954;17485;3286;5246;24366;2518;6824;25348;20966;17421;11550;32651;15062;7925;26500;19008;23361;29006;13802;28163;9566;19464;28361;2934;2835;7678;14313;6740;10752;16353;12929;29957;30911;31858;12961;17007;22890;26869;1485;12814;13662;8674;3306;15943;1599;16349;11615;26873;28733;6376;23924;9814;20885;8664;20477;27121;27482;1029;829;2583;1909;15174;14085;28003;16363;20509;3612;13965;19294;558;24291;25219;29399;30454;30521;3259;5314;16569;22429;19911;22842;20924;10642;26666;31623;12213;30024;14186;
19685;31616;23160;5478;21639;8467;20624;10730;12508;17332;12816;22657;7697;14954;5940;16522;17879;12465;17363;910;15462;16241;11399;17873;20162;4657;22286;7463;1597;27784;6640;25097;1341;9173;32610;5864;8511;24880;20331;22977;24092;16289;1349;5106;11915;6799;13318;23628;7656;8315;7808;16233;18228;32238;1637;25152;15708;13487;30383;13046;18622;29498;3390;7160;7657;110;1987;27974;29092;3974;6110;28690;3635;4170;17027;22665;19925;20358;20130;2545;7825;31676;1799;24820;29490;25110;21375;30779;17809;30622;27964;6975;3602;689;12922;23388;21617;30897;23907;31528;
15807;25595;8752;9218;15271;26137;30866;6638;16630;10808;5200;24992;8027;23516;20785;3286;29290;30162;5660;8427;15335;32103;29566;19369;5442;32215;236;23136;6750;22536;15882;10036;29078;14968;31403;28859;5378;21876;2617;20424;16630;8076;18008;16257;11212;15939;9414;27576;27364;26379;25733;14712;10472;19568;5693;15837;4437;27539;988;5929;5431;19930;15231;23573;27956;4838;16789;5477;31947;22213;11841;30143;31454;18537;14849;17341;878;1113;32142;10817;30375;1959;26883;25353;18716;20258;13888;28547;10579;30412;23185;21474;7812;28047;15243;2161;1182;4395;11063;5415;
2443;18035;28531;2940;4021;25017;22676;21116;6601;29575;11088;31002;9147;19856;25052;710;3338;21477;2129;25154;30789;28268;14420;5809;17358;11919;30710;7921;32734;32049;32729;14122;1481;25830;11413;5287;5251;19555;8025;5093;5731;13619;20950;3306;29736;21164;8536;16856;6458;3362;5430;7106;3378;17754;25709;10686;18075;27713;32392;5692;6906;17118;7107;1686;28685;22150;6255;6376;4689;3407;8088;29729;21702;22215;26854;7770;24054;21733;3521;3431;17972;4415;14776;9644;27426;4734;14884;6962;7286;26127;12552;26875;1533;29212;28476;21138;31456;9147;14795;9189;
1574;19813;32409;9047;25722;18857;15433;27154;19246;13857;8541;5786;8321;23206;9887;3496;2333;4288;10432;15669;28388;16224;17728;5589;25836;16082;32397;11846;3272;14573;27503;17737;24842;22925;30115;5552;2309;25411;27591;12473;6616;31818;27254;21146;26792;18365;24755;25949;21036;7944;13195;9710;7023;32669;17654;8051;20433;232;25087;28891;16463;26244;23588;4282;2053;8879;20992;852;14833;23803;27431;14071;7162;20807;2898;31375;4913;6894;16572;17012;9558;16446;29131;12166;13214;4652;3571;3196;21171;13381;17880;13689;25597;24808;3762;7648;21536;15795;29942;26730;
8902;21563;563;17782;6046;768;14905;2976;18597;31392;29569;16020;21924;6986;3785;30757;31993;18038;20991;26521;28059;30931;27232;23367;31321;16513;23009;2149;4706;25473;21454;1307;8970;19050;19633;10459;18123;861;16757;18165;25994;28986;31179;30566;10780;31508;18893;25073;28937;20451;5857;16242;5264;4729;9185;1390;14827;440;26745;28654;980;28929;30672;23950;20039;9455;14954;12753;22410;26694;32589;12727;31339;27942;10338;3730;24009;20101;30239;4885;15701;17884;13923;9902;12186;26911;23201;6934;3387;1267;14657;30758;23932;26396;32323;14828;27652;11572;3878;13566;
27618;27555;26120;5390;19405;16587;10254;10687;8112;10371;31494;30135;17254;9159;24139;13301;6849;2221;2793;18277;4818;3739;7938;18610;18532;27320;6257;9820;30666;4256;25260;2826;6619;27484;31727;32289;21050;8849;30103;29333;4827;16375;21452;14336;6338;18701;4194;497;9742;8460;17665;31110;7479;18201;16516;3389;24980;17598;2976;29447;8480;24731;8390;4254;27517;26969;23370;15897;14905;11488;25028;5822;20049;28618;4023;19479;1779;30999;8816;12104;5512;1570;11569;25759;13042;15059;6287;30061;14866;25111;12569;13332;19342;4749;2362;9826;24273;2947;12897;27165;
25683;24096;4446;18399;23834;14050;21008;26660;2945;23372;15933;24226;8504;12248;31681;32729;3724;23091;30187;13546;22248;21417;30244;16812;3740;32734;12241;12541;26078;7104;17275;23382;25870;6329;32045;15267;15935;14377;21022;1617;22514;31507;24976;13992;29988;14871;31992;1627;7820;31136;31583;861;12574;20062;23560;14327;13779;26103;31827;6424;26284;2041;25825;12012;1269;8980;29177;11183;25799;14982;23339;25796;20944;18390;24115;25089;12630;25797;4384;30542;1402;20866;8117;7278;13754;11037;30735;30492;16570;26174;10888;19290;15172;25111;220;17926;16525;10135;4234;21934;
14266;10464;19581;1445;4770;5372;23020;3926;27094;5067;11391;5593;6623;32320;11699;16324;17862;26317;29567;9028;25306;1564;19000;14444;12717;24576;5554;17868;18528;13483;19880;31558;4640;4641;6493;12061;26609;6637;20100;29007;9898;20242;22365;26917;26177;68;17442;12552;13897;8792;2977;9366;953;12026;16170;21749;3055;23454;13739;5991;245;15545;29210;25119;17154;10544;18707;27476;21316;29200;2499;16019;25564;17025;11780;15449;10539;15349;21961;14305;20556;8869;4541;10043;16097;11838;16679;6558;19;21207;1809;26623;724;5671;6825;21474;3431;17653;30439;2161;
2595;7375;11632;12747;4468;15871;24763;7838;21794;31163;10610;8184;20694;20636;27419;7002;25562;13650;23543;783;14368;26517;17450;10427;6790;31582;14365;7735;10328;24664;21025;6300;30230;32145;12117;2462;4984;13686;13257;25372;4272;26110;23011;14580;26863;14629;4354;13596;30250;22940;28514;4591;21022;24511;15168;3780;18578;2759;3902;4805;16092;6721;7688;29183;13478;23487;22840;2229;16882;16589;32631;8442;13916;4390;21989;22143;15775;3368;4284;27817;11611;5254;12080;19174;24598;9533;20121;4930;16768;18121;14547;1845;28667;13720;12773;11967;5978;25279;18658;30135;
26857;7148;12301;13153;21678;28571;24640;20542;26607;8589;2959;32296;29941;17270;9000;13982;26639;17911;29821;29532;28121;5579;8614;21806;20157;6469;30976;11527;9147;8698;28699;6989;18534;9915;17875;14712;11823;22982;4028;475;29926;28476;14020;27073;27774;10198;10003;25020;25617;29652;14134;12346;27171;16951;2685;23129;25131;20528;29345;3837;4944;3288;5290;18463;5232;25889;21776;5736;14694;3085;20257;19198;25997;4894;23458;29598;26496;26381;27321;23787;16932;1215;13579;3845;1769;31348;2081;30814;9548;2370;12816;15049;21409;31426;20569;20180;29967;32521;1550;29016;
8412;9945;23862;3918;12010;19993;22387;9188;28034;2691;29154;15569;25681;29341;8259;6373;18608;20714;858;5348;1833;5985;24212;23188;1590;10014;4334;1557;1611;16472;5395;13681;17175;11923;19652;13940;14856;1302;7037;18110;14861;32672;5206;6678;8351;23383;16167;6913;26626;15361;14575;6547;27336;29046;13175;23686;152;12629;6194;18569;22573;6391;21096;4570;12961;2977;1171;11287;25580;16638;11530;27730;15528;6092;32220;4451;16663;213;27647;9858;20838;5665;14762;29717;10035;12906;32767;29382;19534;7376;31725;29913;28348;7374;8789;31164;13826;2669;16235;24544;
32160;11959;9568;26824;6363;2159;11838;17248;959;18687;5395;4239;9573;7602;27217;5647;1906;6435;10101;4989;9952;20726;9703;28076;16897;965;32033;9279;18368;23389;3092;17783;19499;7979;12743;21577;9774;27377;31042;21684;6817;15805;15530;29265;14470;29980;941;29996;19083;2187;8481;30930;471;6446;21479;6571;15874;10693;28438;3210;5733;4827;19797;21635;2197;1856;5001;2813;28714;15546;1713;28167;11205;3320;30989;10480;4945;8903;4742;2833;9096;1929;30794;8430;697;9442;6071;25470;17097;3764;6266;29126;1145;10574;14840;2221;24550;32736;8173;11531;
13910;24370;21074;15363;20785;2198;29829;21907;29262;4380;30628;21865;14704;16644;19513;19960;785;1913;22301;14796;9310;22140;11670;22298;10370;31518;23747;24988;29479;17906;16442;7835;27706;6082;11247;28494;6383;9857;27992;23906;17926;3713;26574;21978;10060;998;20535;1561;4196;14427;19426;3901;10951;18691;30386;943;19722;18610;5247;25336;22368;14942;29113;2007;14687;4048;14158;15504;1287;159;13774;27014;13056;19807;27598;4620;31779;17174;19338;4985;27708;4847;974;23162;4622;21043;20502;685;28824;13940;5108;5227;5527;25100;17842;21733;31052;21702;27704;23666;
2943;21722;13361;26407;4548;25631;24682;5033;15101;5500;6522;1087;3104;22175;24744;5675;2619;498;10761;9019;17845;19659;25065;411;10966;26084;24940;13805;15241;22538;5749;2971;5729;1305;25287;1900;28379;19751;30315;26710;23267;13824;10577;10900;6553;9939;6202;16632;14164;3114;2260;30849;13031;30751;22823;14896;2084;4813;32305;7960;17311;28422;21965;2741;949;5956;20442;16254;2764;26337;12952;8637;18139;906;32341;7327;29230;2801;13386;23943;12643;18626;1216;22952;21177;2265;10359;20947;4746;22962;26951;18573;2325;21280;7688;7781;9601;13634;7600;18565;
23071;29619;28091;21894;24048;258;12240;13449;10087;28258;4769;29315;1135;13218;18963;25048;29616;13151;21151;24620;8974;20344;1015;11893;14195;8642;14061;3925;16847;11517;657;8104;1373;6663;21658;7513;29479;21840;26888;4217;32460;8334;25863;2706;12417;27826;6421;28728;6230;4122;11879;226;1723;11528;17289;4344;11842;23635;15430;10797;4774;28764;18631;1551;26893;25668;26623;5852;19850;19292;26950;4760;29158;21725;12611;13404;10656;14298;17936;10225;30514;7026;26265;21406;32406;20298;12613;29757;265;26683;7641;16276;17935;5447;20121;227;5559;16594;31920;25530;
10272;21006;977;24845;11836;8888;20767;650;22484;32002;14666;28714;31436;13776;31227;31751;16297;14118;27251;8301;30544;3809;8047;9267;32272;21926;1614;22860;20451;537;15221;10649;12785;31823;8179;26113;5462;1413;29281;3012;5925;18450;28428;29708;16813;9114;15191;8646;29435;2437;8282;8623;3232;32175;22735;12466;20660;3937;30255;7281;4122;24193;8472;4642;3590;261;14578;20380;15549;23725;5842;27313;14236;18674;30622;8895;7772;3386;20851;28802;13716;3917;6211;18476;28799;17932;13763;16824;18432;17505;14468;7035;739;28786;32351;19196;21350;15130;24087;4101;
28152;27545;5178;15866;32064;21386;30536;12138;5985;32534;14103;6116;6269;13672;11126;10252;1656;23904;30225;14317;25086;6796;31637;27537;2247;13908;30740;1487;3353;10612;12970;23909;9871;22960;5217;10311;8218;24514;9810;4406;26437;27032;15117;19347;8381;3260;18235;6518;26128;7444;11650;30715;4277;23499;425;26076;13901;4751;1789;30789;14888;28413;28147;12771;6155;12889;5390;20543;19504;2435;20739;842;31887;8486;28;17208;18268;18995;27866;14482;23249;17038;17374;27271;14893;30215;8457;10116;21501;19339;30691;23556;19866;21147;23353;19368;10227;25854;26635;24714;
8588;4275;22437;1231;31175;24106;32011;14971;31075;18100;12698;25993;25666;28471;29933;31804;14447;31526;17406;4528;24159;2992;27533;28340;11895;16184;22982;11484;28623;17670;13086;2001;13366;22844;11902;22764;13686;15627;31907;28931;6105;32550;16069;17539;13803;10359;20598;7615;22914;8466;26830;18824;1532;24935;22213;29182;14280;17339;23776;7077;15656;2521;28688;30908;3124;27396;24023;1738;14883;15921;7596;10873;30662;5235;20897;15783;14165;22455;14915;17339;24430;16817;8641;14389;12123;16150;593;11146;14484;4876;27600;8750;4484;20191;27816;27122;9616;29173;503;22928;
18006;17924;21230;11908;25138;19330;15223;32030;1031;19037;27162;26326;60;23277;5409;2783;29444;31527;2810;25855;29667;1043;8670;3741;8814;4992;19120;5660;28754;15862;19240;24679;19607;7404;25392;18637;5158;3387;24974;29456;27529;12755;27588;952;26099;3756;32052;12973;7552;20480;24968;27653;8381;4536;11857;29467;22891;15140;32750;15329;20608;17134;32176;28279;29551;28497;26940;18684;16041;26246;15664;21412;29028;9087;7945;6922;11931;8920;10308;25800;12118;23563;19139;4678;27179;23267;21619;9679;21509;3379;22060;7658;7716;6343;29144;6887;5477;19867;21464;696;
1732;2123;23459;5890;19743;6347;14256;12660;27709;344;30871;6744;23822;8622;24435;11623;28468;8828;27530;16610;25539;13589;27440;734;9541;31592;5096;16608;16642;11314;26061;19881;1406;18290;24112;31059;27202;28446;15747;20381;9439;14356;25717;4228;3889;1875;3167;5907;17121;20331;24287;8827;3629;16946;12482;13670;9708;19129;25640;32649;14540;25470;13794;1400;18399;7395;31263;31423;26710;26591;3144;558;21132;30964;30248;18548;25158;22369;4688;11504;27705;27800;11706;27843;3276;10226;27820;1066;21536;2722;30431;14859;29517;12264;12001;2509;20207;9607;30904;24429;
6882;10360;21448;22990;25417;6624;19447;1873;9941;16448;1550;20646;26180;10475;27490;1506;19751;15806;14517;16849;22505;25355;29783;6029;6925;12758;3984;15951;4023;8772;14147;12166;2414;14928;6091;27430;14624;5312;6185;22083;24934;21591;20577;26590;8202;22349;16161;6143;28871;16124;676;17668;19791;8156;6358;824;3731;28081;27321;2727;29502;30723;9991;14129;28546;2767;12313;20190;10776;1916;8455;625;19074;2576;11793;23616;31892;28324;25661;4418;19762;19222;3138;26730;17499;12541;13477;11315;24679;19426;10018;23165;22156;12205;19789;1687;15527;27485;18553;8605;
57;13308;16601;7428;20144;15314;12261;7027;21225;2522;10751;9172;27634;25970;27479;2732;16660;10838;11276;1447;22289;6351;32660;7544;2730;30248;17245;29151;5220;4450;24756;1035;31116;41;26087;31523;3705;10246;15014;5920;28177;26581;29615;17885;2703;30074;2475;3697;15235;17360;30546;18108;27929;1250;726;18240;21663;7262;13951;4402;20034;5702;19602;6865;18456;30185;4728;13815;24164;28946;1820;17646;3349;27519;14485;12676;6799;18068;9477;23138;8110;22865;8897;27289;20744;9346;5042;20350;28019;5941;26619;16568;30152;30577;13275;3735;4582;17189;23765;10920;
18169;7519;8719;7814;25340;7102;1017;25842;16764;2090;20270;22822;19871;27330;20127;12391;25958;28694;26862;12762;559;32663;11544;8344;19070;5708;4695;3076;28924;14790;28487;31325;1216;5973;27719;8591;5838;9084;29986;8783;22749;19875;28143;31078;6494;7180;12085;6989;16569;17416;3411;28155;13274;4715;28447;5371;16364;14397;14286;17345;29540;20402;2068;2622;2114;11612;6795;20402;17299;20896;16217;28610;28219;3687;15118;11722;19185;13589;3275;29300;11659;24767;24489;1930;6012;12441;11096;17928;32155;1709;18439;27254;6950;7891;31108;884;30214;4573;13733;11927;
30804;6418;10726;6003;17181;9694;17491;27897;7778;8647;17321;16644;10851;27299;4792;1582;13854;24328;29451;8168;24338;3845;15051;14538;24136;25871;10721;21287;9876;23358;6747;18405;14361;4282;4113;10123;19723;21360;27528;12700;17337;29193;17430;22052;27082;27164;11591;30096;3270;18082;27520;21186;29657;17067;23522;27493;9940;1104;4977;10878;9845;1001;31094;10564;31208;29568;24866;29234;13709;14981;26227;31322;24316;22978;4700;17660;21063;19346;2592;25943;3199;13390;19967;21183;32633;30473;19220;17136;21201;637;17534;32418;13872;27204;22462;25694;10443;8268;8288;3471;
23084;25221;16094;18908;2101;12508;18113;25781;32354;24429;22537;26924;6734;6388;26575;22535;31097;25989;31785;1043;13384;2430;24398;2235;19021;20665;3578;3800;9161;6662;25876;21451;19567;14040;21135;9930;19307;29502;3470;20599;15523;23061;6603;6327;3901;2429;6713;24257;3425;11145;14056;30581;4416;26427;6697;17904;2901;23983;18676;16989;15850;1942;23174;25357;20959;1766;21326;7115;10407;16592;9994;26473;3987;21491;9774;3999;14419;16079;23173;10006;6842;19068;5914;27071;9153;3483;16217;30569;21967;7054;2418;7315;15927;13284;16382;7550;25602;1559;18149;14215;
5104;23930;26495;19636;11705;18797;10233;28045;22168;5587;12795;13613;13578;10182;3207;11160;6612;4745;11557;8783;14915;30909;9277;16162;24503;3544;26820;10566;12387;19412;1818;3239;30030;12580;14131;26495;413;6892;7670;22056;7957;3953;15842;20783;9180;3279;23287;4521;5503;12266;21972;4042;32057;18342;16925;20403;20851;10331;15391;28812;6279;21379;16823;12755;10441;18358;4719;25331;10696;3289;23275;28953;15057;20626;12164;1859;25269;9982;6706;29850;11468;17319;16303;19713;5946;16048;24537;30702;13937;14931;13657;8568;12792;31886;30850;16818;32362;20760;2427;11832;
30913;18330;1441;27143;18132;8732;19495;10130;8479;1981;13823;12562;27075;20392;1278;11037;13517;30787;20027;25978;9659;7850;25528;11828;17981;2651;324;23277;14904;8499;16543;31861;29968;22425;6368;28827;21543;28921;27924;17987;17057;9332;28200;10169;19051;31189;21513;16197;13947;29383;12809;18944;10841;21574;27269;19685;21214;9300;1476;8235;5179;12269;28707;17619;22846;11580;25455;14461;26577;19983;32659;15231;24260;22153;22131;15672;16588;3094;28439;25250;12491;4260;1036;23335;17233;32273;263;30646;2403;21983;972;14357;14460;6447;25678;17017;5074;7405;2072;31060;
31450;28232;1259;9070;16654;23397;22185;23095;13038;29780;11377;12892;27717;6211;4364;21144;25517;25329;29320;27853;20309;3686;19746;19795;18178;7394;32106;29839;18260;24339;32161;28360;31307;10890;4710;24119;26889;21616;10898;27485;31450;17525;30304;3994;25969;13322;31185;28154;29301;28112;7758;11858;15932;8528;1935;3724;21462;7916;12221;7743;19021;4117;3795;22659;18219;32703;20810;4099;2621;18194;25077;24915;26263;12899;19242;8068;19672;29282;13090;28406;19119;11669;30626;622;9118;17925;11483;11880;26366;10039;912;18095;10052;12381;23158;31274;13954;3790;32480;8441;
3121;7348;24731;12481;14381;6148;15639;19267;1793;17844;1480;6964;15205;21800;1484;29512;261;6125;2766;25489;31876;25001;5418;14599;7361;9298;21330;7016;4441;7327;27760;15682;2669;8892;24141;21069;9637;29506;29297;16383;11380;1126;3724;15451;1950;15217;25620;20234;3064;5744;17200;26796;1135;7724;5333;1136;7500;13404;16430;2018;5303;4634;32578;21765;21625;2708;26321;17058;22790;26116;9598;28383;2490;26850;15924;8211;26211;23383;16834;10201;11776;9462;19400;31844;25288;20647;18135;31762;20334;3299;15316;3907;29092;31783;12445;7275;28126;27042;23023;614;
28760;13873;9352;3340;8026;4494;22920;6150;699;21445;25117;21472;1188;2791;28255;24926;28566;4353;889;14100;3502;15951;13578;1329;19752;2990;3531;2972;3619;14672;27505;5698;32163;19891;20949;5038;8668;212;31058;31194;31662;26528;7278;27972;24940;29611;18621;24133;30433;6948;14083;4254;26261;15625;28313;16724;16460;5527;14354;24255;8400;22277;8989;1757;1776;14961;9133;16364;31177;7451;2648;7991;25668;32209;23549;21040;18912;28330;19626;15807;14514;20215;25021;10202;7338;24951;32585;8022;22551;4810;25787;5628;17773;1064;23741;24800;1606;11859;9306;4846;
17320;12490;19811;26054;17286;8512;8210;9418;30601;28492;16366;20084;26896;12386;6126;24558;9845;26626;20961;32476;5522;8239;23821;30076;20355;26147;18455;13554;27054;32577;29219;20957;20481;27211;22331;12078;5243;213;31733;19258;22510;19706;15440;25358;12291;26445;480;24578;11902;28946;9515;17297;28099;32431;32338;1383;18073;1629;26868;6076;4911;10019;16207;1505;9053;23557;4264;24856;17963;28537;5869;28585;3223;17178;12186;21042;10643;16288;23513;4927;4942;272;3053;21786;18868;4912;14800;4581;26168;21054;5915;8677;22737;17377;21031;31777;30274;31840;13938;25900;
15263;25618;11332;63;27405;28950;23442;30346;26057;10563;30242;10444;26476;98;27888;7970;1645;26267;5329;11036;7655;6958;32342;28694;1180;5988;1267;17862;13627;9668;22880;10513;19422;31113;2880;12067;31959;23124;22017;11966;26796;14367;13571;5074;29024;15218;764;4431;29940;9689;10395;9527;4398;5781;7787;8951;21657;1938;17915;14327;205;5785;24124;7792;16880;28359;5930;29310;32637;26174;2222;23926;10820;9242;4291;2937;11187;25255;23769;8009;23123;8657;8822;6236;6037;24027;19235;24367;31439;7764;6022;27613;11650;28999;32204;15088;23774;9907;18250;1143;
25736;24634;12643;26969;5786;18717;5548;2792;17644;2664;23886;16569;28562;20330;17324;24756;15525;28264;11334;19815;7495;2451;4061;16031;17377;15414;17625;30778;20399;10292;9959;25399;20863;30642;25062;15631;3509;10001;25604;20808;8083;11039;15140;28999;25015;18318;24964;7782;16357;10661;15772;6726;22023;6965;22857;20839;114;25039;5162;21493;16747;7732;21834;20709;8170;16397;0;18241;25502;25052;12308;25024;21040;8499;291;12442;20940;18212;25925;13722;5342;21752;20204;30325;13081;18723;12816;2394;21438;12408;8329;20426;19739;22426;1468;21418;23890;12467;17785;31383;
24667;16744;16932;889;10060;11532;3603;603;21720;12051;19512;20090;25366;6602;1024;5787;13956;11590;27770;4002;25164;23194;29372;29025;454;18254;32643;13742;19261;9484;16409;19896;16374;12699;30332;16795;7534;29458;5308;28209;29668;1093;10149;21803;1559;1412;21662;13153;22097;1413;28369;20839;1188;30366;26508;16993;25204;1079;7655;1304;24374;23680;20904;15181;12918;16991;15715;27469;26399;31661;7142;32709;11255;28577;7380;31192;3433;2444;3215;2415;31879;13255;13147;32720;18255;32490;12225;20595;26157;18751;20530;5136;17090;31351;12269;16893;23524;10139;6947;5047;
27366;13125;32344;18111;28185;15887;25868;12455;15506;31564;19355;22892;1838;15862;18530;4102;27348;20968;20515;11582;30714;30029;6570;30912;21355;1625;25777;25713;21575;14647;10242;4610;17227;27202;27355;22214;8018;24695;19862;12736;2844;5162;1417;26625;18511;19961;20524;15153;25531;12799;8569;28267;30434;2890;4505;3406;8888;27534;19900;10576;10151;29466;4169;342;16086;21772;25655;18306;6315;27585;14266;31052;9359;29072;547;32213;1521;12728;257;32375;23181;17814;20621;11681;13806;12828;25413;28642;30257;31102;7382;6979;22029;29998;5183;16602;24592;3083;16692;13468;
10027;6358;6336;18291;26737;5349;23855;26513;31260;23323;9515;6915;11217;5911;24101;2185;31781;13484;19959;677;18271;25489;22471;18674;21375;858;2094;29623;23936;2983;11417;15804;3035;17564;31216;8284;27212;25489;1654;30172;21208;24586;6897;5627;26639;5353;7946;8394;1167;482;9462;27582;17353;16688;22614;17668;2056;1414;21596;276;8623;13385;9520;1673;31681;28668;30866;19504;29095;9980;16832;32095;12846;31341;21658;14472;21456;4468;15364;7181;32308;11430;20364;5462;19704;3521;19533;9762;20397;1946;29970;5146;19235;19031;32191;13996;8167;16350;17901;22294;
31243;3214;9941;22209;11813;2092;22639;4049;26522;17184;12763;9210;3101;27617;18687;11669;30834;10414;13682;1779;31352;14719;31384;7153;11366;30267;23823;31180;5461;32043;10058;4407;13055;9647;8572;24235;20678;2863;16568;27903;20472;17493;20822;26168;17745;6777;8344;9890;4033;21853;27022;1568;19568;28443;2358;19392;19456;17499;15848;32658;27922;5321;30193;3771;11;26567;29055;30149;6168;10590;15293;25913;28015;4987;16190;5232;13528;14168;31135;13990;4204;15160;4712;18000;32157;8279;22836;6831;25719;9505;28434;31654;11302;6050;7978;10185;30903;11326;10916;182;
30243;11426;3013;20904;21641;4858;29787;25673;22971;25956;2908;22472;11260;26021;11722;28204;14856;26908;14041;17384;25685;27892;4948;9647;19353;15005;9277;30857;26764;12412;13492;26663;20719;737;1817;20339;19917;2362;15733;3948;9985;27527;8470;18481;18424;17422;3450;10331;8632;2384;623;18064;28193;21563;8567;14678;14451;22177;6769;24868;20241;5609;19318;6335;645;15877;6146;16324;21955;8356;15188;21376;946;13480;6679;2568;32232;10714;22337;9094;18613;25820;12348;26066;22628;30560;25668;30274;21437;26776;11024;1474;24527;25069;32436;807;22764;5108;15558;18368;
7412;26526;25279;29230;19159;20399;27045;25462;6997;20081;1255;4693;14088;937;18569;10452;11685;22218;31360;8219;29311;4457;4960;20106;588;32241;12852;7174;5676;24216;1965;20625;2023;20625;31872;12574;19318;28547;5897;24227;8646;19771;25652;11119;26808;4510;26525;23230;11372;22241;22262;32395;23999;5628;9386;26533;21010;14171;7615;23557;28750;7127;7937;1887;12068;12774;9565;23031;18586;27406;15755;18870;18115;9632;5872;10621;19917;24226;15810;2745;18242;16397;16493;23864;21127;24377;17461;16699;7849;16277;19741;16332;4440;28059;15624;23889;24372;17923;19999;14946;
31048;15671;3186;14040;29652;15112;4834;19238;19024;24223;3902;3053;9389;16054;20908;3018;478;31240;27467;3955;27543;11269;8214;18434;5973;6603;12300;1936;6302;11090;15246;9222;2186;1254;18184;31792;18050;21723;8659;21267;13896;10620;13402;30081;7991;25412;31100;24042;4301;5969;10034;19061;28774;30229;19058;31055;5194;2639;23123;32579;4074;25657;1649;27788;5479;1283;17555;13287;4180;7809;24971;2028;23997;31521;6494;8861;17768;8735;31397;11072;6234;3068;6451;11882;6301;31532;21496;23645;3649;19727;12837;403;11681;22306;7057;28059;13032;9335;28764;15396;
22227;10082;17362;13400;184;13174;16018;12907;22983;21423;27631;20339;9616;20721;30358;15226;965;31921;6257;32209;32577;5106;16844;4008;3658;20084;15287;1244;26643;28200;18859;14096;21381;25318;3696;9983;21311;22114;14397;2064;21212;13405;14370;10796;14708;792;2211;13772;1381;8206;18342;28246;21843;13538;10127;28329;621;30871;31657;5110;12274;4351;25544;2771;29684;10358;23340;12938;32093;3024;11945;19127;23343;25743;7685;7954;18704;25433;11426;9609;9477;28330;25948;17042;29310;10695;5557;10175;3731;26611;17456;146;31117;24548;26106;24980;22952;13176;6095;11681;
6935;8101;24092;25990;20809;26798;12385;5582;15723;22173;21466;22232;7726;21997;18782;4909;11466;4231;21127;2065;27459;4848;21011;13400;10218;20928;2954;10619;23080;9046;1569;29419;15479;458;5855;1957;18353;10531;22014;31239;29581;26058;916;23010;24678;10047;8051;31952;20031;11019;14413;8392;1285;21494;13852;7407;4627;377;9152;5297;32508;31606;15338;24849;25988;17959;15674;9277;1263;29269;18852;15206;15487;15818;21784;718;3896;6152;26466;8227;5350;24379;13647;18187;31841;26989;21777;11264;784;11769;4580;6494;1452;9026;8946;23226;3654;9380;18804;29302;
908;29867;6683;19858;23880;12163;30126;27077;553;16816;29940;8653;12998;14079;19412;5123;9696;30141;26555;22322;14823;14886;19774;29097;24512;26144;30977;18063;8902;31018;18391;28023;29199;17551;10794;10292;3824;12255;9886;27375;17603;8607;28657;10871;19943;24640;4646;25815;2569;32590;31458;6190;27042;11498;24854;7099;12993;29562;20446;3896;779;17311;22697;21609;13056;23144;12443;18164;32384;22469;15663;9843;5773;6462;21537;26312;82;11492;12939;23216;25956;28808;28494;27804;14665;12588;27827;22972;22583;24247;3410;9052;797;10221;12339;10867;23784;4765;14388;10617;
19711;25628;8874;122;27407;28147;29003;1897;22542;4821;27468;23222;10362;6100;31174;22050;17378;5588;9054;12755;23976;7999;27429;30115;27397;28154;5821;14014;14925;11672;8126;21356;3957;13774;21591;8491;27090;18727;27449;16641;22307;11257;3760;3600;30674;10136;8979;23147;6263;19913;19551;28200;1182;4218;30495;31927;30410;432;26767;1138;18874;20416;6656;19572;20202;20930;25470;29871;28253;14403;14769;19513;29594;13882;769;25063;11253;13885;18429;797;14863;28661;17150;7396;17056;29136;4871;13117;22132;29429;5616;25270;15796;381;11716;8250;2151;24800;30055;11053;
2104;11437;10364;26041;6010;4991;17029;1890;20841;15916;6476;24033;8115;14143;30339;4143;16695;26281;29863;6112;11788;30131;9002;25778;31941;12087;13776;24166;11507;12304;17242;14542;31468;31695;22370;20008;8395;18863;23430;29610;10424;7628;7112;31838;13418;655;27189;24112;24041;30317;9669;11590;5529;25041;10371;24975;8564;10582;24813;6815;8599;12346;6814;21946;15872;24336;14890;18990;24982;692;28746;24550;9833;6020;10297;29757;22332;21709;13661;24848;10817;3204;1066;31255;6435;13111;21060;29813;31305;9282;12771;27789;16218;30278;23676;32280;31996;29655;6302;8820;
8162;3189;14106;18751;29445;20926;27494;24357;23345;21729;835;14070;27588;30806;16798;2300;14515;2509;24756;31883;2509;14436;32634;28633;21316;15132;32316;29200;5993;15246;3716;9122;5559;22746;31293;28893;27411;22241;26136;23231;1874;19892;4911;16907;7164;27979;25577;26780;26703;10619;10269;7418;1671;25122;29818;17451;7773;23461;2342;13772;8398;7068;2981;7776;28957;32203;6141;23527;7963;5461;27927;2227;5798;11820;14441;10359;26736;716;17618;11169;4098;31273;4293;15593;23296;485;4010;3370;21934;22727;6785;4465;24755;23913;21449;26452;21533;13616;672;21382;
21414;24449;10539;3752;14389;2354;23096;21601;12968;13375;4642;26800;3025;1983;5877;1921;9662;23574;9171;29311;8766;22379;25495;4394;21152;11869;32439;22313;21694;23793;16495;25825;315;27599;5916;5702;3848;5551;29670;29681;4141;24846;19873;14964;11206;549;19189;27626;14667;6427;22461;8146;8469;8314;10670;1309;9758;8160;30777;19077;32009;30455;27570;24865;21602;21670;1969;19766;12838;11913;5305;31057;19078;19615;19735;16274;13288;15683;20749;7499;7215;17758;9776;17610;25404;8410;17935;370;16052;10074;21;8721;19204;10536;12977;23917;11683;6254;8115;25888;
11415;21162;24570;6822;24379;7772;14924;6837;23615;12545;24965;4812;2288;20805;24052;5391;28090;26997;9730;24146;13291;7731;10772;17012;12473;15725;22451;13038;8583;6544;22507;5035;32100;9464;3312;21019;32725;25004;4872;29315;20692;31048;18596;1943;28184;4410;8656;18506;14743;12081;19150;14309;20810;16851;24062;5206;5168;8623;12546;32459;30869;7794;32030;4736;6036;27741;26341;24021;4571;1526;10514;29092;12718;22014;26292;31441;28207;15780;26766;6691;13276;19192;18877;28242;5721;13218;22427;1121;20336;26580;10468;8749;12118;20861;12311;8007;25135;5056;19743;16383;
11989;24228;8755;18113;4821;11021;12283;12197;24507;29419;31988;19009;15760;14769;19477;9666;13984;30985;9907;827;12417;17861;15778;16956;30288;16665;26013;31655;14398;10760;13031;16063;9291;8989;30771;9346;31826;91;11458;11577;19782;12662;32203;7245;11195;7236;3871;18012;6568;31598;12045;1420;31083;5483;387;18463;12813;24495;26231;27976;26824;25119;8069;25661;29638;28361;30938;16782;27180;466;31056;16053;30039;23983;24026;22510;18277;14232;25635;31817;23288;2106;10354;1021;24630;21677;6865;24831;31509;933;20334;15827;14037;4844;11841;32419;21198;16656;17903;22670;
19563;32601;17903;29506;19063;16381;25579;18637;19863;29847;12393;14256;18968;20694;7850;31541;3819;9586;17362;32259;7662;26469;4426;15088;22894;14167;3683;8214;10985;32090;21820;10281;1816;27863;22245;7688;29484;1224;10948;16017;28505;24616;27960;11450;27281;27304;29053;27613;9106;19876;19152;21588;6946;10581;28883;13894;31641;28232;818;7872;6561;27407;28807;29448;29242;25142;1147;22062;18945;15481;8494;3299;20913;11059;10202;21390;29674;20250;21683;23197;12337;14122;4625;23833;10041;19423;1744;1406;15456;31399;25591;5321;28797;13719;13721;32722;23001;7005;15097;30428;
23931;23414;2545;2923;3497;10913;405;26710;20907;23443;20499;20508;15058;28652;4062;21883;10937;13674;16395;575;11979;17244;7163;24665;13573;27738;5690;6448;32253;30772;31399;7996;28708;14888;31701;5584;12360;22360;12210;27447;9053;20859;16230;22787;15740;10706;20094;16034;16940;12381;23882;2610;23009;21328;10883;9110;8386;705;22577;3530;4783;31907;22476;12915;30851;5367;24994;3003;14998;20033;31608;8283;15495;22073;21108;1529;9784;15044;27707;23989;15897;27426;29526;32511;14506;22889;8922;17579;8507;20530;5448;12359;16374;20626;31410;22444;8480;3148;31263;20691;
8604;20548;16945;4074;9393;29495;3333;27559;22285;7338;7003;15325;8969;30752;27383;17997;14894;10384;11335;28094;22520;4118;15173;22352;8667;16361;8095;31245;18564;9357;22549;19649;20065;16970;29987;1547;5987;5596;18145;8885;9731;28012;8743;9793;10627;19903;244;18884;16758;14254;529;3320;6786;25046;3057;23948;18533;14992;5852;18622;310;17956;25165;27436;7661;11577;6552;4839;1062;3984;11215;18378;23842;28402;23271;11786;15887;18023;17943;30477;9609;8617;29569;21632;29280;18648;7444;8612;14236;21615;17585;14056;4542;15735;21388;7101;24905;15867;18646;2726;
3713;5563;15257;31630;14963;1828;13283;10335;309;8320;7974;16336;12655;9579;25567;14975;7450;11398;22646;1599;26504;17775;8549;31667;29861;15088;15005;21020;23932;17782;12325;1391;3581;16837;18949;25259;28669;16363;12130;11881;18302;32370;17642;6580;9265;9690;19059;31004;3129;22599;31710;29190;17458;26998;14658;4678;22642;21237;31303;1520;19342;14484;4303;24426;3616;4375;32476;9670;9160;18221;25518;7503;6513;26278;17451;32354;12502;10720;12932;3712;25924;31618;6422;20384;11681;16493;11406;14794;8109;32240;18769;13025;22664;12347;16411;14529;20085;25879;21989;29066;
28637;28372;31501;5690;13207;17282;32177;27522;32358;23652;15195;15570;451;10657;5604;3511;30685;28221;12178;30054;24799;6216;12932;22681;9585;26965;10064;30105;17025;814;7914;30364;25155;11462;13256;32338;1654;25455;9795;25275;10218;3149;6209;2619;28479;23051;11281;7920;27375;15052;2710;3139;26255;25189;5288;31421;18257;17609;17335;15901;4558;5316;32177;27047;32002;6893;24614;32446;13976;30934;18091;27061;15464;11397;4220;16611;28479;26664;26981;31221;17118;4612;6626;2440;12101;175;8837;8440;18225;18303;9880;32370;6115;10050;27140;849;13859;30511;26225;1191;
7301;6685;15279;2585;16107;21491;32596;28401;30539;4960;12199;6510;12210;972;19901;15454;28041;31630;25314;22255;8728;6751;30011;26307;25672;11278;12201;66;30637;9078;16623;16692;17603;16814;13848;20879;9848;15743;21523;26253;12523;32539;13473;31746;21876;17419;10865;14317;2020;16234;12424;11341;18702;2641;26855;27446;14982;30866;28264;8483;8104;9641;32234;10638;28636;19951;15021;20926;24089;18449;4607;15841;31144;12993;537;9306;19499;10923;18500;21340;6365;7339;14912;13496;8475;2109;20197;17395;4644;17973;6667;10908;29;10160;16296;30428;4696;330;8760;8271;
17621;30353;20578;20242;25353;6586;30168;6430;8159;13203;21375;10708;28413;18361;720;2008;840;10507;2174;27939;5802;12894;31320;25940;24339;30579;15474;9799;21693;550;6527;22249;11701;28647;14978;14411;12951;878;16806;25845;20632;32427;3177;6780;3274;22780;24832;16727;15516;9635;2807;9966;10144;15991;11033;7668;30354;1753;16015;30967;5013;23274;8524;4917;24511;32508;4008;23474;25048;9030;27466;5767;21087;20443;18252;18557;10446;19677;32666;218;3616;23277;24475;30075;22671;20455;7188;9507;29858;27596;9289;29715;24423;31232;3685;30427;5629;4790;8987;24431;
7766;4264;19598;16509;3387;3851;27758;6910;11665;962;23908;27148;11482;18898;9137;8435;28927;12310;4370;20362;31564;24628;24550;24772;31932;12751;2450;10114;32631;15870;23589;11691;18841;18173;4920;31103;23861;18467;30745;15656;14746;16916;19752;9362;16852;5944;2176;13693;27766;3180;8666;30161;8343;16887;30639;19505;25627;14527;3997;20178;16180;14269;13836;29838;31015;9646;16657;23604;4692;11019;31379;7715;8049;12348;30124;23575;27158;3081;21329;834;31358;30289;14902;29855;28300;4862;1516;1923;16908;10552;29004;6773;27708;23257;16409;9791;30346;28705;11233;1861;
28832;2988;6180;28950;26014;23200;20921;16449;13990;5419;23916;7786;32414;25389;6636;11420;25393;31025;14565;10209;30487;418;21353;15376;4503;9788;7572;30951;16202;19904;32112;7513;12321;25068;2326;11561;18089;12714;12310;1208;11406;17288;5145;24348;4191;11368;21701;625;28816;15992;21217;1652;6085;9317;11962;26958;11854;15564;1477;26285;1261;18930;13189;17689;31968;18868;6575;3462;12571;2497;13197;24869;17622;19462;30880;24960;31559;3946;21129;24262;31921;20668;10794;16483;27805;22505;20488;23508;13671;25971;17395;11706;11517;21534;8170;10541;30436;749;10809;4434;
18300;6988;21220;4400;27780;1935;8264;1471;16096;11675;20224;11842;24986;16867;10502;14039;29224;18071;22554;20813;3565;2839;14184;20533;20738;16302;26725;30780;12853;29053;12026;31672;24658;693;22756;21632;1186;29450;13403;28673;3762;3172;23025;24974;27989;18391;19902;3832;22764;32469;15290;2911;4837;15522;21354;5191;16002;17417;1727;25838;14044;7502;12347;21470;1575;16483;25685;28350;25143;12126;29215;2157;21059;5419;22310;27986;25066;15486;10905;12781;1395;29452;17326;20402;4953;11515;8002;1048;30471;31895;18624;9709;224;12870;19011;25836;30594;14526;26623;10129;
20044;373;10973;31532;9502;5465;32357;18997;30047;7618;26081;19679;4165;31141;3263;26607;21072;13066;13880;28111;12312;26816;20527;30174;73;79;11612;15883;9964;13358;10921;19106;1512;21046;17372;14437;22216;15959;23415;29919;20926;3466;14812;20725;17896;19718;1973;8638;1747;18871;18323;25493;21310;27628;4821;4972;6432;31568;7628;12899;15084;24347;18205;10137;14867;11913;13926;29761;27338;9612;20004;28153;5391;20925;29908;29528;9958;2969;31064;20166;23529;4074;5789;15249;32255;19843;23163;16701;9068;15152;29660;22811;3594;18925;11297;4637;4053;18262;4033;9960;
6317;17503;2611;14891;20824;21573;30991;11567;26567;14277;31344;17584;28826;18571;31388;4076;486;14573;17639;17913;27445;31705;7124;3419;11982;26892;7294;25046;8247;29061;28982;3201;19449;30778;5998;25116;3235;8969;15574;15267;28945;14321;30660;23843;22510;23170;24281;16077;25720;15762;17378;27721;12419;7474;5628;28237;24513;5345;12028;29293;30784;9727;4109;9525;9268;644;20891;29301;16631;28657;19056;8156;24398;22151;12829;30152;6382;20663;17052;27229;24383;20187;7475;725;10079;8995;30363;24342;5994;2514;20066;9098;6393;426;13710;13611;29928;2212;26755;31709;
23645;4325;16423;7937;773;16878;15939;28743;11937;23059;14637;30915;24514;17454;27300;23620;30672;13716;26107;1761;81;26696;14714;22740;30568;17775;16129;17548;17820;5124;24558;4861;16603;32717;20545;16955;24767;3214;1278;12871;2064;18812;27091;5160;1929;22772;6651;20286;15839;8301;8290;20692;30975;13484;778;31220;31895;22071;7597;8063;20953;4619;4004;20605;17532;23185;16647;22193;12547;11471;17174;9584;2113;5595;4055;10932;11293;11414;27905;13933;2451;21398;30233;27671;5115;22372;4571;29329;1422;15592;22235;22061;2342;21537;9068;20740;12613;25370;27841;28044;
24665;32025;2386;14188;1598;23065;31361;28302;22277;17018;31102;28790;24308;25336;19304;19411;6093;7386;8373;12884;25428;9835;979;15549;3851;4014;6927;13626;17728;32590;16823;23539;3913;15316;15483;23008;19727;21788;3353;21983;17865;522;10554;24580;13834;1657;6294;10032;32510;13684;15967;11493;23280;25513;20957;27480;15120;24090;19030;8648;12916;14614;16944;15119;4700;2920;5465;631;7098;27086;16103;6862;27122;13997;14844;27581;31454;6658;27117;31061;30741;13724;19875;23019;9581;27017;577;15910;6334;15566;22790;16214;7913;15963;1142;26631;29209;29245;8372;10967;
9545;7958;6963;15236;26887;4042;15757;32329;3447;7548;24499;363;26010;5561;1351;13583;28624;20722;27206;21838;26524;3376;17130;14987;9384;24835;13007;1028;27401;23227;16212;20648;4291;8155;16708;31273;7312;8395;6582;1617;16861;13517;11825;17049;24086;12850;28692;15864;23331;22222;29493;5369;6963;5289;22473;17424;20920;5879;2948;29742;28082;4939;9729;30099;31025;15111;25699;23780;4629;24855;2109;30333;24601;10207;7599;1032;11280;19313;27858;30798;31854;23556;6742;9550;23305;31906;15210;4236;10273;31264;24796;25004;7838;20051;23938;7999;28058;25473;19416;11741;
2847;11286;5866;17780;9266;25240;2677;20703;19984;1501;11849;27579;23735;25980;28913;29302;680;21121;26006;22696;7660;18533;6433;14759;22101;8765;17056;22358;28934;12337;21227;31549;32053;16688;10119;28127;15920;29922;25802;30791;30366;27102;15168;9189;30984;7198;7246;11416;8600;1967;8725;22796;7456;25517;11929;11590;8541;2415;1571;11133;31358;23551;26852;5932;4576;17357;28634;28261;21020;4772;12536;3432;3139;25564;28289;12404;17000;19666;21941;18397;31583;29077;4271;21087;965;20962;12174;12722;16448;25171;11475;11614;29960;17875;4362;6097;9895;15189;31149;18863;
30717;5062;1861;26473;10630;17471;30418;9489;7648;26752;27245;31853;1927;18842;9516;2378;9188;15595;15942;18;10118;28495;3959;29345;16303;28821;25254;22357;19730;4912;8902;1636;15323;29743;5114;8563;7408;16240;22268;6500;25718;1040;15295;18031;29080;11557;10067;18036;17283;29360;4362;5519;32693;22221;23257;5358;11640;813;2304;29663;19113;6854;7405;12077;7614;21449;5982;6829;26888;28117;26055;10516;25396;22634;16115;26123;6424;7584;13037;22150;7341;25881;29217;13137;9559;9012;4031;12779;1389;18563;17248;20376;6389;1408;28140;21170;4527;30331;26043;30272;
17494;19415;19962;29642;23330;17014;32081;24427;4497;114;14274;2599;23911;10766;16341;24191;10483;17132;754;27459;661;12160;25870;4264;25981;27332;28554;922;32693;17453;26455;6995;6498;14814;3679;7469;327;17181;5152;31412;8842;7939;31130;13824;10171;31607;27756;24642;20242;2141;23866;26268;21496;19210;21841;8502;4553;17915;20366;22670;17369;18631;6268;13583;1717;31827;31164;19686;32427;32581;13482;17425;18316;9915;4157;12984;4528;14140;32303;17857;4155;10735;7006;19871;7327;21002;3955;12138;13154;30350;4033;27701;11810;13362;2416;12956;24278;15260;14042;11932;
28758;16343;9269;2984;12318;10498;26483;23800;9550;24389;3942;24613;6390;16906;3624;19955;29585;8041;8890;11629;5071;16355;1515;23864;664;23124;24187;18209;10317;1059;16513;29176;26449;29116;15370;26017;16328;6976;16131;5480;24734;6522;20057;17557;18891;20246;23134;6464;25558;12813;12911;20839;12440;18788;23508;20030;31043;13078;20455;27078;7587;17999;25976;19105;26787;9690;26993;10789;3602;22237;10934;16559;13735;12228;32079;19514;14147;13179;30921;25904;27767;11488;30169;5503;15174;7800;3907;26096;15916;23136;10746;21941;11615;22151;18569;28736;27988;4379;11697;30044;
26245;6465;4692;18294;2674;4105;29330;5179;10725;13729;13873;27497;123;22217;14402;14302;6496;11910;29185;20214;29018;4123;19710;2579;31241;27957;24698;7805;25197;3174;7700;10093;18600;980;12709;5732;14597;19507;6248;32193;7738;32752;13150;27027;1770;6831;22768;15020;25710;19704;10711;14327;9941;14381;11577;18955;23081;9920;30740;5375;10484;5282;25568;25728;26627;7167;6256;7714;3946;6696;27930;11764;17609;8401;25879;8535;23245;1916;19244;25616;27129;12597;12426;21403;26278;23168;21236;7362;22600;912;11807;5999;5620;19129;15454;5311;11295;19240;10879;21335;
20393;21458;751;3579;538;2730;5157;22621;19243;20503;5694;15922;11144;30373;21477;22667;11476;8955;23158;19811;13037;26637;30051;28020;29298;29586;30934;25680;12419;24249;8088;11948;12232;30487;49;19199;28341;5092;23889;22604;6924;19304;21870;5947;24227;7344;13743;367;26983;24965;29705;27412;23713;7327;5288;25271;31608;30741;32400;17243;17591;2072;900;11465;22993;9697;7974;22055;22307;30440;12641;28364;376;29783;14340;339;27858;1726;19375;3310;104;2568;25587;18685;31723;19886;9909;18144;25101;25898;18131;26121;27716;23727;13835;20053;27595;9751;11800;25756;
15339;21021;21789;28039;10616;27084;327;21153;29598;31799;24494;15793;18910;13419;637;32328;27475;2978;6739;28054;19258;27577;24297;17537;24241;21988;27380;6137;30655;24993;3917;28549;20885;10218;24911;10786;12819;28335;2176;9550;17550;10371;3956;23136;4561;7318;15343;26138;14689;19171;12874;11905;20486;24746;26648;6892;1926;20769;10761;4700;948;26215;14606;13323;169;24249;17085;32328;11858;27112;14584;22401;25899;6922;19657;11682;6217;8816;4241;8094;10398;25561;1378;25930;32121;15589;6057;26994;1612;4045;20240;18983;2482;26192;13730;13142;26032;16625;14896;18335;
9531;26207;4596;2915;3835;18229;23925;1567;4431;18915;5290;3577;12177;4844;32354;29081;21659;7507;14052;29754;11914;14159;2514;20481;30658;14150;9043;12941;20786;31993;23664;26575;4569;4861;9919;10012;12168;1130;23359;13952;9450;15063;28804;22614;30915;30853;23572;14101;19061;17114;8976;17261;1992;20753;24087;14483;12266;21297;13415;15065;18357;9531;4677;17537;25393;17064;7840;21715;26714;3602;13297;5485;28451;16690;24677;27099;25274;6410;12606;7527;18446;4707;19830;9010;19855;19066;9126;7300;2100;22519;12071;6497;451;12318;6263;18269;31821;27721;13534;689;
3831;918;10577;32141;1;19677;13462;29104;0;23781;25769;4151;10862;5335;15199;9138;28517;29938;1609;6269;19112;1921;28123;24398;27619;30730;32717;24074;13364;10953;14530;25309;11497;26716;20776;19849;23436;29120;20831;25342;5917;4220;12573;32556;17054;30492;1553;6421;4309;1505;1478;19750;13645;18359;24267;25031;9886;15207;11537;31281;21998;15630;3476;27519;32696;9166;5437;26632;31180;26563;12039;29933;8855;25657;9570;24046;21925;2588;23253;7042;2404;5807;30182;24358;31275;8833;1086;14837;1658;7326;22793;4473;8324;1538;10908;22209;30954;339;13146;13235;
18122;2767;23000;8868;20728;27779;9279;9254;7307;17085;31474;1825;25756;9413;32369;30502;16202;17864;29822;17663;5121;8725;4222;7563;18173;3212;6945;8905;15881;12370;15685;6962;8845;23242;29208;11084;1223;8641;25725;19836;17497;14825;15282;31771;25092;4489;6959;16845;7859;882;22993;9230;3003;13877;13367;7182;28769;31635;32365;4543;10397;17461;6343;3372;24861;31646;11280;4620;21645;24669;28900;22935;28182;11399;1627;24216;29988;8804;7144;28612;9837;20841;29312;15434;24111;10086;30974;3755;14264;8705;1990;10700;17964;13411;32680;31818;19075;13617;20488;7693;
2769;26814;10300;19488;11978;31615;22582;22207;17797;191;9315;13746;22656;18835;4306;14042;12261;10257;26521;31498;11275;29373;32373;13592;22592;23620;32688;24371;6854;29549;14920;23158;9755;24396;15693;11454;3965;11193;17035;20665;11950;14848;11369;19520;10997;10714;6929;231;22885;20124;23761;27346;20577;1199;15809;16842;21600;31552;31399;12431;494;17976;23319;5744;22772;19567;14047;1818;3384;26140;27298;31918;16423;16273;32706;28694;2003;21541;2947;19352;26424;5489;2414;27563;7107;4799;13556;8714;25621;13503;9812;28424;9220;24956;14015;25891;2530;7311;28601;27355;
6402;30610;2498;20165;15737;26328;15926;25051;19746;20059;28786;3094;6629;23286;29240;3903;31032;31701;26453;27650;25829;4137;3200;7492;6414;7456;25990;7606;21359;8212;5796;27562;6116;20739;27956;32550;7723;26943;23437;26167;19690;16998;27684;31624;26100;24981;28663;27443;18376;17113;27691;31191;26715;30950;2803;16875;27927;29964;5045;23378;1059;2918;11880;8495;25317;1877;30273;2554;3525;25644;8078;17876;19764;32301;13538;5911;29677;20405;12146;6450;23163;3763;28351;27060;13308;15966;21365;26534;8228;2344;403;32030;7813;30445;3533;10001;18189;21361;6703;12137;
27600;22793;9730;19799;2055;29592;5363;8171;8281;12221;12658;14050;30810;10827;11865;7615;16722;5114;27598;7453;9791;7516;874;9795;22813;24338;24475;7417;1380;4671;25158;29594;19411;11581;24241;19819;11116;14479;27297;6955;31680;28695;19135;26091;23660;1161;32320;15392;15844;4384;11717;29943;26479;6544;384;15848;7795;9275;8857;9870;21235;17575;27600;7862;30038;10800;3427;6838;22890;1786;10290;20992;19112;25386;9249;19446;13754;12374;17854;12032;2874;12601;18212;1500;16317;2476;30751;28470;3344;2770;10640;27513;22721;3986;26643;15588;25569;32074;18912;3552;
10249;15553;21487;20881;1435;16222;14944;4779;10058;25752;25;9351;16093;21422;14769;27254;32559;7576;30605;10581;30587;15165;6984;5985;13270;15334;7256;7757;18173;14323;32751;914;8529;23501;2080;27399;22816;7963;24131;26545;18470;31801;15514;3804;8788;15333;23349;16746;27088;10556;9234;8044;25660;16870;29321;23023;30011;13965;25063;22296;561;20371;28506;23668;17227;2564;29453;13193;9664;201;13459;31921;9046;30239;7817;9256;13095;4424;21879;11619;14245;9344;13816;18595;3548;3891;32283;26315;8695;4205;9736;16238;11526;7570;11239;32045;32766;4431;22269;1088;
1;18128;13848;1874;14304;30004;23854;24210;8927;24382;9793;21767;5304;11085;31109;24611;25314;30606;24773;30108;13074;32368;27139;29559;4867;24408;7519;20070;15731;24471;2618;31315;12398;14233;12186;16701;30926;16478;17360;31811;22275;5422;8025;25342;8464;32137;20227;25876;1494;13150;4432;16906;5525;22909;17183;21338;13232;13901;32649;15558;21936;1730;30474;30443;13196;32138;16865;26649;19752;17031;12729;32610;26907;1666;26248;1521;28853;32542;10936;6814;19777;24330;23173;3007;10887;7803;23206;832;17045;10202;25135;14582;5823;15545;7094;7984;14821;9996;25012;15759;
4084;2710;6703;11800;9903;27297;30102;28808;2992;14322;5357;2023;17321;31484;23337;5728;18160;28244;28126;27472;10043;7525;10519;14237;17064;23397;2693;23625;10240;9864;22493;1863;4156;19315;1147;4749;4424;23795;6731;22890;28168;21487;10729;30746;10137;27547;1543;10648;13273;3567;19984;14259;32041;25688;3082;12644;3953;24749;27073;23391;5733;21092;16674;3816;4359;23558;3045;31464;24173;23776;30319;31552;1989;8956;6646;31325;27542;31055;8678;4364;11849;26164;24707;22672;5095;11801;5840;8947;10020;28280;29616;3481;20893;25866;3660;8731;18782;14135;24500;31058;
30631;19920;32713;5297;15600;6400;10586;25048;13866;20608;18829;7271;26440;1035;7809;528;28414;4114;10545;3313;10184;19120;30364;10272;23087;31968;1059;4743;25672;31726;17202;25586;31357;30507;34;26726;25999;19941;12382;17845;25052;406;27589;8015;990;6236;5456;11355;17909;937;30453;29702;9062;24380;21707;9243;25763;7248;15214;13781;205;27923;3493;21745;14455;1113;5442;15622;19885;32146;6986;281;32052;249;19286;29036;7444;30735;26169;5016;1108;26184;2019;24795;8197;14852;1158;16051;22914;10688;8439;26028;12789;29070;10838;10870;14109;1218;12529;23866;
13647;2031;27238;13102;19131;10002;32520;28264;16369;7180;18052;14320;18852;31062;14277;24600;6061;3312;4116;30992;21842;28570;30084;32693;32457;5191;6285;1706;12280;27599;6391;6058;20607;28900;12793;16156;16632;12359;29091;30184;28029;8507;32633;23946;26987;25147;13921;613;30822;11752;5567;6233;10398;7237;19934;26007;25168;1062;27538;20404;4239;4326;26395;16125;18244;24665;6733;19467;2676;15617;25070;27543;6849;18565;28256;3215;27444;10846;1919;23656;9273;5844;18381;9655;22507;16937;4813;31995;19346;5140;19116;12221;31338;12145;2342;10716;13735;8758;24488;17698;
1461;20905;25266;14106;12484;30416;1152;4390;2692;16169;745;1740;28973;26012;27783;28241;7107;22446;280;12169;7576;15095;28964;5357;17170;26326;16609;13038;11182;9827;21075;22921;17733;22181;23223;17436;3215;13574;18210;31608;14053;29187;21606;7735;10571;23592;24117;848;24749;14140;10633;27368;12137;5049;11842;12651;29710;14975;9233;14556;11619;200;22166;31849;4012;6239;1221;579;32552;12301;20366;8108;5086;30804;31677;17234;2714;24672;2847;14811;18226;7995;28902;8385;19469;23872;25934;31584;19174;4562;7297;7757;13006;26958;25784;25834;24432;18237;28580;25911;
19865;14543;19212;5611;30968;27525;19639;6852;18210;31789;30092;11035;9176;12819;4088;18107;12941;31350;3472;11507;14627;14393;26616;18922;10230;15323;2307;3635;25371;30633;32283;25761;12522;17458;31460;14941;29113;18684;28444;19765;1259;23925;13254;13367;32554;30252;4999;22143;5616;29249;12880;17485;25676;23835;6205;9819;27875;30808;25533;14189;32053;8714;26356;31785;22049;27424;13405;11561;15787;29218;24244;1871;24062;22050;28691;30296;5549;21999;23643;19892;7486;28555;29397;917;9705;5087;4889;8775;21917;17070;10543;25535;17476;8904;13557;11126;24136;27264;24768;21112;
20566;11359;27462;31159;24674;23578;26812;22182;22507;8130;7995;11779;25472;16699;616;28916;2947;21487;4692;12374;10797;25283;8609;23122;722;14923;18151;30257;24166;9017;32085;21105;20801;8476;14492;22808;3615;2375;28680;32328;27243;1550;25840;32020;30653;23097;10321;22162;22177;30898;9142;18225;9882;17537;10587;9805;14182;3322;20369;25601;24452;6709;7012;6461;7156;23999;15996;24088;23870;7055;27713;23143;9653;7996;2627;17550;23805;20845;16344;17046;31947;16784;10503;24960;31468;30671;12452;5849;5257;9023;21949;143;24233;30811;24629;22275;16375;21426;18607;17759;
14278;29916;22445;7210;5714;26034;16377;4634;2632;25023;14405;1833;10121;20977;22542;32234;19243;12436;15302;16158;193;27009;13361;23427;19677;2707;1296;32748;211;22619;30461;20374;31679;6933;16534;14522;31945;14298;2781;30559;27303;27159;5343;14962;13412;12605;14996;7960;12128;18106;25351;30275;5785;12329;6582;2180;3880;16837;22332;19488;22031;9508;15661;16741;31537;14370;18754;26942;19874;22555;17334;2566;23841;27997;27887;13978;13539;19164;11873;19378;13203;13864;21168;22385;9366;11165;2324;7994;32403;13017;14338;14278;27443;22388;25353;25459;31781;6635;10234;10975;
12646;27868;5963;25526;13503;4729;27581;6600;28303;28215;25917;3679;22474;7878;19208;16847;11586;29766;22803;15182;26661;5816;7338;774;8135;28850;1111;617;14498;12887;9989;16069;1180;135;1637;8728;14472;9299;20625;17957;23278;20148;25840;30151;4111;17532;8281;22662;26404;1676;13435;31848;3303;19016;3708;12809;1876;22088;4320;28398;24241;5968;9389;10775;22476;387;26060;26323;9092;4563;28339;25049;10122;956;1857;5267;17513;3890;15081;701;15556;17112;6675;1583;8671;20082;10943;3319;26978;20893;19564;32171;4185;702;4920;13822;28542;16952;24136;22416;
9403;28130;11626;22283;13803;2232;31225;363;20705;2768;5890;27549;19627;28048;23716;76;20503;18463;8893;8184;16759;4121;20163;1864;25506;21127;30959;28577;17467;30990;27809;7671;24374;28518;2048;21475;7063;15630;16096;22262;1405;26430;17642;590;26976;12062;8950;5734;13463;53;15292;15154;16157;8996;940;26732;25236;2196;28698;10281;650;16493;24990;26543;27132;29000;3515;19082;8728;25640;11198;13277;9799;30820;26857;31223;6507;5096;26577;30758;24677;25502;20229;29392;17883;38;10992;447;2872;19149;9985;29885;2804;5821;25097;26209;20501;29297;25060;28968;
18166;9580;27227;15047;27463;13867;15177;18880;5973;3160;31229;22836;22667;832;18912;7928;27961;135;22615;14315;20373;25370;24555;11910;29184;24166;26280;20404;4234;5576;15298;16868;15287;3140;30847;4701;132;15481;2128;11474;20901;27860;31809;28983;5649;5125;11668;23507;192;25007;29609;29589;5555;16228;28962;29355;54;24016;15428;23889;7778;8756;26271;31463;26085;2071;10225;25927;1542;19256;12360;8789;27363;28102;25959;31704;1533;28371;3947;2440;32759;17671;14510;8551;14235;29073;17644;8789;12830;16227;932;19679;24741;671;16833;7769;24327;27724;7802;25132;
4053;17998;10103;28016;14744;11157;53;14526;2393;4244;6315;19519;7783;12277;14126;12809;852;12171;22930;25260;14401;4488;12690;24583;12891;17904;16497;29281;29862;28749;21986;15285;9722;13733;30246;5452;18507;9897;27508;27537;29997;6703;1693;3106;17302;3042;21232;6691;15078;21304;16731;7383;30502;18085;3796;23665;25229;7951;27127;295;10313;12161;7153;10377;17532;17699;14492;25873;21892;17258;6635;23547;4735;20620;10889;30038;2830;9783;17341;21084;5210;23170;8849;32255;1877;13604;14387;3012;13379;25827;22939;6356;12152;10576;4718;25425;23395;17586;7971;27622;
21451;19008;21092;21922;7769;7315;27063;30726;17495;12378;5469;22364;14775;26448;14202;30539;13655;5995;7799;15273;24195;4694;16037;19344;29628;16674;12067;10932;20151;10297;28161;31987;27049;26515;12197;10286;18882;2860;15726;18520;29431;16309;10136;10700;18693;16265;20064;15844;435;3044;1640;15815;3159;17999;23644;28546;4763;15967;15318;16731;30337;1951;32127;12129;29093;11211;8312;10056;14787;19775;13048;24180;20088;19886;11830;20052;21581;19735;18825;19185;8433;5365;2253;26567;23750;17335;2570;7891;23967;19567;22096;28141;7881;7886;14821;24152;31304;2896;26531;10904;
1890;14260;27547;30339;16994;14255;12542;19867;24982;7649;7998;23451;31642;6408;4720;4944;25304;29044;13045;14250;23120;31419;28761;31507;1941;19885;9083;10495;17944;24202;7150;3525;16297;17267;7328;4269;28219;16159;3001;13386;27368;25551;22982;28938;11829;25220;25623;7691;9622;23151;22117;23600;16949;15529;20409;14197;25839;6180;20104;29311;19359;25058;10275;12408;25504;3428;3919;28953;9613;2406;28207;4872;24139;29897;5995;20581;2378;8145;4747;27039;8199;11664;1956;29325;726;27042;3639;30138;24286;9755;25430;25088;13669;13758;19208;30296;26702;22128;8431;8176;
28639;8172;23592;32382;7624;19127;2675;725;4449;25431;1684;23477;16692;15808;28153;9448;15803;15631;6556;3210;4459;17274;7723;25257;25073;24199;5991;18190;14011;893;17098;26969;2234;28696;11628;3924;32614;897;31015;21889;32515;9085;31993;24053;27683;485;17579;24937;18541;22102;13232;22159;3228;24617;20304;9122;25547;17574;29702;3649;11247;7540;31270;23933;24485;19284;3522;25137;19758;24848;15823;22930;16055;15021;1668;24070;30686;5352;23299;23098;11379;14561;29243;12910;21627;4113;23309;6164;379;13441;7085;15258;6387;20798;24652;20612;6184;26376;31988;6077;
17702;18762;18099;25647;28934;26447;2043;19857;12141;13746;5193;1408;10069;19478;16133;722;24848;2840;14761;30503;13705;24194;7462;17088;17102;28609;8836;23189;2507;23706;20168;21665;6488;17944;5658;3713;27255;19401;14887;8765;20950;18218;26565;7526;10908;23391;22485;11873;7778;11559;30574;15362;11902;22288;23352;7005;25224;28135;533;22488;16407;10611;11015;16773;28620;1379;16974;13743;13202;28292;10704;21939;4643;20535;24766;8209;23503;5667;20085;8131;27769;30247;13474;9678;20194;5778;3242;16662;9514;25751;21577;26742;31379;12027;3449;2832;25225;22801;30101;31458;
2271;14824;14270;26011;5980;31683;7806;20396;5238;4041;2219;17825;8029;2558;9614;14258;11579;31090;15429;13205;11194;4281;614;28823;11464;12954;17893;25067;32663;14091;28216;17218;23271;31838;6328;21404;31879;6325;21579;12893;25113;16315;16448;4771;32535;12438;4730;14551;5139;16407;18641;30338;2883;21300;2485;6242;32316;23993;30740;31422;18686;14650;32382;14326;20017;26700;21896;9566;20654;6645;18798;4684;1601;352;764;32112;18349;21973;22446;13412;497;3817;25878;4484;19658;12530;31614;19456;19065;15806;7119;3632;13510;7557;3249;17959;15173;5147;19188;25738;
5848;5738;22831;32163;30325;5152;12966;177;10538;2469;25969;31106;10590;28240;6107;4164;27993;21210;32009;15257;8455;17427;31964;22761;11512;17875;4887;7932;11948;31284;10693;7880;17934;18686;29397;18055;23614;7011;1288;6925;18323;32749;16397;7001;28897;19124;15338;618;24055;1492;18333;23380;17772;17950;15107;7058;3996;14350;8186;14238;26861;30973;30402;26047;18775;4248;6570;802;5411;7825;1000;20269;15090;4245;32712;28944;29442;29821;9;31645;941;15048;10371;25433;12082;32073;18958;6867;11960;7709;21920;18740;24208;21216;2741;20248;32699;28704;25844;3484;
12972;2322;3343;9144;3918;14212;20715;5584;32329;8211;26369;4997;14210;1694;260;20433;2528;1787;29123;8019;20566;17896;27218;20711;14366;11844;4708;29818;15426;3711;32764;1053;31329;10831;21061;9047;17584;5284;29629;26816;5439;26079;18329;26059;18046;8766;18022;24804;13567;25755;19948;30139;11901;8535;10327;4063;21022;5521;3737;29582;17909;13979;10762;18636;26059;13742;22865;23730;20255;27612;15496;3337;28267;16967;19611;4631;29097;27281;497;6841;17430;31635;20047;28338;30518;18002;28153;2883;15640;30510;21530;28156;22491;22365;13925;465;8817;17048;31741;25200;
5795;9492;5010;27090;29781;5556;29901;15376;28172;24701;20719;17785;32429;5450;14005;24289;19592;28353;11646;3131;15764;9605;2991;2411;8444;941;3159;6485;4571;19574;26639;19258;30532;19508;29989;10820;17798;9359;4857;2911;25774;10475;25766;27979;24653;24360;7909;7919;17531;30860;27951;8177;19483;22269;12834;28547;17505;29300;10022;15744;18834;12974;8016;12727;16651;4389;29063;15751;13445;5950;19941;11180;29335;3268;607;25176;6268;27285;29353;2949;26903;26011;18260;6026;5428;9726;6202;19949;22801;32408;5659;24697;4893;14506;30600;13456;14335;18381;11520;22210;
18394;31275;8282;19614;10448;30958;866;14535;2757;11513;29127;1355;14437;23510;27189;2097;31080;4336;25278;22097;27156;9987;31870;14441;27652;1488;6783;30316;5161;26645;24538;27933;14862;15804;22815;8669;3168;32339;21751;18625;20141;32700;12296;28904;9324;9510;6169;19212;3390;31292;2679;15958;30323;3739;4503;16247;1488;9610;1532;7668;399;3557;22107;15297;31144;13915;6910;25362;5711;20954;30822;11886;12222;8262;5428;14085;4916;12145;10058;32067;6462;10312;23597;16293;28981;31818;8365;13260;17928;1855;3017;21968;8251;31014;28877;16854;10544;7279;23741;19429;
13222;19562;758;18933;11647;12288;23827;17481;24262;3233;526;32767;6640;17789;30887;6118;16738;23287;2314;6031;17972;32342;20908;19623;1077;3518;9078;17027;7983;3168;26917;7165;17772;27373;7665;16255;31608;13392;5996;2397;21801;29340;9902;30824;16349;24643;21679;2240;16899;14730;15860;12521;21469;16953;20846;13601;13699;21399;30367;17649;26156;1685;24318;5891;8361;20042;1693;30515;306;5791;10249;31464;14437;15180;10097;20389;28556;27395;14603;22491;16927;19178;18100;2562;28810;28239;22743;17895;12335;30360;1679;5192;15535;28536;12560;1182;3685;15209;3651;7482;
23092;9302;18096;4499;16003;25751;10913;13023;16773;15395;17028;20192;1214;26113;16018;28929;20931;512;2478;14753;25665;18088;912;16303;5440;3952;9762;12407;19369;6962;6698;8635;22022;3803;32554;18950;4490;4199;27268;4925;593;3597;25058;15223;16616;1462;21717;30734;24848;24756;22973;20215;13759;14257;12776;6734;5736;4837;22782;27189;2428;31373;9116;14559;30769;27544;12607;9448;20354;1187;13668;9704;12919;32551;23533;28487;8614;18673;19655;30035;15354;20947;4810;18575;31923;24986;27104;15182;6830;2623;14442;1409;27879;2658;14303;23246;30780;13299;4278;9954;
2676;11059;28039;25607;1663;4571;18797;16377;17919;29338;32174;757;13320;197;21150;27924;1316;75;6080;32215;12443;27111;1839;23043;3825;8089;30780;17327;16815;17750;9561;22683;18535;4607;2358;2755;26354;11408;5929;1844;16636;27034;21203;32543;20163;31987;2817;1836;3867;29611;15312;272;6838;2627;23573;17250;31906;13082;6651;29610;29715;24872;19182;18108;867;27374;4792;6980;28759;6573;1514;8865;6564;14551;19326;3063;17841;14787;442;25983;20127;16292;27224;10274;20359;10172;8675;8519;14082;25037;26212;12009;25327;11473;12606;492;10608;3050;10327;23217;
29494;1948;10872;29672;19199;3898;31479;4005;1628;3742;20627;23222;27576;3101;19359;6709;31126;25275;5987;22361;13082;27802;15039;32145;5579;12729;23569;7892;7319;28379;31833;21042;29720;2244;28059;24752;17429;16299;2181;13394;12876;14061;25938;15737;622;9471;7150;17007;30572;16294;20315;19777;23025;14442;2131;11213;18479;23880;9007;13851;13023;12711;21767;20209;11139;5005;3099;21153;26607;16659;12145;26662;7943;21014;448;26735;8906;31280;11149;20475;23440;9958;12436;28326;2191;20003;21609;18883;27044;230;12895;25706;13905;5687;3241;25107;1538;607;5823;14180;
3476;11864;16132;23880;22039;25475;15269;14913;20691;8089;24260;13823;27786;25828;30166;11057;4093;23215;14409;11163;7601;20987;2410;19049;25843;627;4487;24771;9242;5026;29264;161;12;18020;6787;2529;5380;21146;31945;5527;1170;19746;11739;11172;9443;10759;11752;30346;13634;12020;24891;27006;15327;27119;31769;3263;28879;67;26088;25639;23125;27070;22423;9215;32352;27677;14649;10264;19796;27333;755;24855;10765;24244;9497;11281;13090;2742;15252;18520;12646;16348;4231;24468;20405;17962;12850;21525;32749;15760;8214;18791;12602;2844;21337;6951;15255;9837;9837;13846;
9361;23403;24557;1900;8526;21557;25799;30319;31183;32603;21920;7235;12658;9806;7028;11780;6331;18452;10109;19730;11347;3136;27223;12716;25937;25122;18017;25537;24249;8251;358;30210;29762;14323;31101;30524;15965;20879;8493;3557;3954;25693;1749;29173;22125;7985;27467;14583;2681;13589;11204;10335;1035;25149;756;542;26403;15673;25974;32628;719;10350;32109;28165;18928;30663;2412;9008;18752;7848;8851;14748;16020;31268;11771;19731;13663;2927;32085;10388;19576;13974;25293;6819;2333;22893;15413;25572;23351;20169;14687;29672;14047;12784;25034;26695;26402;30286;7553;495;
32257;10090;17729;1211;1468;25880;32218;13640;22353;28655;25303;26884;14911;23037;17505;23687;12687;12218;31841;17447;6677;11579;7909;19142;32244;21416;2501;29423;16736;29424;6022;3618;3240;31675;31102;15979;6003;11681;32057;13881;14665;30105;16668;10862;25430;4276;7240;10931;26475;18187;15810;21518;12358;21237;18128;4534;20243;18558;25766;24614;563;4373;11585;18032;6459;20357;17300;31188;23104;16423;1762;24465;19538;26965;20843;24827;2886;12321;2634;17870;2233;9543;3742;2242;24145;7777;13800;23135;5446;28506;30132;17939;1825;22565;26748;11650;15300;31407;15305;3613;
26795;27922;18843;17654;30065;15371;24843;17618;10646;29102;559;29312;26495;29784;4414;7018;6334;20966;17652;14954;12180;19236;21560;32479;25012;13192;9981;18943;74;31009;3686;5743;4412;26826;18477;32273;3504;675;20805;21021;27086;29378;19390;31091;18887;549;31722;2351;2070;5099;8382;19326;28934;708;11130;10417;22388;29351;6797;9872;26326;27331;31666;29169;22140;19383;22880;9865;25110;30213;5985;18689;11127;13508;704;10060;27032;16534;6377;4921;2272;28378;18956;11076;8354;24867;15042;9650;25064;18664;18675;20957;25455;4989;22519;17356;28402;4673;10235;24070;
13227;29466;15527;11688;536;7454;5886;19638;29947;17811;18053;16047;11172;20762;5543;31588;31090;21799;21848;7177;11928;19892;3065;24205;24093;23351;2939;29479;17703;7377;13000;18482;14200;31432;24158;18490;13625;30007;19517;15959;3574;19204;30468;21689;13547;3347;11351;24965;10878;29113;25219;30176;7948;31860;4453;25416;13032;19929;4744;11051;30625;12237;19597;3250;5764;12792;11728;9438;16482;27255;14920;21719;19092;11985;12463;25217;7483;22829;2787;1871;22220;28098;23949;24924;18637;13454;23296;31416;12761;6987;32100;23295;22762;29599;7187;22321;28120;24979;28739;5053;
21276;3654;19686;27871;13530;29411;3534;14636;4383;20432;533;6764;5479;9256;21948;20647;30050;14700;16018;17283;7927;6005;28759;13773;28554;29869;7202;22357;20090;30335;32512;10495;20718;22028;17374;26391;19154;15648;15529;28133;28956;28516;14003;19585;29012;5077;28249;31209;8787;12916;26083;24657;12875;14911;9131;12986;30215;9057;7042;16582;15732;422;18255;15563;20833;6961;13049;10278;32387;22385;32647;22994;20924;6737;8582;21305;27036;24495;24235;22345;297;11024;20154;30667;6107;8082;25510;3312;23275;21538;15610;19245;13262;14318;19063;27465;8188;6941;511;6325;
13813;12222;11442;6683;31622;5887;3926;26681;29000;20128;29180;9968;30571;4775;19168;13464;28593;1876;4242;17303;16573;16215;30547;12850;7822;29249;7618;5283;15431;30521;27832;9579;19249;22512;11888;4073;27394;4055;8427;18732;28512;19343;1938;27398;7841;15520;30;17761;19925;21871;7861;6614;32262;362;5461;13692;24254;11654;27254;23806;22986;13547;747;16113;3134;1517;778;24676;20665;4927;19212;14264;16106;25955;4791;27058;17491;24677;26682;23758;14925;4553;5720;5846;7501;6850;13768;6324;18789;2725;28124;11397;24590;15772;10338;23022;15140;5023;15560;29875;
4402;5024;22147;31109;12016;20230;6832;11548;27146;6493;20732;12678;12579;26700;5058;1471;23834;28615;19316;9089;10124;20101;31036;12125;27290;24245;5347;28427;3564;32493;497;31231;17653;26467;24598;22588;633;24415;15048;877;17741;26352;23598;32306;8799;10463;18237;30136;12278;18657;7457;8588;13882;25104;29150;21937;18678;18844;21559;31472;11933;27070;3279;24943;14475;18670;22670;8581;28814;4438;8774;32461;16293;11398;32662;377;29191;18281;29967;14825;15463;21112;17814;25213;9847;21037;20745;21415;32427;5051;17958;32324;15167;6652;11176;24620;27771;22187;1202;9991;
9270;979;5233;30051;30361;12679;1278;32260;30757;23508;30081;27003;23799;7412;13212;14843;7499;20420;9223;8551;17216;13945;7799;32175;17883;31118;16581;28509;5453;4864;32076;15979;15481;31166;26771;344;15281;8539;2604;14971;192;8711;13531;24470;8238;7357;10747;32686;13247;12222;3102;31514;573;3901;25844;475;21623;5724;17006;19499;7050;25687;12066;16728;19551;23039;2546;211;5237;2923;232;388;19425;31210;13157;15201;18579;10811;16251;3903;30426;27393;16023;24808;23339;24433;30051;5997;24862;8782;15082;30654;7097;5399;23294;3447;23281;12159;30678;5629;
14958;25373;12028;8650;3471;26469;1383;24581;19630;471;24291;18518;26533;7798;1210;5880;8592;19580;32653;20240;22997;29516;18563;14141;26210;21416;5542;1136;25398;10532;17801;9982;6947;32730;11822;28147;28114;4704;21288;29866;22279;17399;18173;3738;31526;2821;15310;9587;23799;24518;1850;15722;8358;830;7551;5072;14;12914;18402;3050;21558;6615;6738;24061;22556;7435;27720;15528;2226;18115;22769;25718;17959;29957;2703;18868;6759;5527;21789;22656;18661;1719;25649;31523;2968;28684;39;23201;8515;10205;11900;3470;4346;30849;12664;10530;18146;23062;11024;26768;
28216;29814;26378;24212;11413;32103;4194;25931;8816;18194;21997;16456;21732;4791;16956;9444;25779;31646;19139;7381;13964;3665;23098;30467;28809;24584;23108;14999;28924;14949;79;20564;8811;12129;25019;22058;20697;10631;4926;20744;25671;19552;22407;12531;9339;14638;8481;23381;27136;3036;27547;12183;24686;9270;12262;14833;15852;3926;30718;2177;5106;9566;21964;22171;7508;12141;16716;609;11644;10699;8683;147;9462;30311;1843;17064;3891;4996;21673;17181;19846;10927;25846;11277;29555;3060;26694;19458;14377;26961;494;19723;8525;26219;26961;25102;19193;20608;4612;24160;
28933;4765;7984;27539;7557;14865;9784;20879;8338;7969;1180;1252;13646;1533;19742;28511;30754;19443;4131;9948;4682;29923;859;1626;16020;11507;19620;23893;2916;4739;29740;10576;32252;23652;16854;3505;31482;12356;2528;32209;6178;15725;11458;19796;15198;28592;20057;6838;11011;20123;2116;18471;29526;23795;7055;30361;17743;3166;25998;14103;12957;6495;7180;26200;27369;25479;5286;26260;24159;5610;7025;11158;26987;13265;7395;19731;28096;23982;9968;4922;31903;25173;1395;12684;30294;28776;32208;9198;17159;31763;28119;25084;2218;11514;20972;23713;597;26736;30309;31204;
23739;19434;22580;773;15348;11187;30918;14537;20092;27105;10539;530;4477;14727;4214;26802;10833;8748;29031;22657;31042;22396;29511;21678;18837;14654;29204;5970;17096;3974;6622;20299;32535;22316;20849;28743;27461;12924;14388;18719;21400;21039;15185;21607;16934;27291;1558;30531;4687;2342;20892;8827;23947;24064;22438;2514;9574;19986;27851;26004;24264;24881;1496;29295;17018;24728;11376;9091;1766;14741;9973;15036;26398;30850;22444;15200;6944;28663;5915;27364;9561;24638;3510;21508;6503;13063;20667;19;16419;8029;18011;23183;15583;18905;5402;29432;6124;13590;8824;4322;
21088;5732;25809;20042;26389;25281;3202;11302;23797;10245;18509;21823;20085;1628;10495;835;2656;24057;26703;14870;12758;1289;5898;19818;30612;6630;30317;25743;25718;17806;210;28812;17721;595;26000;18542;9606;15060;31772;24544;31788;21803;29300;19452;27822;32360;15037;2657;16893;19007;31786;16006;1670;31485;2849;22862;23919;1472;11417;24284;286;9960;10439;16040;2812;6857;28921;29138;26744;20130;23746;21431;8526;7635;16983;26819;21257;28490;28217;1926;1478;18239;15892;6153;15932;8481;25319;23906;28921;9680;3686;32134;15086;4620;3997;15199;814;24878;8917;5918;
27123;4117;30907;18643;10466;3172;14527;18746;18576;9195;699;23768;20292;2146;13269;21831;19711;15197;29350;31951;26809;30332;18076;24630;21230;25570;16028;27352;16729;15081;27372;2298;22528;5396;11857;17499;9072;3910;10868;3852;2122;2865;19338;12418;19454;9488;14132;2282;6871;12697;8868;7868;12088;22573;21506;10899;32293;7507;21262;5436;3332;29028;3334;7180;21669;6024;28618;3959;21889;30944;16446;24543;16703;14341;12272;27818;23933;6322;30203;18839;972;4029;28459;28242;25340;3916;2401;1094;26011;25413;32313;18098;25016;12806;8427;10495;30188;30039;17263;14161;
14236;32668;30437;25948;5752;24912;11059;16249;6471;17070;29168;12792;22503;1457;26753;23224;22159;17471;3457;6390;9816;32417;1383;20323;28412;3639;4706;3193;17885;12394;17288;3342;30281;15841;7984;19754;7932;25080;19612;6934;18662;26222;220;24757;23343;26461;13038;5911;4217;880;23338;6220;20837;23632;16862;17270;6232;31583;8501;10018;17023;28329;7773;9689;29200;12824;24040;18673;26067;14567;14195;13737;27106;11096;19590;30838;17837;11434;1724;6807;19264;15685;16676;13807;27593;3385;8422;31508;30036;21222;24874;23972;24026;31228;5685;23256;16250;16039;11221;3675;
27142;2307;8960;2396;11713;7382;21176;8162;17255;29054;12337;8287;30062;17960;25142;10633;28300;17987;9161;4709;20857;21045;14858;6308;32246;16460;346;18739;9998;10743;21951;22286;7836;6454;23178;21589;31245;10831;25912;417;29799;30147;3991;10136;12682;22144;13610;11967;18103;24664;24525;27024;11342;6834;26524;17613;31964;21375;18962;21011;9556;7792;31854;24754;27293;21606;15707;6332;26701;10027;10703;19548;27829;7519;6452;29545;22045;2741;1222;1339;21840;22623;32316;9406;14684;12742;31146;21188;10387;27007;28326;6816;27349;10874;5290;27888;10514;18813;16057;7354;
17930;19153;6725;12987;13399;28732;21841;2811;28078;25391;28627;28837;28514;20287;15452;11286;24617;217;21498;14132;17187;23602;350;3073;23576;16510;26426;16752;10498;11106;26093;27255;5323;12459;1122;27493;18263;6720;24629;14710;14021;17493;26904;14500;24050;2530;27510;11201;15423;21844;11862;27331;661;10626;10369;21343;4518;14050;4327;10201;11637;20733;20031;20506;2584;22560;2542;12547;5564;27477;27178;3585;9195;30353;14175;10465;24074;28975;28881;5094;7462;24733;5252;27161;4336;29526;7769;25057;22533;18448;633;28115;28019;13622;9974;24523;3961;9368;8368;16956;
911;22370;14198;23492;23462;9802;30062;4356;8369;4622;17847;6318;1636;14366;26188;13791;3132;32661;12588;27824;12223;4718;184;25864;5125;30453;13148;28596;17015;23931;4721;25017;26839;30286;8290;14824;14465;25577;4622;17588;19184;7527;30574;12865;12163;21822;22392;21181;1665;14377;17219;27891;19804;6246;9323;25373;16434;22818;19127;6650;29849;11826;31993;22049;4508;1027;4406;917;18689;9172;20487;7065;30158;26658;10047;7366;1035;5476;28622;18778;1480;11001;19174;8147;6498;16479;23132;16829;1283;17061;22608;15560;11112;9763;21008;27165;15847;24680;2618;22514;
20400;15988;17953;29020;11859;27432;2674;22629;9090;14842;2840;9823;1048;2541;21084;1656;12379;21697;25425;24206;27006;15974;23407;31300;8299;14519;22398;27733;8639;3941;8118;6696;17173;28721;24356;9637;30087;17247;27215;10568;24946;26727;22812;31347;28538;10989;30703;26121;25294;1011;21523;6968;26797;31566;26460;14486;16682;15702;9994;12144;25900;14562;31217;29022;19896;22900;22999;7195;16499;12720;9246;6036;17762;10771;23971;23103;10741;2017;28133;18350;13636;24671;5482;23908;29080;19523;9054;8679;12077;28521;11902;2583;9270;10439;21812;18621;20002;32419;18691;15463;
30750;6915;10534;28532;2779;27750;28788;24171;2449;16049;31367;30865;24644;24684;25629;3770;26438;10286;19134;9311;16381;28246;12192;22257;28390;20220;455;20333;22234;18472;4976;29233;31120;2113;32432;16654;8548;200;15705;9118;22614;4422;30749;2519;20566;24194;20726;7393;8383;10744;11461;29221;32033;15751;16441;29863;18755;16234;25586;30869;11880;617;29670;11552;5586;9808;15876;24714;11397;7329;17432;19072;21581;25990;21743;20651;9730;6409;16571;31106;26891;4231;11448;354;9249;17506;18960;17888;11093;12791;29693;31582;20309;24016;31021;24796;4587;17946;5226;26129;
966;22873;22650;30650;12157;17754;4932;26163;13777;12905;27701;6724;32563;16069;16866;3133;9862;20049;2799;12613;293;652;15919;21231;26664;28355;1548;1294;9955;23686;17194;11723;12976;13400;8775;21492;4079;24234;18790;10135;2122;12555;24620;30928;5694;15257;30602;4319;10710;2747;5276;8573;10938;12562;25297;15985;23401;11692;20813;5470;451;635;8075;22495;30922;3846;7495;3029;4009;863;8603;13824;23030;32597;32104;4813;21812;12778;27895;20847;1948;3336;19680;1329;31773;24943;5675;16651;16289;30450;26038;4467;17298;29923;4822;18549;18844;11980;6465;20486;
15541;10591;23084;30358;7003;27568;30896;27108;22301;28834;21874;21526;19805;19615;28035;20233;15700;23437;8325;8678;24407;2813;8720;31990;344;5285;6740;10167;19631;15632;14847;21807;6427;27284;17761;4736;28931;10373;23245;957;11010;27304;30787;25340;15523;9450;1101;30124;10857;2898;24103;27689;14611;3637;14626;24462;17437;26281;18250;25035;23946;18235;30535;21495;6881;1253;18817;30439;13174;19514;136;27135;21482;14052;12466;3144;19189;21840;29446;29635;29539;168;16216;28413;32605;2306;12726;17636;2282;5079;16131;9945;2998;16054;7394;2310;11281;23097;24790;21746;
28474;20793;6823;10834;18654;4158;28167;8739;8668;313;28533;18421;15435;28534;18530;15754;6334;26572;26258;15519;16582;26903;15046;27402;6841;30952;19096;13573;10930;28794;6566;8650;25817;5608;11762;22112;29925;21918;13193;15028;7903;12301;867;29931;7464;12196;4491;12023;8125;31483;1663;23144;20666;22353;2010;26245;541;12088;29744;7324;26829;29071;5690;5782;2267;23729;4915;974;14087;2540;6273;12324;21382;19765;3224;333;8706;15641;18204;24173;25315;30455;5189;13799;4557;29549;1928;5491;28009;32528;24948;2162;11369;11104;3290;12415;966;19451;30512;19527;
25164;21520;18487;8346;1369;10263;15580;30658;19170;14271;10588;11027;25782;29736;26284;27331;20743;30291;12056;14332;15398;27095;11818;17712;12174;4053;18381;12461;12836;28205;23218;19825;15805;32498;499;28223;11745;29724;6647;26354;3023;25469;3221;14354;23488;28407;10364;6309;20336;15595;2002;21063;475;21748;18971;9085;8260;13526;9565;7239;9340;12721;4737;10484;1121;31099;6397;16186;31397;18604;32176;24966;19665;10299;22797;27793;12937;18378;22652;25396;16913;18462;12029;11389;1552;2513;30991;30722;8340;21579;6096;15477;8023;26862;18277;1145;25921;22161;29852;32180;
19757;8496;5584;32294;27120;4577;2830;29625;1943;17162;18805;29209;20977;15570;21987;21189;17486;13781;21198;7015;18053;19484;9583;7777;6972;19020;30246;2472;867;19741;4122;22485;15106;23822;25632;22393;13109;20568;13022;15537;11636;2336;8752;28923;7192;25584;16842;5448;27675;27240;17183;27219;7200;7729;26754;4912;17587;28723;28555;26152;30161;14344;31421;16324;3499;16304;15973;3112;27815;14214;29893;31394;10920;9842;23922;3971;12687;10849;19451;2094;24834;7410;2507;17774;8044;28786;3921;12301;31812;22795;22622;19362;18323;5688;22478;27562;17072;28796;20074;16090;
20046;16212;2317;9396;14777;2922;18950;345;5981;8459;25022;926;14984;9947;15003;4449;17009;3272;23587;19998;22136;26428;10597;28605;30639;2711;24212;21934;2970;31452;4598;5688;1075;938;15356;30222;18737;3183;2739;32292;18058;31960;1115;9152;17463;17804;15700;14036;27447;24857;9538;2699;7126;24878;12137;3106;31023;23564;23129;15353;19952;20023;23248;15594;11869;17521;28124;28121;31640;25064;5696;16780;11295;5807;18713;18621;32150;6763;19905;8814;29639;32591;21748;18045;18663;29002;2865;24184;13082;30078;10851;8370;9018;15861;20161;24983;24788;25999;4851;20284;
10100;10303;14198;2875;10531;27511;22849;5821;6701;10977;31657;17624;10792;7504;27010;10012;3633;9718;12679;10344;121;26071;16892;18946;22785;381;26513;14055;9121;28398;13194;8544;22351;24539;3357;7894;4766;7194;29211;30183;389;24663;10963;4794;20578;5382;30004;5519;20542;29083;27441;12186;12371;24574;10346;16913;28875;13369;29448;29572;29387;3188;27624;12141;18864;27940;2557;17416;12697;28031;25839;4708;20261;2099;4872;1210;7294;25687;7761;16127;10134;10914;21752;15797;1456;15067;30965;22278;8227;21904;4845;21011;15962;3595;27735;2186;28960;6274;29917;18038;
17178;18574;5893;23644;21141;21470;16400;6019;14467;11565;7971;5267;24767;2929;24484;8290;14233;29014;25319;6922;20622;18666;15626;4415;27223;26522;31005;32735;29734;3677;26758;30155;30764;14895;420;2038;3934;22721;4531;19387;17017;13679;17904;19316;31811;12914;20477;10568;28948;8791;10630;25668;8086;21935;15141;29613;20169;12553;27267;11413;11594;24349;21441;9645;30164;29514;12822;3418;15623;4163;15289;9739;19560;26373;29953;23753;11946;8716;16074;11792;20780;4294;9244;19677;24258;10056;11015;16392;14264;9792;11473;27092;11028;32554;31060;11717;21788;18631;18849;10417;
18200;22475;17897;12058;23641;20438;8862;1467;24698;16550;6357;2145;27366;9099;15855;13052;5018;19739;32376;16630;25901;10022;16463;22211;12301;18157;28679;27066;8971;13198;32142;23075;19738;28867;3084;29585;27731;8652;22798;18290;11837;22698;7908;5604;17740;25998;30279;14538;30631;14993;31552;17695;2862;14245;14661;22155;12988;29388;8868;14644;24745;20616;5925;26071;8852;146;15850;1047;27231;13006;13979;26389;26746;6271;26048;14400;23397;1464;24686;17519;30832;18195;15142;7981;20934;32676;16378;4179;23977;9008;20465;32733;767;24731;29613;21494;20238;4256;24395;30037;
14468;31941;28043;28108;5050;4749;22065;21790;7225;22255;9131;18;14206;11783;11251;9669;21754;19212;4279;28484;3933;23682;2744;9562;29460;18608;1136;28839;3600;3669;18423;24562;11466;7575;17447;10433;26756;15676;11519;22054;27345;20508;31557;23003;2647;3798;3951;13201;9428;2499;31684;8838;23135;1832;14783;5462;3569;4528;20148;19475;20259;19225;9141;24727;4409;22317;5303;10521;21344;29428;31473;10495;7732;3112;13957;1011;31365;27881;31586;10041;17755;20402;25961;7488;1335;28556;6095;16247;9372;26753;27586;14945;13774;31828;29263;6124;9178;3951;19843;17407;
29910;29213;9424;16210;362;18937;14515;29826;17808;12199;22932;25445;11927;21697;17902;5787;2670;17940;13231;5989;31775;7693;2274;21434;6554;15214;1931;10904;5812;20549;28882;4761;8559;23839;25444;3782;21372;27769;30999;26031;23806;8823;26573;20156;19601;29913;10650;2494;6283;7978;28713;5321;19842;10042;26459;29766;1550;1487;2866;16708;4047;18328;5358;29199;25010;14946;17269;4356;18289;31374;760;21923;26201;29891;14292;21478;32592;12256;12470;13777;4630;29493;1027;13131;17867;7410;23671;15404;15026;15583;30988;2199;10548;18254;25629;906;29224;29775;9675;17331;
1105;7970;30112;1670;15144;14834;12146;24972;6876;10688;3978;7678;3480;7837;31238;29330;1540;15388;20860;3989;11022;9735;8416;12602;28906;17745;7336;11314;17239;22860;16173;10364;9509;10524;1109;32383;26868;26988;2159;27222;26430;10847;3678;2411;21912;25033;12538;22087;9012;26016;17331;5800;32427;27309;9848;28628;26873;23431;4311;5422;31177;7106;6245;17671;14580;2916;30304;1974;12612;24216;20627;25835;8317;7591;2426;832;26782;24867;23463;26129;9828;7782;17508;15758;4368;6203;410;32014;1898;18394;9969;11175;28166;21018;3641;8955;17094;23778;9993;12372;
2464;22752;27045;19444;30369;4990;28965;23206;31026;9490;212;11673;3227;3925;30935;13422;29125;8215;32271;5520;13892;27697;22848;8388;11412;30394;20850;20481;14755;22654;1431;19073;7056;31659;2415;7704;3507;16334;18857;8901;28125;6654;31563;15495;18145;1367;6739;28529;25683;22443;15262;31233;21391;20083;13834;27054;30205;26636;26328;24000;2196;23840;5460;27748;17565;20066;14775;24064;32186;31358;11084;12996;24870;4175;31186;9858;14910;29011;30242;9919;24641;30813;11793;28426;12628;6282;24472;16268;16073;26742;10034;25057;3744;28080;28038;28710;5710;15467;22598;4691;
21182;16246;16983;9675;8598;15470;32562;818;16315;26674;28042;22143;4375;8087;7471;15698;5530;6237;3122;8071;12158;7778;16202;30219;7888;12566;14710;29678;22060;5423;5860;17850;3272;11934;20242;23300;12723;14017;25139;28224;9311;8922;30164;16090;22110;20160;9407;12674;14953;16340;1567;19143;9382;5175;12262;14311;43;29242;14444;23013;32190;3094;31576;1757;8158;3038;9668;30101;18440;31665;19868;1876;10547;32308;6215;25591;17309;27455;13450;7233;19913;9431;11177;18035;11976;14429;19919;18716;28089;8196;15791;18483;14988;14473;24428;26723;29707;16158;11958;23718;
20250;27559;16439;29205;829;31528;29229;3583;8284;15998;4184;21048;29123;334;28438;23475;4717;23868;16845;20307;5762;19805;12425;10495;28190;5614;28902;245;25940;21574;26161;15200;25971;19209;3274;22060;23431;16031;13516;18713;26659;30180;20464;11278;15454;13089;22191;6065;18460;14652;2215;29748;7567;12587;3136;10865;11773;942;12687;27450;17347;31550;23675;234;23962;16960;23070;24384;20249;4479;9582;25966;19067;8921;24348;1644;14243;15417;31932;19346;31837;26309;29479;25958;6631;9816;24605;16051;17328;17714;30511;17883;21343;2030;13788;24685;15895;23989;8955;15610;
28409;24754;7513;30501;10987;15045;32162;16890;24984;17020;3973;3201;4024;25663;9747;21650;5778;11210;20328;7146;11455;481;27534;13183;19504;29246;10910;20753;16755;3535;13864;8962;16433;15646;2517;22119;8444;5905;16203;17247;11335;4051;20817;13220;5814;5138;6708;30559;4761;25707;4457;15425;6835;17698;3187;23247;23103;22039;1800;3581;22069;9973;13935;18687;15305;23469;27692;8028;30772;29987;3039;29508;32184;4646;6250;24099;23006;15526;7250;1910;259;5921;29032;24030;29458;32351;11176;26226;7571;29535;11105;5722;7909;24977;6806;27290;20167;5446;22948;12843;
12318;30308;7974;15952;12274;23390;20246;27943;21945;2147;19765;17022;18648;11990;20140;745;20327;255;28403;1297;10804;11776;3058;11599;29195;23050;11622;18298;23093;26320;31623;13053;31807;8252;2280;5420;4349;8545;29598;1496;15053;1458;8612;27168;17696;14961;7294;29067;32055;1130;20509;26964;2091;3552;12547;23045;23088;4296;3495;9031;13082;28981;3867;2553;17441;23572;11500;27775;25313;15897;6218;4445;28069;9977;25192;17412;17636;27866;25126;13291;32268;9223;7406;18914;13183;16105;14043;26532;5595;27187;11809;17835;8831;31068;26025;25416;9035;30546;17147;15602;
23462;12141;25441;15583;1734;17057;11337;6609;2860;7417;15084;6195;1901;24384;30509;24932;7224;4353;19908;25939;6037;11955;21915;31308;25963;26669;25720;12049;26949;9056;22237;813;9557;5956;3885;31109;21178;4883;28687;14640;20222;17846;22039;12424;739;6524;21668;28289;9823;30738;14852;9786;1509;2736;7903;4306;11494;19088;1234;8573;6552;30116;18522;16343;24054;15240;27124;31864;21000;14006;29314;29640;15204;1529;30449;21268;3573;6692;32537;13282;10747;3075;21476;16770;15187;3730;30899;23782;7673;20845;21501;12980;27595;26504;19257;30616;6031;1568;22015;16095;
14648;12273;19562;8002;28517;8362;29888;6655;31275;3230;5205;30767;29460;2236;1964;4691;18023;11969;9696;13872;20906;20908;29506;7901;19302;22130;26436;13082;22570;1268;18838;32227;28882;25902;27278;5445;32265;31921;15053;25457;19725;83;1568;1551;16819;20005;21924;14292;27050;17317;15662;30807;21763;17461;6121;26144;22513;972;30785;32514;6606;27116;20224;15020;5471;8404;3511;13178;28249;9462;18528;20881;16420;26795;6721;11306;18910;24614;21012;5422;7075;2470;10596;772;10508;17904;2874;19622;25845;5373;11769;27643;19076;2800;1159;14945;30567;4427;19117;23432;
15196;18529;12481;19079;16631;7439;27266;15657;13216;26279;9539;20872;1755;8493;10572;14814;17100;6086;10877;23191;31226;4973;3124;3755;19539;25064;7281;1578;7024;18682;2616;29465;21531;14811;6967;30844;28942;22757;25769;4020;6910;11664;2938;22539;2520;3744;20396;1166;2891;7837;26361;23579;21126;27780;27322;32698;30019;3260;23815;27440;14852;15947;2336;25554;7068;28746;17163;18840;9714;15254;19071;32370;4098;9417;21761;22495;14116;14953;845;20155;24465;25439;17911;24920;24099;29098;30034;23505;3932;19796;8337;31387;16298;19365;22572;7005;26857;1688;30598;28674;
26922;18571;12748;26636;5811;24634;26144;17451;21831;28910;32503;2062;4263;4850;24767;15993;16472;22599;11206;17304;22695;2456;21847;2451;19691;12144;23590;2914;1802;15275;7149;25059;30782;26411;1112;12073;10009;6092;14111;21527;24263;25241;20849;9262;25492;32320;25753;2980;20653;14787;25052;23478;811;19313;32160;12607;13901;3093;19924;10632;13573;29293;10123;22882;17591;25309;32746;14962;11581;10085;21573;717;558;9169;23941;6853;4448;6703;4813;9474;6827;4998;16221;19668;13552;16581;12214;20167;1114;26618;14846;28536;9700;12740;9639;21672;29724;27403;13900;29839;
2342;3822;24027;3954;8707;11517;23033;26488;18196;32681;16546;10938;24025;18168;16400;17305;2047;15230;5599;852;29594;11656;366;23258;175;9370;13704;5596;24565;4892;3396;19495;3804;29264;2089;32049;21711;23175;20886;2545;9654;27541;22369;244;3520;6530;13247;28846;2655;12674;28260;13326;29844;11047;22763;27989;24684;6614;2679;8999;5579;21112;16027;13282;1640;6513;7031;4912;25881;27862;8996;1496;16977;16090;21587;20442;20966;13450;15920;2234;15896;15547;2957;2588;11216;4928;18748;11409;21541;1120;27580;18097;22308;1159;22553;8810;11217;28731;29709;23703;
20841;2130;363;25300;9706;32354;18621;913;1493;9594;22316;17510;6451;6927;21409;29350;29142;31801;12074;8759;24289;31520;13471;3745;6539;26800;15237;4708;12063;1685;562;10383;19527;13667;29490;11406;19851;21268;23018;19524;14613;23992;19067;24666;1463;11880;16618;7894;21295;24700;15229;23535;30633;14590;21608;19743;1669;8798;7848;635;13403;4198;18992;2624;15420;24689;21315;29358;10811;2520;16673;7705;12076;12974;14309;7485;25004;31917;25006;978;4194;7791;29437;27488;2436;7394;20062;6229;31644;14582;2891;30037;21388;26008;25677;22737;15311;23012;20580;18651;
8451;5014;19369;12600;24484;24002;4914;16311;32539;12230;22582;23234;7671;30844;11889;26163;29562;10676;14794;19049;2647;6113;24372;29082;6330;530;31954;12138;6537;22052;27998;18109;2793;1334;23243;458;30213;31838;9257;4210;9227;5530;23242;8399;9334;5386;6819;26127;2195;1628;16884;387;30782;3719;19500;499;1005;1468;21511;27957;22513;28057;249;2045;13560;6049;25551;20471;20949;4073;1684;23571;2692;8211;13233;5921;104;32384;14425;2205;4056;32194;9764;8140;16090;20560;22522;13576;2350;13438;15923;13655;11663;7340;13820;11331;24629;10173;28669;8166;
1694;32203;10809;29509;24718;25880;16693;17119;16981;9032;23644;28549;17488;32462;14754;19307;2994;29861;23656;7552;4228;30272;9119;28411;1259;17347;2865;22326;16810;13939;7324;14784;23527;3947;21216;10926;18482;7826;30108;27953;11971;21961;12148;16494;21763;7273;25525;28297;16463;30444;1852;20995;30200;22250;148;17735;31886;10056;21342;12415;606;26796;6902;10668;19769;29235;6227;23286;22391;10855;22319;9024;15932;19563;11880;9472;25850;3449;8103;14158;29239;13967;23103;27963;2449;1636;25944;10083;26367;28577;13644;25542;16217;1870;12369;16339;2587;14218;26201;24774;
6246;2688;54;13876;7495;8598;10754;19172;2876;11495;31934;6113;27380;30452;11065;3533;3927;22678;30259;18552;19142;10552;11203;8370;2468;32578;13814;4189;30229;21720;31929;7366;2309;25797;7929;15157;11373;21426;18184;25538;21201;31132;7747;18027;10254;24453;9202;22116;16210;17769;27503;8110;25196;17523;1419;6891;26182;24945;6445;29553;10415;9094;28476;29597;7006;798;30143;2921;52;17703;32323;9537;15042;5759;15229;15635;23307;31656;16945;28070;17803;26819;4435;26668;7288;5564;25963;2586;20039;25282;23358;1335;28018;24826;9642;19955;13689;21364;23250;17403;
24871;15454;7291;18698;13846;19063;8118;14850;26997;15047;22464;32315;16905;654;18470;8475;7026;21882;16940;10727;11952;23580;4464;9688;17381;11933;23499;6258;12636;26541;14456;17937;19403;25533;17016;3269;11221;110;10804;16223;27859;28745;2661;14028;18644;30384;1073;3490;13794;8212;26262;14841;26760;19049;25868;31100;24465;4567;8550;17344;23825;30131;3322;14036;28842;18861;25857;12825;30472;18251;20033;4947;12974;21398;21481;18945;25077;19731;19900;13546;30289;30196;29041;32249;20695;20112;4954;26698;10236;29713;23109;17541;31392;22380;27296;32619;13387;24727;19680;32430;
26294;20982;4899;16390;15501;22;531;28289;2419;12701;16654;25115;6983;15233;21893;15758;12453;11641;28066;7787;14512;8881;15918;4970;16399;2754;30641;19710;12086;32481;5851;15405;15847;30550;5154;5023;16376;30001;13997;24309;12118;29752;3697;9308;5962;14627;22938;17505;17659;20492;22828;3079;24885;20257;22762;11542;22376;12700;28279;4279;11764;24309;13243;14398;13219;12885;136;8263;9847;5711;26493;23044;14247;2251;31275;20181;4324;6978;6263;25113;16096;17201;20287;25925;9489;3783;2625;4659;24243;4577;7480;32700;12556;7993;26695;17544;29427;8666;7067;15397;
3475;10968;24141;8791;31341;1853;23685;30895;25244;29254;229;27231;17245;14288;23845;8781;15310;23309;1530;18278;26614;5499;26173;4917;27910;16919;19785;14004;6878;2254;15525;354;18131;24116;14563;32405;17328;11128;8647;32018;6906;12952;21932;13531;27513;721;9252;32584;4339;4442;21471;21849;31035;19025;16334;2123;19051;11766;20359;26729;15981;19991;20204;20005;22464;16331;26887;14695;21368;21859;19001;31525;31879;13470;11668;7476;17468;7452;22917;31838;17417;29461;20406;18612;3209;25163;13362;24613;26049;11581;12235;14160;25767;31902;20921;17559;31200;17157;13443;8565;
24014;2278;27171;22033;32202;13505;29541;787;20142;9113;18064;23990;10391;9640;10568;12830;4073;13137;25011;24557;3987;28246;731;1297;2196;17227;22611;19167;6846;16203;13598;2406;2745;28137;10700;13565;18764;21353;26086;18975;32728;22321;18572;11129;17957;12922;25693;9792;25953;14155;31383;4296;19558;936;12671;14163;6460;29959;2564;2855;23519;28675;22687;18403;30274;20564;17789;786;15763;5375;6112;23041;16577;7370;20675;12750;22588;1779;22717;15810;25340;3105;17703;16352;21700;25499;30849;14270;31144;2232;8722;29588;4813;29847;24783;14227;12400;8207;3454;28536;
27945;25065;28699;7776;28273;32077;25723;222;20067;29819;12847;5451;21183;29628;7083;32349;5428;26775;26792;29691;223;6471;28614;13904;18703;20589;25462;14111;15691;28931;26135;27990;7830;1681;10591;1765;23025;9635;7421;27856;19490;12410;28796;19843;29364;21506;27755;8551;11839;20740;26299;23986;31209;26013;22120;18819;15405;27375;19036;10542;5339;31510;18320;13268;19552;13149;21108;1848;18504;26290;10129;3533;10497;21592;26476;2836;29922;14044;14766;16932;29803;16202;11139;27274;9167;20640;19776;26452;23983;3971;21320;29801;9001;6705;15920;15900;9489;31927;20001;5888;
29310;13668;17790;16381;28809;23933;16071;30371;32593;18994;6590;15807;28739;14801;17352;5164;12696;24890;24469;3564;21278;28051;4099;887;18492;20029;27200;19283;2864;23302;21295;12773;1436;10912;19470;9095;25153;11602;29269;15579;11274;24557;14049;13662;24140;11010;4177;22592;19020;16978;11441;32627;30210;6278;26198;17666;22556;15136;8;24228;5446;10930;27751;22417;8873;845;9351;7316;29105;2365;20958;3681;2324;28147;20320;3626;12048;24899;17896;14445;2292;17104;26586;16912;21473;1988;4102;11183;6866;10436;18384;16181;3546;11299;30862;2985;24237;8277;19506;21323;
18018;6823;297;8160;6263;3630;13699;29002;1814;3837;27987;14939;31894;21915;22617;8171;11845;5813;6878;11816;19557;783;7648;30766;29556;960;10863;21976;17073;1695;21591;13269;15323;28409;30719;10750;20540;32389;20369;19430;16102;19097;25435;26547;10301;4509;22902;10029;31413;1217;26789;18197;7389;23019;29311;22712;30877;14835;2257;16836;19387;24339;25150;28249;24996;30617;552;26979;6762;8415;6100;20264;25353;3709;22728;19997;750;12733;23160;10750;25274;30032;12066;29981;12355;24895;18935;29691;987;15140;28283;24341;27350;30361;12078;30464;31558;2545;16236;7864;
21769;31526;7314;28726;13318;14611;21090;32576;30643;5347;24233;16005;17371;28618;30750;15081;7838;28915;15502;8478;12217;22457;2614;16756;1287;15897;2161;1522;72;24423;9107;3749;21026;14145;20;26680;9829;3266;10481;4293;26003;15863;32079;16107;12192;24471;8545;7969;29686;1262;30349;31561;19132;17435;24266;137;29528;19067;20301;5974;7218;5477;30308;465;22459;8984;30882;13399;25263;12273;2364;7251;8087;21474;25011;18775;27537;5151;23731;11372;12371;15642;14396;24998;22382;6322;17151;14331;720;21671;30987;27476;11917;11602;21416;17637;8159;12435;20611;5562;
17771;11530;29708;16275;27845;8586;19229;16370;28983;16586;12252;29042;18366;23902;21986;30554;3158;20966;24989;1906;29815;14726;3826;1558;19168;3222;11047;10376;22675;30106;26113;4491;24353;29300;15913;7213;2087;5592;3284;18660;28185;32001;29859;220;8766;19874;14280;9104;21500;20512;14699;4760;32086;31230;11852;12225;14515;31897;16553;355;9185;11285;11106;28911;29785;21143;4187;22472;8389;17332;3618;20052;17343;17450;22738;29010;7132;6606;23095;4462;19689;22470;7474;274;18036;15096;2143;29824;29583;10946;11254;10270;6096;12780;9967;16656;32156;987;26474;7180;
22949;25095;19021;32362;1970;30127;24111;23931;1183;29131;19829;12316;18852;4418;13242;32395;27866;17757;25205;9337;11002;10363;22741;31072;15976;2311;29424;21270;10097;8360;5149;5795;18897;19383;20638;19280;889;21750;23171;25600;8335;10623;13770;12995;20661;2298;30667;15017;398;1555;5588;21460;17022;27436;1808;21969;5554;22350;15789;15401;21089;10086;15165;31026;31825;32686;17501;27435;13468;2409;30613;10120;10164;14547;19328;4235;7333;12120;14381;26900;2458;3588;4036;23226;20899;19515;19053;8730;4021;26282;18797;21871;4851;31357;21906;31076;28715;8402;23762;22566;
19620;7790;13103;20156;17943;15279;23262;1179;7163;22722;6055;16757;32261;4630;20879;21843;9200;2321;2741;18147;4730;9473;27770;15379;12719;24661;12260;20702;6249;30221;25925;20582;12568;879;24343;1092;7103;29180;17451;3612;28991;15778;3331;32628;19416;27443;28796;9158;14573;17174;943;12499;30727;9277;4378;20795;11037;854;27387;15691;23571;27206;15613;22038;31616;3027;8470;30407;15540;16288;31664;28725;29434;31327;25351;25272;21530;5698;5586;27196;17442;32690;17701;20627;3686;6724;13718;14864;12230;29161;31647;81;5679;3173;22339;12124;31077;28418;29428;22766;
12543;11397;2485;12815;11187;3937;14460;12010;27603;13355;32474;4316;11544;10318;13021;6859;6047;24832;27702;24505;9265;7796;10903;24472;5575;3921;15199;26208;11341;18532;8825;24928;29863;25745;2689;7889;23026;24848;41;11185;23564;2518;31964;17359;3926;2640;1185;2082;18872;30295;23361;28510;8422;24417;5292;9417;7650;18932;1177;18763;18883;5985;20845;19141;30644;14254;11870;17828;28735;14292;216;9398;25036;43;29983;29500;14948;22306;17975;5440;20155;31795;15617;23081;29294;28438;10918;7564;25993;14133;25144;27205;15180;16225;30103;21447;7727;6595;14738;31152;
5411;16405;21839;27041;11803;9234;24813;21324;12747;9258;22375;17102;17583;14459;24508;21824;6480;27645;12621;7048;6083;30204;6022;8053;7794;1996;22720;16140;16415;8888;1126;21020;8997;2619;27735;19993;26113;9843;19852;23590;11538;27346;27643;5492;15773;5399;9659;22987;18964;22652;16744;29798;21400;18737;31689;772;17596;7178;6320;21308;10636;3701;31522;10769;10446;2734;2232;10694;8839;23606;23621;18932;6081;2177;3001;5593;16268;8174;1350;9459;27971;6909;18369;461;11280;6077;31306;29466;13234;2947;10031;23296;6782;15585;7694;8374;26788;6614;16698;22609;
28852;15939;16992;7387;4449;16030;4715;20646;17540;2794;2212;14303;8036;32231;1310;8550;10292;27782;4689;4573;9437;18847;18949;9472;18174;12774;370;6452;22833;29724;165;14690;20881;27010;18725;6405;28025;12947;12247;22146;14990;11250;19999;22457;12543;12194;3656;13529;17163;30325;22310;17784;1476;11719;6905;995;22291;5483;19861;15026;9469;14822;1472;12448;14884;7899;19932;18074;13201;28103;26566;15382;944;31983;2045;3494;9884;17046;19463;8653;27549;2162;28688;14353;30704;29537;2005;20049;26310;13145;16064;28761;10894;28573;25428;9652;4983;17207;16844;29121;
7985;23970;4607;6666;30196;7111;31879;9936;14532;11563;31522;20971;1267;6502;6232;22481;20711;14807;21087;24308;1566;31638;9531;26961;31854;32170;41;1093;14994;24444;10814;10915;8162;21388;23116;3333;23394;19043;1541;13407;21502;18889;11363;13018;26132;17463;8007;22239;6707;1167;4192;5233;14627;523;25934;6337;24869;12403;5895;15356;123;8340;8314;17768;22827;1261;16499;13743;29185;28331;4799;2939;6355;22232;17552;13890;23048;18383;26659;11108;4443;15091;11167;20851;30685;32416;30529;13777;21305;14434;14006;16513;10812;22373;20936;23095;8853;2861;6205;14513;
27609;4743;9468;17738;23498;30400;31858;20941;8152;1812;27188;3975;10216;10345;25062;31904;11861;19774;26459;15275;308;10718;16893;2427;28893;30937;32624;17720;1959;25524;2418;16051;28402;25568;21254;16119;9579;12265;24785;32545;27275;2288;12484;369;865;31835;17659;160;15506;28107;21989;26996;19870;32078;28582;4755;356;7639;32441;9877;18409;28651;4058;29788;5461;13468;18211;6568;12862;27835;21109;15334;24873;30794;23321;17225;32078;18992;15015;19484;30364;1072;30503;16983;20221;3868;19063;23408;31963;838;14573;25203;22243;30008;31548;2645;27913;31397;16284;14982;
29388;31647;1573;2501;7867;9225;7292;23352;9016;2384;31922;20924;9340;22614;4969;3450;20443;8111;12601;26555;30793;2576;11090;8445;23582;7428;28514;13637;30742;20449;3769;19128;2972;3835;1195;28261;12872;32535;15413;4966;13990;5411;6372;2087;569;22052;1779;22021;20159;21359;22195;16155;31927;14108;26416;20056;13089;29880;25618;11733;11397;29242;6849;14182;21814;15672;10957;29552;7896;8283;5516;31226;11552;11537;28933;27142;16347;3457;16908;27425;32306;12996;16815;27961;1836;13138;4561;6831;27508;28090;9493;12461;29789;17303;24062;12730;23587;191;10580;9867;
23412;17085;6089;24860;12334;29826;15068;30208;363;12887;18686;24566;17595;10774;19699;444;2224;19354;25724;31272;18592;23924;21043;32372;11686;18911;26294;11994;24810;14327;1287;6496;21282;17701;17971;24310;7513;29406;50;11966;24303;7309;13327;2987;15586;2509;10057;4173;26187;28892;11384;9451;16940;32076;24371;23507;10856;12028;22322;26606;22547;9543;5808;24983;25836;10875;14355;19885;1576;5005;7887;6887;25714;18443;12168;2408;13615;1617;21367;12436;30982;14336;19214;5921;928;27308;5087;4465;12460;16597;26042;23071;27175;28441;2837;6360;25562;6567;6321;19308;
12324;9719;18555;17700;4601;21689;31665;14423;12331;14347;10309;32312;3560;23022;13702;4338;27781;9979;3069;27639;31353;29010;23701;18068;29613;8148;25344;23754;5875;23954;10069;14937;5331;23940;766;15389;23438;1663;27857;15261;25693;7009;20605;6370;26106;13199;29992;5765;4193;6049;14166;15372;13784;22107;6669;12919;1325;9695;29495;20245;14655;25890;14151;16540;25023;20893;10271;4729;10552;17733;27441;31333;15437;4284;19173;9273;13891;17865;10043;28675;14015;1542;22962;22105;1232;10712;4200;26349;25391;21412;25730;5474;31174;17216;12238;18526;30832;32168;26023;24289;
22272;7411;29466;8149;22148;23685;27207;18406;10187;13701;32009;10643;23332;8082;2777;4997;32105;18865;17903;28960;1596;24458;13227;22873;31633;11989;3124;32711;28269;16655;15711;15356;13548;15729;5330;6933;1417;10018;21865;12176;22426;19372;15320;4958;11546;30125;13970;20537;10667;14287;21738;8760;6875;25593;12664;18593;21927;711;23487;22782;3390;24376;1292;18547;1799;31399;29857;8014;20452;31997;1811;2784;22201;29988;15601;16780;4136;32191;7334;27933;1951;6680;27553;3932;405;24409;691;5347;4880;15872;16824;2604;21099;32653;26233;9965;1366;19581;19153;9128;
28702;20092;19983;3453;10799;17111;28060;3140;7127;4400;20702;20184;2380;14965;19547;4533;20209;13331;8226;29638;13013;870;30055;3448;28540;11636;24429;32275;23523;20188;25513;25418;21694;28681;19748;28433;19204;27051;20257;4014;7085;28008;15104;24083;5307;1742;19810;18027;19319;10381;22158;7923;10237;6627;16915;8459;18938;22615;16815;30861;10933;16810;8048;23901;8268;6667;31513;27457;9792;17034;30407;11251;3892;13263;5844;1909;1010;4364;22780;3749;29615;26416;18110;21521;22928;27742;1797;18188;31597;21405;13064;17666;1492;2257;29295;21768;10577;26858;8887;16823;
7404;19035;3543;1339;10740;27085;29732;15271;9467;3861;28018;3979;30754;32356;25980;21705;8855;2494;14214;17828;20827;22190;11584;5658;30025;11319;25838;20852;31316;23821;25286;13851;1040;8710;20889;941;21364;30923;14006;28496;14814;23251;7436;12871;15703;24722;31630;26307;21016;9453;23260;9979;19790;31986;32287;8830;29979;22470;4916;7624;20957;23262;11790;4116;9394;3698;4949;21362;10044;11823;5715;6937;30881;29229;3601;9214;23510;25632;9661;21414;11038;5330;3151;14648;9421;17873;18285;9430;30034;23396;11659;18733;8820;10948;19286;6987;15324;30857;14419;25777;
29908;15203;7875;15274;2894;30474;31435;21979;8232;17272;21713;26906;25774;21589;31529;3716;16737;5299;32497;23497;23031;11003;30777;9931;4770;31015;21864;10088;31381;27954;14810;27539;16325;13773;12238;20906;4076;12116;12672;32003;2772;7424;19858;30921;10706;606;27312;32006;16528;12544;28276;2560;31504;24178;19335;19913;31982;22127;15114;2066;1510;7509;9524;24640;16277;5847;32060;25026;6276;1266;5241;4769;20578;29474;10440;22616;6545;25045;12846;7911;29669;17952;13246;30243;9384;12721;5053;6480;28641;14085;16133;5361;30421;24027;7079;32479;24527;15336;3796;29849;
11037;1484;6654;21467;22875;11333;21306;24946;18164;22946;15593;21070;24805;25467;16535;27353;5828;1184;20771;10375;11777;29519;30752;10670;23149;10154;21116;18329;16376;26215;16479;5848;16831;25546;19542;16857;16966;4816;3505;29117;14593;29870;2602;14692;16666;31865;23239;14026;1390;23335;6145;24215;11737;18358;20773;9713;12723;6059;4859;32405;13210;15294;16806;22822;19058;29908;18891;8644;23467;21805;27893;27361;27330;25055;11576;14928;523;26755;7189;11423;6317;23854;4254;25255;6638;21667;2266;28001;29105;28358;14955;11260;16956;17748;5742;20524;10047;13010;17571;31940;
10770;1475;22990;12935;19263;29726;19805;32571;17728;25343;29258;8960;27786;22173;30531;8160;20682;7804;12809;26535;878;4580;14870;7157;10087;28817;5762;5265;11821;15276;807;8192;26116;6906;4356;12887;15743;8788;9695;30285;24642;2903;7982;29844;4363;14172;7224;17770;25844;3498;13176;107;17394;2539;5954;24233;21154;3805;28073;17150;10565;20810;24479;7329;31752;28474;9054;22520;6282;1895;1543;20909;23704;25841;14473;4;2619;4947;25541;18028;7412;28310;18416;10068;1094;965;27448;18495;26485;21920;7082;31771;22158;22932;18515;18382;3239;16619;30117;5395;
10088;25153;20765;1924;30666;22327;10275;10231;20511;8811;17970;23054;29523;29095;32312;20490;2417;20568;25408;28896;15720;24130;29774;25743;26640;24179;16266;15024;27752;12917;16545;24399;10530;5576;32361;20985;9057;11663;11204;21270;20161;16522;20422;31610;5784;11076;14618;29238;3195;25742;16545;13492;24580;9771;8029;9475;979;3533;23438;21103;9171;19009;4378;12373;20670;10470;6450;12085;1252;5987;21811;27657;26152;28057;8394;27093;26955;5079;12124;2432;14957;22861;22693;13282;3792;3780;6303;27166;17376;14732;18085;12338;28528;29365;18392;1484;17735;18050;16578;24928;
30171;10266;2617;24951;27228;19841;28038;10314;500;1991;27591;5519;13390;27519;5266;21139;15701;23923;12251;25737;13886;22422;16152;14625;16328;31290;6562;24925;8642;15747;10335;28321;974;22300;1182;9737;9062;10280;32322;32254;11036;18300;19747;6668;3878;31755;29105;14574;4889;15265;2267;18667;23797;469;5935;5734;14690;4921;3906;18608;30009;211;5970;8480;28742;32721;21034;12390;19789;27000;12102;30236;25418;30558;1592;7838;21501;4057;330;21276;27558;14007;7013;20461;11790;30255;13617;13606;13510;21528;1406;17772;17075;10073;26851;1798;12491;24993;21668;31542;
6169;8536;28889;24522;23815;8149;7629;12014;32732;20433;26789;20804;22148;16411;13122;13879;5008;5774;4968;18060;15997;14145;11551;25913;313;27645;3161;29307;28387;8180;16854;1315;10194;943;18245;20016;32474;11593;28332;23203;970;2267;24841;10127;5945;11575;28730;15472;27523;26841;16410;16317;5902;6938;2797;14785;7122;11687;1278;31142;2072;16946;9094;20691;5249;26727;19152;6264;25419;28706;10139;13670;17616;11231;14272;3621;9551;14194;17940;10048;2031;5880;23952;23012;13057;16909;30639;22697;29062;28479;27160;30384;3569;13251;22397;25838;27182;19303;10179;22983;
22754;7368;19299;22239;7157;19909;19984;301;11342;31795;31898;16209;11997;28370;8722;4647;15071;21120;8239;23452;21853;22445;26352;1984;17910;17423;3971;19485;10463;19607;7782;29000;25128;19363;12492;23221;22081;10101;6466;16591;3004;31972;12178;20808;6740;25169;22503;10670;2863;22237;1331;24640;3680;12761;15054;3839;10672;9855;20832;5384;17566;12255;768;544;13732;31003;669;24721;13500;5591;8861;20789;22307;7916;20165;11728;30813;1884;23897;9634;13433;15755;31620;2109;22422;27820;14585;12949;26278;29305;30427;21078;9586;23847;15835;29562;15839;1433;16288;3098;
27759;6612;1899;31364;22026;11187;7675;10639;27391;6107;9390;20267;31558;22770;11242;31036;24584;6924;18619;23721;24160;9062;11709;6831;10084;24663;19261;28796;6495;13699;15003;1273;9825;22610;30962;18663;1018;20641;13563;7469;2114;29111;13359;13168;22556;24442;4908;23781;19132;29666;25946;15203;9831;6319;30670;2237;6778;26967;15215;26702;6830;12611;6743;30421;32666;6714;15484;3204;4218;7966;32655;25939;23086;5846;9764;9114;30598;27531;532;24799;11964;21015;7711;16620;2114;5562;10966;15141;17086;19471;12985;3609;18516;1343;22940;4439;2339;19573;11087;22915;
24338;3218;15741;25257;24268;11553;10453;13520;14857;31629;7528;14035;5904;13457;5714;9068;377;16881;28829;21650;22584;104;26978;22789;23767;8673;18225;2087;18435;32746;12979;2061;1866;29285;654;31190;2083;32384;32393;16443;13359;29160;24049;5224;702;15930;1339;23818;17301;10427;18154;31658;1775;8776;11188;1081;18113;23440;1504;4844;13634;27008;21490;13386;21675;3583;13962;4995;15419;30940;32138;25347;11903;5380;4215;13127;25808;13817;13858;11247;13341;14719;32647;23317;28395;29081;23029;3806;10393;27315;3183;27982;15849;25121;9299;15969;18108;200;5433;7255;
21789;11803;4126;32335;9601;3914;21954;20759;9293;1717;2126;4675;27801;18343;16442;8572;9268;21057;26734;15387;22760;27572;9639;22263;17151;26292;19741;19066;4357;20521;11875;1275;8400;21543;13454;14151;18878;28448;8857;12161;7230;16216;28424;22061;14994;2714;716;391;11987;19498;24423;4889;25141;24314;28752;5004;6540;6176;2969;16575;6927;25992;26063;16918;24924;17638;32034;30485;32701;9967;16325;5165;7082;4809;29080;469;8079;7616;5381;12765;2767;2874;23335;24319;776;10477;24370;27320;2713;15183;12559;19798;97;3662;29510;19537;19658;32322;4129;27358;
24582;3360;18959;18626;26009;22512;11078;25444;20760;129;6316;27943;10288;24411;3064;12022;11753;4597;14612;10273;21292;14632;8902;24679;4228;31716;25232;8276;3361;8738;10197;973;14114;23577;12860;6889;12564;2485;19290;3330;14517;5701;907;29196;27390;15476;13856;22054;2401;18042;6336;7023;9296;7827;23048;11803;20222;17328;4981;16070;16489;30317;4740;30471;1432;12868;15639;23625;10529;18176;5403;21718;29679;9844;8040;821;11074;14956;12776;27574;28663;22244;27900;6219;8970;7288;25627;11929;29529;24348;14781;11343;30891;25869;12919;15799;32752;4616;871;25227;
27851;21177;24530;21769;21581;23670;2572;26441;13572;5421;27544;19151;28724;14235;30865;30301;26724;1983;25160;7690;26908;11151;23855;29080;15342;31721;32246;5379;3763;25036;29171;1878;3863;5064;5831;27586;24408;18355;13631;26865;18506;11422;25464;4760;19615;16647;21063;4428;357;22865;2519;31894;20432;27249;22932;6985;1082;27881;32584;32275;20072;27642;18820;10323;5903;5397;14658;15146;20118;23444;26312;22229;6430;1191;11728;9786;31680;12177;25829;18624;28437;11796;9232;3684;31484;16681;24244;14858;16279;3573;21687;15888;3991;24313;7906;10025;32698;1417;23179;10601;
3985;28543;14449;924;20359;17712;29415;11484;10271;9119;28469;99;9853;18161;3643;23453;29224;14625;28759;25217;20494;22773;12425;24098;22217;19761;23253;27009;14368;14346;8681;24742;17361;16093;6144;17903;1934;14881;28422;4519;12357;8603;1021;8154;4260;2256;14751;12392;28893;16320;26181;11609;2982;27601;22791;11120;23684;11530;14885;22787;9034;9089;19110;20234;16604;26903;18238;30837;20793;21346;29301;963;9913;4587;2566;4816;2707;31898;11141;7406;26273;9838;27717;14136;15464;2161;10361;14115;3411;22764;19865;25430;6207;25303;9224;9916;4156;29075;23539;31191;
12434;9436;24956;30295;20995;16633;15384;18667;25936;20277;32053;30039;30463;8851;545;8391;8282;5310;3367;22114;2491;3903;31227;31267;25095;13554;4440;24036;28537;16315;16359;11452;7585;26229;13411;8331;11436;24363;10491;13779;26085;20875;23543;20938;31100;19863;31647;3757;27014;6814;2392;8790;9798;29291;30737;4881;16299;31932;2525;11948;20505;7926;12513;30669;1133;29718;30577;32136;25915;235;13174;20785;17753;30851;2323;3695;31138;9443;136;10642;15860;18426;13142;30759;27515;2264;21668;10185;25650;16668;6369;5946;22438;16043;16555;17842;17662;19880;19183;19574;
24120;7840;4690;5805;12469;23812;22992;19311;14072;2525;3235;7712;14251;28347;13671;30972;5602;15598;28795;13810;30372;11513;23978;22966;24488;12868;21771;1298;13148;5905;25381;4221;11819;5297;20567;1518;18688;15352;14200;27890;9478;16878;28602;7421;25779;1223;19924;2557;5636;23830;96;16181;4618;3901;2945;31817;30117;28968;10186;10389;6032;6203;2139;4291;8093;9096;19533;8861;9026;30278;8017;6943;27477;30334;19859;23249;18196;9224;20197;21588;4200;7094;3353;18746;17771;23247;27054;18715;23335;22207;18096;9956;11681;15628;5849;22643;12566;28556;14588;29793;
18564;4310;8868;16927;25964;13558;7672;4165;21718;2661;7905;17702;23959;3896;29551;23976;5071;9879;21369;20051;1461;8817;4996;31399;9623;5486;32486;14003;5404;293;7468;1763;13773;13456;26296;4634;8915;28348;11439;31232;30722;6597;14354;3486;2583;12802;25642;2600;29758;11645;14378;24089;7896;30630;17424;8837;9082;21832;17612;16043;12857;17595;21412;27083;23589;11868;9431;32567;26387;31034;6528;22699;3744;22546;10430;8929;22130;25214;25618;24673;20929;20073;6920;3735;1046;24006;25114;8487;16211;21633;209;18309;8948;2742;2861;12480;8340;28450;10823;16798;
10675;3543;22581;28910;27318;28467;4910;15898;14127;25362;19438;30204;2911;3139;4956;14834;18170;16441;19307;32053;1321;3843;24382;27750;13781;1919;18063;29546;23587;3018;22609;21880;5691;18938;12436;2928;21070;11536;11690;23663;21719;23080;18568;25760;29729;3571;19566;32341;11529;28263;12747;16726;29957;9397;8283;3192;28005;21372;23698;19826;23513;15676;9277;31469;3124;12045;15975;29914;32623;913;17017;16136;3057;21031;23206;18934;21261;7777;1414;15846;12237;7097;6913;31794;750;22911;6255;19171;43;27414;30717;24192;24767;24672;5971;13860;7973;8823;29044;32211;
8226;2206;12261;27406;27909;14711;22289;18341;25390;11382;4588;7885;31949;24469;24791;16498;5868;5449;12228;3791;22704;11957;6042;19003;8155;30238;20187;20294;5782;28064;3460;31492;22126;30239;26676;10665;15516;25216;26257;854;21385;19224;22759;2867;30097;13668;12563;9406;3335;25595;25248;867;5498;25282;3631;14412;16951;9055;31772;21114;28175;15856;10846;17685;14427;10748;29103;2048;29501;937;1518;9905;18216;12592;21953;12608;12194;31887;3454;17341;13640;30078;16716;6087;2323;12195;645;21594;25819;12553;25695;4073;21785;9423;13260;14509;20465;9757;26270;22332;
15728;14172;1519;24413;21778;14759;6080;795;29831;30844;19424;15384;21430;7608;28688;32548;14851;8642;28516;19982;6349;3078;24812;7098;12091;6053;27028;13940;6969;4202;30025;11396;31677;31745;2909;24323;2127;25443;16941;14061;16840;20629;5633;12407;8282;21650;10035;12450;25296;10630;9108;22800;25367;17724;24331;19990;5118;28634;24447;8980;3130;13004;24567;24833;17069;13310;3840;23370;24552;20814;3152;18141;18670;4161;27048;18304;18234;13812;13055;26472;29188;6998;16860;11527;15553;4501;24580;17189;20201;27350;32085;26418;2300;31529;31986;4571;23239;9660;23968;3547;
20196;19023;16752;28948;28544;9959;6303;11230;26720;455;29626;8863;2598;12188;16645;1436;4817;18936;31006;23310;24452;10753;32478;28537;27528;31595;13952;8249;16531;31651;6149;13405;15435;14669;16598;14265;20230;26609;18604;3127;6100;7153;23981;9582;447;703;27608;8822;18001;27468;21410;14842;31063;12996;29665;11406;485;27000;2794;12611;9370;17436;13046;4217;805;11570;32203;24821;13576;2758;29592;6964;23964;3164;31008;30462;25430;5415;24858;18238;11336;5755;11480;18448;1003;28293;16424;4892;3611;7994;3192;11811;27491;29069;30525;26583;29307;22757;32661;30448;
8975;10958;26410;3964;13762;32494;25178;25206;28019;19260;5014;15259;3519;4204;22024;12665;6855;10925;7033;7113;17971;6807;24945;17406;11639;23135;416;1054;19796;4942;24956;18385;20130;18289;17708;9144;4174;17297;18853;30463;4767;28005;18963;19254;10173;16903;13434;26204;3443;6309;4509;17213;21556;32121;17439;25599;14172;14587;17128;13047;19129;22357;21194;26049;8522;17431;868;5775;20806;20012;29511;1985;31072;10253;8024;17846;11082;14388;16758;6882;24440;19924;604;2593;22054;3527;712;17227;2460;11207;32733;17929;5553;17378;5829;9959;14478;26664;27548;10922;
20660;13991;14217;11235;31809;2969;558;32452;15726;9179;2627;18227;18525;17313;8573;29981;24082;13673;32693;23309;22719;13613;20806;4861;19780;7133;1207;9580;26102;24332;7066;9904;23199;14570;691;16014;10695;3186;13661;19976;30514;23012;12330;10102;13226;22390;30410;3288;29183;582;12590;26731;3403;15252;9196;29562;1146;17966;2022;16247;12042;14379;1319;21834;12048;13532;21773;24297;17532;768;20397;3881;26013;21303;26739;15316;16616;19130;24073;24059;3061;9800;8570;27789;17354;2404;14488;17705;16988;19901;8091;5937;19795;26350;28170;1312;526;11879;17119;28701;
17127;11179;15334;8656;2488;11453;31846;18548;17310;17108;1795;31021;6652;30550;28387;11420;19651;19716;9232;27057;497;24946;24349;4801;11864;17083;28685;2265;31649;19826;29808;6481;20368;9948;14543;27044;22666;10076;18762;21887;17236;18734;30080;29463;32285;28504;19375;12736;11455;6366;20252;18108;12866;21558;28086;23632;29601;1787;30966;14109;14289;24038;9737;17838;18688;30969;22833;20046;15131;10237;16489;12060;31634;19247;328;25697;3679;11319;32295;18720;7237;25433;30342;17903;13909;7407;1708;25094;29367;21271;19086;27286;18087;20393;10226;9308;16830;2668;980;15221;
3699;14217;26377;25972;23521;6719;22050;27058;5323;28633;24723;997;2013;1757;11029;21748;25908;22151;31048;22026;13601;10869;31389;490;11306;13988;24179;10370;82;10139;29568;8386;9115;742;22131;19630;1992;27590;29655;9138;20327;8231;24891;14134;4111;16850;20880;25971;2535;16356;10450;11909;30823;29823;29419;24513;24675;19135;16852;2376;32581;240;14077;29148;16282;23294;15343;31987;22224;22828;11824;14090;28733;18185;614;31804;2404;13985;8896;27923;25460;15344;3218;9630;11794;31900;28991;27332;20312;26595;24156;16855;27934;10961;12562;9837;7032;13495;22724;21099;
21631;24538;11506;19554;7509;4712;23134;12319;31843;27568;11117;25981;9445;20881;12239;14718;31657;29235;1890;3482;22803;3574;21588;4439;11365;7592;6281;14874;25661;10491;572;27965;16480;24886;27624;4193;28853;21546;4969;29702;9621;19304;19550;19545;30018;11185;12755;11340;15028;26798;6941;14060;20892;24801;22532;31472;21411;13788;30760;11405;15090;29873;8605;12690;3576;8873;15065;13232;30823;569;27600;11545;30080;9265;14941;9038;28561;6455;17892;1073;30908;22388;26166;22882;249;10381;12724;17864;11614;13269;11960;366;13471;30913;13360;18321;25809;19868;15756;27383;
13939;13947;13787;1154;4270;10356;32304;28676;8924;3339;13131;2901;30536;6637;30325;27555;9012;20705;15788;32010;14369;15355;28416;16484;23114;14866;19261;7011;8306;28533;27594;28381;8415;11994;22481;26470;20391;28311;29856;15396;4650;7701;21840;20447;11232;28545;11684;26712;26709;27076;27699;28636;9841;22198;16330;29976;10493;24974;3084;23855;20579;31134;4443;31754;8629;19773;19452;1776;16113;28932;20085;5462;13444;1853;6970;9208;16396;31640;16777;20008;29794;10016;16787;12646;24280;28782;31708;12082;4543;15388;12260;286;14381;16765;19975;21287;5885;6027;8354;22597;
7958;3617;4215;3393;29937;10091;2131;7623;4437;17818;15342;8124;24421;24796;22034;6353;31709;22923;20991;601;31129;15012;1039;16216;20311;124;5526;14556;21181;14254;30732;5264;25758;2136;4974;14734;12921;391;13281;6005;12610;14575;31385;25531;13669;4832;22009;16709;19465;18037;17659;1589;14737;29199;27091;5124;16745;21505;12239;30160;6911;31629;2178;14583;14351;1552;1057;13284;16420;15481;18733;12073;25948;9471;12114;9422;30315;23828;400;2537;20962;20372;11160;22127;7858;6979;22137;16202;28139;15734;14459;22188;10698;21776;7243;1698;30195;4528;25433;6636;
25851;9001;1919;18188;10025;15667;24547;29085;5758;864;11550;5606;17394;29009;12446;4783;27137;4905;21320;17747;26726;8770;8034;11287;11559;23071;4529;698;11985;6562;1502;3406;23557;9343;16927;1350;9267;6385;26131;23759;32166;28076;16621;19556;3265;3090;21204;24220;20616;23209;32138;28231;30818;19405;10316;19130;18204;17570;23290;30311;10034;28749;5240;13233;21578;21348;24660;21502;15874;13218;28585;32013;2027;10208;14659;22666;19157;25664;25859;25055;31566;5804;1669;17998;6501;26495;27393;2876;3508;29313;32367;28368;22429;19481;3055;14013;28883;26302;23911;24924;
2588;27823;32366;27902;1366;25060;9833;10624;20664;8772;3571;18464;1883;4120;13187;7566;31481;1728;21320;19015;2804;26020;5720;15646;27802;18286;15626;17435;18599;14711;18592;8073;21003;1918;26666;19275;14830;28576;11431;29295;9458;21124;18540;16646;1464;13271;24010;2098;165;7928;8427;26752;15590;17396;20733;30328;18097;24756;19602;3443;26318;19061;17735;17581;4951;11129;22180;15003;23996;18684;1092;10879;521;25962;25398;57;31596;4815;29346;24160;16882;2447;26544;19089;5521;22359;28837;29703;31339;31315;13136;18540;19025;15522;2724;19183;32646;25607;18342;24983;
7366;2529;31114;3287;22151;12125;280;15714;24959;25066;29525;15424;2662;1005;3936;22818;31485;3510;19354;21235;20559;23219;15881;11951;26167;22244;25599;28792;31778;8335;3318;27367;5910;29237;27839;6304;17652;26820;6364;13353;9466;31246;29994;508;22923;12154;21443;218;18227;30970;19490;29795;17638;11325;3464;32228;8584;1061;12447;14192;8883;13435;19549;1330;24756;26082;21036;4353;9174;11785;30024;9269;9956;22565;8552;21433;25321;4511;17568;12898;18490;20233;28806;32127;2230;32087;5780;30642;22349;21324;25549;26110;16575;22322;32675;25376;422;27854;12825;32035;
32183;32659;13605;20783;15429;7446;13656;6562;3590;5058;17856;25185;16410;27085;19214;22385;73;16490;8692;25025;22157;30529;1233;1610;22480;9244;29840;15194;30198;13027;10445;10285;4382;16842;19258;702;11813;3529;578;32732;30316;845;3820;2432;25820;18221;513;12126;17447;19423;19569;1466;25168;18156;12019;26237;7533;6817;19692;18568;11692;2055;26258;8520;20628;15638;32337;1163;14733;4902;28014;30354;27555;4518;11242;9319;24711;2320;20393;30321;8406;23068;1747;12613;12702;15669;4475;6335;31519;7721;32382;18770;3278;24612;12206;15260;25248;7647;26928;9789;
3972;14869;28707;12778;28977;21559;31874;13245;20771;30048;588;25039;5856;2443;5602;13833;28544;30980;28592;29495;3692;30236;21263;94;27494;21281;23658;3664;8650;29837;31392;15229;21779;13182;6058;10764;16032;17510;13438;15403;18617;30212;31795;27299;23245;23699;4709;27055;15101;15681;8411;4110;10463;19938;26727;13399;5499;7398;22798;29837;7322;13704;30057;7155;9025;21577;1355;6945;16248;16285;23461;18008;19791;6372;13222;19987;21795;14747;26918;9694;10014;28884;4164;19819;20477;13539;12366;12259;19222;7515;9698;3450;5529;14649;28755;9030;1814;5470;28238;1361;
4927;1859;19902;24301;22768;4072;13036;3399;8812;27405;23275;18495;15082;7845;15667;19831;15696;7816;28812;16810;16446;22632;22318;15424;846;15366;22054;12575;410;5029;7163;11459;3455;16575;14994;5777;22945;12536;6223;28008;4911;8016;31869;12922;29033;30108;15088;30298;24159;25143;17128;15445;7419;30197;5433;10246;4161;24152;26025;10533;2006;4103;27546;6560;13759;30075;9705;493;12652;30204;5653;30622;11253;26828;13988;18998;14755;18594;12482;29243;21682;15193;5420;30348;32085;16874;7244;15349;6907;9368;12709;29441;721;28522;20082;6159;18312;4830;26506;14760;
13912;31964;29319;30992;9541;15849;17959;31003;30369;3741;23027;12098;30162;18775;10526;19190;29013;11311;15535;10037;13827;30508;8419;31322;20371;15032;18892;14393;12897;27216;11071;23147;12909;1920;2029;743;27559;30991;15312;11474;32618;25207;1481;24473;19270;3991;5255;6204;32002;18604;23210;23789;10209;8830;28200;11993;16165;7895;30448;20038;6610;12601;28878;1246;25524;31696;17551;27210;8099;22694;31845;22275;7942;790;6029;31077;4758;30083;16686;16646;6245;20298;28293;5189;27422;22260;10303;1062;5774;27825;806;29277;21859;258;3072;23976;31796;25525;10932;18530;
5570;32534;16559;27990;5246;21348;1670;14033;15691;18050;27869;11259;12164;7151;1159;18534;11841;10488;12783;29160;3798;6444;12214;166;28829;22289;9373;3442;8694;27925;20646;31319;22155;29383;5494;26993;4825;23111;24062;5634;28908;12795;10586;17347;8809;11908;15609;14456;21458;4337;16895;29639;21766;15666;20967;6474;11015;5327;13933;16611;28416;27098;24747;8528;7815;7714;23426;18687;16671;17065;15675;22819;1793;19288;23662;30471;17692;10994;19491;26530;29274;27463;25400;2413;2597;5546;21251;8305;30762;32676;4407;10404;29020;20458;6412;8821;24124;20365;18330;3494;
14936;23409;22406;1626;3346;2560;16353;14447;24483;22815;31309;7437;21600;30817;29794;13951;17211;891;12368;15938;32652;16633;22725;31068;11026;14639;19473;9967;14900;14705;25224;15630;3469;6023;29735;26575;17576;18779;24955;32418;11784;9461;9151;25569;30828;23721;10309;680;2385;2959;31511;24294;7351;26164;1245;27572;4648;25487;24577;7142;2807;29239;2322;24800;15814;3539;28262;2988;9034;18641;8964;17481;24659;7771;14528;2885;4358;8326;1448;31118;22893;22221;22687;12933;24371;24767;24904;15444;4264;12532;20262;12929;23819;29765;27649;1732;16905;31036;13707;17430;
21121;11210;14915;2059;6794;31032;15770;9825;1207;12384;26452;10969;9370;12829;562;11589;2694;1536;3534;11235;1177;10053;10182;24553;28922;7685;4124;16481;1376;14509;19677;10039;12244;31150;12545;19601;29879;3446;19091;3166;28166;23712;31762;10802;20445;3687;17686;1873;5690;3937;32310;32522;16388;28778;3114;23878;15180;12765;20013;9056;26322;20235;19365;3895;19659;7653;25862;6274;31457;22268;3060;22628;7036;22956;18088;3905;13376;147;660;15567;11735;6728;31306;32368;2288;23114;12954;10175;25735;22071;21242;18792;14695;25407;23852;6718;28398;26583;2074;30343;
11537;30130;16901;27034;3999;16365;7646;30125;7882;16778;12276;3560;12515;10271;7632;30398;6501;22223;25949;124;18741;5498;8013;20514;17448;16433;16567;10867;4038;2797;8197;30024;32590;11648;16653;25385;250;3019;11390;32030;20611;11826;22142;32451;13032;7757;22673;14491;8044;31712;701;27814;31197;24078;2028;22838;16924;21705;18833;26110;23770;7821;1678;10092;22944;26190;29014;11321;23058;7599;29006;18750;32372;18292;4986;22409;31597;17978;28245;6320;15627;869;32000;13669;15112;603;13727;2635;25164;13296;24321;14088;14258;7712;27007;9116;6159;11268;20262;28657;
14705;14847;16152;434;20900;12857;6191;9313;1531;19790;30436;28580;2124;19271;23151;26592;1341;14537;9520;3337;18366;5260;31822;19385;13783;26895;19102;1151;2724;11914;27334;7545;29086;2341;15522;21029;26395;14183;10726;13684;537;17649;24069;6688;2871;21868;13650;21824;1284;7104;10085;3866;2428;20870;12481;5688;8400;17089;32692;26814;30054;16840;26750;26618;2337;6023;25781;27197;20450;17383;8679;7913;21327;8843;25474;30924;17363;18365;15345;4780;6885;10664;24840;16931;12942;27079;8098;19630;30245;21149;12936;29440;4190;23975;149;18076;14979;21903;1560;32162;
4352;26786;28026;14569;4389;16260;6945;28751;9256;27682;12435;31053;23401;17641;19167;23503;16890;54;57;26946;26463;9229;24804;18926;1938;7693;32597;29830;29771;6051;17301;17405;9085;23167;3559;8092;1828;22852;27819;26962;4670;12420;27010;9803;3863;13291;12723;5571;10954;23482;7629;10781;23045;9847;23694;6191;31500;17123;17668;28897;22785;5677;5106;30966;29794;29285;6261;13097;13523;4403;5095;20604;26654;9929;20740;31437;12920;8470;13899;11690;21510;26429;22439;4454;26527;11589;19279;3180;32468;12306;17899;32468;16173;28052;16888;23604;25782;11582;13933;6073;
19898;27834;8351;5750;29647;1243;25954;7163;30226;6867;19825;25898;6324;12710;8464;25926;23990;28638;9967;22861;6896;28033;2642;9608;12632;7744;27759;12640;18817;11249;9495;13683;14690;21823;30361;12263;30553;9376;14564;29438;15984;5000;16363;491;18398;28125;334;12261;15825;2474;15670;13689;19306;10007;11904;12324;28169;3225;1567;16417;27596;13158;13755;14464;4946;6188;19870;5496;10437;1026;29137;11518;9239;24991;10882;19862;9355;29385;5033;16234;15736;31249;12268;23449;74;11454;25279;11729;26569;263;21967;21536;2206;11397;19873;4359;11026;26343;12662;17361;
12826;17640;19059;15138;29585;16254;32254;5587;26052;15188;1899;9725;17971;9339;29912;2644;7574;29277;27477;29111;17695;10226;30281;15621;20735;9270;26129;29489;1067;22234;489;15257;12640;11577;4368;21139;11620;19343;32551;11337;13968;26213;8154;14792;30091;20560;21955;1107;31576;4059;8331;4861;24723;4546;22099;20087;27127;19297;3154;22310;22052;24939;29375;376;14495;9951;10225;27769;1563;2104;18117;26273;13815;14053;13376;5360;7431;10488;28789;4158;26007;16674;28329;27852;18605;13023;14518;24606;27791;30446;25005;30989;3205;25604;3007;7704;19936;16321;1374;17915;
26171;23523;16799;7811;30465;5050;12259;5536;16944;15836;14006;30908;7260;26137;22007;7755;16374;25521;13370;19875;26062;8133;7018;22798;18135;8204;10419;7710;27434;10695;13214;24641;27214;4343;12414;12693;183;1997;4620;24062;7820;610;28238;3189;21422;680;27325;2723;15605;24737;13222;30382;22205;25294;721;15187;22689;15083;31073;4661;32390;15065;20731;116;25308;21980;10282;386;20000;16902;28162;21554;8101;19955;12548;7698;13205;16055;21826;22779;27186;18965;30148;16102;13410;242;29993;10241;18795;15880;401;3843;27131;27871;4027;12220;21611;15609;4459;29680;
20036;5453;27407;8805;26371;23544;27809;1083;22553;26158;20943;29820;9782;9334;3418;3572;26567;24343;25532;27459;21694;5837;6413;11568;913;24001;13863;15168;30597;15544;10505;29320;25644;30859;17529;14015;18988;19415;25326;6551;20803;26869;12460;3149;904;22573;24881;20351;19956;1574;21456;5439;27168;5793;27548;2405;5456;20327;7815;13353;14513;12160;32715;27377;26335;1702;18825;17255;21162;8442;10672;15567;8986;23285;22049;5016;18609;12704;11281;29488;14319;8968;24238;31261;11548;29420;30981;17482;23873;10170;14115;28574;14456;21434;31354;20179;8549;32392;23943;16006;
15877;17095;10930;20618;17830;29716;14966;16770;28727;24889;31937;27823;27330;1699;12702;12806;30007;17687;5393;646;3435;28832;578;1736;19296;19404;20958;5080;21191;17175;30651;25155;32195;31912;9147;15217;9456;4155;27122;4405;10404;31583;13835;13219;8053;9697;3559;6434;19963;2696;26504;27842;19415;22530;5678;22223;31219;7711;4799;13222;11788;23357;9068;11463;14190;32260;9874;26668;8447;12115;1246;16857;21631;30841;3765;17333;782;6569;18643;20376;30447;9384;27698;12197;12939;12233;7469;218;185;13595;7653;11237;23100;29153;32740;24633;17549;23106;6400;17762;
3548;30018;16258;22165;2641;13553;4488;7308;13975;7906;19368;14737;25499;22751;29398;31704;20369;28123;21896;27153;20537;24360;10264;32318;29280;21995;16489;706;12969;2252;13517;17851;13197;10738;25126;5778;5281;28974;7500;16849;20247;5750;5039;32564;15240;20630;7998;1538;9457;11298;4487;15261;3323;20143;14879;12376;1407;31298;11332;24202;17225;25865;1985;24545;19996;14665;18706;3320;29175;20888;25801;15147;21911;1356;12848;3242;23101;6451;26928;1740;10417;10373;14193;25254;3975;6678;12483;19421;5793;30160;7869;440;27637;11873;29603;3705;3472;13105;25741;2286;
21723;24215;28358;5187;18206;5196;19571;4634;20290;9248;7285;15069;17627;17643;16784;4179;25702;15303;15564;24178;7374;892;1819;15989;22070;2108;11837;20526;5618;19345;14561;7580;9174;1171;5645;23744;5300;4190;7103;941;24096;18115;22741;25311;22390;1854;15914;14797;19487;4648;25346;31169;783;558;26792;10984;24466;31234;16725;10149;32585;23120;24148;8747;31087;5108;2404;10315;9057;27242;27998;6538;32350;14982;4631;17271;12939;6501;20360;6204;15162;24483;31788;13170;10347;29902;23210;8506;6547;28443;2740;7049;21917;23384;303;12739;9263;16674;19348;3724;
19502;14168;8854;20443;23428;7376;4101;9551;7201;18760;11250;10439;23103;19103;13588;9517;24555;581;2154;16274;18881;14064;15394;13952;6391;28304;25018;11147;9885;9350;13157;11050;23586;12304;12464;26309;21787;28424;28261;21775;20032;2255;7599;11414;1463;23940;3712;27801;28822;30073;12592;26649;27043;1255;23399;1842;15710;22496;21564;12972;14145;14982;27550;7630;5190;12667;8435;25202;32426;5784;7424;9055;30448;28130;777;10450;20010;1721;23865;11102;5492;15699;10308;16630;9921;28777;16970;8265;10970;32560;16639;11854;16547;25483;29449;2591;10656;15487;4265;2826;
8121;23783;24478;25829;14394;12905;20038;26275;30750;6312;18951;1829;32141;27835;21741;13394;25251;29919;7828;6250;15731;28776;9289;18839;24908;25598;7276;6086;17723;30213;12568;27828;13264;28509;19975;29260;10277;13388;1455;29488;31773;18872;20913;10646;19434;15002;12916;28757;13010;29103;29197;2623;17714;23409;3683;29618;27587;25669;3728;29290;1052;9974;18314;22425;27256;24418;21506;10298;20666;30067;17292;8098;1710;13393;17665;16472;6034;470;20513;26406;24789;10819;4733;5232;1566;5169;9109;24517;26256;28874;17469;18868;30541;15416;11589;24545;10040;8798;12632;26456;
12288;7110;13861;288;30810;22235;18621;32020;27533;16729;20796;20206;27188;17921;10668;22949;14399;4753;7206;1273;3132;31219;3130;20811;9173;18101;20370;23987;409;4537;31185;5197;14335;28974;8129;28883;26023;5054;21934;5489;18148;7177;27917;8660;120;20563;13666;133;1950;29305;17504;7797;19278;21546;2385;16601;700;31571;12216;27959;17698;27355;5429;6081;20159;25489;22186;3043;5919;12643;14492;17176;7326;22736;28380;7681;2344;14496;1894;13240;5186;29650;31881;11106;17998;14294;12872;21507;266;13052;25345;28311;29019;20269;16204;24158;20041;1241;17702;13175;
2378;23088;4687;17328;21443;25237;13808;17821;7628;21071;17793;8679;29236;31362;14570;28391;21444;16734;20968;19059;32712;27287;4787;1528;14796;17429;2014;22729;1188;2796;27006;3255;27823;7310;22414;22754;18268;18496;13714;24271;3052;21706;27003;32186;10618;3699;459;28717;32313;28972;1785;26577;21502;17164;31767;7045;1534;13052;21170;31661;13272;20404;22010;204;9686;27366;20770;18518;18031;15544;29962;29631;21777;23416;16668;32216;13854;23435;29556;31323;1077;11175;17475;29636;18098;323;28789;23395;29048;26955;22417;16304;4590;20759;12513;15582;19783;7070;7124;23475;
5127;5863;4000;21142;11970;26049;28203;23786;2087;12724;15916;7322;22590;14647;20621;14837;5358;3619;21781;13757;19394;6248;8771;8570;18669;12543;13437;12820;12171;26912;10346;24737;26409;20916;13468;3452;648;22285;26226;22935;926;1237;9788;10770;8414;17988;18081;2572;28601;30358;9022;24249;6245;21949;4752;8628;30429;13651;12052;5527;19753;29138;15276;10442;27359;3079;10053;31384;28138;30404;29623;13960;138;27862;1004;14826;14492;25398;5445;14256;31772;27524;26681;20095;3816;6832;23616;17670;11718;18427;751;24719;23209;14366;28260;2515;15920;2248;16100;13331;
17008;28750;13251;14948;19187;9630;17284;10059;11776;1142;32578;6793;21277;16851;17743;16696;6867;17579;1818;5143;29617;30430;9814;20515;16532;8811;11608;23911;29733;11999;26305;6164;1442;21268;6238;12244;8930;3863;25932;4444;17299;618;7008;3648;455;29292;28613;14092;23471;5397;28391;7056;17061;29670;9104;25979;7024;31520;14673;300;5060;2357;7716;18628;28937;4732;26447;25984;15453;11560;32140;23366;28636;6523;21606;29309;2335;6711;12518;29730;9474;12630;17263;27672;2219;5370;6375;26048;15304;28839;10007;22218;6167;18096;30805;11339;29228;1519;14944;11791;
16239;10169;13451;11312;23908;27153;26910;10983;24111;31260;26105;163;32343;8918;2170;6744;10186;21506;14497;23066;9761;5479;24434;17386;28710;14905;7323;27856;10899;26838;32599;24618;18461;19123;18066;28483;27313;30869;27726;7975;27134;30468;69;10422;9011;22268;5584;16120;30218;20199;18695;4016;4869;24520;7978;12852;32503;23225;17984;30843;28615;23191;30717;22136;26225;1532;1001;21414;10829;11629;17599;15077;2452;6613;1299;31876;800;7986;5944;30367;15731;18319;9313;6059;28411;10802;30470;3919;7061;17174;17546;373;19279;24220;14874;28578;7794;28029;20696;19586;
25280;21763;11577;28104;3578;3961;3499;20533;16805;12512;3196;25077;15374;9187;14583;18226;23180;13069;19408;19684;4357;12858;31426;32230;31411;23627;12150;3663;26664;14622;9639;4351;3728;8126;13444;11128;15415;10454;18261;15344;13899;9580;18786;9636;9186;28107;2320;14190;10814;7361;22094;24730;7760;2827;24623;10230;28540;7950;5592;6440;12188;17608;3741;7236;23623;8709;15719;27550;19795;23254;29529;7133;27800;31295;30131;27217;6903;21296;10998;17799;26268;28086;9033;17434;30335;21619;27;32203;20273;22092;32522;31444;21717;4193;11267;11642;11884;21570;32427;10722;
28247;15968;26366;4133;9238;4289;3382;23718;15190;9720;18671;4772;19499;4181;5000;29963;16538;14681;31180;16784;29530;5484;20690;8700;11227;16338;12833;18376;7048;4828;792;26091;16458;4187;2958;31984;20557;11866;24501;11595;4870;23565;8516;1005;19317;21252;23509;29974;6055;2212;139;31083;27008;21464;17657;328;31927;6916;26943;12887;28194;7739;10614;9058;22580;12721;24143;2661;6340;31859;4342;4328;9231;3925;1597;17035;2305;26668;1270;18915;2736;13630;23456;28548;29482;27895;26951;3935;880;3550;11685;30799;9410;6855;9357;27118;16157;10057;28810;9389;
22787;2162;6339;16420;25722;32186;24097;15270;23895;26166;27572;32025;7356;22030;26195;12804;1504;8241;8067;18154;28686;10311;28571;26839;29169;4328;31525;17720;29198;6667;26502;31727;8338;17345;17122;30631;15950;2339;9018;8293;21760;18312;16599;7264;17620;9724;4076;4883;19242;4334;7543;9872;26266;7721;13160;5911;15413;27910;2053;17639;25102;22239;31885;1108;13050;966;12059;30746;3987;14199;25550;26097;12419;27276;2343;14690;28159;1008;23474;10456;8337;18070;27881;12538;32539;18283;4437;23096;7705;32649;31222;31908;29734;20141;31973;30212;1986;491;20792;1573;
10834;12960;16934;17778;25704;4521;7532;27076;30533;29394;24814;19836;6044;11409;27554;27856;17817;8181;13738;19810;26146;31961;21440;1047;349;5725;18903;19750;19058;23447;28927;27247;21650;18565;29834;15375;6456;25414;10861;18225;13230;6538;19177;7974;30164;4680;19306;25785;14877;18351;24751;20412;5850;32094;27691;30439;22203;26327;22699;18915;23186;4657;10810;29089;18523;27406;17729;2800;11130;27085;12531;28495;27203;17153;22760;32767;13503;11041;4616;10077;20653;641;26283;1135;26312;32128;28159;29885;13640;7427;12969;28770;19371;2851;27823;27746;13237;12323;4757;14142;
11190;5029;1478;966;22027;24093;24118;5679;487;3717;6470;18277;29012;14419;12264;21154;16500;23976;22531;8512;21005;14794;29977;2252;25924;4052;31783;12123;14505;20908;20172;2593;24180;13110;20910;10815;9742;32199;16922;19421;16084;14301;3818;23417;30743;29965;14508;25982;16999;25148;32000;9241;22033;25106;20802;8008;8934;19884;28777;4916;27966;11665;47;4288;15421;32488;4467;3170;32085;22760;32731;20274;268;1679;29885;32320;13568;26775;4416;11307;16168;13222;958;10479;24156;24261;3181;1023;13336;22035;13631;29844;23421;17850;16646;7236;29080;4387;5596;22486;
29415;19046;9922;4693;4633;15877;8327;20067;27670;26329;24044;22992;15679;24140;26373;24427;31735;7369;32738;19224;31842;7793;2671;13347;364;16400;16281;16852;24334;26703;946;15940;4557;20779;23063;19310;28547;1445;15376;28297;21857;26555;22263;26006;30517;21144;30109;31541;13289;11528;6377;19644;4940;46;962;13962;20758;26233;15919;23193;6438;26324;21437;30035;22797;4125;20770;29863;19152;26841;17695;1371;7402;1830;18603;2724;23441;25840;21069;13300;32570;17512;22730;9491;17503;14514;2304;25713;12416;9950;4882;955;26728;21274;21189;13996;15281;20006;22314;19494;
2442;22280;3454;15745;25272;1280;4942;18467;3291;19902;29662;17744;19187;15315;21708;13380;3874;26982;22001;10879;31156;4904;10376;7777;18780;22410;8594;16374;8384;30253;19321;21523;17720;9113;15091;17826;15059;17715;11049;24890;24988;10601;9497;28403;30747;4144;13880;7800;10014;6064;31324;31069;31417;24893;31962;20403;27787;650;13547;21210;25411;5913;8533;21143;19299;1526;18247;20582;11588;20389;6276;23826;25690;30809;1219;29826;23482;25191;14934;19414;29657;11513;23051;17843;30103;27399;8784;218;13948;18051;21914;13568;21057;25556;24583;20954;7570;6534;66;5239;
13842;20544;30631;1746;21408;7926;1447;7592;16089;30559;12910;26759;4317;30378;11460;2088;8278;11885;16177;24318;16311;31198;8293;12303;12482;13125;8918;8195;29005;23985;1963;19578;17733;5866;30937;28067;8691;26024;28300;13835;24190;14338;968;25778;19890;9769;32336;15716;9471;19798;3527;23366;21701;22273;1557;4528;13775;84;6412;20282;12317;13791;21324;14106;16102;6029;24675;25773;30173;30935;23097;3411;27572;12599;10156;29824;11742;20704;11895;26128;8602;3500;23640;10971;30253;31830;19314;11146;3182;27113;1520;13737;30600;27000;11499;5885;31484;27152;1677;791;
10725;26859;14199;30505;2944;5094;11105;4121;26859;28725;28928;1748;10285;22870;3373;18149;22647;27715;2371;21318;21418;13036;16585;28021;6424;9188;12881;13003;17807;19035;22431;9226;19604;10828;18702;19253;22252;13559;12336;29604;27233;24978;19893;10327;16066;15932;5774;27787;25644;3378;11346;25227;7816;16965;13536;21705;6741;29836;21830;21805;24232;6230;21473;26285;8304;5474;9670;25886;23295;3411;27489;8009;20934;26206;8284;22338;24416;28230;706;7413;13779;10634;30053;14082;29714;8925;24957;3531;13510;20182;23441;19658;31309;22505;3995;11817;7171;26262;14439;9356;
6337;14816;9788;22322;29348;9217;6334;9276;30736;16220;28691;7500;7668;28595;31045;12882;20303;922;23015;32419;22003;2603;24316;27724;16521;12540;13076;8613;27093;15950;16312;27945;1339;31623;15880;9092;21634;9187;15011;9198;27353;11110;4295;30392;8471;29205;8378;14884;8007;14181;17768;20858;8036;25076;19789;2648;19809;28535;31381;11338;26732;8435;20098;9882;2420;14129;9231;20586;13033;21356;24019;28415;3523;20556;11047;30304;30661;10008;10379;14368;18179;13607;24390;29816;26274;30103;26701;409;12511;834;13926;32063;10834;30446;19341;15498;628;30148;23959;28170;
32096;1028;11797;8728;10966;28662;6523;11629;3717;26916;8578;6637;7562;6086;30410;6596;13620;18558;17860;12468;28426;69;19151;1965;30223;3237;29089;7839;16708;25642;1001;20620;22383;27411;11058;24033;27;28748;18955;28934;1504;30369;28773;20788;28132;7724;28476;14215;18594;16911;20346;31316;32746;7785;12312;700;17961;4738;20358;16513;2795;21321;17485;4121;6302;8705;10483;18177;16281;23351;16158;23124;12893;29175;19965;21404;30490;11071;16356;2024;4725;11700;17206;17695;20360;14740;29320;27027;18730;7404;18435;6617;6257;14347;24586;2265;19574;9782;20253;1569;
3928;24221;3838;18047;7300;24974;18194;6862;27699;17897;29705;2320;14388;15060;12994;31677;15851;20911;12904;31579;24986;9291;4578;9807;5855;11094;11370;23283;12926;22810;6523;18408;2401;19560;25585;22190;221;12238;15468;9329;29751;6416;10997;32038;4967;31958;996;3287;7963;2723;9216;15163;9727;1286;14313;25994;10044;27156;4787;27279;15934;21;22484;15615;15291;6782;31808;28681;20465;11040;25298;29230;10799;29598;6126;27219;12694;27428;28773;27413;15137;11350;3992;28764;24803;32647;6369;23347;24208;21804;4142;24535;5951;17552;11759;6669;10350;25289;10803;15289;
11847;1514;17165;2477;7458;18554;573;6847;21578;24869;1548;3358;19972;8882;20856;9702;4301;14389;26513;3825;17892;29062;13859;9969;6408;13297;5013;6075;17795;25391;21521;9958;29799;22165;14822;29845;20504;11916;17706;7313;28938;7745;9891;28059;1996;32158;23016;11008;26694;14200;10947;3181;23103;26634;10714;28677;21282;16290;21646;29361;32001;32154;29732;25271;11994;6026;30754;16527;14873;24764;20476;16882;12639;17888;2032;2867;3202;28929;11567;4818;19925;27064;15677;25423;3241;1440;9370;12092;2323;15625;4258;27542;11504;14321;6322;25685;7719;10032;652;32578;
17966;15858;9725;8457;29392;24426;13245;26767;29741;21701;25494;13445;23554;8029;19912;10046;16938;15152;29613;7357;12901;26000;15257;18195;10073;15388;25604;25832;14038;18414;12779;18007;21342;18710;24179;5119;18149;22087;2000;3158;19157;9425;10597;11073;24917;3279;24364;28642;21451;7586;30809;13489;31391;22174;7482;19919;12867;22530;3170;24983;8560;8238;13062;12149;13490;10512;9383;14587;29478;31200;13809;305;4226;269;16100;22061;24663;19063;18481;22756;3731;26078;10215;14144;16714;4506;20814;19571;1974;32141;23571;7050;14972;14935;1702;22597;12592;10440;14305;29222;
28956;32155;17386;21960;14653;11617;30810;22642;3983;21691;13215;492;13195;28876;2975;10385;6637;31726;18333;5030;21946;17060;12641;6122;4738;1233;403;25198;994;14119;27497;26023;28238;30945;2946;7362;11533;4533;15889;6455;22917;3076;8253;3745;30649;16213;16584;20685;19472;24321;17391;30737;15960;24879;32402;8159;28170;20995;19605;29593;23504;26387;9862;32167;19524;26395;14976;27848;18427;14833;3151;17317;23746;13499;24788;9900;1063;30303;30891;15387;21308;26683;24076;21083;22423;14103;18927;16528;17821;22615;25716;13678;23553;28533;25729;26702;8327;10159;21165;24705;
23054;22013;29533;18148;27597;30534;7212;30132;30173;24275;30865;15012;24311;10500;444;32557;11136;17986;11712;19238;17858;12852;6647;21908;7037;11062;13474;6083;13470;32263;10705;5782;10062;14785;6019;22043;3374;24591;19725;11106;24033;26010;6592;24720;21196;5828;28358;24367;14361;13465;22605;21704;20226;24066;4584;1460;9548;6460;14897;16943;1553;4489;27060;12718;26563;23846;12552;26739;31598;24444;16959;31582;16701;7066;18817;1542;17984;2787;14579;22280;28524;19460;3037;13983;30180;15914;17677;31605;30839;23665;11382;25017;18025;28063;4125;22642;18294;23570;3126;14611;
9492;18935;7817;7503;6393;13757;2331;18222;1245;17097;18443;20321;14209;31340;7866;3539;752;6418;46;28800;2052;15292;22201;13450;23341;432;28373;13705;26222;30318;2387;18211;11432;22503;22709;19678;21019;3306;28120;1073;3626;24543;22486;13537;27230;20919;31530;15243;29358;6435;25621;8828;15102;8708;6209;15561;24037;8483;11173;30621;22707;4131;7336;21965;26803;9652;15241;18866;19885;7689;8446;24887;5551;26507;30747;30769;22029;1999;8054;25839;30119;19653;25993;21266;27754;7731;25687;16543;7194;866;16467;20819;9806;12568;20093;27703;25532;13253;26062;22388;
24758;2561;24534;18023;757;17206;3236;3576;15510;30362;7654;29480;28770;9825;19793;18410;27474;25392;16963;18996;5970;17364;31399;31061;19270;1332;15130;21897;23627;26244;19019;15819;21567;5564;31656;24554;29059;16457;19767;28383;21503;7170;7361;4958;31591;31837;14390;19115;31421;18403;19789;10159;1304;25057;31851;10827;14243;23649;4806;8428;17640;1624;12234;18528;25935;10785;22972;7656;12513;4138;17821;6030;18002;6638;22097;14008;25407;2339;5888;10494;20916;18228;13501;27449;20209;16625;15205;8924;20334;10886;6602;8584;17436;16297;12561;18138;17646;21528;29529;13448;
17560;18499;21918;2220;12695;13893;6364;4703;10353;27417;11895;13450;6974;11;15322;27385;4711;10348;350;9649;27310;1930;10350;28292;13422;8928;15594;3298;6180;17545;21960;7154;25647;25083;12545;18145;10196;23281;18091;8059;32645;9385;5986;17144;30307;13648;14829;16664;8449;17339;27679;31090;21867;12119;11002;25352;9319;9315;5659;29216;30714;20572;8786;4175;31534;15033;24464;23255;12051;5593;22022;6963;20740;7226;16011;11759;30251;19947;6718;19389;72;8772;28013;26822;20397;468;8630;7742;22157;7323;21356;21051;29047;28793;3645;4551;10526;5095;15633;20787;
16731;6373;20788;1711;14709;7219;25784;21272;8607;21700;23573;11537;27074;14192;19219;16981;3453;745;8426;844;16747;18416;24487;3292;1444;16841;25297;25729;16774;4844;31053;15008;19637;14845;22143;10008;2400;21246;7858;5147;29638;30916;4794;19260;19193;23207;7895;22728;14050;23166;20701;14682;3974;18123;31122;1450;10631;1330;32088;4262;19438;16688;6156;11204;13095;29449;6189;1430;17741;21250;21825;22175;23465;3281;25972;20581;17781;18258;22147;711;26597;21627;28120;11153;8040;7570;13303;9294;17963;8093;20248;25181;990;3099;28949;15687;19132;25073;23687;28496;
9669;4775;17708;1100;15438;2004;3981;10932;11964;7383;13277;6905;12429;24776;18467;2328;920;13487;30108;21615;14485;6643;23898;27087;22751;17685;12338;3026;23929;18589;32213;30063;5967;27733;32573;2763;27839;1206;24651;3154;4184;24224;19630;7;5346;4942;17414;17688;670;22664;31049;1462;20943;8474;16742;31523;28280;8582;21801;14349;10600;3318;27231;27930;14964;7796;26682;23492;14340;16989;15095;27495;10193;29715;2749;5272;3308;9203;22985;5817;5891;14727;19912;11210;22240;1532;10372;11906;7218;15062;13251;26271;24720;14562;9324;28538;25531;19308;14572;27870;
23843;9139;5848;538;26285;10394;11220;16213;1204;28320;5555;31010;28494;27666;21984;15957;208;15744;21500;24596;28052;3693;29640;16433;10489;31306;16966;22967;7084;31142;32283;14274;3878;12191;32568;20116;29302;11164;16825;27366;23617;29502;6157;11132;28167;26771;18520;14588;31911;24717;6421;12288;8742;32179;4352;29034;7340;8983;28211;19704;7887;5000;6287;14872;29972;4360;4957;4861;9395;4225;12853;1522;26523;21939;5407;12526;10678;2929;12281;7017;27502;11277;24857;623;11632;19985;23347;10995;18864;10543;26236;11877;23981;26491;15631;30087;10742;5848;1680;21884;
2797;20144;14096;801;28363;24041;21809;20641;27876;5396;27531;26948;25133;231;10574;32648;14075;10477;30248;8563;12813;9852;32105;10023;31949;10216;29797;28599;15571;13302;8217;24633;26283;16787;24082;22813;11736;30662;13451;5565;13848;10724;11734;10804;27114;25603;765;4980;6734;7088;22952;3475;19404;22757;6465;9318;21687;27445;6999;12881;12467;32586;15168;16733;11637;10385;2307;651;21706;13108;9077;20329;14299;21065;32161;27106;32687;32329;4973;28250;26353;6083;20859;11259;244;8785;13390;22345;29172;11212;25262;19197;31903;13244;18253;19216;2259;10002;28074;32278;
1962;17434;9782;4301;22708;31403;13750;14326;5251;7329;5096;1123;24685;29324;32105;15698;12173;2218;23766;13561;5387;18451;20273;19298;2973;12340;18311;4985;22094;17534;5584;20068;24191;607;21783;12562;13099;29554;1243;10263;3439;12275;20916;3511;32329;25973;20794;1600;10656;13783;13602;30366;12932;628;14762;18729;15544;30618;21304;29889;10093;27710;24381;31261;25937;27117;23648;19296;5576;28934;28121;20973;17273;19751;11802;1661;27661;3557;5301;20335;13619;30656;29562;6495;29416;341;20191;24057;25333;12502;5542;3343;16825;28088;31673;3050;7208;6827;31833;16094;
788;3023;18295;20769;940;11557;7778;11998;2370;27972;25507;25988;3153;16461;25125;24164;12990;20256;3994;10107;17758;9936;19993;16012;7865;31829;28940;4723;30477;22657;2377;11957;12694;16438;15487;17755;3853;11477;11220;2817;26991;26873;11724;6442;23807;9574;24429;19158;654;23100;20641;18263;7930;18545;20443;12128;27637;12157;6397;8287;24071;2903;27514;524;3030;28321;19383;21058;6822;19743;29624;25359;21532;19054;14072;16135;18759;24819;23960;10205;9953;29969;15036;25396;7889;10399;563;18866;2805;665;8534;19542;11551;16149;7986;25612;12381;23417;18409;8063;
20350;13036;10069;17199;17617;16138;5871;12227;26416;20700;25327;672;6205;22023;19125;9402;26604;32323;24680;15274;4418;21775;3037;12546;13404;9124;13498;17373;29106;12071;22491;22714;19101;10018;3060;31626;27415;22581;14712;18439;16578;30473;2490;11336;813;6022;20819;14738;4434;9286;31171;30578;18531;27209;11867;27912;14278;3306;20570;21670;22110;30225;30294;11674;7436;5803;31453;8263;10869;2903;24157;26747;21510;31074;65;14844;18486;14326;29533;21348;9739;6542;29068;13103;11744;27053;12951;8979;28517;29392;10841;3472;6375;8353;29217;20935;19410;4717;24920;2447;
6772;12760;6500;30150;4867;8656;2251;1253;31714;6591;10652;10199;9504;261;32523;26892;29506;24229;5723;31177;1858;28990;3841;10690;10199;830;28166;31978;20471;20306;16557;21386;1690;2337;21078;22672;25538;24121;31138;10794;26296;841;16600;28820;408;8594;28039;22319;32271;14488;11117;7122;8036;18461;24216;10340;9653;22095;24779;27307;5764;9793;11811;24159;28274;12952;17658;32131;8265;16519;15628;2805;1344;7933;23000;27459;8827;26140;7242;32704;26578;19182;6038;14295;19411;23379;3431;19616;26890;13886;5433;23217;128;5153;21251;20023;1409;13222;282;21829;
5794;32416;20818;19563;2051;31553;26982;22923;25298;23949;32410;10472;32272;19726;21662;128;5272;13002;9142;7580;31837;9074;10776;4261;25331;14812;27797;2873;13137;30131;27260;21630;2261;29294;18620;22454;21384;2686;14408;276;4516;15052;7104;23758;16979;23138;12365;11380;30138;31336;15821;26240;7734;595;4656;21550;1765;23641;19489;16782;4969;17960;14569;29655;11496;6615;18833;23038;87;8989;25415;11143;29177;21697;3844;27036;27170;29265;19563;30300;24385;535;3059;13941;16669;6985;5192;28917;10591;25728;22255;24925;30033;22123;30761;12279;11493;5829;3611;17514;
23289;32644;23339;9868;15065;9812;1965;24951;24326;30787;7871;7391;13622;15806;21105;24739;2971;6844;19242;13985;31592;24377;1607;7887;23698;15334;2052;2440;9939;12063;25760;19491;25589;15901;25788;17354;5965;20077;18693;6793;16006;13216;28946;25254;20384;17733;27023;31793;22583;4372;9628;30939;8713;32108;26480;29196;179;28672;7234;1327;11451;19661;12137;27217;20435;24911;6338;22762;9820;4084;10834;12026;23082;20433;24876;3672;31367;21651;15765;25671;13690;29369;26215;3915;13897;5121;7091;5947;19772;20512;15530;11158;17572;32182;25790;23578;1820;20353;25604;16275;
31503;20945;5853;31986;14202;23612;24789;27294;30195;19346;20171;14351;26091;6164;9299;21912;17712;7136;22616;3716;25013;7600;17670;2405;26774;29636;3814;8873;9815;21277;1867;21870;7277;7916;3566;9880;4095;19530;13781;17952;30189;11817;12665;23214;24594;15755;18983;11115;20422;12786;26279;7184;4519;32279;25884;12100;1690;1246;19499;804;32268;6794;5983;31779;1406;9773;8908;4628;20800;30563;31219;29573;8828;9280;3558;29519;20087;903;5805;29803;19220;5917;9191;18439;25754;31421;8372;12761;182;10988;20179;1716;4804;14384;32008;6489;9546;14973;31937;27023;
7365;6384;6904;18806;6057;31168;8283;27928;4003;28273;7339;6209;8225;12362;354;24209;5652;266;20376;10703;11508;983;23847;31360;7429;8823;29966;5816;24282;21186;22291;6961;18455;20567;23213;8858;25979;7823;14624;30513;13853;26287;17130;660;11253;1634;1118;28628;5535;25190;7567;13260;21852;20869;20847;28593;2394;13255;4152;25066;2357;2534;267;22817;23741;8450;20183;23962;4090;9878;15485;1219;2157;14507;17458;8973;16281;17995;17956;20475;1730;21561;2656;28792;14325;31199;6643;15214;30792;10888;13135;27796;28515;7887;24049;6536;6207;29271;24897;23837;
3886;18877;8890;19702;284;5323;12106;27988;8212;16623;29692;5932;16646;28651;27092;1149;1735;1741;14586;30432;15961;10530;5916;11361;20589;29799;25869;5773;27686;4032;20402;1996;20256;25581;30750;19185;20145;3961;26364;22800;1646;27444;20269;8591;20465;13028;25523;6272;26586;9784;17614;32558;25620;13821;18532;6902;24410;4500;8614;20057;32249;10404;11249;18511;12247;29964;23794;15837;21428;8476;8718;25065;8112;24068;11521;3918;29453;32396;29637;22828;30007;10758;26549;30081;9729;15233;10226;13822;17202;8512;13062;787;10048;20587;23495;3405;1371;8451;1406;10465;
9901;9755;27465;1929;3297;22086;30398;17550;7650;6220;27089;30502;15589;2081;24568;16129;29865;2071;27277;32543;5885;29266;19571;15076;30084;32380;6396;18798;6069;12219;14858;21286;4645;24288;8565;19861;25353;13538;10669;27002;30710;10634;27041;10009;16620;23151;32735;1237;29843;20005;6396;31745;27076;30642;13622;16372;10827;3649;29016;29531;8940;3355;22238;18388;5284;28626;30554;15288;11056;32447;22294;27191;23764;16303;27387;8619;30549;24282;11697;13350;32327;9237;4104;13901;16015;18504;18583;8298;15136;16161;18083;1468;22280;18698;19522;22034;24752;24921;29631;23960;
25183;23751;9281;30448;23553;19492;14760;9092;18983;30537;25528;32283;7758;1101;121;15275;3172;7932;30173;11886;20872;13444;20132;32568;22546;6002;7805;4360;23763;8157;29038;17117;31134;7137;19061;971;14598;9296;30064;27981;5994;10659;12346;22493;5423;19767;28439;7618;15949;23222;16466;42;19213;30162;4900;25208;15889;20538;26072;20447;9108;31686;7981;32560;22003;11509;5884;18672;27500;410;4634;17326;12582;8146;13696;31379;22386;16697;13481;29243;13137;32350;16188;28611;14646;28276;29163;13860;5389;28490;20123;11711;891;10621;32709;10809;20584;9452;27420;17032;
7867;364;22384;28494;23908;10173;10706;25446;3488;1725;32249;21181;15992;12508;7652;7012;24971;28112;7361;1251;23822;5258;6414;2511;32529;16744;27134;24479;13828;15532;15390;12475;12921;9517;24888;15574;22060;13132;22391;21374;5184;10282;19405;23793;9931;15640;7058;25907;15765;10063;6510;23901;2589;994;6520;1848;19677;16368;2207;16138;18383;20766;4938;6064;14896;21060;7995;31981;18820;22631;7353;20482;31706;5096;29422;12927;10065;4602;2958;29528;31451;12889;16825;21051;1089;9530;14371;3361;22376;1405;23154;27684;15058;25386;3559;16272;32103;21019;21825;1084;
22902;20726;27614;8731;2295;7263;7204;30990;28435;17003;21791;12284;31462;2647;17259;31269;10115;1146;29013;18099;15672;22136;12861;3730;14356;6073;23871;13442;30631;21017;6930;11115;7177;31457;19247;22256;13342;30711;17462;23110;8471;1361;29582;18759;21308;3759;8268;28610;17385;20874;21847;8982;20695;23367;14025;20991;23709;14257;18072;18095;22647;25510;23669;20257;6981;22544;21748;16298;10711;16664;15342;977;21607;13718;30244;12640;19815;715;11812;20923;7550;24658;2161;21873;6349;8276;25310;26129;14710;12284;9019;2623;863;31786;22835;20486;21811;3692;14197;29040;
19114;30250;10258;10068;5131;21024;38;7792;26351;3601;5819;17079;27719;10426;17130;21740;20384;5638;1347;32368;21414;4480;24688;22361;4071;29965;9492;4803;15322;26587;13561;17771;11040;31125;363;31354;24329;32217;18655;2718;20826;15339;22489;26975;23630;18091;20748;23729;25562;4292;16578;21189;9269;4391;32638;18981;18840;3000;10208;0;13635;21062;9162;22722;5056;4545;5313;14056;10347;32679;7062;13331;29234;31680;17221;28763;3482;31243;4893;27621;30722;18680;3105;7864;6188;2007;5551;17100;12281;24977;7519;1124;7028;24470;28206;3230;274;26902;732;6729;
22329;17012;22418;7414;25342;8440;32456;1618;5171;9924;32102;17843;25249;23305;12841;8688;4242;29306;19529;25974;30355;31745;5465;4248;15479;17841;4718;1575;9119;3581;16515;26179;18041;21799;28700;2928;28999;25339;1066;24045;30754;21692;6191;28993;11838;18271;20898;8214;25199;29175;24725;6730;1260;17521;29589;6468;23124;24193;8914;11908;24558;29404;5760;24702;17717;27304;27772;2473;7828;23856;8499;11731;13678;12253;32704;14775;6497;29282;23892;24785;22220;19254;9179;3441;30350;2119;28636;5903;11025;10221;17825;13022;20104;28188;8601;21155;5748;23007;26618;26056;
8301;3841;30634;12460;15391;2061;25696;11838;5779;9338;7175;12234;10928;26399;31587;12051;6913;30957;5622;1697;22712;17372;13605;1116;15347;14886;21143;2650;28991;7604;4574;12790;24666;23509;32089;9506;28734;20790;2648;8702;19546;2575;10370;23721;3875;21146;24692;13142;30155;11209;17835;26787;336;30776;16292;22567;10425;30049;28225;22858;157;21775;11631;17498;31716;2837;31750;19931;10705;9023;18929;11294;5441;13193;29070;15125;10541;16015;24663;4709;15990;6725;12995;16829;14050;12008;18279;10086;18785;8756;3425;5404;25494;17112;4598;14109;17554;18471;4474;29055;
13539;14864;3952;10182;32717;5456;14835;8886;4567;32742;7253;2150;24714;8647;25861;6806;32629;30164;17078;12098;1652;9993;7357;6008;11570;19959;10939;26726;16365;8820;12157;23223;20857;30097;23328;13344;20104;1996;6265;28469;22056;3975;18868;5506;31629;953;14394;32727;21777;32484;15321;28899;31865;20039;23839;15876;25722;340;30470;31326;10108;3428;7127;22571;13213;22954;16712;13393;30713;18277;30695;58;30505;2650;12732;32224;25353;25986;23594;551;9662;8192;20759;12656;31736;18005;25421;27243;1141;3031;2591;21292;26823;24672;28751;15490;854;3651;27183;20356;
9896;29828;5895;14700;27104;12616;12727;18857;7813;20618;21661;13871;21381;21264;13497;31250;2426;8605;6159;595;31787;16489;2893;7418;9558;22222;6830;24164;23725;24388;4638;28895;14622;5007;2207;628;5975;26935;15083;17668;27018;12857;31067;13463;13421;13820;11527;6128;23942;22150;14383;28517;11941;5616;13786;17901;12978;4119;23740;6267;20392;15509;2397;18314;16866;3312;13176;18169;23702;15120;21153;26;13215;23543;30251;6662;4735;2732;5193;7219;25764;16248;21619;8008;29418;10069;22796;47;6754;4004;19521;18796;24658;14878;13364;18094;1916;11533;21082;30372;
2723;21436;4641;20242;8268;812;19159;1828;11202;14088;22727;23554;16220;6875;20901;932;5122;13185;22572;16872;6638;15580;21253;21474;1712;4040;2795;9587;1141;9296;29709;1309;26248;1058;9907;18965;1817;16704;19237;8346;12862;17657;31945;28806;16951;2840;26763;4643;20726;7515;10881;17727;8927;25382;11983;7811;11980;6521;6601;24320;26452;1824;31576;27147;10573;16681;20895;19787;29583;5019;7902;3856;19451;25189;5782;14054;30140;5781;9710;17515;23757;27594;23381;2141;23227;12780;29033;5111;14509;22298;279;12926;4769;19940;7940;8471;32760;9147;26668;30939;
9525;23461;16842;32557;4866;24886;20599;20555;5748;10171;27285;6180;24207;18872;2542;19818;6925;15509;153;8935;30811;27796;29982;8980;7397;21766;27097;10728;2963;26815;21412;12526;3987;24263;944;8602;5466;14162;26804;8669;5349;3314;27466;3831;28997;1548;27029;6797;29018;31369;5672;15867;13791;8653;15907;30699;20646;23789;15007;2087;24869;28956;4429;7595;23090;18023;2137;11007;21771;32419;12693;21699;5529;30883;12499;11915;9206;5038;16786;14830;7980;18223;16350;23514;11584;25263;14449;15402;11375;2561;17438;17275;2487;16828;12912;11067;24729;8175;18318;21506;
18462;29967;4449;22054;28952;308;6137;138;31146;2437;27949;14774;6666;25073;24450;30509;3718;16161;21583;16122;25285;25770;3358;26509;592;902;23636;2501;12880;23749;3349;22862;22682;31872;610;22317;13288;8463;20868;4761;26985;8827;23470;27661;2941;28214;10974;3739;32185;27402;5636;4995;23090;22864;28774;1028;15352;866;18499;11634;4832;21075;30902;31625;25735;6877;4830;19713;7827;13978;25148;30306;24124;15735;4188;26394;20748;29543;11192;9421;4834;15956;5593;4332;11581;14427;7359;11401;7095;12856;17283;20074;31184;14847;32315;32604;15853;31246;25886;28873;
9633;1087;8937;16781;14122;23906;8833;1286;31807;23786;16345;16490;23049;13542;22;21086;10863;13875;5361;30916;31382;9456;12125;26836;4776;12595;25962;11630;10965;26618;12138;16302;29080;12389;16466;3522;18236;10530;15715;25592;21150;31272;6409;27675;21300;28328;5379;14080;21582;27456;12228;1116;9628;5235;281;15576;15601;14678;18957;21096;25926;22155;15370;31448;24322;17779;15168;30888;21881;27552;8266;26137;19890;32393;15631;13960;29293;12162;10471;25083;24932;21483;6144;28410;24018;23975;16895;20128;3122;14288;7146;16113;6985;23464;26949;10094;32358;12755;26747;9191;
7401;5060;7808;12689;6914;374;1461;12888;8123;24412;9228;14966;15417;20634;19564;23621;22590;373;3927;26193;18419;30216;7882;18354;28389;12601;10596;3737;5197;18412;28875;13608;19604;13431;8012;12423;7190;32341;8385;30260;14119;2590;696;27546;851;9654;8145;29670;15850;9413;6760;4118;27581;8552;27252;17746;30242;13607;687;15744;6462;15910;20728;22035;1923;1183;7669;4387;26231;21647;4092;7363;2231;24496;21812;25743;2364;31656;14583;24964;11230;4224;10363;7189;10006;19287;27314;5242;15112;26968;3950;1356;14785;12009;22985;13391;25789;24357;10692;17807;
17324;18317;10542;17582;22645;13306;16328;22652;21628;24279;4774;21704;13089;12684;4824;7798;23945;26941;24394;5586;15264;29621;32233;31524;22110;6301;12295;389;28490;17138;26113;1008;12605;32438;5663;4252;24169;32485;31419;16009;8089;16298;31654;345;22714;6355;18119;28514;9883;21635;23557;11777;27121;7718;4200;30769;926;23978;19578;29532;9779;21229;2548;18033;24755;1393;21654;10038;18074;23639;21079;20960;22813;29323;5822;7905;5556;31548;17808;11009;19926;19087;18603;17840;11267;22164;7474;6554;2568;17529;31722;17277;31871;22013;24804;19255;14229;19240;13917;13092;
12560;3129;9954;4518;9104;12257;23224;26885;22292;12718;9338;12666;21185;27850;24836;18822;23519;12005;3728;16520;26149;30576;24351;12175;22838;14092;18971;5229;20331;9026;24890;25357;12755;29300;27813;16646;21880;5139;4698;8047;32228;14611;3278;9974;26852;16540;13527;10796;18316;23811;25290;4643;18555;1272;27360;31035;5985;1281;14559;26681;30142;17703;20214;27033;20716;5870;11240;26406;31071;8075;23661;1479;24364;12882;15317;29596;30664;12142;10222;23625;12562;15060;11304;30610;5524;24442;26615;26153;1542;29379;13433;20675;11284;19518;19801;32113;2658;9617;243;20270;
19916;14000;11192;25524;17394;25171;724;17301;6900;1702;29199;22662;20090;17986;4337;7678;26104;23900;29482;16384;26672;22332;22577;7220;10232;14321;32298;22845;20029;28228;7181;2119;17736;8682;18181;1247;26944;12798;18198;1800;8688;30638;7939;7051;18891;8500;19311;30350;1581;14600;32066;21608;29924;11603;21326;23732;21231;27559;22323;15268;133;25838;16767;26009;1626;3489;18714;14576;29;11835;482;29214;4165;6124;3730;9727;16653;4497;10728;13931;30397;4324;19207;29963;22316;5104;26906;26730;19075;11977;8762;26447;31043;8569;18834;32331;27530;2621;8384;21390;
11666;2034;16511;31998;7546;24778;29827;31883;17993;323;3749;22204;27696;26458;30016;30606;11791;19963;28891;22911;24635;11453;32008;8934;1151;24524;8331;11653;864;3110;4287;11361;2725;5131;9270;25554;13591;12206;22688;10198;24454;32305;28654;5290;20236;8912;26807;13724;3222;16989;21978;3611;6559;29932;22885;14608;25151;32719;18101;4721;4197;27589;12255;7954;9312;19310;25167;9919;30373;17922;5807;13449;1740;14915;22539;29021;15323;3504;26162;3291;31175;31740;5983;10340;12344;31422;32024;30837;18061;1386;20567;4148;2336;25984;26856;2889;31691;19203;17426;2543;
13739;18733;24185;13131;10787;2913;25923;12796;804;22113;634;24307;28844;10689;18609;3717;4493;5532;491;13246;22896;6277;26040;19961;6169;6592;31393;21677;1517;21427;9926;5514;31153;17047;13254;14533;11156;27507;18911;24496;10608;3915;9815;4493;24653;7828;4378;27300;24359;236;21924;16787;14065;1288;17185;14054;7129;3310;30675;25319;11214;19044;31669;5559;32319;8104;28254;23966;24870;30817;19495;18336;26438;11990;3728;3665;11184;20830;11232;10986;28300;23575;14860;31899;28438;15067;14554;31267;9959;10096;18246;8607;19062;14335;18469;6815;13022;12744;14856;15999;
5346;29715;18019;31477;10542;3946;19439;17126;10719;23813;26700;382;18758;10886;17643;17279;1513;19943;11051;2777;32715;13744;9154;124;13038;18797;9567;30826;15125;11871;5774;31760;1230;17522;9947;20182;4016;28527;17210;8437;9698;115;10662;25736;11485;21408;24585;30951;29554;30226;4700;8240;8462;26644;7183;29478;10813;20372;16555;18239;28269;11989;22454;15096;25333;29540;28631;23660;28501;29005;11578;7717;24255;7822;26422;3634;2775;8908;18733;889;9144;3909;31412;13647;14647;21254;4852;28998;26987;16222;23376;25414;22637;12434;9545;9184;21852;11986;14238;222;
20644;7020;5815;13343;1920;15936;11331;31906;2238;18292;4641;19936;30403;6505;1148;2399;10958;28397;16187;30340;7553;12722;19096;27817;14493;5374;31502;25455;30221;18597;10361;23893;28710;22581;24697;24714;18221;2672;6167;29184;25;21759;8363;18114;16539;14436;25597;8071;3164;6193;11178;647;26502;25463;30665;18317;645;8578;10447;10830;21263;14019;176;22265;15969;30222;16199;9487;14540;20998;24056;29813;32369;17109;11924;24776;18761;13344;24956;16112;10344;3897;14090;6392;23682;13719;24620;7196;23982;32644;21074;11556;28266;4886;4747;5873;24543;10080;15338;1878;
27495;2025;17711;20009;17741;27742;18851;4761;19668;30851;22852;29377;32122;30831;5154;16766;1405;11513;5385;22142;9631;15470;28512;9370;15910;7045;17489;2662;11560;660;13099;4358;25093;17155;10500;3395;18997;4353;21410;22238;31556;5495;15260;2595;15898;23610;18876;1986;24448;29317;15272;9947;27104;18854;19393;19800;11340;12791;4172;25215;12994;528;21968;20423;5039;15931;30910;1003;14001;21545;599;11326;30881;16099;3275;6206;20689;9986;12958;31595;23442;21283;3408;346;28154;31894;1853;26629;5860;23638;1218;5221;12599;1086;10401;21827;27500;22649;14247;18507;
26698;15675;24460;5474;23796;19630;25882;29753;20518;10544;32145;12322;24252;16315;22347;7715;10612;3748;5532;14665;20468;17545;17404;22847;7439;19333;1128;14111;18500;5285;32005;13448;28807;14240;18695;6385;13381;15042;28881;14653;2722;5930;11613;15759;16901;19765;31455;31071;18390;7482;16037;2510;7558;14456;1090;11830;7888;32332;5611;3846;32063;6568;29729;26317;5361;4800;28817;16788;32410;10502;28728;18033;715;2393;6346;16217;21109;13433;27989;21302;10409;10687;7713;9785;14753;10763;4060;21618;4868;9981;24051;31390;20838;12904;23619;16704;20238;515;23537;7667;
12285;23394;14230;16126;28460;31781;27296;21801;20756;21104;14325;12239;24435;6555;9177;24373;21070;12074;17681;20762;2610;13311;12616;7055;32704;19918;2227;27145;19561;7378;25841;16565;12405;14782;12085;2571;14922;20471;8614;8870;29419;10240;30726;22355;13247;13877;5010;2408;2452;445;5674;27991;18659;30650;14514;6018;14165;32450;24760;19281;28295;24211;14679;16514;23562;20482;21339;21185;687;18741;4261;20345;24833;23058;24274;21993;8466;11511;1303;32122;30075;32684;2415;13904;18334;10390;28921;6175;6958;31789;24475;4928;19186;9904;23276;14340;709;19991;13393;2120;
6882;4169;24166;1865;14430;12687;12703;31674;22262;3912;25647;6164;8203;10975;14632;32046;13035;24827;10980;19213;16978;8437;5285;13309;11057;14479;8056;17888;26797;2019;30303;24007;2411;12697;1454;31167;2571;7005;18870;23790;14578;21136;28833;14814;1869;10558;21405;22296;27474;8017;2877;25077;14281;27652;8987;25521;3276;15258;12483;3265;17867;30031;20940;19046;2259;7567;21832;23171;23311;10342;5215;20908;24207;20536;15926;18303;7496;17586;6934;7479;1372;17920;2762;4734;31388;64;16968;7299;8523;15159;3220;13133;17957;12867;4834;2383;1952;10385;28667;24892;
9330;3472;4833;30236;4947;17830;13494;10656;18436;27425;26074;27826;18832;7024;30292;5713;32210;9363;15731;7324;20023;9936;1204;25644;2502;32424;6631;6567;10333;2825;19598;18834;21309;9157;23174;10855;22216;21571;4073;19688;24970;11893;7730;9906;13431;18953;28322;11029;10355;17380;29667;26147;11544;20940;16108;19975;9395;15972;23332;16025;16783;24926;13770;21295;18551;26604;5268;4789;23670;375;24470;8704;14305;17556;16998;28767;30359;24628;26750;4723;21896;27930;22753;16193;2932;29587;13570;9094;7925;31073;24289;32586;24000;11256;19063;16824;22824;31469;32340;5933;
3044;13995;1927;7567;3345;1896;25790;13024;29819;20567;11438;4627;21528;21279;29621;12830;27349;10125;13502;6992;29845;23429;16742;9957;15223;20287;32093;23768;20056;8624;26894;25592;154;16709;16258;14398;5923;29911;11137;7006;18088;28892;22523;29596;26411;19674;24487;3297;194;27938;24554;28686;5531;13498;13050;17552;19773;5019;5443;28725;25872;17692;14858;26941;2592;21167;4944;28341;30;11979;20729;6912;14760;31785;23341;1207;17865;21811;19455;25011;14020;10170;11340;24679;26125;30951;30694;11123;14745;9588;11506;19319;20055;29211;27279;23333;11263;79;25273;16795;
26122;31531;9068;26351;19969;4264;31500;5899;6907;2834;31748;1723;10850;7869;25518;12036;15861;16372;26739;29368;23315;5426;13107;16967;12086;22933;2022;12760;7614;17295;24964;13720;23280;17375;1315;30802;14398;12479;20575;65;1480;12639;18175;5666;11556;32147;9174;8844;26970;17864;28902;30084;16435;22333;27340;11341;8372;20592;13144;10621;19173;31190;6011;21334;25815;5838;27750;3154;24804;17112;18416;6656;6457;12034;6200;28175;17554;21412;24204;1448;10309;27213;4490;21250;11138;17405;27269;25904;12249;20373;8747;16957;21244;25739;24676;10106;32199;9698;25469;9239;
25725;4442;8837;16881;23637;3812;28407;12459;10805;5208;22938;9984;11965;12650;24230;28247;4999;6107;7464;19608;23981;29676;7591;16447;2444;10520;27656;17071;5064;18178;2223;1224;5009;19117;29927;22971;18980;32747;24196;17437;19348;5912;11975;22843;9418;17159;129;28334;8906;29501;16763;17967;7993;32349;790;11180;30236;20708;15919;14747;2275;29718;3653;14222;29350;313;10206;18183;20910;21760;3622;21134;18999;5962;19418;29442;9844;27405;13156;16173;14292;23180;27208;14746;23940;21457;17342;20651;21557;18775;11936;9446;13087;19207;14983;2448;14918;11109;30770;29565;
22012;1292;14631;18982;31655;13400;29340;20220;17348;6498;18327;3836;25900;13873;32341;4740;30102;32046;25833;16229;4958;25561;26917;8505;23685;3515;26557;3063;22264;9115;30378;19652;11797;10997;11981;23820;26987;29096;14549;19410;193;25071;8546;20804;29018;21138;14442;16531;14456;10078;32733;19457;22303;21970;28036;20284;17179;8731;1071;5098;26949;10307;2063;17541;9473;1445;21089;361;20747;13988;2124;19499;21876;31900;14605;15661;22247;24601;10065;14191;27441;9031;16866;3752;30464;14506;3974;21398;6379;4623;4645;14994;17843;23491;25897;20583;31177;30722;6954;29028;
9232;20146;7883;14000;11747;17746;6879;19934;17498;29485;11729;28353;18121;26067;27714;25474;32394;2505;30451;22255;1021;2944;10214;23830;29900;17540;6848;27155;24436;2294;5234;11046;2049;26940;3608;30217;27160;15351;26401;17024;7227;1077;689;25137;30793;2025;21571;27318;11588;10904;8083;1521;7767;24660;28603;7327;13080;19694;2460;3888;32010;25448;23935;28887;22118;6569;15356;30941;24091;1140;21020;7738;29971;28571;12474;4454;8376;18032;25391;2157;30391;24701;22830;4418;30211;1653;10220;24149;28958;17258;26244;16743;28052;22079;10651;18589;7368;22369;25151;12756;
20978;26290;9237;10293;6505;30150;5812;9;21790;594;5708;25806;617;21729;18315;11658;3337;6089;8897;19295;21350;23134;14914;1632;16408;21605;16396;31907;7341;32204;3753;6039;423;20120;14679;27544;1989;15134;26471;13761;7812;16502;32483;27650;11236;5421;25203;4978;22895;21050;18049;20710;12920;10291;24988;26562;30625;29889;31770;6927;19360;19538;8962;9422;7490;19469;553;14220;29359;18443;10650;15927;31217;10692;16955;20016;688;4807;30126;32673;17727;6063;3446;8209;6877;10066;3419;29494;2868;29243;19727;30218;21286;26203;21777;22561;18633;4859;722;7993;
16560;2293;14359;10515;22637;2852;6558;32641;19027;8985;8452;12993;11905;28175;1510;11785;19740;13857;16967;14947;26075;11195;13873;9147;4297;21327;11935;13366;7238;31561;21403;31174;3151;20036;16804;2556;7936;21886;21074;14365;31319;32649;22589;29047;26427;32580;21018;13301;15805;5898;22823;21234;26269;9257;20170;32331;5648;32406;3444;16312;9152;223;8396;25180;9237;19552;18698;30874;9907;7610;19872;29739;15940;17793;25376;1133;13687;6453;10330;12030;5448;28788;32452;22154;24707;621;16928;9185;10371;14232;9048;1357;24384;17317;10925;14370;2697;7090;9488;4246;
15501;7360;208;29651;30112;30312;23926;14411;21308;11722;21230;24652;12358;19655;13287;25300;6803;4464;20347;30374;16811;12733;30227;5021;17101;1923;17797;7745;30259;14496;128;29080;8598;12152;29994;15167;13301;30630;14087;23992;28307;21227;12317;19718;7999;6762;19798;6519;20439;16408;18981;7362;3855;1134;24428;32081;13935;13409;22942;31712;20891;915;23073;16199;2775;22219;18422;4756;16586;4771;13211;18781;10626;17024;12848;15957;9913;11207;29658;8220;12119;8526;6501;92;29240;11025;3373;22801;5678;22055;25406;31784;15178;16628;1210;8524;8535;14239;10875;1533;
6056;29894;27386;21474;6676;23153;24431;16736;16190;14149;9274;8299;23578;27643;14466;20380;172;1296;284;16772;12819;7357;29358;3649;1479;6441;10004;17230;543;6878;25090;26016;26646;12153;18667;23022;19022;7334;21026;10064;5461;22348;12096;18443;27944;31493;14021;31915;1013;21969;4354;21843;20005;23563;11318;25938;14234;6300;15351;21750;15925;28014;18387;17829;5532;14372;3384;15401;14394;12040;14481;1356;2439;2628;14770;18597;28041;19798;14198;15793;31131;17598;26278;14118;8813;3065;18461;30851;2892;12211;4650;2540;23203;16441;18742;32309;14274;26669;19367;24381;
21983;23421;21764;13437;12378;12949;15449;22496;23622;1492;29149;3285;4900;23869;32722;3491;23281;18544;4781;766;28516;13016;19575;6615;20593;18469;26483;11128;6673;31997;27649;11215;2373;4078;32194;21002;21080;5800;1021;12133;11365;27497;12609;10304;13850;3768;11852;885;6075;20822;27692;1000;1642;23154;24996;16480;3237;24092;14289;11669;15376;6140;10765;3722;11381;24132;7444;16156;27657;24803;12646;3291;17649;26876;21740;4634;31748;11414;6109;18242;27859;2709;18659;15980;9958;17129;7290;15662;28745;32517;25497;10420;20808;16018;5525;30739;3446;31845;12610;8411;
11764;8111;14683;12779;239;3444;20516;4234;12907;28223;13901;2995;25151;31763;12570;14767;23393;27812;7105;21482;20580;19399;10260;1279;16703;23080;4703;23829;28240;17467;19604;24686;31905;17781;25765;25661;12137;3003;10802;11704;23254;28443;22372;1903;29705;20922;16665;16604;25187;15373;21057;19515;30207;2380;22151;28316;10111;14372;22581;13878;1292;13229;5457;11006;28824;10395;20492;28024;4966;15032;32350;14285;10957;11922;7402;29983;4665;23408;10535;25369;11890;31115;1729;29130;7713;8315;21565;21939;21392;2544;29405;30;31665;27810;17859;29106;22114;907;27736;6981;
25583;5459;31727;16625;3032;4108;31910;4970;8405;3359;11661;29582;26136;20870;21515;5182;31186;7740;6781;28269;18680;25842;16927;15222;28743;13572;11312;27059;11910;29867;32337;16203;19467;14964;26159;8011;7040;23281;16481;9465;30695;32430;9876;2405;25564;21606;10469;1856;11802;13175;13966;12529;16193;17044;31173;27878;29911;30394;10977;3112;11660;32357;7871;12083;27330;27907;5220;27908;11084;15017;1507;28787;25462;27653;129;32707;13894;30356;18456;8824;21506;13588;18873;22888;8690;61;8597;7445;3943;16300;14366;5690;15357;1824;14953;17572;21276;5096;29143;2115;
16581;16028;16116;16513;9099;13580;15263;30162;8159;4214;18540;16781;30865;7164;2374;26618;4244;24404;5465;22700;14850;16834;24111;2321;30303;22851;4632;23879;3106;14859;32208;4913;5489;23090;12636;25547;27693;23979;27701;20154;5934;24181;5288;17448;7376;1301;15997;8398;24238;1347;1239;12370;25261;21220;15195;10708;11581;9016;14996;23236;4315;3669;19350;29686;5850;25812;30434;11512;25956;3530;14986;12707;18108;250;27542;3568;13765;12616;18085;3085;5064;31601;29656;14512;27506;27898;491;428;25884;30566;7333;8898;20560;25516;627;21689;26248;6632;32080;29360;
11064;4433;25319;2484;3343;31851;24572;1678;11386;1406;4872;30174;27499;12102;14883;2670;10840;11756;30759;24000;22150;19509;29971;7913;11655;12538;23981;9122;23042;6360;1644;3997;19890;22568;13716;1557;31921;14641;22691;6569;24055;2717;10476;28266;21789;29226;898;16947;26983;22434;30807;20281;28162;31757;21669;15586;32650;4389;11405;4827;31440;25866;10239;25189;20697;30263;5849;6639;23594;949;4179;14058;6978;28046;8602;18905;29801;31109;20411;167;26280;20484;28867;11070;19481;17750;8228;28245;4449;17174;21083;6281;1658;26088;19408;19888;11446;9063;32510;31850;
9728;3166;5587;20984;10597;32570;10842;8274;8404;24255;29335;27251;21538;8443;25523;2808;17745;19064;4185;10473;8722;10678;18015;28375;28296;26328;12201;14375;19791;15262;31306;10413;2237;26515;19437;25213;16744;13448;1140;19965;26088;8000;5086;10303;22494;30829;26478;19342;25141;4571;12809;26183;25767;19436;5089;5099;22659;5956;25936;3185;4782;16069;10502;24033;26344;3518;26983;25630;4177;9823;1327;29443;812;7281;12120;26290;3042;10308;9789;3625;24394;1512;26111;9239;39;21663;23080;18925;7667;2707;21134;14647;20699;20677;16251;7981;22282;23366;30986;22149;
14122;4521;5588;29580;27688;7096;5324;22133;32312;9830;24168;14321;11546;29957;24834;25600;3995;4793;19581;5894;19550;14381;12587;12577;20444;14724;1518;13242;9130;4243;22942;15706;19195;22349;13227;30655;18533;18046;26628;11312;12520;3261;25143;29197;28716;4507;11225;11178;8714;31009;12840;17757;9550;31610;3823;27350;19387;25836;22698;9903;19280;21005;15851;8260;21706;31795;28668;27589;29546;10796;8390;8330;6648;6447;6129;10662;264;29203;9037;1214;14972;7871;26225;25372;7754;5090;19874;24831;29824;25316;10230;18229;133;10268;11448;2796;20897;10563;28687;32710;
31935;14376;2779;28715;9074;11686;31200;4067;27703;4307;30758;31972;20474;15995;22687;17000;24795;9421;8971;4675;28209;26451;30745;10356;10703;32552;207;3322;12935;11109;27947;10217;10221;17884;17931;23484;11101;20489;5706;6637;29248;19525;12076;9667;19850;14141;3068;31084;19079;13731;6387;331;20696;18979;24924;8595;25017;10137;26870;14869;23685;29569;13466;7254;27771;3246;17949;10213;962;10816;3960;235;1963;26320;8486;5380;4663;3053;6094;25165;27865;12748;3362;13503;10364;1851;4103;19899;30408;21975;26614;10725;10401;5759;10146;22838;30193;10760;21211;7501;
29352;2610;7090;16902;21761;1755;31454;25678;28934;25459;10078;6966;3414;26800;12640;14150;29990;16003;17506;3091;27526;8778;21655;30739;25573;19783;15244;7857;9176;8017;2059;2205;12823;25033;1344;7782;14024;14032;15642;12618;12545;2231;31220;1613;9608;3511;2933;6024;10973;13283;21172;32708;30330;2394;22944;17479;20313;29889;31136;28910;2487;20977;21878;14972;28696;18156;10857;6962;15755;25878;15523;7584;3375;27298;25304;18874;25334;14410;29992;26670;12713;20291;9031;4085;556;27504;30171;12840;8196;3542;32549;6166;28438;2896;32484;1939;20145;29571;32118;403;
11727;25621;8769;20215;13464;7194;18769;20390;10024;25551;7234;16352;26002;7307;12897;26575;11557;3314;31758;26975;32494;15724;32101;8272;20349;30934;7197;18570;25580;17783;1199;24240;30;27189;27323;28407;19013;21512;10408;17977;1959;28592;652;14661;5793;19363;4171;30330;18924;5706;4866;5524;2335;19564;14758;22981;23157;11243;6376;23048;14801;16046;23132;946;24831;4574;26331;11081;25917;27989;4134;8090;19962;8019;32203;29446;2269;12403;24909;28445;24329;5086;13695;26222;20384;10175;3377;22684;29573;6647;13582;7349;20071;1297;11461;1472;12539;22904;15207;13717;
4232;26343;8976;4594;30633;6690;14282;4042;29775;17124;23982;18656;9989;30232;12877;3989;22392;24651;25934;29950;12854;7266;1112;30010;5046;25224;15922;15875;1177;9067;24872;17282;19247;25512;6321;5992;13885;27523;11856;13882;1277;7900;20920;16108;4199;4447;11315;18610;6575;11002;17220;19219;25103;28820;28299;19519;28614;17660;25834;18850;9313;13855;9446;3769;2105;10879;15440;28197;28477;736;13092;4350;23281;1092;7601;20585;15799;7706;6650;19821;846;24755;15453;15106;664;14325;12146;3691;15520;15955;2870;2502;3291;15357;10089;21730;11950;9811;27956;6224;
15409;13216;27663;20157;2611;22277;13794;16511;1406;14515;18026;23917;30043;32349;31199;26868;18265;30702;22228;11367;18507;1143;12126;9111;28304;17259;23928;22436;6551;26126;7846;23570;27297;13611;21209;8735;6857;7941;8851;5716;29250;24977;20555;15451;17633;9442;14611;15632;6107;6629;18552;6874;21711;29006;25514;60;11783;16082;4061;23719;6139;7319;22510;17299;31766;8937;13642;16846;2237;2094;12;7443;17038;32028;10853;12766;15077;6441;19265;25471;4005;27459;15399;21101;6197;706;20065;19678;25544;1179;23390;11668;27874;8406;13396;7418;9752;31810;13609;26735;
17431;25191;32404;25570;26855;21436;7040;2463;5233;17434;5553;19560;32319;7537;15785;20424;15492;23226;10701;31396;23644;20268;12484;6163;20308;28083;25376;31344;21037;9374;18496;21677;12509;8599;25204;15849;3031;4569;15971;4933;652;12957;4522;11252;26418;17877;11462;5010;24516;16157;17460;16055;6218;15599;21718;28107;27226;8726;10137;12828;7647;25445;14421;18733;10009;23976;1013;16978;1509;18395;471;8825;10815;5530;19574;31307;517;24025;15686;8820;5117;6613;32735;4670;19482;20554;24670;1125;23803;231;22792;24103;23221;25599;9009;3226;29394;21121;20317;19522;
26010;27178;10404;3811;9361;16889;26459;29588;14912;17124;30448;1301;24376;30921;21270;12898;24661;28583;16418;13704;14912;28942;25269;23736;3639;13780;31388;27034;21521;24586;17652;31459;28028;20782;18834;13354;32394;12450;6050;6136;12140;13917;13709;18462;15229;3553;18465;8267;29058;25965;13548;24285;2351;32115;17384;20472;29166;19532;1118;11989;32477;2603;30980;12637;5141;14672;20328;29175;14642;32382;9874;11166;13584;23982;10469;31798;5842;12037;32071;8480;20521;24580;21378;25100;17619;21759;4073;7694;29537;32464;23102;12021;6974;30924;5075;5848;1005;17142;30960;11249;
18834;27763;29045;13998;21172;16958;21696;13830;21313;22045;9425;15882;210;29140;1196;9404;23601;19096;28159;28963;13337;2246;27141;16543;17724;30677;20906;5755;7050;29322;22768;18881;6321;24426;27025;1362;17376;20853;4326;3637;18129;8465;1287;17456;15366;4421;1332;4245;12883;21799;6516;14175;2460;2456;30075;15997;3296;30510;721;24430;28022;12402;22065;14094;919;24652;5168;10160;30749;23739;2335;8556;15242;20937;30769;17595;28236;6335;26081;4929;7744;3989;24974;8937;32116;1196;4712;1847;30257;2752;2960;25818;16441;18712;11131;25473;23373;7167;2712;29168;
4850;6520;15666;4179;28533;20014;27799;5330;14381;18090;2938;7781;27392;14536;10646;10730;19752;24940;10900;32117;31031;27249;25647;24039;3673;27874;26518;17090;25818;25453;31249;31803;27624;8468;232;32657;5273;8230;25729;19870;28208;15726;11976;10156;22428;13226;26835;1673;27201;27455;31687;2014;507;29226;6389;17852;1632;12346;27977;19576;22854;11132;9189;8889;3718;28919;31753;6095;20735;30106;30262;19526;6365;883;23699;10427;5915;1826;10895;14063;31302;20876;6088;4378;28804;8660;18988;23426;2774;2951;29533;31819;26010;3350;23898;1425;14932;27274;10845;1460;
16045;8307;19455;12787;29884;801;30114;7997;20613;24087;3600;32067;22207;10173;25696;2002;6363;7509;11290;8800;12865;23344;1179;20965;10973;17698;4026;2284;25306;21299;23467;31209;27565;5783;9252;25549;29270;2785;11967;3288;7906;1907;18080;24494;3381;25913;6999;24238;17158;11415;1799;24959;18219;24479;32712;20715;15895;13448;14411;21745;12193;21595;13245;10517;23047;29168;20717;2811;13874;19737;4272;30516;4411;30237;7045;10328;24367;25960;19061;3157;11023;15232;14141;9222;18459;15675;6063;264;10320;24624;26710;21961;31792;31595;10841;19425;32705;28773;14497;5286;
6360;24627;30782;26618;10903;16637;26631;25960;16949;26546;21377;2928;253;23034;11523;14622;26522;31852;21271;28130;26257;28930;17698;15259;22543;14793;2888;7925;18149;29661;21898;12789;9937;16021;5681;27858;25087;8955;7024;26887;24527;3967;27717;23206;26841;15340;27808;13295;3119;2458;3271;10017;27105;13286;2041;31376;1735;25823;30289;25336;3450;578;13806;22545;8356;18089;28497;5987;8826;31487;14598;18780;5510;25655;7815;31904;31402;14653;3677;27552;20578;13613;29576;16494;5961;6596;32289;19152;32735;13844;24382;23699;9609;17787;31766;16417;31449;15061;23654;32086;
19216;19441;22547;24720;29921;20802;18448;30725;17016;19927;16002;31578;699;13197;2594;20849;18384;14212;2275;10370;28383;19151;3542;21613;21785;2928;24138;26446;24057;16771;2615;14418;11977;15545;9181;19658;17257;9736;6824;22398;16460;6561;15703;16964;9667;7459;10077;30161;18558;17934;7559;21454;13135;9338;7648;5935;22066;17929;9938;3776;9867;25882;31117;26112;5294;6207;23469;28723;31396;5618;7190;10675;26669;24707;24355;25479;28673;28245;30209;19766;23131;8778;17749;20701;24760;10364;32549;30080;22236;2862;13301;15262;25879;5122;32560;10248;14278;19820;21194;28915;
18460;14438;9764;331;8739;2661;3120;17994;19453;1932;29909;31562;12912;19744;7573;26583;16034;8253;30061;17417;31008;5319;30716;14096;24101;8354;17384;9233;18202;28454;28798;14641;3417;2253;26264;29935;18998;9007;16580;5558;22592;11569;30370;10162;31172;27513;22414;9444;18579;14629;6271;23409;21253;16572;31023;3648;2622;16740;17533;963;26032;13398;12303;30485;24545;26256;24379;8006;12399;23241;3368;16627;26449;1962;8752;32281;19807;17979;14473;22570;11797;1180;21541;6241;28308;4341;20950;4691;5609;4271;20918;29896;10898;30693;8390;7368;2366;5397;26069;7929;
6357;1308;5540;31528;32696;9057;29255;11813;15946;19024;6606;5588;21167;30730;26661;23425;18900;11098;12345;22644;25007;3308;4188;10437;8392;14521;26091;24690;1784;15302;9262;5807;15216;6670;4735;15229;23550;28860;13743;27518;20876;2206;26789;13832;19946;27863;26696;2424;22221;22996;22176;14793;535;6273;31031;21861;18264;6588;14022;15418;2709;26122;6157;11537;17481;13704;20483;15643;27306;17445;3887;28109;45;13839;9814;21742;27468;8299;15446;2799;31623;2633;6994;21370;16297;31191;22799;13389;4428;25044;24222;28233;31135;840;4924;3270;21351;6003;11894;32554;
20036;22019;30097;28858;14134;11146;26664;21168;10847;13358;8215;19597;4619;20131;26776;1712;5869;23382;20652;808;26027;31723;15549;30919;28062;26346;15233;25719;31955;9141;8737;17617;23893;17086;13211;13292;22446;26102;22373;21363;16043;11657;9043;16123;26720;23752;15546;30867;14444;19302;21718;924;8062;30440;17513;8667;13336;18519;2725;26316;18579;25144;13132;5433;8804;2750;26646;31500;13981;1597;12627;16226;4023;30178;10705;22240;16526;3746;10752;4682;2221;15472;11860;31569;3532;1459;31979;29613;20119;17143;20080;19052;12977;32482;32319;15242;23545;4714;1481;3521;
7436;20806;18234;17058;14603;23202;27482;3301;20638;25111;22193;254;8248;1242;31215;13297;29597;32564;395;15462;29346;22066;10409;18944;11060;18845;13121;18155;31900;8748;21374;14260;18433;12281;32356;19806;2607;3378;29622;23986;17047;30993;32023;13782;19350;24334;10351;31521;2042;24147;400;3630;2498;25968;3866;9263;5669;13904;5787;2692;10966;26219;27643;18573;26759;12094;20504;5052;1708;8952;8877;18926;13441;6519;27512;26107;2894;26994;32412;8843;30185;16888;16452;16172;12669;14361;19337;7074;19339;23779;150;7550;16686;28560;15881;5107;9123;32765;18845;3556;
26120;5470;11270;22081;14436;11569;1053;2708;5096;9840;5437;32727;23669;27915;5357;27017;15198;31125;31679;30465;5998;31037;23928;23297;20013;12801;3184;29070;4703;30494;3132;30719;5070;16843;6027;2901;21577;16934;15694;24778;19949;31855;22812;27821;20131;18036;27348;27500;11498;14668;4484;243;14807;27464;11657;25140;5209;1575;28152;15623;16834;3465;19773;21045;12163;27047;16642;30159;567;2624;8531;27077;21988;13783;2815;18099;21373;22811;16705;26366;16299;27303;21151;2080;26316;14059;1299;5696;2621;10346;19817;22022;13012;24615;21992;24749;3249;12889;22580;9818;
12343;23398;20083;27308;31829;271;16303;28564;26122;21480;11131;16999;24872;25868;22746;24369;18008;1038;3164;7757;23134;14643;27018;8242;23198;12254;900;11152;13023;9547;24809;12700;16464;12160;30455;27815;17864;28801;24564;19702;30034;2500;20684;10190;13033;25572;4603;23758;29824;7833;32685;25986;25414;15592;21796;820;8743;24983;18267;32517;23958;12260;13033;12349;2186;9335;24871;15584;27334;31380;10389;18562;25694;29077;27770;1371;2679;1688;16331;23454;334;30325;12110;6919;14204;7155;30463;27315;26232;32315;9907;27445;31837;9100;31227;16102;21229;31793;26443;27772;
22486;31152;10844;20447;2613;9797;19918;3384;29017;20622;30738;14922;28873;8072;32647;12805;7560;8890;2531;18008;30871;12976;15061;17480;12988;13739;13801;32319;23938;7319;30635;20646;11649;11325;18959;21685;12767;26298;22544;13706;9495;10544;9368;23417;15097;20923;26784;24996;4083;423;7320;2507;7566;20448;12553;8805;22587;32681;14969;4847;23120;3985;5263;644;16462;13475;16503;19630;6757;5598;648;14460;5946;23525;804;9684;19431;26871;30432;9483;15683;19744;4581;11443;3685;19121;19095;25012;30819;32495;12148;9631;28511;776;21566;24382;6341;6475;6748;12656;
30414;14999;22654;5171;27977;6164;9600;1027;922;25890;19089;15203;2051;32143;8340;10937;30754;15373;23750;8798;21179;5347;4257;25334;14008;18658;24833;2045;29550;17563;14470;163;28194;32719;31033;2778;204;28967;29042;25773;13850;27173;6137;10195;1720;28507;21355;900;31695;24795;20703;18571;23244;1774;11722;31645;15970;22281;31008;25065;16594;1276;20412;15344;7018;13421;6146;8855;24395;24197;8387;14970;11120;16361;10080;12676;1004;25324;2355;15037;11891;6659;9258;31842;14364;32377;10933;9275;2149;18275;28387;5673;9592;3287;26824;26879;3501;19289;31777;9618;
19023;15254;16699;31764;8099;21077;21776;25501;32294;31914;29875;22539;6423;27756;26607;10764;17973;2282;32555;5497;2762;22490;10385;4582;31208;29330;24688;4471;18419;23419;222;8693;14175;18370;13473;9248;17083;12624;4432;3399;10223;17661;7349;26391;14530;256;16758;433;5279;6058;30452;3071;12184;27221;8308;1607;19115;12439;26493;17152;16708;8123;5504;27109;20484;9841;12479;12617;14529;4292;24679;16810;26574;10317;23551;30600;32380;9382;27142;30583;26336;34;12760;18548;21719;1211;25810;26741;22600;9548;694;3908;25769;30465;15697;5004;29125;24331;16219;9780;
6588;18584;23198;22509;22603;30466;24923;7431;20301;18502;12009;17289;13442;31673;9119;3968;19600;20726;6132;29079;5959;4891;2789;3048;4393;25653;3991;30994;11818;23800;15934;2444;29108;21684;11325;27449;18414;25988;12175;28476;1086;201;29029;25101;10509;10198;5136;10700;23754;7405;28706;7894;12337;8299;11472;21143;6605;3647;14235;14495;19131;28576;24368;26103;16562;21760;5516;23221;14656;3131;7523;2510;27222;1813;9923;4908;9223;1507;7925;25600;16269;23176;14244;12634;32653;22435;26944;247;17820;16391;29861;13401;16641;19052;10232;18973;31420;3428;27346;18826;
25288;26512;21921;3174;17054;14355;22603;23309;14586;31559;13332;3780;8929;8111;19649;11850;5603;10029;5373;14512;20382;26741;6653;4715;16003;1218;29280;18600;2013;26056;5209;7903;12046;22505;22287;6827;16924;5291;9028;473;12141;20842;5941;32446;10447;9802;8642;24270;14268;24944;22735;8043;26331;6770;3818;15611;9417;6667;27694;30781;17434;27156;3687;1501;15515;8623;29815;23622;4570;16838;14584;5047;745;13748;24610;3225;26462;19521;15599;20496;23966;15572;12670;24272;11868;3300;20149;25138;2396;27056;5931;29574;32637;18992;26949;28075;24054;27979;21663;31966;
20192;2122;24237;24784;25333;14733;31394;5371;26775;4988;14480;21301;13332;21441;28625;9350;15656;6837;26791;29751;13763;14103;18719;22827;32269;23044;18747;2419;6567;18211;29263;11292;2612;21793;28076;32075;13081;21085;9852;30861;10880;8676;17133;32104;7075;9375;14482;8758;7751;17099;6;10547;10118;10666;11218;19412;30674;4472;26256;20570;10807;8097;7249;7592;18656;14641;21309;16721;2781;22924;30585;7158;7972;16735;7758;10191;10453;4566;1159;3463;20674;10256;19482;31565;4142;19664;15627;29224;6357;3189;3470;32138;32301;19244;30060;2345;1004;26980;4263;18698;
13770;3202;21857;26590;11400;24534;8442;28562;9265;25038;8313;8226;18336;4458;6189;10414;21826;4080;20116;30415;285;2785;7803;4139;14353;555;29799;10823;10334;16032;15156;29853;13159;3239;31740;18671;11446;3890;13626;13786;2623;16112;11567;6062;27113;27075;17285;13181;4170;18036;1587;2162;17586;28838;3488;19300;11884;24840;25611;16555;5952;13775;31786;26675;14140;24420;31505;12239;28085;1369;22870;8143;2952;14242;8051;13780;4773;16386;16747;25059;3791;10179;23985;22969;27549;17834;25413;13918;27589;26666;25376;4093;9625;28632;4306;3059;10450;28191;13930;4390;
12685;7221;8086;5784;3219;15949;16395;16444;4317;18191;6439;15880;21080;20293;8917;8523;29157;13783;15282;7233;11940;31737;25710;24548;7282;12707;19060;3078;9136;1601;26061;26013;11847;20909;11841;18270;9704;10586;11200;141;10137;21970;26113;5651;4205;15458;30569;6609;18322;4371;18222;3124;27025;25821;11964;31753;14546;25624;3672;22675;30559;22835;5379;10715;3561;18344;16289;9032;9232;13103;21338;17519;3551;26419;22337;31788;12950;21122;20787;498;20653;19272;18946;22879;17173;20286;23763;13332;11201;5151;21957;9667;10085;31836;9172;24201;28286;17424;8700;24447;
1938;31286;31649;23948;28345;6682;12334;18045;22108;22797;31229;7255;25917;31837;7287;6891;5559;19332;23932;23468;6728;29344;11781;27582;27468;26915;17927;2127;25099;12492;14235;29994;1270;214;15709;8585;26926;12655;18449;3883;19782;31595;3981;12199;20810;24634;10963;11264;28672;19991;29565;19065;7533;21635;14430;26283;11931;31986;870;12244;28314;7108;30406;8562;1221;11638;1365;27153;4166;5146;2610;13409;7389;18692;939;1675;21725;22215;30046;11205;5239;12128;13726;23589;16954;12976;10777;5810;4315;31024;14263;25025;3634;14048;27077;25983;9094;19072;5202;5322;
27402;19715;30169;22597;32423;13633;7201;28587;9212;25580;4194;32099;31140;11205;3753;28757;2487;10767;19581;16381;26003;836;4803;11965;11996;22536;11999;1656;12737;1627;32540;860;29825;2834;7758;24831;24622;6024;29366;15790;26290;12177;9253;18434;18959;25519;15716;27315;26859;31625;31956;27313;13387;9368;6226;11121;12959;31012;30813;3461;13311;29551;11899;7024;7092;8496;10968;30904;25338;11074;30001;18237;14596;1438;27888;30408;25665;23431;21657;13031;18654;3076;11364;25337;14476;19091;8236;28805;28547;14364;3207;18384;25286;2084;24375;18094;17321;1603;22209;3480;
23697;4056;25947;26367;11004;22011;15115;14560;23233;31667;15118;13465;1688;25705;24695;14587;25052;18077;22040;6816;12176;22232;17829;18046;10913;7906;8727;29373;17258;21812;29007;20934;22141;18608;22780;31645;16545;13456;29374;368;29719;4253;11148;24432;29474;12705;12883;16607;21446;19998;14815;19050;12495;15168;4607;24250;11285;30225;23524;4422;26111;19692;24011;15211;3654;15668;14812;26558;29179;22853;3153;1953;10956;19115;13530;10004;21379;17555;20288;4814;26063;31358;8009;9357;9543;28477;29661;10666;15276;12313;17766;6128;27246;20562;4989;1198;30066;14539;17858;4619;
11027;8195;5131;18074;11623;15943;14786;814;24771;4646;30856;2800;9089;18726;11806;20910;13056;8373;390;1142;25069;21346;27493;100;961;26189;7596;11192;12683;27356;3703;25899;19440;2224;10806;32132;24176;25560;28938;28518;18411;13124;882;18796;19555;7036;25126;32376;29699;8594;25923;4167;23392;19028;11945;18505;22784;14791;7073;29360;7193;26321;31172;20423;10394;14134;792;12166;21615;6086;25979;27491;10753;25812;22853;12906;21501;14057;2857;23440;30295;26554;23900;12869;6286;25432;17401;29000;1329;6567;16549;24511;17058;9233;16751;17543;2330;29563;26361;9161;
23021;6776;30173;31438;7184;1981;30538;28180;25048;17622;19694;7585;15364;3351;15385;5015;15870;20692;13343;265;5982;30933;21502;15629;26288;32260;29504;14866;10615;10601;12835;25972;28018;4184;21752;9550;10013;8425;28361;26768;20859;21161;7998;32081;15123;20367;26561;8550;9272;10546;23521;307;4750;28216;12532;6337;32202;13330;28929;11025;14777;26855;21725;17328;16772;461;2451;30348;18482;22847;25865;20998;12910;20940;19937;14152;23947;4364;23198;3289;22469;26328;27656;32622;28106;13498;18129;17668;12665;27043;28792;5675;24041;26076;21358;20901;15533;23359;28280;32303;
28758;32167;4948;7839;18490;6053;30879;3119;372;22389;8950;19225;6444;26672;26972;3428;5145;11074;6363;22525;24387;9759;31598;32265;11790;30770;17951;26234;31092;27926;12909;20448;1170;32521;18160;1666;2662;23966;4928;16558;30935;19634;25362;5453;23797;28576;11428;16570;25731;21689;15964;11221;6323;21742;28588;26963;13872;7120;22840;7512;18017;27579;22587;839;24045;29261;24870;1497;9338;16669;25995;7532;2491;16042;20794;26782;19369;9106;25258;13083;12816;22533;25242;24243;9038;17784;32503;25264;30295;28830;19713;21862;9725;28564;13994;13323;18799;4188;22334;23753;
30207;17292;2889;28434;28200;8007;14262;1588;16847;3693;3124;557;17353;15;17630;21184;30878;11046;12058;30920;25228;14980;30145;12749;20175;29962;30849;469;2080;13852;12928;3964;4732;19026;29762;1607;21542;1136;29901;29494;20463;7833;32267;20376;21685;15295;14447;11811;17962;7518;23003;15940;25302;24938;15298;6580;11104;23686;7306;4172;20233;25718;4148;26138;16761;7895;25662;14260;23998;10253;31432;30924;14994;9854;24823;16645;5084;7678;9367;23301;28026;6025;11524;18892;21310;28984;6986;14404;23094;27246;30091;1817;18225;16466;8609;27850;32382;28291;29445;23553;
8439;26631;20463;9248;31295;23684;12735;28;9287;23986;1180;1934;1047;30992;10843;13831;971;6614;9378;31908;11739;18219;10829;4579;3488;4761;11280;29621;30996;19134;3166;20437;10202;17988;3722;18007;15230;23315;16685;14980;7421;21956;26567;9701;21384;1369;10153;8606;14469;12076;31762;6654;11479;32550;13720;24659;13151;18481;2249;3843;5314;10480;28691;29656;28781;26797;25825;29852;24279;8339;13319;8678;2310;1309;29024;27699;22869;25550;20149;12088;10612;10531;23009;1911;4528;710;26163;9745;15733;29188;9492;5851;26897;25217;12778;11443;27834;6442;5436;2069;
30931;3948;790;27625;26475;3747;22703;21663;18183;8150;7497;1406;673;9121;2649;57;19184;9842;24296;6852;9450;17657;569;10085;16776;13529;14764;25358;713;17828;30178;7658;20985;28166;31522;21046;11059;14656;26875;7506;549;10456;25899;20248;25619;24207;28096;876;31518;8852;5757;31252;22215;6647;13695;8395;7599;16736;17185;912;3232;1;28956;5956;26321;26313;15603;4724;15206;28635;398;18548;9271;21054;19492;15021;25042;15830;30815;21559;30915;5011;22459;939;13331;28136;26672;10034;12558;3455;24080;32482;22601;32299;1330;6475;26596;2078;15696;28236;
29453;16732;5550;7212;31429;21359;19452;31461;999;18780;12926;31171;20070;31191;16746;31534;4566;25011;22418;8900;25390;668;28226;18860;10188;6664;17516;3366;14777;17515;17666;11110;8495;24746;11428;8866;1880;18387;12923;18026;18009;11531;14437;16184;14991;14792;18002;10312;14616;14912;21742;16297;20374;28193;11136;23701;12591;20866;21777;8190;29913;29209;28882;4969;2260;9391;25016;10751;32631;11986;8553;22497;6448;14538;14939;13245;12231;7118;11578;22175;26338;24695;17803;28169;17870;372;8592;13381;7804;18048;29035;17146;26058;19345;12677;29694;24836;2130;25649;17515;
19627;27604;3725;28149;24693;24704;31913;10874;21652;19537;4332;21979;19515;24896;8883;25099;18783;20991;12346;20837;3515;16105;26560;11075;3350;28474;19430;7884;21704;10875;30553;18445;3195;17985;17328;19276;29743;15383;22424;15000;897;23481;24622;31141;3628;28035;31148;5079;4560;22824;2888;14493;4338;9383;6745;20992;8004;24443;22716;27004;807;19986;29302;20238;4207;27009;24218;13966;8294;1910;14190;16191;19219;15982;24009;6565;17852;23080;27583;16278;2729;29785;14976;29332;11819;1441;32638;29786;1245;702;17614;11701;32554;23040;16593;14229;24079;25852;20755;31332;
9506;8837;7283;22422;28116;19672;8325;4482;32755;8215;11828;25968;21363;25849;6572;3059;24429;5055;8567;4985;23144;9066;20709;18720;20440;22827;25010;9163;12004;11291;24803;25974;13932;4396;6897;26310;25163;17247;4905;16612;15833;23608;2643;18828;16308;20592;22674;5473;4801;9449;7819;29828;28781;28647;4553;7524;28729;31356;26720;31192;28789;5700;10193;19051;31819;31571;23342;5110;21248;17004;29823;2933;29815;20339;23907;29715;22263;16421;31483;9095;10797;13063;10499;8355;19317;31388;28738;4138;20309;4315;31781;25571;17482;24288;5031;32747;4808;11490;6515;19023;
7804;20069;22349;22746;3284;24241;6318;12588;21697;8578;22702;20236;31676;23553;1831;25856;9223;14835;10520;2842;20533;4913;22599;20500;32748;9560;26155;24736;2538;5569;9736;14585;22342;20404;8796;5310;25592;4824;16762;4352;10396;17902;7541;13466;20851;25023;4927;21184;26283;2131;19730;31707;18912;7268;19471;28820;11490;27922;13606;19247;26041;18905;25909;21275;17382;4799;4212;11975;19180;6354;28944;26551;30223;25297;18710;29910;26972;10794;15251;16142;13289;9252;16634;21526;1886;27486;15045;15243;2228;7544;27231;8771;7741;272;20290;20446;24293;18416;12380;6813;
1719;16773;21688;19832;5283;4500;12122;13418;30078;16168;619;17168;24650;12239;15766;2418;18360;25349;7089;27425;1259;497;17312;19586;8063;5967;28790;10857;22218;942;25822;20457;20577;475;11706;7787;4062;20381;30729;7166;7137;20130;32270;15342;29781;12730;20399;5528;15861;2627;31259;32124;18190;18916;21167;13460;18822;3199;26907;8677;3613;15968;25792;19027;21747;29371;20829;31417;10059;32341;7915;22585;30350;10881;22725;19153;11411;5198;22540;30255;4381;3071;30026;13511;10405;2235;32085;18722;28762;1158;28023;14713;7015;21616;15051;2434;13684;20748;10474;18058;
20079;25380;29639;6596;5004;18603;20696;21729;31114;9715;2935;11488;23609;14113;16519;5928;14137;13789;32090;31956;23556;18254;17874;14414;18734;1605;17863;4383;1772;32184;12713;10757;11476;10099;6759;5446;29923;17162;14479;837;32708;6418;29366;16211;11855;32400;8986;28359;13393;11442;24710;18001;18571;16573;20086;10635;5629;30791;14460;26833;21092;32166;31970;4435;7681;22696;2705;872;4252;22405;30257;17190;6089;1041;27282;14127;2666;31030;30795;18893;5493;11426;2209;8258;26103;189;30634;23641;13401;13022;6578;7233;5346;31166;12253;11419;12670;26669;4110;8402;
20670;26627;1032;17835;19999;24922;9171;8733;26511;25082;12130;31330;1069;22805;11122;2382;22609;15157;17845;25568;2764;8818;17456;15127;16241;16104;993;28678;10964;11112;19110;11819;4945;31342;28762;32765;25424;3923;9025;4548;12488;6084;19366;5805;24066;14707;21186;1054;14240;18444;20704;5959;13277;5995;26303;22778;14102;15884;17976;5052;394;23491;11808;28700;10846;14509;23920;11075;19428;20582;16803;7117;17692;7548;25696;30935;13435;14628;23641;5977;4076;9004;17779;4535;32277;17969;1063;3474;21723;3090;22568;5092;24872;5796;582;12108;23531;28840;402;17574;
12385;19194;11203;23007;30612;6667;9432;16135;19745;10128;31231;19880;24893;27772;25526;12887;27642;18220;29488;29832;26055;25058;12026;12455;10550;23925;25310;14436;25091;5191;9992;3406;27985;2422;25191;27043;3894;22615;19542;19302;8570;14368;12668;13747;8092;26596;32752;7248;13334;5829;24225;11652;10978;7269;21494;28204;27965;5533;16305;23563;27307;14706;11289;2658;4923;31300;14936;27840;18188;18249;11810;17436;24336;570;23703;25121;13072;32076;619;14025;16625;5474;17732;23597;22837;15489;25699;5276;29893;2180;23687;28394;6125;6673;782;1290;26280;28619;23646;2271;
19998;31177;12675;4944;26475;328;10521;27035;30626;14492;26477;11499;12561;1901;31199;10284;6599;26399;4491;12318;15188;25490;20776;18856;32720;5132;12847;2672;24607;8307;17728;26536;18290;9920;20931;26411;20497;5296;6347;26312;15705;18876;16191;28125;22272;5452;9019;15656;2465;25896;8372;4315;28788;14383;2395;18670;11356;10571;21444;27577;11304;9892;17864;14018;18962;10516;7720;12756;25228;32732;370;30801;18493;1173;11817;11464;14662;19305;15392;19146;14793;9090;27431;19194;30636;31683;17641;19812;7066;32694;5653;15888;11083;198;700;10198;24838;32687;14843;10611;
7268;27186;3289;16605;20566;24845;27762;24788;4713;6698;4950;1210;12105;13079;24108;13988;26756;1974;6043;15281;16273;24886;15210;23195;29201;4417;29925;28811;2900;19831;23683;18482;12063;24348;14535;26389;429;31501;18020;17704;20723;22009;19364;8863;25385;18637;31498;28673;3717;6512;26935;31870;32330;15281;6666;24194;18689;7806;26891;19082;15366;22870;20746;19511;71;19968;22275;5536;31817;4734;7237;22765;5996;14141;23507;24610;17007;15758;22283;22328;26934;21082;30085;31858;12747;8464;7230;10990;11428;21219;32758;29563;23076;3635;30422;14250;10595;2632;3414;31528;
21554;2886;25182;24394;15450;23133;3755;31978;11813;3649;7029;4210;11296;14298;19535;11318;10270;18236;16462;25863;19840;15577;11885;11524;16564;31477;16688;20660;30716;19291;21896;19026;4465;27983;8439;24424;19015;16323;756;15520;31570;23502;1425;982;16073;13145;20827;113;9035;2076;6274;30196;4127;20169;15674;15568;16064;21126;14176;8573;28057;11425;32097;14792;12301;25727;29784;9327;32698;19414;11126;26347;29439;27420;26279;23949;15547;4672;15474;29132;22872;24983;19233;2782;3337;24345;18723;27781;5967;27597;29870;30764;16322;11650;9897;1074;8206;16576;3272;15750;
20284;18174;20217;18292;21043;9493;9215;3518;30078;1525;6492;31983;29775;30103;4725;5356;4292;10291;17137;2508;362;16818;10338;26345;22528;12646;18215;26679;17789;30201;11921;32213;24404;23971;2116;11746;18934;5792;14048;18578;27800;9186;18401;8833;4663;2563;15556;18759;7130;18557;28524;26188;10264;29469;5571;17374;21465;32693;10404;10368;30817;7186;12793;31877;2698;8237;17952;28126;32592;28837;11412;1585;22931;25965;31689;26411;17689;2242;11351;8470;25299;16993;26459;22446;10849;17142;5146;10544;1239;17367;26856;2997;1218;28402;841;5310;24422;773;19285;24336;
2890;2061;9825;706;10231;10240;15579;21396;4860;32702;22390;22914;20021;31813;6023;14233;6989;6181;3759;29962;28802;3381;31163;23677;10920;20099;8904;26023;8305;24209;11947;23839;31467;21950;22928;15981;30538;11522;26336;29796;30184;8414;18537;29619;31370;16531;16569;25526;485;32147;1226;18834;20577;20277;8421;27008;7708;16044;9408;21097;17458;28474;23274;18356;20284;30369;3944;32092;6934;6619;10657;23109;23526;16906;7543;13520;14425;15794;30647;15789;22832;8742;2483;3312;4604;24896;30765;1383;1829;26453;12663;555;30001;21864;3801;630;32067;11166;9523;18356;
6882;30706;2275;6621;9980;23850;2281;9729;3115;1546;9545;11045;4150;22727;17585;26957;22235;32447;27996;1754;460;5222;1334;24598;4599;5508;23873;29966;28170;22942;3127;27040;12855;13489;23665;19412;11573;4135;20743;5232;11911;4099;1593;5574;2560;6239;28942;19665;29831;18200;16954;18560;7704;13768;28741;6994;11531;6132;11498;2851;32409;2439;18878;29510;20636;8575;20498;3283;14486;7399;20505;4418;3061;13829;11086;27449;7573;31700;24080;27043;29831;15797;3215;10498;24593;24417;22252;9990;3317;10530;14492;13406;32758;26691;30478;14542;6553;29636;25485;32130;
1833;26963;29799;29090;17661;13944;31055;7462;5630;16912;28416;13804;5219;18940;13859;2823;16319;18714;12659;14939;11326;31092;3871;25703;14123;18104;16751;21089;25782;17641;27307;17032;19189;32595;16441;20150;11816;13252;10501;8500;12865;19961;6950;27603;17828;14167;31934;21816;10539;20188;3105;20600;14701;7508;4922;4837;23872;6608;27179;7207;15740;4692;3380;1166;10754;3280;18902;1446;20477;13393;18232;28940;9576;9849;28105;2433;11729;13613;29223;29245;31836;28813;1856;10373;5898;3369;31671;15232;7995;31345;18057;13895;25458;15726;18160;28731;15961;25520;15239;14235;
26373;8840;13487;2646;5754;30327;1586;20765;9842;22245;31783;20669;3418;21014;22294;17836;23454;9563;21340;24033;7718;9605;16336;1257;18977;2975;26534;13880;5633;31197;21396;18877;25542;19663;9780;28345;8320;3290;6058;18640;15631;5097;21638;25441;9262;15200;17388;28435;20912;9810;30962;32176;28424;31731;21321;12343;6415;9808;4896;2860;13058;26941;25669;25907;27338;25999;9357;9181;21121;23692;26999;15042;13105;18336;2316;8400;31967;6226;10761;12258;30664;13429;8000;8852;6890;675;4668;9302;11206;6887;16676;10176;2917;28602;21473;30502;21657;817;3203;13163;
12165;31860;22241;13594;32351;12658;31616;946;18293;30931;31159;22338;110;22574;19728;22582;7891;25213;8688;4465;4558;23246;15739;18588;2353;28475;7346;12477;11705;8219;3806;11019;11925;10106;20274;2561;18466;29895;25004;2737;10233;4301;14140;30811;21035;32229;23848;11838;27595;26729;15279;27566;3757;15211;10221;11879;2670;28071;19710;1825;14004;6839;12390;7268;15031;15494;21936;20382;28161;6407;17750;14451;13938;14375;31457;27220;1926;30208;32337;14419;26331;1359;11455;27445;6637;30248;29761;7625;24868;5352;1806;13177;25618;13676;18915;7455;13045;16000;421;24602;
388;2458;1095;5024;32488;27337;28910;18517;28424;29928;13139;3613;26889;19991;22121;3119;24341;10348;27201;24428;21340;13029;298;13038;24153;5793;2076;18147;27223;21584;32343;22940;18483;5609;20551;9953;355;18587;22955;29064;2871;4869;21238;19270;16223;31657;11765;3780;15790;21406;9651;16373;6942;14726;1434;18088;531;18624;27610;14169;10212;18655;2831;7757;15255;29018;12062;222;12780;5508;2399;2323;4766;19647;2050;3955;10981;27373;15531;30491;18751;23848;5728;4111;26224;16051;29349;29646;24519;14896;18917;4137;9892;2835;31508;21588;2359;13142;31379;13374;
30858;14703;26708;30238;28610;639;20798;32334;24738;7372;8147;3421;18768;3697;16;9312;22364;31828;14996;904;15358;15705;19205;30458;5535;11733;13744;26074;4763;22342;24687;22441;12614;16449;29392;25554;16685;30891;371;16255;2462;13868;2228;23985;14698;5345;31370;21904;1001;20561;25519;768;3903;2211;27650;5492;6110;26638;13865;263;27980;15504;25210;1481;11303;23011;14620;16726;22886;22445;16233;32430;17121;32759;15511;14400;18708;480;29080;72;30239;15506;2110;17243;1554;13942;32163;6464;17512;5284;3016;6146;25297;9886;22140;23875;11573;23101;24448;16851;
16117;11243;1512;27522;7540;26387;5316;12594;23510;19158;9472;1328;11271;26368;22153;22980;255;17722;9393;13318;9797;12929;22997;24820;28850;15574;26173;194;27768;14647;7747;23665;11363;26063;9144;14755;7774;31850;32387;8366;2360;18731;10379;18671;6056;6529;4312;8033;5263;5975;23029;7021;15486;25739;22424;22020;18552;2722;3972;5868;5625;4794;16815;19543;4150;22975;15264;8378;16039;29922;31516;8924;7363;14919;25601;13358;7947;16894;3442;12634;2377;29493;27188;2334;31258;29100;20568;13659;20394;32617;9243;19049;18879;9900;10762;4270;3321;16421;17514;23663;
27480;10597;8150;6117;5630;16275;4906;13204;7222;29280;13984;28888;23478;828;30265;15041;17953;17611;9055;288;8144;28306;18888;18914;7122;22775;19357;27805;31025;13672;2268;11369;1399;5850;5627;9201;10353;24181;17870;14282;23859;24717;2730;771;15452;21973;29387;29181;31644;27855;17395;32636;1651;3975;31316;18431;5179;12673;11952;26445;24424;14832;10175;21585;25103;24104;6865;12071;15269;86;24500;13687;9226;26223;7128;20738;4037;23910;10417;29818;27026;7330;14685;14999;1306;32175;903;31591;12033;23604;28555;19430;32293;12837;5082;7118;18981;17465;32673;26032;
27425;29343;6309;9540;9921;493;4209;2046;28281;28761;13492;3041;21259;11051;7909;152;20813;14450;1832;7875;23596;10486;15989;10639;18417;26223;5111;20105;31427;12788;10674;14260;1645;26294;31849;984;3938;21742;8895;6430;9470;18708;1948;1498;28431;4946;9170;25512;21652;9016;31489;28858;32709;2993;24504;21360;25427;822;17116;15401;9456;13377;4686;22874;4370;29189;27336;20957;31732;9564;8456;14731;13278;1537;26161;13324;26791;29695;2926;14830;11384;1385;10456;13301;29138;7244;11162;24754;10963;6370;3922;14423;28085;31752;18107;17098;17047;3570;6026;5112;
32384;23838;28053;25196;20385;10630;26938;27680;24282;4122;11519;7571;10880;2669;11894;12059;32350;5807;3684;11389;11513;7131;15393;6843;28185;24113;26690;12333;1668;6119;2678;21203;7437;2588;32430;20714;24781;6669;32129;1981;25777;20107;29646;27838;21557;16813;32163;11477;25966;23234;2141;22008;11342;25737;24593;16124;13092;21413;11307;8619;31842;20811;8021;6934;20899;24126;24219;1581;1004;8701;25548;25740;306;14906;24355;18840;25373;7823;23590;31691;23308;27757;11727;16460;8025;12117;26090;1219;15838;31050;23486;23403;30648;24454;1519;32105;2634;12140;11171;18268;
2437;28606;12516;25653;12135;528;582;6729;17602;30844;25545;28324;1855;29592;9984;4768;12450;7333;3187;20407;848;4105;21571;26006;14;19456;16908;3698;10507;30606;6159;7583;30241;5560;19857;27743;24152;30963;1150;2296;6828;2781;594;23561;1552;15403;12345;14365;16050;12514;26229;1921;27777;31947;1793;3155;20717;1056;11124;26332;1005;21644;27175;22048;583;2643;30362;26290;28940;5580;8468;973;14945;29976;31114;7841;26501;13838;6594;24555;23568;21621;23225;6088;22137;18550;31041;24523;23003;22864;28142;9037;25849;2126;31795;516;6783;10231;15561;16600;
16011;29572;10064;15601;11627;14999;24377;5397;12201;29993;18403;32049;20292;21444;9220;28725;4673;8179;17483;13349;15970;248;2372;25709;2614;30908;15483;30326;24402;11532;1252;27766;4573;20737;31354;10892;12626;17088;7463;8716;22145;12644;13028;18200;4823;24377;20769;1136;25824;21547;5479;8586;22026;5246;20796;20198;9644;12223;11591;19612;9542;15354;1972;24375;10763;4397;4570;1733;14236;22781;28955;11311;18455;18088;26380;14535;21840;2875;17622;19488;1886;23045;11741;1058;11354;4427;28063;2909;23907;23357;25822;24990;29925;23337;20993;4800;14875;15087;30904;20421;
26067;11445;27871;7718;25714;13531;1189;4454;31031;20529;13805;17133;9924;19048;25332;31764;218;22727;23092;18045;19300;19743;3465;22181;2743;29953;17555;1212;26904;31022;20059;18356;5502;20815;30265;26264;32666;8167;16373;21535;5397;2693;12076;26753;25625;25150;7669;28041;18194;12378;26309;12523;32182;31566;26000;4313;22339;22507;5169;14033;20999;6868;17932;29881;21542;15925;18162;30765;24984;20402;24901;18456;29553;31390;3932;16513;21605;622;23592;168;9867;16749;14104;32594;30305;32689;16187;14689;32529;13901;18853;11943;1010;4808;10003;8444;25426;20174;27858;18830;
18035;12326;17628;30841;4819;17636;2373;21144;176;12256;11989;8602;31436;6502;17143;27224;11118;6191;209;15717;23209;9872;16821;30183;480;30706;19640;23206;14474;17026;18848;21859;24115;20778;23300;13419;9667;29119;9134;10860;26115;4988;15172;134;21341;10671;22056;11941;1764;9906;9372;19983;30356;8989;11562;6713;17114;1338;9795;29663;32087;15545;4902;6739;19681;26277;10243;3862;4810;28055;14688;22437;30053;31274;15037;4501;29639;18350;4211;3298;26315;12577;14562;24709;4953;2651;4299;11588;12775;6536;14075;718;3903;17627;21290;6919;10883;18561;17442;24481;
29807;2260;31012;28140;5087;21714;31367;3311;21393;11469;26018;18871;7467;24931;24556;11759;9600;7857;17762;17585;11791;14276;5673;24988;32716;18000;26485;24103;804;29349;23465;16692;6459;30686;26048;1257;6776;14428;23531;28347;7747;30323;7547;11723;28685;1378;20482;13174;21905;1673;30645;31271;2650;1750;28437;11888;5254;4225;463;28250;22217;1273;12000;4857;949;21278;22012;14403;22072;23984;21553;30498;13158;9735;21448;1479;6520;3845;21356;12866;21;19530;10382;27471;3537;20902;263;19315;18164;22228;10239;23112;6524;17253;4622;30741;27237;5882;29858;10146;
2087;8630;27809;10827;9857;8435;30799;8786;18293;5172;18545;12154;13716;24155;11443;14801;29563;1821;8007;24269;17566;12466;13263;13466;13124;5585;28029;22451;14291;9179;16504;30384;25934;1367;17026;20574;16156;12446;20185;22549;7179;20183;8538;29766;14996;3878;11500;2900;27233;14881;12572;21157;28428;6532;21253;5112;42;2085;15731;23801;2696;15914;3144;19730;5812;11641;1822;30085;30911;624;28461;32696;11586;7383;25711;3535;1951;5394;9731;2432;5513;8603;12752;21795;23495;28848;1898;4873;20532;19017;4665;30479;13579;3661;32472;22131;14689;25349;32699;27110;
755;10193;17685;30178;1314;26;11256;19773;18748;2695;26814;25087;3069;6260;12457;22641;21590;31136;9926;20598;26476;12325;4119;22814;15844;8366;4848;17017;24158;4836;1442;16809;16703;5673;4183;6971;8628;7817;9789;18360;24564;28141;6631;18038;22725;7570;20720;4788;22081;23482;23265;28390;32218;12706;28500;31310;24476;26035;5978;17612;2738;19964;1563;21751;19244;9952;25788;21612;29951;16908;5510;22119;24653;8621;12868;27792;31463;21471;18924;32279;4881;8808;8578;5378;16261;27302;31802;5574;2234;12742;11997;5397;14181;18743;621;16376;27713;5982;10764;2589;
25867;22668;20506;5746;4817;27693;32414;3571;25965;578;26343;22719;28749;15633;19571;28018;19573;6938;5903;10927;23494;15694;20544;28412;20864;23932;4066;25299;9222;2316;7183;10485;19425;29679;16450;26882;29704;30678;8124;26695;32606;5026;1831;9431;1917;32540;378;9949;14514;9959;13340;31792;12104;9395;17996;4648;14858;1970;22464;25009;9731;336;19084;8605;30600;18975;25670;29503;13433;21264;2664;15669;9155;5865;7669;10373;9769;8179;14944;29676;3141;5619;23465;4466;3529;26716;12233;16962;17931;26819;5968;9401;22977;27027;6477;26813;10760;13570;20078;7760;
14508;28740;1896;21092;8611;16126;12953;28145;19930;15101;17644;2886;17205;5160;10750;13725;13777;27827;32639;18161;16012;17814;8154;22548;23239;3902;16408;30460;6506;12930;9473;5981;6441;9688;13189;29054;15366;25289;24667;17221;13335;20386;17128;10131;19850;29037;20322;30680;6630;31263;31797;27614;24723;1811;22182;27625;30877;9143;19126;18690;28597;25734;8777;20368;8825;11830;32647;26664;10741;32050;22147;15014;17001;16714;10778;1917;3916;8617;4127;11083;24722;15624;16565;177;23851;14882;13563;5217;14028;15464;6383;24440;19185;4341;5260;31759;21795;10180;12342;2060;
5750;11553;22616;10814;5719;22365;17484;28074;24708;15558;17531;26399;25692;17878;15301;22801;22873;4011;18467;18852;19675;21175;24202;16134;15655;8633;24083;5634;26031;5356;24154;9938;8340;13694;15651;11317;361;15683;12100;8386;3386;32427;22719;1660;13260;2290;12334;19622;28199;23702;12644;18393;9810;17422;9041;28755;19550;9401;29990;23186;15525;23573;30394;7714;23380;32049;28716;7859;2343;613;23755;27502;21876;18240;19762;10377;4459;24258;13495;14105;10396;6603;9735;3880;25274;20948;17162;8;29342;19421;25613;19174;30350;18342;14879;19362;19904;3874;28859;9183;
26394;6697;4776;7254;27964;6765;13854;12399;29632;943;13354;30738;2496;25651;28499;25530;21913;8561;28030;32460;7663;27917;18703;11304;25586;1545;15697;4349;29407;6714;21016;8673;2249;23544;27301;1569;31897;8218;15305;17749;1364;6178;27982;29496;1692;31924;27282;19895;1658;15437;9845;328;12378;561;22133;1917;2391;10661;26904;21465;14777;29023;15243;17122;4028;827;21128;32631;8084;9263;6780;21092;9389;8321;29418;4148;2103;18487;2314;6471;12514;4048;17847;8228;32742;10545;21128;10767;8007;10466;31292;32223;1367;2938;26715;29962;20860;12120;3098;25346;
26163;5780;8831;1732;25685;1333;11207;15021;27546;20389;20485;22160;17499;28002;30475;30727;22172;9205;6029;9478;4681;24104;388;31926;11456;884;10193;27264;22416;25529;11555;3943;21632;2866;14362;21916;2772;4775;21165;25164;459;16356;22729;22973;25708;2667;14906;10649;29314;22630;5071;19850;742;2015;25529;16902;31484;6195;23861;6509;24448;1988;8043;26449;25219;14831;21397;30228;4784;31038;30307;31417;4052;27102;20638;15092;26782;83;25357;22915;1443;20586;18837;15553;17828;18543;22947;17273;12052;11425;32719;15352;23253;26339;8377;20838;31811;32436;311;25430;
10867;19809;31155;31643;20156;17017;30926;22109;23671;19586;6473;12397;13828;14826;20262;20438;25358;9793;28682;31413;31759;18341;6886;20554;28438;12413;17110;14414;456;22890;24906;23687;13476;1914;4963;24731;27532;25247;9888;19490;32641;20576;22713;23294;7599;26319;20171;10223;6057;3003;1974;25954;2293;5158;19907;6282;30155;30713;27531;2738;18202;28151;10260;25810;18380;1008;20028;10592;1867;1847;17243;104;17732;20822;28964;2527;19115;19711;1740;10805;21503;18246;21871;1321;28879;24846;19375;6881;31869;13505;21662;15162;5186;1093;7646;17245;11890;811;2310;22931;
14081;4393;19528;7002;21831;30922;1617;29112;16128;1636;18801;32719;15511;2891;25084;24498;17060;8516;23536;8567;17587;16956;3031;16525;9543;2106;7919;848;26398;10643;30345;30939;951;1373;21167;2333;2834;21541;4105;19248;28855;20709;32002;5605;10745;28208;2598;32420;380;27568;22990;14963;17397;24530;29440;5460;10801;2496;7057;29652;9305;32656;7564;4833;27252;3258;31704;31196;30253;21712;23060;21231;18902;3689;7110;7585;10414;27231;32437;28583;9311;31546;13459;14333;9163;12523;16351;14390;18184;15550;6154;10257;19625;29066;22745;14156;23616;29738;266;25021;
23073;20529;1082;18846;10344;17626;13318;3113;31037;24126;17521;17509;5718;11978;28549;12351;16830;15599;31806;11228;5077;31003;11427;30510;31385;20457;22326;31173;15907;11413;12174;30952;11892;32690;579;29669;24178;7711;26634;6821;4142;3127;13345;4739;13928;2376;8686;32094;12117;28486;1507;30445;7328;15041;1444;31827;31918;20245;7020;29172;26918;19169;26797;15238;7857;186;7158;6763;12798;26656;28186;17982;5642;6832;31375;29612;22430;12700;30484;15749;12825;5977;3734;9234;24943;8599;25429;5802;21874;1910;31811;15232;10832;2039;8620;27071;2653;21680;27932;2521;
23827;5317;4222;20507;26455;5139;6273;1414;16638;29358;11840;21210;17296;26766;7201;16883;22092;29061;6653;26968;15212;30068;9346;30226;17066;16575;25558;1978;1282;24830;25981;4822;3514;14838;11645;15718;5280;26311;25280;27065;11667;15206;6841;25477;4420;31310;2123;25399;25406;4723;4582;23432;6436;31096;4851;17745;26426;30241;19570;23968;22055;28427;18657;2571;26106;4507;14176;22340;25194;25908;532;17902;19554;7853;9161;22959;31933;18434;219;7815;25678;4169;18262;6240;3363;22504;6748;20710;16650;19718;3271;30616;31061;11327;12048;18463;31707;31132;13424;10975;
18751;17858;29508;17357;16501;21353;17590;25472;7041;12560;1946;3722;10626;6895;19094;3848;27120;14638;24966;17528;27938;3668;27166;9675;7699;10754;977;10683;22885;29665;16114;2399;30118;8921;1818;4349;8403;13444;3273;29471;14106;30946;29264;20969;30436;1614;16366;29353;13843;10672;25401;20400;31880;9973;15807;31841;10217;23996;1774;3975;31905;9810;1329;2028;18472;31457;25180;24359;30852;16612;8010;16053;19728;18142;27332;2891;1148;19020;24485;14955;11285;6616;28220;9782;29766;10191;29938;21377;11871;8405;19501;24106;22422;23256;18804;32684;21836;12354;32211;25586;
18065;7027;13185;16489;3817;9838;28352;24921;32336;722;30213;8565;14973;24077;9561;32689;19812;17868;4351;18259;31998;12469;15191;32333;20556;32601;25090;3530;26010;2404;9799;22791;32257;2839;5301;13924;25135;1785;20490;32443;1131;28617;25428;9968;979;11958;32598;6089;29928;22995;10029;14336;4941;11973;4148;23703;16588;9662;14628;4972;30106;12464;31872;31757;1500;31418;8752;8909;24681;15335;13419;4632;10962;29975;7131;3587;24224;10301;18172;11815;19420;24779;24774;18864;9429;8299;23179;27057;30493;1008;19746;13755;13781;13452;30021;3757;14634;31043;20280;19405;
22304;31903;5547;19992;31119;6822;10210;24023;21866;19209;6931;1651;10055;31646;31504;25738;6428;28432;32293;6722;13639;29654;12356;24030;2770;1889;22879;22159;26356;14746;8982;15244;18395;25739;16786;26980;27816;3164;9137;24979;9916;31618;28259;26708;20530;28467;18260;13495;2988;26653;13003;26355;12627;29527;2258;14589;3353;32664;17815;7514;21058;4775;14610;16433;26658;29458;23016;7844;29736;6691;16271;10336;17691;528;1971;8051;932;9330;10969;10847;19469;15608;1091;19564;5448;9309;4371;14402;2355;22423;10931;12470;12826;32594;16499;27621;8573;2972;21620;11391;
29716;14306;16326;1382;22289;2843;461;31608;29349;10307;7913;31144;24005;779;21077;19284;32558;19663;5968;4307;32679;11720;19835;25165;12678;7811;31875;5327;4469;30097;31487;21918;17526;32129;31900;4044;14117;9995;19319;20490;16957;11150;12490;6845;30814;13245;20683;26708;270;22164;32209;15320;9469;1170;18105;1988;28557;13090;17544;21784;2449;23642;27473;24745;12629;9959;25178;8891;29664;19016;10106;29905;2933;827;453;18884;1888;11381;1900;11283;8431;20374;15070;30330;25022;16988;819;31430;32567;9239;971;2791;3930;20317;5938;6215;31418;5118;28999;23898;
20424;19770;11422;17783;23380;10290;18210;1766;10833;11933;20991;9018;22745;27068;22719;16864;21105;12688;17330;6393;26509;31818;14740;22629;23639;16899;17514;19232;21676;18605;15789;8914;16743;27722;17834;8609;13027;14172;18985;5706;13499;24476;24653;24176;5844;31470;30139;25396;18334;149;7422;17413;9110;27299;31019;9145;24080;2996;3264;19421;26419;27868;28626;6730;29509;18398;12648;27897;1833;29087;26658;25;11813;18650;13854;29278;15593;32020;17435;25499;17869;16851;30687;24979;8795;16907;27095;5901;13837;26585;24062;28966;20055;19571;17407;12011;17384;25696;670;3879;
16686;15332;4692;4218;21016;22463;11065;30635;8479;3607;2600;4159;1415;27570;4381;23371;18146;31080;18145;8326;14807;30168;31210;5538;6689;22363;2684;4061;17882;10806;8213;29651;15866;7956;19976;22422;4123;23987;27496;2816;3455;28637;8743;31304;29523;22682;31103;7892;26677;11172;24465;29262;29429;14619;30285;6138;20120;8570;10129;12359;16291;26058;17557;2724;20118;18453;13446;10644;2998;4126;30321;19717;16399;2127;31331;30430;12218;18163;5583;7639;20828;6053;5935;653;7919;6408;15598;23254;25541;25273;4998;18257;11209;18306;32486;18242;14345;2001;29462;7837;
7281;2152;8221;25185;27353;24917;5411;7975;3907;22821;7891;19963;16733;8277;25859;2922;12110;24841;2967;17628;17838;30464;23202;20517;14550;25544;12751;8534;13147;21294;19200;4825;19925;17401;4148;29629;13285;10456;2222;20558;6774;5528;8532;10473;27458;19610;21589;2830;18840;16517;29710;16567;21597;24120;7471;2536;18770;13059;5145;5256;28052;17174;4491;9839;24425;9273;17022;11712;13625;12478;32589;11129;3547;26292;32281;11336;30227;18270;1132;17313;18264;19172;23580;15629;25562;15431;3955;30661;29635;4506;12428;8319;1981;5232;12288;15752;17589;28305;1731;16659;
31967;28401;14152;5585;23035;6882;27116;22977;31958;24456;10385;15178;13843;30605;32137;11399;15403;22807;31159;24802;691;16375;26096;18660;5854;10276;9127;75;9538;19559;202;25181;3295;32087;743;14461;9053;25736;28051;14076;3733;2048;2060;15409;22355;8682;26141;1484;6490;8335;14402;20583;29865;25217;26381;5470;9213;793;32200;23265;23703;19236;10332;19015;23359;6618;18546;165;17033;23056;26071;19872;11863;22446;32293;21631;8351;2402;30624;17285;11119;8854;15198;5501;31790;416;15019;4502;11300;20025;25515;32113;31293;23601;18753;13689;21001;9825;560;8051;
17416;30176;896;11093;21285;2426;31268;22108;15232;20829;26585;25689;5744;4886;1873;17228;32713;2492;15249;19763;8282;22123;3736;23588;16826;21748;833;25754;20293;10451;15978;2573;26721;5730;19286;25029;26630;31820;32592;22511;1405;323;16529;27377;29287;18934;13412;12539;6658;19261;6280;23518;26024;3223;19414;12066;10904;28375;18979;7250;9465;19226;8040;31131;9244;32252;5665;1686;19458;13068;9458;13153;4126;1149;24464;24052;19291;17182;28383;31154;6497;31372;21592;21823;21780;1445;31918;29330;24670;18241;26033;9547;6447;23325;23410;27462;8130;21272;4264;13168;
21025;21666;5714;1753;8427;10865;30366;18443;8533;7797;30474;31899;111;12303;17865;21757;15273;31358;5736;26268;17045;24474;29105;19498;26094;19140;15568;8245;14298;8221;15284;1532;16748;11254;4792;13440;12653;9864;2947;14302;26716;8165;8492;23771;1459;26671;6050;31425;23148;18440;8780;3946;25796;7497;24044;24986;14655;12279;8649;7570;31980;21363;27661;8161;21738;10224;28012;25214;28459;4138;30726;16404;2168;12118;21903;413;5045;852;18605;27186;26215;28460;15777;13601;3699;18872;28202;14913;13608;17566;31910;11394;13184;16258;19067;9928;15267;23417;3509;31482;
15277;25280;27121;30549;23985;22702;4217;5639;18686;17895;11184;19193;2209;5331;6577;25580;15147;4686;14899;11975;28596;26273;21424;23087;21535;6833;21446;17497;6304;32119;28381;11292;11388;32176;25354;30795;14352;19414;25139;2369;30741;22606;26484;18621;24098;483;31682;27633;6770;2163;11726;7125;29416;6120;16684;30657;2896;32618;22709;9787;744;26836;8234;26638;2847;9316;14618;24988;23452;23734;28421;3700;10114;18163;30401;4903;30707;9030;15645;24920;4051;8591;2245;25107;15566;32348;29541;6752;14748;27669;32273;32279;1411;7286;17637;25845;21790;32322;5608;22000;
94;822;28470;7368;4558;572;10335;24031;23323;2530;19210;7242;13011;14090;24286;26152;16237;25571;11426;6962;29578;17176;15522;404;8058;15175;5205;7420;15362;5812;30526;31728;21084;23359;12048;28516;9600;24211;7957;24716;162;27297;9936;14575;20220;1613;6114;4285;24781;13926;17194;5986;418;19164;24880;27227;17364;3117;22980;20040;9554;23841;12002;32323;29088;9399;3801;1393;1312;5215;20908;22230;21905;7785;26041;5998;25557;12478;28568;20089;31479;1998;8518;28694;24684;11721;3203;30227;22937;31250;29816;31492;10902;9457;25245;2962;29234;17288;730;8726;
1847;16392;2797;103;15087;8740;12555;23535;9446;15302;30154;4101;23538;3585;17726;19063;16497;31304;13154;26213;15314;5085;22458;26966;6487;9611;3127;22149;23576;16280;4955;19580;13900;25078;27037;8420;1476;5817;17935;28316;31160;4302;3646;18952;17862;8937;16730;4012;1592;8895;7831;249;14726;3190;2770;9062;29467;31321;31096;5571;11100;17617;23716;20426;20711;24208;24711;32760;32536;16656;30221;31643;32210;32060;28861;29995;28284;17517;15330;27869;19017;32151;27368;3958;5565;15045;10504;30557;28013;8898;19496;1013;20486;8985;3836;15145;18832;32320;13938;26953;
25588;2577;9805;29460;188;12921;10511;3606;27;5236;28445;21300;22829;17721;2334;24453;1919;6577;24996;30563;29138;558;31246;24514;11804;20058;28333;25025;18128;28014;1573;11391;25951;32420;20502;2352;1535;17902;5884;5488;6315;22760;10580;30678;13163;6155;15873;17101;14805;18468;30701;31135;7636;24581;19699;27603;7592;24187;21501;23225;9006;15488;15977;7491;10338;20401;178;13846;17698;12546;28236;4065;18997;31664;19663;21486;3467;30839;8792;3831;19398;2310;17196;6202;17146;26544;25247;28367;27313;3940;11061;314;27955;24543;8710;4925;17924;21024;22887;13808;
10669;20764;14022;1555;6847;2740;20438;9378;20502;19684;8941;7594;20571;17213;11946;12636;26316;10389;11482;13151;21824;16637;29852;29803;26469;12275;18372;27156;19277;32473;3966;2275;21289;26534;19508;1195;1108;14300;15537;27418;6035;24506;134;19599;20123;434;14764;26411;17107;5661;29036;2091;4444;30510;17532;6005;2127;26916;6763;368;14661;29380;27710;29465;5405;6663;24156;7252;29945;22800;12711;27775;13450;24416;20460;32077;16782;29517;30589;8146;17558;1968;18972;16346;18189;23007;17179;4479;31350;11227;22722;15611;1269;28362;19697;31930;30481;29095;28934;25012;
20152;26680;24833;12793;11139;24128;31207;5517;6204;27383;3940;1399;3486;14519;9395;12565;4699;13560;11459;19890;7268;31870;5522;1114;5988;22481;8925;29165;13453;23534;23548;28019;26520;828;4360;2223;13575;21185;15166;32503;13742;24470;15528;1603;29553;18584;17146;13955;847;30817;20922;31542;160;17271;14243;17208;19866;14018;29516;25307;15642;10820;19205;23610;2466;27652;7169;458;15773;5963;9403;10034;28907;27667;20114;21597;32665;15037;15030;11981;7664;14338;5704;3378;28082;19756;31165;26939;30880;14470;22404;9132;13375;4625;15848;20145;29404;2168;28727;29297;
26062;27206;6948;32743;5371;20311;10346;26093;28574;30348;30130;31898;23111;11203;29367;15054;24099;18951;27304;27147;23933;11779;31950;19591;29061;11453;2158;27007;21840;25217;4081;29645;545;28186;22338;32445;24807;27721;16760;29981;13574;18287;12725;1683;9306;12173;29517;32564;121;20078;27947;15697;13625;3107;9329;14740;115;30640;21087;21836;22278;10245;4470;25350;6942;10544;26077;7517;1974;18896;9475;19;30043;23757;134;14176;23603;17222;14420;6537;14143;21195;14352;24245;11485;27597;9143;2813;8337;21586;6019;16066;4612;10989;7951;24899;27981;1518;10173;22894;
12400;4822;29269;18679;2596;18958;18414;32168;21978;2776;30226;3320;6394;13189;22045;19934;25968;2537;25574;9447;17767;2060;10145;22151;5204;24866;30468;21420;26935;21181;20905;13465;30238;5698;23732;22002;234;1689;16821;19475;22869;20009;29904;8358;28724;12548;9755;3701;29690;18270;25159;12156;5758;15428;9859;20803;24574;25739;27549;25451;13155;16902;27754;13446;26566;18172;11113;28972;6964;28120;31651;6475;8878;31011;4309;24510;15220;28592;23249;10273;24964;10518;12322;5860;28509;32355;3055;26527;27400;29455;25378;32165;9305;27183;21704;25308;2163;15339;14779;10444;
20106;16178;22399;24565;25069;7085;14955;6502;11587;30705;31497;9867;11028;22520;29375;2887;24460;16338;9134;22082;8060;28312;22490;21381;18594;17826;15243;19780;20266;12281;30452;20218;17524;7695;2835;7868;15128;27054;30168;24774;11304;13871;24969;6491;16821;8428;25445;204;10900;22008;3464;24022;23393;23821;22542;23088;24773;12997;9595;1381;9973;525;26203;31200;23163;4567;8229;22597;17977;15120;23397;3336;21163;31442;15642;5176;2668;29914;20317;12187;18428;31292;15684;17152;28864;26709;1542;19153;24906;29698;27488;8424;28379;13583;7991;931;8742;1523;29822;4923;
3927;3002;5978;14673;28500;31298;4228;11978;24131;26794;6128;5085;25420;18952;31404;20074;9632;24154;6154;8846;29370;12224;14849;14708;31205;28648;19665;2670;24830;18889;14822;23108;5755;31636;27135;17612;1196;19687;12943;1210;2625;13636;12899;28090;23565;18115;24966;19644;13321;12547;22626;8847;29084;28774;4647;27826;3865;32126;11889;28775;4234;4290;30245;15368;20396;20102;10139;21150;18746;28458;19971;13744;20334;14225;10241;16729;17862;21972;24987;3741;18948;30264;9557;20477;28280;9310;18586;23625;27009;19642;5982;23478;24146;29254;770;19249;8946;27768;14456;18930;
10118;16753;24999;25939;25299;28791;5649;22243;26623;16549;16051;26806;2455;26593;28972;29696;11735;7695;1570;11746;14373;28804;28386;13956;11230;27070;3654;7780;27733;24914;6364;21998;15897;2085;16452;15180;28023;1247;11738;14975;15936;13469;4246;13231;2253;25575;16944;7103;10303;5089;18311;2853;7691;8133;12355;12025;3767;22160;6585;20555;31710;23804;22800;26042;24442;27567;4258;25410;3171;15794;13477;15446;30738;17188;17163;19503;20907;27696;12966;6243;2619;8252;23952;8633;12861;13667;27338;14140;20580;31782;31523;32654;5524;13150;7516;11391;4657;30837;19849;3294;
20637;2006;954;28816;30972;24994;5595;4830;25147;9893;28889;32531;13392;16776;27911;9031;32707;12360;16831;1398;28269;487;23628;20181;29056;23649;7687;8549;4295;7905;17857;27592;16175;29749;2145;12116;22663;27007;7374;27750;11396;23854;16144;10488;15112;23085;28338;17782;1443;13146;27754;5070;6747;29498;15100;25799;15272;29675;10075;32659;18883;13146;7185;14247;20768;14262;17378;5322;25145;6180;16300;16748;5774;32180;29586;13114;26346;12435;12121;16879;14055;1411;13842;8301;14772;16265;26874;27660;5142;14821;6558;17970;24493;28231;18243;11300;29561;11072;19332;283;
5533;3831;14909;32411;31330;6685;30888;32512;13438;28451;20422;22106;31383;4522;32257;11642;26115;14907;3087;4941;3794;4664;26905;14441;10510;27666;4637;2278;1857;19389;18577;6255;9784;21345;7241;5272;9735;26707;19610;12658;21581;9283;17600;17502;11193;26295;14205;286;27853;6840;7683;3378;13282;1226;7700;23905;12397;11554;7016;4502;24960;14868;30799;17133;31636;20171;18839;30734;23429;16956;432;13242;10974;16988;22286;20899;6487;14225;27087;9601;20380;31847;27806;4194;32592;15749;21719;65;13394;5599;21995;3547;19263;15149;11271;11454;12600;20123;31216;8611;
20709;9666;15922;13053;20665;8151;9081;18386;1656;23330;12351;26826;17399;24242;6567;22406;24868;3152;15785;12338;10053;28337;2160;18782;389;14320;18688;17929;5804;1083;14620;3583;12334;13516;15463;8294;4711;30490;6857;29843;10789;19537;14868;23842;13159;9472;6888;8517;15716;25874;7380;16476;12239;25600;19901;5062;13658;15685;18564;17143;12153;1297;26339;15819;5992;13633;19096;12570;28783;26255;454;10637;12133;10758;19096;22704;15219;5818;14887;12360;27674;24501;19102;18406;10359;1588;5276;16572;3014;31764;14297;7088;13094;19079;14093;13743;6299;4363;19213;24132;
8025;28829;28983;15465;13632;14121;14609;30109;11683;24390;5421;19254;14669;14368;13136;8697;8134;18869;8146;10216;7634;18757;14408;3163;3387;12803;12641;32338;14800;22033;13326;25866;1966;31659;21990;1742;20158;23203;28872;4624;3967;3597;7618;15544;25862;20027;22321;28092;22595;1772;1578;9457;30853;7616;32537;5409;23872;31983;12712;9309;29967;13883;4067;18068;17909;21027;28825;26213;744;8026;28933;20530;6800;5751;6573;21366;9036;9710;19083;3672;18550;31295;12907;6016;7400;5741;21908;31273;30398;20658;26538;14455;14430;1905;31955;18443;10934;8812;22041;15574;
19653;13367;19728;5674;15453;20461;8888;25111;7207;26401;13732;10996;6887;17431;25436;25404;1;29748;6401;17308;24893;14004;22319;20297;26055;17307;11559;29335;14970;32494;28462;28616;7005;27682;11312;3617;5742;30165;9897;16196;27551;23996;21702;11961;11807;26845;11207;28622;2778;7166;15015;15777;22595;7261;22527;379;21329;2209;26408;4959;11719;24081;30879;26851;20921;15876;18862;9791;32332;10136;26441;17828;8637;31143;30775;18639;5285;20727;29298;10461;6779;5809;16335;30817;19290;21269;5601;27572;19204;6251;1307;15244;28968;6717;822;5584;18144;17603;29906;4267;
32126;26783;31328;21472;17032;20171;1087;27741;5377;18639;29221;32274;32746;4407;16833;18435;24073;4164;4255;11932;2793;22754;30027;16453;9506;29146;29625;26679;17882;16201;4324;17294;20876;8273;18870;19615;17929;5390;28968;20619;10684;203;14762;25365;49;23670;28101;17584;26585;27986;7167;28380;17671;21484;14847;15027;7743;1872;753;21951;3504;4220;5420;30991;27647;6677;4882;5770;6214;10329;19256;28803;349;3413;11208;20365;21592;27992;1315;19088;29776;26535;24522;21788;8039;14194;27006;2046;25862;24839;15782;22545;20841;16198;3314;12119;29278;1365;26686;7240;
6473;2197;12985;2922;32364;26324;32582;16162;10597;23748;23842;31178;17144;24747;22471;3587;13327;21853;11793;18765;13823;26984;1184;27861;14349;30350;6013;10381;15921;30072;12032;19586;7450;22952;23537;9323;14193;27056;16109;12669;8290;26529;24331;13959;18265;7623;21440;19002;4361;9107;17920;25544;435;28377;3238;5554;23717;1340;26646;27354;23809;25062;8481;6624;27583;25468;3881;683;30453;22096;18821;10822;20054;28377;2086;10478;10489;18529;30587;15977;14429;15358;915;153;27817;9155;24194;22608;20024;24119;17925;16486;4180;9734;19561;31497;16706;4599;10408;12629;
15232;20766;20950;12580;15434;30547;27067;15656;17250;28131;15042;9015;8209;23685;19730;3301;20329;7823;22266;15960;4046;6249;3218;14168;19893;322;4767;27302;19882;29955;6328;32655;14232;25217;24231;20928;26437;10743;10514;9052;9756;32691;26971;13644;12847;26383;7364;14807;13948;22947;9943;21874;6255;28345;11013;8665;16041;5889;10637;26462;13568;16519;25503;129;20935;30433;19137;7106;16463;21421;32627;20403;5293;21307;8974;13649;19646;24966;242;31892;25193;13161;21216;12101;21284;16399;9381;5648;16570;28332;6905;29658;3915;19562;8614;2901;9364;24231;17645;8913;
11376;25949;14885;31317;1695;8673;23461;26606;16839;30161;7140;3655;18360;28231;13279;24954;7924;3923;4283;28198;25967;29609;17580;5826;26771;5270;32533;15152;32391;20025;20465;32405;1201;29679;14961;8041;10106;2319;23270;5578;22353;29144;9186;27670;3826;12455;30362;1464;20200;877;6799;18498;29264;30049;22638;23229;16609;14578;15412;28476;25129;24064;17045;19128;5657;14411;30111;32535;22212;2604;15515;2958;18276;18307;25396;22313;5278;1264;7131;14760;10759;26438;361;1677;24806;10044;23558;20083;3132;32102;11594;19105;1537;2660;18339;9951;8625;3930;29943;7561;
10247;2720;28810;6625;16392;3258;14369;21673;26948;22922;30824;7922;27481;10692;6289;20271;24248;8355;10558;1165;12972;18906;15009;13447;21656;13262;24033;14004;23680;31234;21952;17124;25290;21458;14972;5484;25414;31589;5362;11710;20845;221;13577;23357;16870;24016;18254;3151;19791;23804;28124;5043;4153;10806;24703;22549;27764;7844;22553;8671;28558;7468;18756;31571;662;4908;12856;22231;18213;29036;32752;28559;17824;12625;20104;6193;20663;14931;2282;27669;16945;15280;11177;5772;29932;20066;12077;9331;8223;29519;23825;5128;30691;16833;5321;5884;14066;23061;17288;15049;
30126;28855;4960;27461;29285;1358;5548;887;11987;6707;27819;24746;1768;40;14445;11201;9420;2631;19187;19658;30241;15928;26514;15574;1672;21671;4504;10759;25446;7669;11826;8682;27880;7982;32141;13831;14404;31548;12092;20151;26434;31834;5594;8246;6396;20939;15856;30201;22497;21963;27672;18498;10496;28614;18019;20465;8324;26312;11513;3229;8058;14389;1535;28899;7899;18106;190;10494;11206;30083;5121;12184;30989;942;15294;9440;10739;15360;14841;7133;14900;19671;24294;20994;10054;23648;7246;1282;16095;11530;26675;23270;14007;26171;12983;4188;29071;21825;29498;24914;
5490;14987;4291;24515;22331;30489;10657;11473;8023;11825;32338;18453;27596;12116;931;26931;4986;15472;24601;6065;20129;87;22672;29961;10404;18800;28706;27900;16141;23724;16202;16426;29136;29884;17993;7392;26836;16770;16073;14897;4783;31685;12481;10568;178;24872;20120;20732;17445;11357;23693;18341;12499;23958;10070;32558;10442;26428;19975;30572;21852;4836;25398;27310;29033;12927;10589;10390;2273;29136;28287;4903;20868;23588;19215;29214;236;27197;18445;4230;17358;11407;12402;22663;14973;26031;4558;24959;7855;10504;12336;9300;30340;20944;28998;18952;30916;26170;709;18573;
1640;15085;16395;16859;23901;27318;6916;22849;26756;30329;3146;29432;20733;8558;20112;4606;13477;23945;26944;18465;9693;23610;20067;27738;22670;5975;4034;2909;8298;26199;28490;18030;9332;29632;20149;5238;27586;9954;16999;6486;10113;21958;19350;1915;24123;21346;32174;16307;23637;11790;4852;9023;3548;12860;13417;19497;9601;1379;30961;8152;13537;27964;24500;28641;6666;5937;18885;7456;26171;29715;14082;28936;8684;31755;19003;8503;4622;28371;22678;12621;25236;25637;2097;9983;23090;16500;16906;17511;31589;25051;31516;15518;14003;6483;6347;5773;4660;17448;29826;12800;
27217;6574;17051;8956;12236;304;24703;22355;18177;1065;19982;14965;27755;12470;22081;19337;17001;76;11021;22973;27714;5798;30859;23258;23143;27906;13143;4123;11257;15757;9782;27967;18827;17180;763;30173;7465;8476;31403;1272;2969;1996;8415;13011;4832;26794;7786;19718;12809;20266;30524;5330;32289;12718;26502;14258;2182;20147;7199;13874;31330;27208;18983;11524;2418;32709;27114;13393;10764;15289;6406;18765;8800;21028;26577;30222;25342;1255;5621;11166;18584;28280;605;591;11017;25818;21077;21582;23959;2253;5100;26235;1141;21826;24477;4984;25484;17169;15663;11520;
2684;21742;20442;1915;477;8090;3499;25551;24010;8790;1578;11128;22944;925;31801;13019;24835;1554;22335;30167;10786;18872;12166;670;17724;11617;31202;1731;17764;25705;5780;12948;26241;5283;18285;26281;21656;4244;20791;24509;30798;479;19536;21693;27816;6145;26776;15135;534;3902;10381;9589;29360;9179;22453;28738;11199;17806;16445;12556;20607;7987;25567;7090;23075;18112;15369;20992;31002;10619;17723;20865;7057;2155;22960;29588;15673;6412;8002;13250;25674;7751;3208;12367;28616;3488;18753;6415;6917;5298;28149;123;23143;4824;26329;17156;30059;23342;32244;30888;
490;21176;20608;9410;9371;16096;13203;6182;15066;22566;19454;14701;20903;29971;23925;10126;3570;24942;5361;27311;27158;13747;21075;10042;27811;17089;13642;1842;15456;26067;29046;19912;13712;22705;11726;18729;25717;21032;29503;5787;2323;2743;28309;27848;2102;31115;2463;24665;28086;23982;8078;22215;25594;26491;20639;7022;17595;5717;14586;19172;9994;7832;3801;2184;3733;27600;27628;12894;8230;4905;17917;1818;32620;18983;23248;29306;14846;13719;4941;29657;25501;9414;8672;21250;18361;3312;24609;5954;21559;22779;12208;29889;8562;24933;25187;9233;15232;8316;28068;22536;
4278;30413;27924;17867;10606;5086;14453;29484;3335;22304;4294;16182;30766;15647;10415;22789;18524;11516;3104;6364;16544;14877;11062;28529;2975;11811;3166;24459;7897;28444;27068;13775;25390;5626;15822;29399;18080;18757;844;7045;7002;12300;11347;25495;26610;4385;5315;26235;3307;29318;29670;25188;25470;19746;4434;10653;14745;10424;16656;15902;20265;13338;27389;19293;14485;11674;8561;29286;19082;12226;2847;7214;29438;13893;9276;17956;9071;28468;6884;32010;12396;11381;19129;31235;19031;2418;7117;5613;29545;6414;18626;1776;5878;12253;20527;7255;9715;7828;5446;27807;
23733;28862;29620;10702;5627;945;19145;4103;20271;2497;17369;8794;16873;19891;22498;10720;14005;19061;22638;11016;29974;27404;32699;17708;29899;1741;19482;12392;13392;28112;10901;19883;22696;6562;13524;32014;31322;22074;1602;11877;17338;30510;27755;24596;17513;27943;30376;37;7711;20371;10495;25495;28328;11929;22085;18424;6957;16722;25989;4918;24757;17462;1702;17842;19947;7124;6727;21142;2594;4039;20718;21097;3478;12773;17762;17376;12021;17849;5717;20215;10782;15412;17222;15937;1064;6047;20646;8828;28838;19412;30522;21609;7209;28334;25280;18651;7;19646;17365;27405;
9051;13887;14614;28984;27981;6220;21382;24421;27796;13905;14896;11392;14393;6080;12557;15791;19869;32261;1831;11234;4029;30395;12287;1962;19381;24096;3116;3918;26243;26054;9542;2844;6158;29580;24834;17405;22375;27853;28574;18508;23630;16855;31104;29416;23032;19871;20506;26760;22287;23987;9744;32591;18171;30319;4765;17569;18528;10100;25651;5428;11495;1110;1633;31594;11842;5525;32506;18398;29802;21967;18036;6204;20779;3891;32654;16471;21731;11577;21045;18805;8327;22160;28073;31725;6374;25432;30172;9973;24370;914;24603;6837;12988;10709;751;2208;8191;3650;23878;15875;
8416;23994;22734;27870;4660;26958;2978;30452;8835;27126;15656;28446;7691;11398;12857;17636;15368;14815;1155;20046;20787;20322;2348;9208;2953;15275;2744;869;6989;29563;23085;11157;27984;29429;31605;26586;23152;16142;28931;15591;28767;6975;27322;27690;14246;18300;23562;16732;6889;23146;15708;24150;21356;3021;31920;31014;32470;831;24964;16482;16949;32552;26616;22972;7747;26602;22321;11991;22760;9052;5883;31833;8191;15482;2226;22338;18781;13147;26466;7292;21519;2403;29485;32434;3812;23993;27629;9830;2092;11771;7963;6206;10942;3889;3312;21919;11328;29440;26825;27517;
12450;19745;30928;25458;18156;11537;6361;19213;9018;8201;25738;17772;14852;28464;19647;23309;8355;3600;7212;31713;22289;19782;12101;26530;24305;9598;25434;28775;17359;11935;263;19318;30888;5955;9675;25689;11949;12394;28919;26164;2372;24943;30666;28501;21328;6203;17626;8973;6578;2488;26293;3518;20240;22152;20937;3894;23764;26616;6529;16187;17784;6447;17585;103;15362;172;16692;13623;21706;28143;15060;19294;13187;28533;22889;4447;23161;29930;10821;2650;32536;24987;14544;13350;1966;9002;6768;29601;5746;8325;29100;6980;17860;5400;11408;16379;31158;11330;595;20531;
27340;28934;29751;8500;19968;26116;21937;26289;15881;22951;8138;18589;18909;19103;5061;2881;19573;28818;28930;32140;29136;15630;16930;8618;3386;26819;1388;17368;9422;24815;13423;29558;22074;10521;28393;4701;30914;1282;19688;28276;8328;32473;7215;6526;26378;7598;3291;29494;7404;24617;4423;6558;18680;20348;29996;13204;6243;16022;28685;18854;9297;2457;14034;8487;12444;27023;20659;19842;18385;12377;13143;27599;22652;231;27197;15524;14246;22447;19804;4142;11419;30551;2822;14464;27121;3509;2322;30250;6085;9466;24890;4878;21320;13610;31938;8047;18299;27088;4955;1355;
17206;28655;4422;26091;28783;24635;10428;30136;4281;6537;4750;19024;25355;8069;16905;20185;5827;20899;4124;21142;28650;3672;8637;26039;186;5769;3464;30838;7261;17732;1193;28767;26360;28590;765;10223;9960;316;19060;3169;15180;10278;11706;19909;23491;9753;28182;21842;1399;6445;12434;30205;14682;20758;20060;2891;28591;1182;1132;31331;25805;31571;18023;18791;8991;32636;14531;16644;28272;11346;5677;19528;29797;27757;1063;2740;26187;15485;6902;18579;24595;1594;9403;20874;16539;10142;22496;20847;22320;31313;4277;14174;2640;28517;20059;20234;23476;4931;30434;1106;
28046;3557;9902;1301;27919;29510;3871;13638;1580;30743;10353;10563;17570;24244;15072;6754;1591;12374;784;2509;25155;5770;30125;1425;10864;26850;26190;17393;26814;17130;5536;2304;32458;13917;27328;2671;19023;28057;23528;17827;29421;21073;19022;31754;17705;3202;21833;18864;16054;28072;26806;2573;12275;7217;2714;32546;5812;4914;11273;28356;5701;19033;326;10807;12460;6691;9515;13310;9519;12366;3019;30706;6166;10386;2135;18834;26546;7564;27198;7322;21150;17915;30104;11223;21317;29230;15045;569;21668;32189;4433;6698;9298;2424;14875;1822;17853;4509;27831;23915;
2742;13390;21520;19548;5424;15425;15954;7808;9796;17338;1031;5192;24185;950;27264;19665;21315;9065;1398;12543;7625;7147;23537;5323;18155;1071;21609;734;13444;22836;11307;26206;31724;5759;32255;1800;15810;13000;7176;2943;28392;21748;16619;30179;13006;21827;23604;20134;10996;24267;32245;29083;24490;17701;9647;12624;9755;25190;30838;17566;10121;4432;8785;12926;28122;6090;26336;12318;6484;5518;9537;9525;9125;19234;21299;19091;21542;19721;13180;5884;18784;30522;19337;28214;15312;13521;23637;18017;24039;28677;25228;14215;32085;15962;25071;10612;18823;7447;32762;5064;
25454;20987;12740;1098;6787;17452;296;24447;31496;24944;11554;3964;4496;25503;10619;5368;1985;2649;16809;11941;32345;7412;25329;2753;18543;18616;20942;14055;27644;12111;20118;16940;2969;14711;27995;17767;7562;506;9487;17872;5116;27872;23020;9677;23179;16099;26387;6152;19719;18723;27508;18629;2936;32027;24045;12659;20319;31956;11446;19072;9791;31576;27644;3954;13660;362;22476;2356;27331;27252;11571;21165;16266;11713;7844;19351;28505;18412;26521;28047;18730;22681;17277;30568;32076;18530;19402;25285;3246;2837;367;22503;15706;21020;1396;5059;14400;17212;17632;29784;
13365;1923;7131;7999;21051;18043;13328;30340;3843;24996;8789;20404;28080;1057;1934;8503;16350;23218;14542;6624;12003;2018;12992;22211;27220;10370;23622;11079;8140;31829;23647;12156;8168;1805;1870;2222;21654;15734;9977;8250;27792;4850;8847;15520;24611;31525;18797;12506;13109;13297;17731;5612;6278;27557;30578;17085;23094;6001;17849;30245;11144;3614;6673;26439;18405;15099;6613;12321;804;32027;22566;18017;12040;1725;1934;30330;31242;20748;28387;5368;11097;30729;9583;23056;24608;4805;23117;7036;11783;23507;11030;22662;20220;15869;19902;19554;14899;6454;4536;31424;
20075;21456;31841;27298;29044;3055;1179;875;18670;32062;12728;16441;28755;28384;8603;11637;20536;15786;14873;25769;31439;22159;2469;31377;12721;13659;6957;4980;30938;15269;16703;4532;23285;29694;7280;4773;17115;5487;24830;11675;3670;23331;8116;10567;15914;1120;5646;6979;26454;4284;18846;9707;18839;3213;29358;18543;12078;417;31271;29990;31203;24623;3762;25125;330;29710;5404;18449;9797;14885;30719;817;16330;10787;6815;19143;17638;18544;29458;29345;22530;5219;4004;27371;5990;9909;2937;29255;22267;5173;13940;11808;10069;26814;29784;7482;19952;20070;5933;6286;
4794;13561;14566;22102;1746;3494;22592;9060;10384;28407;15597;18103;2245;13575;26354;17232;21828;29167;3406;27714;27809;17025;28636;32521;24376;23353;122;14364;369;24944;10091;5574;29507;25811;9978;15665;16631;3348;25184;13764;303;20447;3048;28334;5158;17168;32337;17091;26681;24355;17780;28296;26535;17899;6695;11401;29589;24967;21856;27635;4181;28563;7838;21854;9959;19611;22916;4587;32704;5077;5831;2191;23243;26383;3147;1454;18606;29414;22665;236;10574;825;5428;30016;29589;15325;32028;32586;10867;18834;10578;13798;8994;7990;10637;28929;175;4921;31692;29355;
2230;29009;10045;9838;13677;21615;32350;27358;10467;23793;19554;6514;25994;5913;29142;16530;28660;9662;13444;17393;15834;1345;18072;22301;5730;31427;18689;1621;18337;917;19738;16794;21855;22768;6538;7688;1307;23527;13929;16743;27471;32153;1188;11262;24054;30635;25762;21671;28746;26870;12327;19241;23506;10876;2937;21697;31388;28833;20930;14082;14024;3224;8374;9440;4934;25115;18293;519;12767;25951;7347;28785;31354;13639;22;23607;18328;9688;2783;31143;15394;20205;13261;27032;9828;29483;27198;30714;5209;21304;27800;10417;32041;16680;24039;1700;9200;2104;24264;26896;
6081;31935;11653;8995;29931;18529;4481;20934;19322;18054;5591;15290;20225;1290;22334;30694;13207;15671;26928;19951;23584;22768;5707;1290;15822;22574;32759;5390;7399;10929;24905;28110;1736;20975;31015;18597;11562;24401;24493;14418;1700;8862;19152;27398;22641;7351;1601;21180;3444;2694;8852;10185;32377;7217;8098;31156;4030;11411;5676;16967;18354;3308;9409;12006;17148;14551;9185;5152;10687;1661;25954;16260;2588;9993;787;7094;15353;2908;160;23234;12801;257;17589;6831;23532;7011;11622;14424;32257;15677;17359;17527;8665;22099;21239;20227;1125;10592;26107;31932;
9523;11855;29032;6916;23276;25773;11240;9712;4386;10847;23073;29855;4936;27280;4570;32714;2306;14574;14431;30365;1952;11542;16423;5573;23780;4684;27061;29899;30476;16240;3004;15776;3596;11053;9862;633;29212;4212;18070;9692;9074;14121;31373;2299;5969;13596;24650;29762;20034;15162;3413;28204;8098;17157;22142;29786;24156;12353;15041;19174;15096;15088;30061;22005;1749;13697;31622;12683;15538;837;26727;31652;29299;21282;7595;1152;6178;29323;6734;22846;10293;19631;19728;23724;11535;27121;26138;25182;16329;921;27620;32765;25649;32713;5974;2274;26131;27058;15150;26595;
7096;14855;15009;19309;12717;946;21317;22484;25541;22727;15918;21478;18273;31670;27735;966;2799;12484;25156;9720;20145;17340;30438;18104;31424;5601;31167;23952;13904;18472;1095;26921;25653;21924;31373;32098;18599;12866;32545;30623;15426;16822;24114;19811;4176;15029;13300;10530;2123;19045;21060;18768;3230;3090;10639;21950;31404;10530;14576;7974;13843;13643;18840;32005;24370;6915;31091;15784;21225;11320;22793;23690;22431;11074;8354;29405;7050;24598;16557;5735;26666;3516;20834;6799;12055;23555;9639;26552;21501;2419;1328;23757;22501;31107;20971;28445;18870;29452;7323;31850;
8187;8958;27842;828;24550;14162;16325;13691;13717;9791;843;6461;24981;30129;3814;11229;8101;5879;24821;15181;27324;10939;8905;27053;16973;16696;14342;3868;21705;27303;23884;28110;13158;11258;6679;27742;29471;11213;2532;19046;24315;11162;16534;846;8083;8492;19991;21345;31694;1110;9538;4902;5872;9444;27137;23789;20435;7378;27314;12456;9587;12988;18640;2556;17585;16534;5327;7320;9040;29341;24903;10950;19524;29325;4437;10815;16684;21269;26175;11076;5405;20360;4182;13802;9377;13269;18209;4534;3839;185;11447;11113;21693;8243;109;3357;16228;15929;25777;7313;
30339;6569;15414;5058;26102;24962;25170;26555;22888;29268;17060;4525;28951;2037;5113;28226;21463;14198;14960;10031;16986;17749;5341;23305;28590;11252;14700;30553;17159;26186;25991;30962;26303;21209;9465;1666;18587;17120;29779;6504;28496;2513;25230;10437;18758;8453;30195;2774;22683;13231;22584;129;24683;9999;3564;7981;30543;29416;15637;3287;8995;24115;18199;16994;25101;29717;14807;18479;17594;17679;23585;8430;32235;18549;22855;22196;2865;29217;20491;24141;23284;20584;18623;17619;5050;17997;22187;23423;24742;13813;26799;21952;26431;12123;3370;3466;19060;30533;11546;25073;
24284;31351;644;25590;29762;294;19990;17825;22624;13999;4107;16208;30443;22921;18511;24398;15056;10104;483;30631;5310;23044;11652;7739;19172;18218;3975;29458;30204;31313;17672;8431;20360;22912;9283;19496;13659;10957;31810;25524;1628;3609;30649;2182;15495;16122;10030;32537;26676;13049;30300;24397;28828;26622;4314;30321;15769;30472;31224;4001;11949;16161;23530;5714;838;15506;21032;18219;6208;24659;13076;25367;7852;31685;7389;6296;12240;5283;18852;5982;25198;13622;28382;536;17738;3273;11258;12938;25318;29789;19523;991;12944;11166;24583;5953;6814;25109;28921;18088;
26617;24734;21972;14831;24280;26397;26945;21037;18638;4717;10235;24386;9223;24217;31281;21424;22479;6479;11308;27309;4691;22673;23089;29814;13228;18862;21417;15589;27161;27761;14719;16454;25484;3736;23498;8807;14441;7047;6828;7150;29578;5182;20089;20975;23430;17289;31516;19390;24883;630;21175;31490;22377;8460;19338;2571;22537;18234;19734;25702;31294;25102;14466;11694;15875;28968;20541;6820;20710;18541;17125;24706;4107;6656;23912;11917;27507;23662;10345;26090;3710;24872;29925;946;29103;12087;7190;29001;14768;30251;30359;12011;1942;11604;20170;3207;7781;13109;21111;25809;
471;310;18357;3731;29273;18329;2318;30787;27223;1455;3294;8667;185;29260;31740;26853;21678;18552;7068;23253;26280;19559;3700;412;680;7340;12574;24186;8123;9129;5566;1812;22724;15690;25316;6342;25213;25843;6580;30266;8889;32694;1860;826;19692;5834;25925;21186;10220;5688;28134;31578;24825;25560;26357;1442;4092;25212;26695;10543;20748;13675;24923;19349;5942;22545;8762;30149;7294;24052;27553;13210;4897;28394;19042;4526;31773;21386;16904;11634;18163;9696;2746;2942;7852;31333;26210;10277;2074;5421;20750;30285;13664;32611;4246;16509;12981;4339;26495;8248;
20580;17030;28447;32650;28183;23475;23810;22752;2902;20851;14221;10525;16715;26838;15841;18409;2504;29173;1794;6732;30603;12072;7225;21373;17344;15481;4790;14324;21703;2904;26746;5830;8760;18064;10356;27954;6692;12921;6634;26743;27550;23919;32539;14825;23162;13444;10019;28996;85;20594;22302;20800;7894;3796;20112;21094;26418;19349;27397;18465;23286;20136;12020;23576;10753;16889;12265;21435;12751;17316;12259;21532;510;26726;26107;6145;2570;16976;14919;19511;21596;16323;30974;1577;29315;30360;16605;2225;32449;12191;12489;19245;22217;17995;6325;30422;29639;12459;12742;20045;
929;17308;8629;13175;10108;1854;19830;16267;31619;12196;16151;8553;19427;3536;8938;13870;6938;3294;8166;4101;23922;3967;3915;24384;3528;16809;22405;29095;32658;12941;28243;15375;4641;19146;17960;8751;10531;29408;10962;28848;3691;32231;20825;15747;8437;11393;7978;8823;29988;23565;27764;1547;19023;13853;17875;26240;31100;29738;28972;23347;16747;2951;14808;16426;5079;21908;18436;16365;18424;2100;1879;12183;22092;4737;24790;28972;407;12734;19461;20525;4393;21132;31567;3178;95;4705;10152;1816;18284;30007;16241;17955;8537;9089;31900;16838;29515;17507;9744;12376;
14597;18466;79;17513;6829;14042;12630;4365;4051;22383;7109;2168;13231;17093;30015;18635;11946;14132;7188;11054;22817;16438;28701;18719;31589;1635;13032;27657;20230;23456;13077;6937;9553;22419;18176;15181;22295;6234;23201;30158;25008;31612;5296;22655;21824;25375;22284;25814;30777;23420;7773;235;17441;13457;1272;32462;8086;25621;27908;11806;31119;17329;5595;11223;10724;32621;8371;25708;15121;18537;18558;31766;311;8141;20751;4459;8803;19970;29053;3634;29715;23075;15820;31350;20982;5550;21450;1497;20980;4224;20280;15147;31086;2304;18730;4667;22471;11418;26289;21485;
10787;15471;15030;1165;27758;27210;32553;18531;31649;470;26972;30344;11584;12815;7593;19960;39;2807;1627;231;19079;906;4556;2649;2348;7155;7114;493;13313;28672;1599;25081;15317;19924;17681;29660;5471;9436;24904;22160;30080;24836;14191;21375;8905;1578;30012;30104;61;8146;6771;5793;13656;22812;263;22223;5968;20724;12418;12948;14234;32393;168;10936;15280;14848;20311;12971;25106;15721;19890;22810;22666;12786;10367;24256;18357;7514;4044;12159;14271;17321;25049;29103;12910;20767;32050;8118;18018;24682;32284;24536;20379;12572;27442;3665;10555;8795;5456;11681;
11405;17882;11952;12584;8519;7945;23891;22002;780;25225;19619;32212;16437;18915;598;16568;21969;20345;31381;10293;27882;26301;20318;18787;23819;1184;28455;12525;14334;3150;9924;21863;17114;29720;650;994;62;14001;19125;31422;12247;25758;7943;9920;26408;27112;30130;13924;10122;23572;376;30581;5489;25684;17169;13018;13554;6655;18893;31411;20354;24895;26490;7845;26369;8714;23432;14961;23031;27475;14699;4812;7453;22145;3649;13419;11807;16160;2485;2397;9120;8918;11811;22685;32382;15769;19453;25576;8280;13856;19565;6092;2894;28311;3899;514;20232;19863;24562;509;
18170;4949;17982;26563;3558;3866;13721;29948;19106;18675;24614;29768;14875;29609;12509;23254;6810;15091;12521;10291;23622;16875;23630;30815;15083;26047;10703;31782;9465;6313;18959;19373;5072;26913;25078;18252;14650;2385;17494;31387;9785;27337;28367;13776;20228;17012;19952;20808;4172;2250;3230;20323;6595;19016;29370;20629;25055;23581;5886;3514;1755;18727;26664;19626;16640;2845;20827;782;18978;25614;32194;7026;24173;27658;32630;4251;14946;10015;23970;21274;14876;14215;19941;11553;32216;31;7415;6294;14260;19227;2704;15206;1719;18680;7301;32284;786;31667;11572;28850;
24485;25145;14627;29094;17605;30750;12260;19281;18493;23953;19516;15221;9874;15248;14212;6421;8588;14424;31822;3209;10225;4128;3148;3537;10900;9734;23918;7466;17038;8522;25163;27103;3276;27322;25026;23394;24266;7789;29153;12443;14493;17844;6661;10624;6199;27982;24643;28390;4583;27611;17927;11414;21023;27795;30715;4516;27770;4664;13611;11004;7165;17993;12646;19518;22686;2169;30439;31436;26114;21088;2869;3873;16267;25455;23367;100;1426;2345;13036;3644;20465;14224;17258;15591;2501;1502;32101;22406;14962;25462;16899;27835;24551;6426;12110;31094;15907;27230;3034;13836;
18423;27485;5543;14730;1294;24234;14408;26440;6444;12170;28229;23233;20659;23648;20927;17825;22123;25960;8274;29728;30338;5032;13888;27535;4818;11300;17611;22320;11363;25426;18402;14155;9777;9421;32512;1662;9519;845;27986;18773;12683;25815;9496;15387;32052;16177;25165;4847;29594;30873;14474;26;30389;16566;22568;29855;27976;30159;11941;20244;1639;27195;26184;27825;22071;7705;2312;20647;12277;16705;19115;21938;24889;4474;15915;7666;12924;26861;31325;13559;20696;4313;29140;6171;1296;11401;516;6420;23504;20611;32163;20169;9014;6659;13909;2149;24976;23207;18823;30378;
10600;11372;13467;32649;28350;473;29766;28655;16788;1658;13111;32737;4528;25488;19450;23755;24477;15623;8731;11797;32499;31400;5774;18424;19928;12688;6990;144;1479;16865;10821;23346;2448;31927;9068;32255;21664;26206;22067;9657;28547;26818;14883;3030;3495;2598;6850;29395;14435;31769;15031;19659;11063;5798;12846;12360;17750;5068;3198;3929;13409;7982;26889;25829;15478;3594;9060;19518;16745;21359;18105;14073;30033;1195;20585;13566;20551;515;1525;731;13674;6056;25118;21086;26919;10982;23883;354;15543;18333;5420;13033;4840;8693;6045;32363;8737;24654;21709;10606;
6048;16758;31903;8023;7;29471;19280;7040;6423;11408;2395;14730;28859;24986;17049;24565;30024;8654;30893;14573;23299;30701;21663;11623;31460;23968;7111;5741;3737;5993;27629;6326;28110;3290;686;24186;12460;28933;5153;9092;23455;20275;29883;18313;30813;20441;6768;23224;16420;18887;14619;22674;15170;29603;32288;1276;31195;18838;12112;8083;18919;31557;12557;24895;3706;30211;14254;30731;7240;24388;10277;30004;16232;4949;27614;24959;20056;31819;15339;27600;28226;21818;10079;26105;27773;11687;22775;976;20823;16703;24576;4228;4114;30665;116;3633;30764;8537;20071;29617;
19428;17094;6305;31926;8185;1631;26253;16405;26805;9434;3410;101;22570;23181;8255;27337;29116;15585;16492;14346;30431;1027;3998;25577;4386;7388;19052;28339;23917;5956;19872;23829;15494;17522;2784;27186;3290;6583;12430;8179;12667;11117;2284;18846;2661;21546;21636;29867;16901;23609;9159;29651;5116;13642;29684;6249;28960;7784;4923;5613;9411;17452;4131;17375;24377;12592;14377;12753;18836;8903;27049;16832;1714;5611;15618;15524;17786;8311;18678;5446;18530;27287;1615;19794;1588;23676;5832;12461;18451;21588;29482;23304;26809;30841;17590;15286;6402;31208;28099;3002;
19886;23286;1448;27173;14946;3646;19420;4767;32241;478;22108;25155;25562;27363;32589;7856;24338;25857;21987;13148;8707;14984;5761;22828;30676;26771;28194;23618;17131;13186;3319;29719;17584;24491;19537;25033;4756;25165;27586;18614;23635;7877;10623;30025;26485;1029;14857;1556;25627;7745;25357;11039;32504;28907;15752;28544;21662;11490;25390;16684;10747;5863;2829;11021;3619;12880;22894;30037;18768;1024;26364;8209;15654;406;17192;27649;6716;229;30155;26023;3801;15269;17421;9886;21243;15207;15495;16685;13726;16847;20132;2588;3898;253;29005;13510;15758;14412;7365;30064;
3228;2367;7121;7641;12533;6328;30749;26642;14134;20587;1499;25488;3283;21651;21165;14464;1555;483;31685;13658;1372;1984;12106;23225;10161;29357;23806;22890;6777;15111;23071;14019;32386;11250;31883;2870;31813;13971;28967;3878;28012;1408;20864;27128;16273;25716;15539;30574;29769;20552;30603;30512;25185;17182;22506;23212;7271;4320;32618;9504;8300;26601;10563;4597;13577;18945;3952;30031;6048;4495;11021;2786;24548;22282;21508;9991;15516;19121;1000;32271;28068;22140;16417;30167;7988;7250;28490;13724;2660;9340;7639;26641;32496;20570;30203;25519;14905;25940;28361;11597;
12173;17428;30361;2288;9640;8178;7341;3300;19835;19120;32276;27404;13868;26728;31183;25718;16989;8130;28723;6962;689;6762;4494;13925;6540;27074;13;3225;3099;9172;18653;18519;9365;19594;30865;15096;18880;24353;20164;20920;28598;3035;21759;24844;1513;32244;23773;14902;1637;15832;10604;16150;2645;915;18391;26691;1993;3465;23362;29018;7350;20327;24566;8086;2878;3417;10686;22177;19250;14206;8592;28586;21718;6553;1648;1720;2276;13065;13714;12862;22995;19195;15807;22767;6744;5342;16889;6611;5422;30999;28514;31387;21011;22006;2650;20530;11283;19689;22248;5524;
7432;28656;24667;9443;25186;25425;25649;1720;24356;18317;25655;19383;24367;32658;9202;9318;8131;10034;5438;11071;16707;19924;30773;5379;1592;18794;12882;15186;921;13731;8406;13689;9802;29537;27243;29579;12770;15469;5128;4019;7345;8042;23828;18888;27906;30727;9934;24866;31645;14201;27372;16556;16272;4393;1410;12603;1839;24489;22054;1566;16986;21997;31826;30711;16894;20664;13066;8649;4318;23636;4030;21585;18836;17030;10353;13210;3538;13505;25883;21196;750;26266;76;16964;30622;11388;31507;17386;5888;29341;2078;6591;19677;8240;12834;8886;16174;15069;16766;14789;
223;24174;9499;2875;25044;23755;25238;21588;42;6696;20897;16651;32447;31101;9894;23599;1268;27958;4270;17849;27569;44;28290;9053;15274;27349;24335;32607;24801;2231;12559;2472;14188;16931;30182;28441;21881;15903;15306;15135;13967;28836;13095;30600;11287;22794;17218;32405;14106;1216;21020;13136;12108;10816;17305;5151;23370;28738;29665;23450;24096;13616;12551;9114;7694;27355;30697;16018;2188;23148;30807;15139;22411;25757;9335;17898;15358;4649;20327;23965;4505;2176;7973;3414;32728;14016;21932;8494;11332;20193;13664;2318;25074;24367;1196;24002;21068;8190;29930;15439;
21267;18841;28803;27527;15781;1659;5207;32730;21372;21954;22623;29039;19448;29152;11152;22644;28510;3988;1795;17330;25376;2329;15444;23908;2911;18845;840;21065;9646;3316;2738;12024;281;18318;4247;10100;30566;19110;17808;32000;2970;30909;32624;30260;20927;7751;32551;7505;997;17060;19942;14546;26727;1361;30084;12867;28015;23392;6177;24406;7612;16677;11017;24884;21155;13363;22746;3601;18260;2439;20202;6403;29023;29698;31203;27668;17015;20253;30128;26774;14197;472;13469;438;22688;3571;8633;25940;3883;8033;17023;10002;29695;12282;7094;8619;31675;4976;23958;647;
9209;32644;6956;13196;1492;25721;4352;5942;29095;10697;16116;19178;30742;8984;22895;25479;1107;20838;21947;22591;27546;17544;5548;4005;5630;12505;30339;17158;9320;3373;18193;11261;14301;19718;26912;12354;15871;2827;8718;32707;26327;14261;24251;22774;10193;8268;28326;26477;28680;25106;31314;28843;29124;7614;14575;17206;9537;32555;10550;7149;26803;27986;20885;30108;24966;30326;19340;30414;746;19614;7767;29154;23951;26184;11469;11105;7341;5980;14984;23183;21576;13919;19526;6208;1202;8681;26511;12269;30545;14937;30104;1799;22690;9159;19816;3723;13182;25658;10553;29399;
12701;12827;2849;32188;17752;1770;21745;24276;8371;18992;5982;19990;7578;10421;23646;15527;31595;27634;28885;2035;5557;26057;29041;25341;30784;17524;7890;27123;29773;25276;15599;5126;6942;26731;437;30585;16825;20227;22257;5111;29162;7856;29551;5929;27783;30588;3939;20360;8439;15042;14345;16752;15861;26853;1673;4726;16274;1857;15901;16124;7801;8802;5493;19971;1143;16500;12123;30528;10811;22523;1683;28529;16986;7877;20741;20209;5526;17692;7710;18058;13407;28992;13427;5771;24986;3860;29351;31771;6818;18455;14223;2253;24716;14230;5525;6261;9904;12064;21850;22841;
2660;7995;2976;6635;14347;30805;18022;21142;8527;6141;5460;6998;26794;5715;29018;1389;9771;1981;18325;2708;26999;1756;11122;1679;7438;6847;29717;28420;11983;19798;18684;15757;8639;1577;25055;16396;27910;32073;32219;17215;19514;23175;21968;19348;25824;21733;3592;20542;25904;26186;27417;11400;25;26490;19980;15209;27269;10308;15294;20825;15838;22526;29575;2148;25553;21038;22810;4733;28498;9098;13740;1556;1760;23331;5209;22763;17418;31709;15811;32037;11314;8738;5884;21664;9873;12759;26534;28292;4987;8335;19288;17180;26852;12287;21060;25061;30756;11443;5399;17893;
16631;1279;16417;17470;30152;19511;22966;18691;5423;32290;18388;22090;15544;5805;22789;31107;6374;20957;21639;11016;5751;10247;21931;19445;14570;23107;30331;13881;14911;8990;3487;4845;22526;24463;898;27365;29050;17453;688;9605;23383;29342;1923;27094;3146;851;4862;5593;1824;22386;1273;16412;9730;18196;24958;30602;10999;32689;1396;13703;14762;9944;3706;13885;7790;5412;31254;11056;1663;15723;16399;31769;3466;5176;27671;2545;17520;2940;31405;10316;5448;30336;32066;16616;10403;27166;18843;21894;12307;27953;14454;21496;14830;3402;14192;28796;29263;11173;12838;31304;
30046;5723;5787;24166;5841;16856;30938;19650;17075;13968;6620;13186;23396;1774;21931;1173;14562;24973;15560;31119;11590;5035;23754;18868;12946;4059;31817;1618;9641;19705;19962;4437;12959;4451;24347;25109;22067;32358;17682;3186;6298;28663;20049;15907;25983;1188;14972;9803;9543;25034;15822;31565;31641;2055;21433;4834;20254;19442;9420;16489;32389;18186;986;28030;26315;21741;18009;8397;7865;28875;31752;26408;2990;1817;18901;21208;13214;3978;27645;1329;28763;827;9077;30314;26643;813;4745;28587;28442;17145;19651;27494;14058;3007;7694;20459;28265;27488;19739;14391;
14186;25581;23812;16141;5493;12127;4655;73;14795;27528;15990;17520;20645;16969;6276;2699;13245;25094;8834;25654;9743;23127;25588;22516;31969;12544;31453;15813;23041;17188;18474;18939;23374;18101;15181;14921;25465;47;297;22813;24589;134;6702;19247;12461;32604;7109;23386;5021;9592;8430;14508;15237;23412;11815;23225;29297;28853;3217;52;28187;11937;24654;31680;14701;11275;32301;17155;22338;29938;17545;29692;621;23148;31598;17559;12028;32477;32766;4223;12478;29292;16147;31028;11010;29624;17190;19549;11682;10438;22896;9311;9024;25663;4686;30510;29904;19160;8426;1892;
1622;27921;24088;27536;28913;10530;29310;8144;7705;26930;27640;21922;10277;4555;16955;30199;9232;13451;3768;2441;14460;23324;31683;31599;9719;32358;12020;27118;9342;32258;13005;31123;14911;11250;9118;24190;28579;16528;9126;4097;1164;19141;23163;23146;2780;28795;940;17180;2614;4949;20644;29413;4360;11677;8657;6795;22217;31614;23302;1448;21375;17523;22302;20408;28805;22783;16099;28529;13963;6303;18222;3155;7390;5117;6735;21119;24042;8038;28846;14540;29949;27006;7347;27928;10573;27186;3556;23260;19005;15855;3917;3;220;16657;17701;1021;23214;32671;11694;17679;
29104;19765;10589;20461;21910;6465;20027;30090;6743;21362;2699;29487;12267;29806;23213;24779;26451;32452;5698;22922;18651;3105;6289;4776;8092;15046;18474;21640;24132;3897;16840;2560;16666;7739;10876;23031;20796;4859;27912;32563;11563;25993;26249;21100;14986;21901;18010;15013;9507;32057;9524;30652;20267;4220;6042;31551;5831;7289;16244;17281;5327;23351;8442;27885;14545;28570;16083;28059;26201;7570;16766;12065;30575;21138;11762;31404;18530;4676;28545;27471;12484;7035;14594;23194;3510;22889;303;31599;16742;29970;7756;5905;19413;6912;17674;8318;24798;18744;28330;4607;
8052;14702;27237;18685;20011;15221;7692;21526;16633;5113;14828;26480;19518;13168;25588;27469;26883;22862;7706;22752;28287;30584;27642;22880;1248;27132;31680;23386;13640;22271;22089;4683;15125;19191;23173;5230;31333;25882;2080;2771;16345;10261;23905;10161;11674;17154;19538;22269;31130;26260;2849;23867;24861;31381;17350;22677;30071;18323;26342;22570;9751;26838;9719;32168;11204;6805;22694;23837;14631;14441;20853;3850;5258;1;26025;10426;32479;27672;11363;3793;3076;15268;14605;22056;20549;31056;21751;9944;1827;5933;31810;21909;5971;29348;8702;10046;6154;21680;32655;29361;
15224;16970;29525;5348;17042;12580;12940;27442;24085;29849;21104;18418;8392;30436;27813;5454;26369;4753;25303;6739;22378;8242;1438;5700;24837;3155;8868;9780;23150;2480;15881;10451;9825;13221;31494;5257;379;13541;30673;29633;23877;18031;8385;31624;27758;6846;16051;28758;17496;2368;17580;19755;14295;3594;8384;24798;20277;29130;5170;21938;377;11773;22236;22315;4840;24930;2513;18976;15565;26798;15682;19216;630;28545;3486;26298;22399;3481;7165;16615;31571;17478;26047;7563;11759;28701;16240;12;8681;753;30447;21730;20401;6655;24784;22880;3608;17513;21758;13777;
5134;3558;24229;32199;18352;8631;9039;2736;32386;6621;17741;25770;4856;20105;17752;11673;29500;14804;10104;17014;3371;17328;24357;1770;15264;2590;18092;3867;6390;31138;9685;7110;23240;18932;3011;7310;6907;13049;27;11411;12799;28145;20329;15687;1617;22258;30399;25469;30021;17045;29343;31427;14594;23535;29978;4850;28622;7875;18234;23555;10380;16885;22942;1060;6274;9794;18532;15371;24160;7471;22092;21899;30334;7231;8985;12389;17510;12393;8507;26976;21906;17865;3756;32668;16759;6038;29976;25635;19138;23636;30016;10177;9697;587;24992;15126;2245;4151;27727;29929;
26598;32321;27688;21183;1160;6958;32039;10156;12349;20951;21;11626;27052;25305;15720;11176;13968;26253;12133;10660;24324;11067;14215;24060;28157;17290;17188;20674;6936;22843;9038;25550;406;6167;7160;13656;18596;17702;28249;4294;8416;22050;25238;25026;15130;7467;5275;23952;7255;23740;2121;22174;29468;22494;18647;28253;20969;12956;6002;6480;29443;14006;27943;10595;26998;20634;21507;21117;25435;22671;23417;23896;24919;31796;11267;31889;1892;23593;32268;30715;27348;12812;30734;8761;403;4775;14328;19596;5804;8295;3026;11497;26638;16912;7587;27215;20881;12720;5779;17239;
10548;30674;32077;781;12456;9971;21415;14334;16403;27450;14213;24978;3598;16995;2810;1948;14575;28669;26545;28720;30030;469;24972;26549;1474;30898;23690;20282;24556;26946;31214;25870;8887;10581;24734;31626;16861;23881;25801;4658;2734;31173;21196;1277;26125;3499;24919;17904;31675;26695;3787;21745;6872;28621;28135;27099;2982;15362;9636;1230;11921;18745;10333;22729;3180;22401;26163;17530;15358;18973;32432;19796;16573;6964;13739;20707;18137;14282;12139;24668;24700;22511;14351;31353;10321;10038;6700;6019;27971;20841;18617;15280;19335;18299;24616;944;22236;20670;17110;24451;
14865;15446;21669;28557;28616;18158;6631;14316;30843;2218;15743;7689;12732;32604;16962;25709;12993;2298;25508;6359;21023;25168;27024;10379;14550;32242;29591;3820;9870;18293;32589;21069;19232;9950;11760;17157;22872;22619;3403;12481;14074;27697;26586;2591;28162;758;24623;6776;17200;6656;23444;23036;5572;31773;32754;1029;27783;10884;18674;26533;21514;21004;30817;9857;29234;8348;26073;21987;29428;3811;29086;13834;12894;29257;7878;29637;18391;27429;6301;10304;22183;816;10055;2845;18362;4154;22439;2758;20640;12059;23168;16130;27609;27373;24282;27079;9808;25720;27560;31312;
26149;3566;31911;18030;3759;20185;26249;28195;9666;9297;18003;7533;24109;4466;4;8288;11143;29709;4215;32119;17196;4510;13962;2604;11906;28798;14208;11718;21121;20826;17060;18035;4210;23780;14383;25750;25590;22984;22380;20578;8779;32482;6170;3496;16075;13742;13074;20973;14517;24832;7722;8384;5680;31733;32600;587;4237;9513;23323;2087;21965;27178;534;5237;867;26413;510;5930;15931;3840;7607;13738;3066;12096;4282;4249;20872;1228;8634;7149;6860;29817;18567;15688;4022;15368;27442;9350;14979;12117;30322;4753;828;21968;21830;637;1152;31793;3036;26833;
7556;3688;31154;32034;25944;19923;1787;16871;25452;14260;16708;16008;12626;12258;11095;8120;27077;17343;17504;12805;2283;6505;2638;27309;8663;24373;31612;29364;3410;20313;23441;26675;30171;7144;16293;18931;25836;22276;9637;16698;13695;11087;6904;15845;4049;30882;13922;6327;21094;10498;26921;12273;3149;20943;27511;12835;27813;30015;18432;2881;19296;30731;19172;10233;12103;8040;22487;836;30014;11065;27519;12860;31946;24707;19485;25133;32208;6177;11632;31982;27552;9657;19415;26482;2353;10990;17077;3738;4782;10967;8729;13901;8242;29104;1951;16075;9681;9424;16017;21566;
13527;3803;11090;15507;25172;31801;1533;14215;30424;15303;10313;9477;19323;6092;29360;26031;30752;23342;3280;10683;14075;14054;1297;8704;8529;7089;5000;18256;10623;23560;1051;11273;30270;10835;3046;3047;805;18266;3550;3612;10864;29948;4788;28067;31743;291;30717;31697;1442;31991;6799;12589;28819;29778;46;16513;6212;14708;17512;24625;32347;6393;19645;15820;16379;2568;2051;20449;28742;11980;15625;31252;31776;14632;11387;14192;31541;1958;2565;16127;4669;3761;4283;22168;19071;25093;14009;18425;659;29283;17414;11286;23661;21385;20671;176;19607;7777;28273;15400;
11966;17273;198;21398;880;25011;2404;26390;15140;30014;27410;2146;12923;29380;26652;20390;17349;8933;24569;12943;4551;20965;4140;20901;28604;10145;23656;12252;2713;15304;25079;2149;14229;14919;23133;14026;3049;11269;4408;25914;8660;14289;29034;29986;12003;28569;28026;22013;20335;32220;18232;15980;11111;18273;31392;31625;22608;21802;20481;19064;7305;6820;22879;28736;30676;27680;24341;985;5394;14726;32702;7815;2382;24904;1878;26214;1021;12182;16797;10053;21636;24017;19388;28087;26875;9793;10539;22632;10801;16394;8146;5038;22768;22364;8047;13152;20610;21995;14391;24299;
21107;3999;25792;930;16281;10124;11038;342;25170;16676;22861;1319;11789;20907;24783;1689;6156;9708;5525;6891;28008;28715;21539;4772;19029;29274;21232;5486;5799;6288;8971;12327;11157;6070;9220;2358;1725;25732;28426;12059;11881;5804;32081;13642;11025;3156;3511;4922;14881;25034;3494;31161;7675;4467;2364;4738;12096;20485;26281;24081;4940;30966;28889;9142;15359;7989;30036;10217;5315;5655;31074;7389;202;1684;19058;344;3736;25779;28092;25025;1218;22851;13094;12155;11253;29644;28516;8817;31289;14533;8548;22770;887;24583;1769;10688;21305;22402;25718;23651;
5042;24111;1133;15299;9726;19269;12664;14070;4011;21936;12328;1111;24951;28607;31708;31448;31579;2845;19173;5529;20937;22786;7655;21945;6195;23210;24194;30316;29900;22023;20786;10061;8594;691;24180;16630;7820;808;30507;10190;22864;32307;6209;20771;28105;27814;12689;7801;25655;28494;29701;801;4215;16676;19195;10253;30341;6599;1262;482;22591;5162;28498;3407;20588;28042;27071;9630;7932;12452;13394;10632;2705;8484;32081;25166;31551;31584;29197;24837;12944;23622;22285;17969;17612;26003;27496;10134;14199;29255;7027;2123;26906;28501;18076;5904;9799;11422;7318;9953;
4055;14880;21943;5580;13942;9579;19102;5631;3938;11093;12056;3365;9839;12783;29765;32243;12623;7864;5622;12285;26640;23824;22362;2511;18150;10479;13018;20793;7467;29142;321;17898;3492;27142;7200;19008;25606;5617;32625;3679;25528;28654;11898;29057;29659;29744;24564;3469;19592;10489;13677;8426;2392;30475;491;19093;17706;26208;25554;19569;8992;4890;13831;18399;26859;28349;7254;10383;3657;8604;12049;12694;26059;8337;2554;24768;17116;19185;16995;7207;16639;9407;2196;24068;4184;288;30829;21190;27502;12559;23885;7521;6703;2642;27954;13801;9781;23213;16161;5727;
9287;6997;200;10699;14115;30887;12130;12682;12154;538;22491;5354;27965;5747;8756;20212;26135;24632;11306;28297;30011;30310;30482;23729;22623;30054;27912;23855;32264;9278;16712;32089;2313;31237;12252;25894;11590;6041;24696;16009;18878;2452;28834;9981;25545;26235;26901;24417;26525;7481;8808;11783;21015;1996;23787;9992;10169;5695;4050;20186;23791;9688;13205;19236;5014;22674;2966;5584;20926;205;13061;26210;5551;30021;28928;17801;27435;24897;6143;32500;26099;25869;29808;25959;9613;6825;3742;7438;17987;21187;17367;24593;25455;7651;31438;29032;3830;30182;30526;12785;
25107;7085;4304;3008;2902;32022;20799;10166;32236;14123;15802;8533;9760;2202;20362;11474;18210;18534;24564;25452;26119;13531;2913;10749;26130;11975;20412;26063;14898;13543;27164;29616;20427;13216;14243;5449;5817;31983;7590;18603;19091;31907;15629;15915;24876;31946;29949;24688;16992;3689;30901;8906;11533;27248;31926;2501;27999;24300;16167;8703;18513;7295;28535;22838;16496;30733;14660;28069;6114;29881;30332;26513;13224;10768;19650;20767;17440;23171;14867;8296;22222;19995;21673;1999;13659;17768;16927;8339;13790;6331;10711;9120;24667;22421;9881;9387;3465;31838;31612;893;
25305;2138;4106;1935;20403;7130;30623;23000;28675;24239;2066;20707;30708;19684;17303;17188;3323;15277;6628;21388;12312;10906;17555;27739;7513;13584;17096;23606;17567;14330;14355;18809;16292;32700;12952;28622;26941;4712;7277;23551;31197;27189;23619;6664;19803;13357;26953;2417;13813;26405;22093;19418;148;18162;6180;472;3666;10202;2893;18943;10041;1609;31953;13888;27213;18117;14957;11126;32461;12836;28147;24379;27319;509;18414;26624;12938;4444;15749;4957;9807;1466;23970;30373;32730;1068;339;28094;13902;18138;23408;31791;10975;9907;11134;17531;4828;27999;6099;2478;
17132;885;29435;28469;16280;20207;28763;27378;14089;21979;3092;7568;18451;31059;10794;1300;14963;23726;12518;15797;3157;19704;8824;17646;31002;15520;31201;29393;23895;10097;20240;7582;7201;29379;1611;7060;27016;7667;3793;5895;7777;22288;29886;26803;31049;18391;18990;27728;28902;12002;11173;871;31600;6428;25519;14947;28528;20344;29123;17387;25032;19683;30829;15983;9460;20599;22189;30721;19855;24561;28826;9319;24601;20069;27466;14702;3063;6960;24566;25985;6075;15663;19034;21625;25254;11822;13915;14007;8043;19107;28908;15984;11318;22941;16434;1865;11245;20727;26342;7204;
17590;10705;30460;3897;10169;22848;14210;22632;17959;16709;8650;28109;22395;11772;14795;19094;5376;13078;17861;22545;20115;32137;10532;27913;15530;28038;26279;22355;13205;3244;3521;9124;7172;13435;5952;6054;21706;30987;29996;4682;25056;11262;23026;18015;3245;2995;31425;868;22916;29372;20789;154;30319;7059;8243;24158;1835;19592;16404;20918;29299;32766;30213;11818;5250;23767;23213;16853;31443;4909;5137;14267;3371;28995;26293;29789;18393;17595;25092;8331;27452;23561;11250;22138;17543;15399;12256;9494;29633;24202;13504;23961;21264;2902;7801;24413;25398;9166;24205;21998;
24924;28942;22521;7524;27151;19196;14941;16624;19848;11132;6236;18356;31024;483;15686;17368;6755;23215;1524;22490;24180;12149;16628;9765;29682;29466;23015;24294;12586;11846;21542;24603;1005;16406;22700;7148;3732;5905;23344;14655;5696;30302;6801;8839;9831;6964;119;30428;3468;22161;9272;4433;5965;28463;29944;6786;10147;24500;20245;22636;7014;17704;194;12418;4623;4525;497;4093;1218;22378;25463;11891;20108;16329;14698;24235;2537;738;1230;25008;26505;29495;24689;28708;25171;29089;29972;28119;29867;23946;30923;31640;13040;21853;15783;23371;28489;23355;5009;23100;
19106;12784;377;13747;22257;1573;6577;11721;11966;14294;28051;14969;9698;22535;25706;5882;30607;11955;31120;5964;5520;23814;9683;31762;31954;28620;30749;14495;13092;30248;8533;24403;21051;28809;30592;10280;17401;11226;13356;17800;5103;23801;29198;31586;31264;4203;11754;11388;775;16974;20147;21003;30940;12942;30964;4481;29204;18780;12654;25766;10535;8156;4866;2026;405;286;7122;8953;24107;30544;21924;24465;11394;14642;23943;25232;18890;3018;3768;23378;9413;27736;21702;7481;16662;5772;26869;30605;32700;15095;32480;16263;20698;31168;9315;16552;12985;30104;22712;1871;
8719;4847;7904;14731;24450;14184;3909;29230;11880;7563;11421;21027;28881;4283;17;15361;17607;9575;16543;28127;1748;16772;2493;28011;24005;2362;25919;31286;13230;989;11386;31314;16430;3360;1194;5407;2036;26245;31377;28770;30082;32024;353;17303;28465;14173;22748;13705;3702;24455;7866;14367;23651;32234;3915;22137;14193;14259;14685;10555;18044;1495;10592;25897;7439;22601;20424;14325;29922;31088;9907;26452;8353;17880;23244;26199;7151;3112;31599;21753;23723;10580;30222;7669;18802;13587;24787;9946;31077;21140;22662;18016;8492;31084;30130;29949;20795;19156;7427;27572;
26963;18193;12019;9518;25932;30515;23205;29963;26387;24322;6161;10618;8687;19254;3426;27399;2824;20454;25500;20149;29481;2883;20098;20045;28101;134;19383;6901;10552;7975;23843;32260;7248;19024;17048;15381;11532;29841;30390;11867;13475;9173;29452;1588;1224;29077;32639;28416;21037;23371;4336;563;10310;30506;31513;16809;19023;24844;31160;3130;9616;29612;21744;16527;14560;8725;9452;563;5480;1370;30917;21741;23721;29320;25766;590;24513;11481;15150;32134;17385;2090;30229;14716;20547;4015;4627;9501;18643;1254;25085;16883;31434;19145;7474;2298;24075;4424;11573;4528;
28648;21750;32411;12140;11052;1795;22824;30960;16735;29034;821;28225;31045;11115;13396;12471;22184;12860;6967;336;28503;31228;31438;31049;4463;2792;8880;12528;7897;32465;18108;18612;16916;29390;31232;2174;24629;16686;20698;2372;27692;6064;28252;7387;32584;15863;245;26636;23294;8248;29262;25323;14310;29238;20083;13156;1542;32368;9779;5655;595;30104;28873;18790;17781;21064;12476;11979;12235;9457;24579;5743;22191;23572;26477;26873;22267;23732;9536;9124;12491;32523;18208;23189;4229;17276;31539;13675;10519;21449;15491;6679;896;9350;16036;31214;26514;19149;15510;29948;
16886;23092;12012;18332;11120;24316;11566;13894;30052;18571;32381;27559;24474;22556;7541;31991;23358;26550;13144;2183;32555;7514;20072;8857;4457;24193;22420;1141;18931;6086;2903;12729;12990;11487;31198;2033;18680;9425;21097;27751;17293;26212;32243;3133;8944;6357;19733;25272;28184;31948;15656;31199;16585;20877;6314;6469;3860;6770;30434;22307;16929;22681;24263;16297;4652;3290;4383;1686;16846;5628;15844;30471;7806;16168;10475;5516;27223;4765;456;10369;4892;17574;29420;6812;23161;19145;11280;27586;21387;29506;27607;9247;22947;4272;19630;32117;25671;3597;22775;14004;
23674;32483;10856;17868;22334;32701;6317;23487;22870;31452;15189;28410;2128;9516;17131;16357;27843;18295;28003;3001;10710;10199;6585;24978;19969;10097;16084;19909;8472;26720;18864;20339;4997;4080;9916;19550;13012;30989;31361;30460;18294;27387;19845;23242;32702;10311;12143;739;19504;27133;5483;28369;20731;6939;30672;18851;4292;26694;29441;5951;13477;30652;28561;19450;5494;23946;5546;614;27211;8191;4015;17259;16445;24672;24608;5274;8046;31709;20158;16573;327;14532;12528;3763;31748;21493;4454;23163;18291;662;31484;17550;32504;15367;27361;27506;17621;24600;11768;25484;
10920;3450;11646;24886;821;15476;28398;18705;358;29143;19233;6812;18576;7732;8378;26886;20984;32076;1473;22081;19350;2504;15502;17496;21529;22827;28649;12546;14379;29700;31343;28535;5365;32360;15672;13442;998;17567;18870;10456;13232;30;25312;30120;4756;26805;6544;32627;28128;26122;2090;17182;10934;30022;29055;2374;31758;5902;18161;25555;14846;22965;22999;10704;15930;21424;15395;25978;27095;8778;5186;26774;14420;16537;26691;31496;986;19120;9276;22434;24259;278;24553;27450;9818;8311;10135;2559;13025;24986;19520;3853;18649;13715;32504;6718;12157;4666;15239;24643;
4240;25307;18008;16628;1368;28975;16786;6117;29931;23179;7556;31546;10153;25944;26694;23740;13322;19139;16541;16684;10394;18613;28704;471;5953;4102;28825;19562;26056;25326;24750;21768;1945;30652;11201;28314;1222;29642;26900;32102;29261;4784;13873;30692;16283;19896;4233;27084;32078;6034;29275;11636;319;73;14039;20313;3008;21878;2436;20475;21026;4788;25823;14319;4731;13907;25669;12847;5285;20049;27922;8372;15498;20869;29451;24391;4511;6430;23545;10388;24495;3660;18071;20864;21722;24637;14510;20156;16605;22091;30847;14490;22932;4724;5473;16672;10429;22538;25515;20572;
1790;10923;28628;15094;18474;22900;11481;18188;31936;19058;25055;29497;27828;6745;6938;13303;12146;25721;8685;6952;1313;18157;16467;7663;21796;30486;21373;27844;30183;31304;29117;4552;8664;22210;10146;18773;15795;20708;4197;18650;21507;2204;19843;26598;27110;2850;8620;24450;4368;11493;13020;5060;23314;16325;14280;7073;4572;31106;5243;31491;22913;7796;10817;17179;7995;17533;24260;3321;31151;16957;7797;602;24178;7812;24109;26817;20683;5133;24596;25289;28091;32105;16323;23481;31034;15673;2469;20825;20676;30368;24995;28676;26388;10744;32000;13567;11568;2500;29569;2825;
3237;7142;11218;5427;22292;31507;26405;7154;20205;19587;12316;20595;11643;15853;12521;23086;18977;8114;13492;25278;18147;28505;22588;5104;26151;26171;11714;15386;28093;24703;22563;3246;15134;12361;24900;9998;27889;12591;20402;27554;17876;12269;16266;16169;11352;31321;663;14924;27725;11161;3003;30585;7489;2195;10640;29422;21059;165;21582;12564;30445;9878;4848;7951;32161;13773;15250;24979;17170;30657;4894;1529;19206;7601;4135;18834;14939;25237;17685;27451;12872;2388;13699;15153;28902;2871;6885;23847;23279;2718;23662;28822;21189;24050;15921;4949;182;18138;2950;29289;
28798;10674;16559;23838;10253;22841;30651;3671;7051;19081;7339;8226;8858;17741;11476;23951;21211;25646;1412;26307;25523;31118;1512;23368;32591;11385;2093;32423;9445;25048;30182;2873;61;17896;31662;10042;23153;2539;8206;12319;2033;10782;16801;20521;30665;20458;16501;4667;18471;9310;22197;26601;1047;9949;25733;21969;28306;23572;13102;14894;32439;26927;29563;25002;29016;28493;31587;24180;5048;15153;1767;21907;11155;7482;62;13946;8287;32149;4912;4316;18898;177;4032;31937;1956;20467;24589;18650;1686;23212;5498;25361;22195;9032;20749;12133;14038;27848;2837;16629;
14700;23666;32272;10586;9851;25542;14539;21050;16100;1717;7115;5402;17637;21006;17900;1396;28129;5689;13384;8458;8548;14887;6490;23161;10594;14985;12132;12817;14271;10560;2573;20708;25876;16661;11087;23069;3249;25003;24464;26260;10718;1969;9487;24223;6759;5468;8834;9770;27223;32533;28926;20234;3331;12399;15638;17806;10058;15707;839;11095;20252;13215;27540;21610;25657;8324;2157;6788;26171;7887;31957;31406;27607;243;19908;12560;8032;27525;25290;18186;25740;29680;31222;18305;2939;5994;4854;3447;13557;7719;5503;24799;19444;16076;14064;21935;14434;5670;25394;8502;
12067;18204;11490;22960;17238;22242;2226;21528;7384;6512;22540;5181;30730;16947;1785;792;21205;27906;16706;24413;27371;13139;725;7248;29007;8623;1897;8922;5911;8547;23909;10460;22385;10873;8190;4803;8932;20966;7328;4957;20440;2053;26512;32235;29785;6980;9167;32375;3352;21278;577;11367;5554;14153;15374;11091;30261;22320;3145;19988;27105;9635;27856;28701;17195;15565;6771;30991;12552;7783;9304;16007;26983;17452;2717;14394;23807;5261;12352;14917;22604;4005;9276;10686;13780;18543;1525;24463;1455;32311;2262;11652;20038;27214;23353;14754;19035;5634;29831;9147;
18506;19661;3744;10559;3726;32461;20093;15189;27014;10100;24596;15146;18041;3201;2427;20617;32729;26927;31057;3757;16068;22956;21594;23379;5584;6860;18025;19475;14600;29183;6787;28143;30514;20865;7745;11053;22612;3280;21622;17250;1398;12643;15122;2512;23976;22425;10310;24049;23623;32752;745;4692;13437;20599;23067;13736;17927;18054;8232;29207;20283;12460;3247;30421;73;1257;27139;8184;21441;26397;20945;20618;20565;29633;7427;13020;6113;8917;2789;21278;26536;22297;25478;18477;28128;28032;6498;24236;6258;24802;11837;31318;16635;22001;24402;8594;23062;9070;23725;26440;
477;10909;4054;9972;7597;5110;13743;18169;25386;17437;20383;30007;29315;7444;12272;4575;26104;24496;9590;15494;31385;16713;2674;14201;13904;2486;15029;5457;12065;19832;13577;25799;22449;6198;27596;20169;29957;7018;2270;23245;8589;13657;10430;19813;353;25672;20719;21779;3018;31213;9633;31071;3588;8996;8845;40;19266;6115;23329;15672;24051;1904;1501;27;15940;5329;22269;5168;4582;30597;28248;1792;10513;5233;23688;10447;19657;8989;843;31601;16992;13088;21801;863;10300;9689;14423;12042;4058;28768;4316;18543;30995;14780;13810;9452;4766;10583;22191;1874;
25559;31151;4580;26683;17342;9037;17734;6302;16707;13307;22475;29344;24769;9778;855;3245;21192;19666;24984;8904;2079;10005;16430;10783;18185;12486;16;17123;9672;686;1067;31830;3680;22352;29516;7974;12189;18390;20799;29177;32599;21834;13113;11337;12789;4617;4979;2930;19248;32629;2072;15881;11290;29675;24929;6512;16990;7413;29438;19879;15561;29120;3257;2917;26889;10704;26198;20584;7861;3058;701;19977;23438;10610;20059;7699;29957;22927;31941;14805;765;2348;27038;26486;26577;13000;188;4489;6553;4784;29062;15585;4265;27507;12704;4263;32603;28311;4811;9385;
14095;7562;28678;2549;24175;14043;13817;16807;23800;938;19092;5631;8118;6494;6132;2487;6990;25494;16006;20883;12098;2657;12910;3129;20081;2225;18474;11331;4317;1805;29810;18579;4785;20103;17251;18150;17539;26606;19165;5292;4310;15172;7210;25112;31459;17266;30944;4979;6809;10811;20232;23733;6626;24687;16511;15190;5928;1633;14749;16994;4376;14490;23317;27852;16293;5327;15132;27140;32336;2833;16846;6347;11175;20292;9421;9287;8716;32466;17963;30546;11704;20129;31370;31256;9216;21826;31361;19937;32726;17771;834;31531;10130;11431;27258;17916;16371;2636;10617;7286;
12384;21165;9107;21420;15476;12946;11206;9908;22202;9957;3485;11262;4277;15534;7507;13539;19492;3394;4924;19329;4483;19126;13921;17095;12245;28826;6762;3276;2465;27876;29890;19301;13115;21803;19701;20214;17988;31766;3165;30600;3700;31507;12541;11292;29591;1100;10157;23615;17622;4311;4472;16351;18744;16172;30786;18781;14697;30173;13997;32227;1721;7809;5950;10232;4967;3313;28348;6226;16416;26296;13785;26859;29379;7876;26133;30295;31335;22882;7646;852;29855;19561;20476;15011;6141;28596;556;790;2004;4566;24331;23019;5442;9482;7990;10072;4462;22633;3504;16743;
5391;20832;11140;4356;24878;6496;13995;3412;15660;5079;6191;329;30214;4192;32145;20340;25304;19766;8553;10266;4768;32239;1868;25993;1861;10855;12018;684;8664;31226;664;24542;9241;16118;1188;18940;27453;22095;136;30654;18414;12181;17128;28999;6036;4388;7423;5626;723;27803;14143;13456;1364;22415;30519;26983;8905;31872;31930;14109;27947;6155;31294;3422;16454;22114;27778;12794;22136;9466;30068;16443;6838;19587;24145;12917;23503;26397;1294;10718;17653;1737;14583;26784;16249;8221;19094;12845;8662;3389;21206;1491;20465;15622;30056;26512;12447;25228;8806;11047;
7272;14535;6966;30067;10635;11913;16050;26620;31041;3763;24709;10952;27206;30889;12248;18548;21654;15619;28975;4227;12916;29318;3981;29685;23217;22354;18655;4123;12331;21084;31127;23467;27284;10527;19352;10768;23669;15759;19538;30979;23154;26703;11822;15455;10191;17187;14636;7217;3123;30632;11978;22799;30380;26179;9513;19116;20980;14679;7531;11433;28147;14523;22879;11693;8836;29035;13408;29879;3964;1405;890;4275;7657;14423;16591;1612;9879;2848;1593;28674;25049;32116;6961;25724;1157;18012;6640;5919;11841;6525;28627;26335;3325;19599;15620;20309;22977;28945;22359;28690;
4777;13883;29810;7732;5678;10037;16177;13367;934;6534;23625;5133;1294;24527;8747;3952;26120;5305;2091;10871;7200;4652;4321;27751;9299;26818;13263;13004;22994;27515;2629;15049;10755;9138;17282;21677;18889;16719;9244;30150;20485;23359;5282;7290;22877;5153;895;14995;6460;30530;7713;6619;31769;8652;9563;28393;16125;3130;24840;3642;8255;2063;30450;30596;3474;17864;10482;11078;29507;30479;15960;32420;4283;24881;7308;24946;30283;29650;21238;19087;4137;14304;7708;15988;25269;10949;9738;9228;23553;23009;31735;23495;24209;21047;6949;19690;26975;14438;28937;23849;
290;7388;12460;1655;16080;24646;30033;32541;10082;15434;30808;10249;12503;17529;24162;13673;6267;29567;24502;17785;28265;6301;20452;22937;31311;14682;18600;26019;23921;15221;31760;27003;5617;27421;29153;18664;18253;12644;13368;21922;27689;3826;12141;16300;21839;12022;18748;24547;6644;9827;29479;4312;23869;13144;15382;2523;3329;4319;9537;28760;32209;13019;15951;4967;2101;32316;19647;1438;2873;20853;648;2345;30760;28976;2044;541;19352;11584;23794;25354;6054;20951;21796;18384;899;14585;13270;12979;25648;4144;10937;8113;21125;9858;16398;25106;25208;22176;24590;66;
24476;24928;7562;476;13032;19565;26063;25607;21946;6461;11212;10245;30235;26692;20087;12297;12357;23656;15980;24137;355;21172;9943;10837;22423;16976;7573;8359;25409;22705;7830;123;3455;9741;22150;27617;14320;28178;172;24080;10686;28887;23570;23549;19931;16403;31718;4908;9866;29837;30496;23238;6690;22483;15205;19181;32014;22063;1835;24140;32025;19671;20255;20978;20969;2148;4803;14176;22216;1925;25692;27872;29099;22005;10251;28697;27500;5034;20026;16097;7515;31824;3385;14930;6133;757;24105;16416;9971;22022;16666;28201;22151;24442;3184;17486;24034;5453;19339;6274;
4857;11824;28839;4384;19337;3711;24064;6530;20312;371;2618;1231;16319;4761;17409;21268;6245;7042;22765;19607;11597;22972;9128;26472;18963;8450;17746;11064;22130;32176;3620;1902;9226;23418;22868;20344;18784;1116;24633;20831;11815;3028;18608;15007;11454;31312;29374;16181;27897;19682;18807;14073;23588;7483;6942;9518;26181;1495;15501;24152;21666;5749;31703;16461;30083;27850;9773;12431;28985;17782;9470;21721;28767;6455;30306;14840;30560;6749;1209;23772;6970;9854;8591;18927;29569;106;10180;18086;28070;26209;2281;14677;25977;22660;18924;17223;9965;9098;13048;16654;
15643;948;13975;9496;12938;29699;21530;24707;9902;32168;31034;20018;23726;7100;9983;21537;10091;1841;24033;12021;22205;32521;5422;7128;2559;24773;16811;21635;3023;9505;12158;4508;6927;5374;13131;1859;17711;19104;30366;4072;13743;21273;25481;31071;7903;1029;29582;10294;8170;22904;26046;1350;19474;28725;8227;27016;14141;28705;16476;31786;11185;31479;8071;14050;27932;29500;19812;1155;11479;12150;18102;11726;4971;28057;27373;2186;853;6850;29955;7383;30982;17191;31652;13503;11310;15950;15505;2574;22074;27518;14150;1635;16923;4724;23259;18824;2378;15446;19240;27135;
8713;6381;300;9181;8939;17422;19120;27100;24470;32601;27943;3243;17096;13351;28633;27784;2456;20925;20800;26897;17407;23494;11186;855;16022;15616;3393;26165;14753;12853;1760;18656;4429;24941;14023;24510;15158;29026;21016;20348;15660;13620;29122;22107;311;16478;9893;8138;10968;30441;6392;30266;20882;28127;14056;18222;17577;12291;13954;11665;15402;15039;28371;30285;6955;18270;19534;21273;10068;13435;25710;12178;22943;9145;27804;23694;11355;8117;6226;1453;2679;24121;8833;9521;17405;29363;1584;27151;11229;1253;10854;17477;17132;24541;1355;2927;5164;27944;31370;29589;
9806;28739;30969;17480;9845;5714;7036;1517;12349;11796;20775;6488;22268;7191;20642;28061;21576;24360;23250;18466;32697;14606;4277;21241;29679;20344;24718;25965;1239;22835;20035;15067;27435;11168;6915;3012;18744;15462;4139;15647;27876;27492;29035;6644;29423;10474;23077;19238;12153;19496;2581;401;32709;11750;25911;1620;26940;23414;10981;9584;10677;30183;10304;9875;7411;4476;27090;18478;7023;10588;12402;28877;13912;31627;11623;2728;29913;24857;18896;15733;30362;30362;32067;31361;8073;10454;30644;3839;12506;31169;8856;12448;29516;4525;15691;14436;22191;28862;6319;32687;
10915;21662;13847;5023;21666;9843;19811;12957;10049;1294;32364;18482;16050;16229;12706;23324;1678;21316;27635;8610;19665;17471;6639;12324;1575;24299;5674;30198;10086;15438;28386;31855;14427;6547;12002;7228;969;22530;11686;7418;2223;14640;10944;29445;4298;11123;14459;3978;4187;15001;14781;30436;13098;30938;30514;4389;15051;29706;4006;26866;4640;2836;18355;19605;14879;14243;31901;1357;29653;8226;15994;6376;19371;1511;21910;18836;27113;25515;14101;18419;19576;20542;11482;19309;19948;31096;13480;1226;7618;19315;23175;7936;3557;6135;4714;16969;22903;21046;21774;19833;
18639;12986;1061;14735;22206;22427;22964;23434;15127;13557;26298;30846;32366;27033;25874;24550;31519;19459;24730;60;28563;17293;31637;10695;1470;16866;21070;29621;29676;28852;16895;30569;6846;26546;5872;22038;17519;32436;26083;15501;26972;4153;5296;22867;7620;16404;22061;30967;3276;6754;7504;15522;9414;7871;19352;7920;22706;3002;7848;15102;6917;32390;8502;2501;30122;15090;8995;2470;25415;12186;31979;1093;19905;2655;8768;26267;22018;28950;18418;24391;18682;12925;8466;14117;26083;883;30551;6178;22986;7272;8896;13903;5195;19218;9339;3892;22940;19553;26886;13158;
13773;694;30100;20060;13645;23632;1202;24702;1713;32262;22058;24447;27057;1596;13864;12525;3955;31760;32667;13062;20493;16084;7646;18382;22853;2497;20888;5726;15002;24553;15585;30335;29321;29806;31398;14967;24841;25330;17742;19235;17240;19534;28829;19014;7417;11143;15065;12065;12798;30462;14636;4420;30339;25062;25418;5539;6011;20987;595;12780;175;23921;1787;14872;1027;25899;2792;27713;1531;7982;348;28339;21375;9557;23315;29765;1243;23622;8559;31466;4618;18084;19666;22659;31796;6279;23115;2551;12405;7977;25718;30854;2016;20706;17309;10586;2244;6486;31011;2911;
19757;13805;27171;22357;12974;13955;11604;13860;14174;30305;28720;8559;10273;8556;14165;12907;1065;6557;32299;21234;14780;20657;31175;1235;8247;27170;783;13165;21331;14677;27679;17276;21415;28693;17644;21810;4206;4416;21287;27786;16011;31680;16741;29657;8394;8637;18812;19621;9577;16401;24112;25275;31959;10749;6159;30076;3515;32026;27033;2936;27192;20882;24228;17470;10863;14991;27391;31857;20550;10996;3158;30751;6248;4684;17237;1871;23694;17919;10256;22745;27388;2764;7587;28539;30542;21107;26901;27944;2164;434;12163;10403;2044;21107;8058;16717;22159;9796;18852;9532;
2495;23815;27815;15756;14080;1003;14410;13562;28659;28827;19418;3246;21483;7349;29644;29529;23210;21885;27299;4736;15467;5075;8468;17944;6950;4194;20840;29266;20751;26651;25123;27576;2143;25826;23523;9593;88;16006;30346;6657;9091;26615;415;8653;21309;15539;11250;11390;3185;8834;28287;4140;18855;29539;7829;25340;17982;17350;27448;4853;1781;22779;18883;12303;19377;25579;5586;7309;20090;21510;26718;6029;29638;22140;27178;21982;20474;21936;9566;7441;9774;3306;6770;5331;17456;1099;7246;17018;24524;2311;14256;25309;22859;30158;10701;5737;1850;24459;10811;4977;
28525;31313;3086;21190;4419;19090;31298;27272;9514;30355;21337;2875;30054;19484;26692;21277;13327;20084;8839;27575;29273;24717;21913;9651;7449;24443;16265;1773;8836;16682;31975;32461;9529;2897;29666;13523;24706;13986;31406;9587;8662;21060;15657;292;31651;31618;9661;436;5451;32197;19848;10718;15468;11967;14266;8990;7013;23274;23615;11716;14614;22065;17823;22344;9703;1260;17954;27357;31243;28946;2103;20552;2310;16298;32278;19699;28268;6787;29861;23357;22508;25125;19864;3093;12430;15367;9437;9927;4409;20739;25911;31509;6776;20486;4137;6538;7037;2316;15637;26123;
10855;13388;5029;14511;4544;14767;17770;209;14154;3207;19139;7779;24571;28542;26369;25988;30022;13516;14280;85;12188;20142;21432;8969;18995;17427;15437;17980;9222;23960;9988;23430;29213;7862;25024;12367;26382;24378;22123;29413;29636;6390;29152;3531;1407;15799;29193;19797;25884;10615;24388;881;7063;1235;13580;7624;32718;11199;32213;25094;20871;27768;26167;17525;1461;12986;2895;3281;10231;29492;2147;15704;30050;27449;1988;28704;5248;2232;23289;7853;3736;3694;24089;1987;28208;18522;10873;10105;9937;25713;23687;30095;10762;17300;28918;24065;19895;22207;32028;10204;
26500;23683;18072;15953;16812;4790;32311;4104;19719;12393;8729;30903;13379;15386;19215;26866;13425;4651;26952;16453;24260;12179;13357;3456;10134;5332;20873;10578;26284;21805;30701;24345;11451;9744;4179;6137;4651;726;6913;15403;25370;14514;23472;16024;19620;28387;4334;1703;28514;32558;15041;11347;31536;12940;13453;14976;14388;13856;9783;27535;8476;23659;4235;5168;29350;32451;30939;12407;21606;4865;30697;18227;32452;18811;12296;6011;580;18226;28285;17545;5130;20556;31787;29644;925;30404;24944;4408;15851;8544;8522;11745;397;32483;12222;11464;10317;14724;10106;12788;
10725;32416;697;1989;15370;11948;23399;28294;13225;18797;30341;2625;2929;27243;7888;25303;13201;27043;4765;10831;3779;29820;2312;15727;16521;13052;4685;4745;12470;19772;22390;2712;26673;25881;32055;22668;10998;22573;11798;29409;29533;24062;4046;17270;12959;22132;10230;2461;31382;23697;29662;8814;29892;29020;14266;11106;19095;21278;18690;13085;25323;21713;22552;27786;6353;18902;32044;6189;20367;23014;3165;6069;2024;20811;29984;24529;23197;16720;12518;15429;31795;1270;1273;6717;11767;32232;7079;19681;16448;7601;14499;41;2548;3885;3240;19955;31053;5181;27743;10579;
8669;27583;28291;5162;27600;21438;13635;21242;18546;31717;26344;4856;4081;31802;6583;13923;27747;9225;14105;15125;30218;13597;6649;28504;25815;24374;27758;26874;31534;4024;2202;29348;3561;27041;24786;25447;19871;31165;13054;5272;13606;31517;2883;27102;16726;16325;23008;8073;22032;4517;8278;21285;29823;8139;31180;31311;9886;19414;689;15304;17403;27566;25507;24264;29626;21362;912;17557;4060;15282;9499;8275;19906;22495;29505;24862;20460;12543;16700;598;1287;6309;423;13882;30759;18465;14564;7865;30289;32756;28347;2180;11580;15239;25411;23656;10072;19740;2822;15067;
18704;30212;5728;30165;13132;20242;2088;23777;12091;5457;8082;3955;1871;12018;6484;18812;29065;31880;3080;24124;28406;19064;25554;21847;17530;30378;16706;24108;28876;7813;16252;3426;17346;26907;26006;6339;31439;16800;18241;1358;1738;5665;6316;31623;24304;28274;14757;13842;1325;28521;31746;16000;8087;7753;10559;27753;19259;30849;2920;23227;3101;13207;32057;18257;32378;14687;17797;4296;11600;13424;16852;18062;12833;16600;9296;32571;499;5391;18658;26917;2971;14122;26008;18734;2875;4689;6730;23521;14090;115;9085;19646;10579;7224;13447;14289;11201;28472;15604;27018;
18393;20586;7465;20680;16584;1759;3655;22327;23135;1200;16722;5084;4444;20021;31123;3054;10475;24951;9786;30184;12652;12776;16200;13020;27767;3154;27052;29194;12829;30478;9900;12977;15217;25206;4743;6181;30280;15772;30297;17442;17980;17213;12606;11104;22263;4848;15546;6247;25518;27299;20569;20645;6123;5192;26770;4030;28048;23500;13553;19747;11289;8521;12662;32742;27937;23420;28472;21709;18983;7801;20557;2725;6035;31389;15086;26840;20724;18373;2007;1090;6796;12477;12269;17985;31758;4860;32035;27147;14502;1678;17054;25669;26682;8785;24600;26833;13808;20580;5250;743;
26608;18141;25581;29543;5227;30906;5290;18797;10204;4891;1968;26918;8333;23214;28735;29923;9053;32106;11971;19564;19906;11392;21243;5783;26890;4750;2394;2329;25318;31254;30638;25243;12072;14384;19711;19217;30412;12155;2234;3655;14389;32601;15631;25788;15546;13148;20631;16052;1889;1787;826;17801;8426;4490;14928;1858;25872;28265;22534;102;13579;13691;8707;30739;13145;22489;31564;25162;27838;13512;30053;15501;4746;31465;31930;6316;10778;10672;9277;18908;21921;18199;21583;26633;6697;7572;24804;7533;18132;5704;19170;29282;24936;889;12491;2932;15370;28482;12956;3515;
6218;17033;19701;7528;31584;22578;28537;10909;6069;20626;21112;130;28582;14631;20428;19093;5508;23686;17152;1089;11487;20116;13496;1715;4356;2297;21836;10473;17604;11218;2743;9739;3959;13990;5552;15871;27457;19868;4630;17464;10388;24299;22161;4302;27382;15505;30583;2004;25349;32328;28908;10982;27064;16310;15438;26881;24807;3812;21712;8343;32014;7921;28516;2019;23630;4872;27103;28539;3764;30095;13655;4900;29630;12193;16336;27881;4379;5311;8472;15983;18099;22210;3824;17539;999;30228;23660;18677;25114;544;2205;1705;18544;15879;8301;5099;31957;32149;30665;18179;
17986;20083;32262;18697;1083;16798;12669;19195;24477;26903;30329;4365;30870;24029;21844;18496;13813;25112;25564;23094;6564;29591;24059;13125;15986;25212;12696;11978;25366;16438;440;7616;9841;15024;25833;7057;22804;14280;25312;9515;2050;17667;30049;9815;9399;12159;4191;28998;28265;22569;30053;21613;141;6191;22068;17044;10909;18873;2734;16681;29977;18644;24050;4313;30668;174;14025;17506;25936;22793;8001;14754;28628;6122;28567;10484;27421;2961;8282;16061;20427;4270;1998;29506;990;18642;1679;5309;3192;5412;26486;14255;3300;10581;30400;375;14040;19158;5229;292;
4087;4168;17895;2696;12442;13620;2788;18317;24528;22012;31117;29645;12452;10257;26080;30300;1182;615;6227;19944;6028;18982;22458;773;30849;6051;19050;5314;5151;10126;29343;4992;13330;27757;18971;24068;6109;21576;16656;13514;2777;5798;9280;6044;7034;7865;11875;8548;22485;26070;18633;22079;13151;21032;16192;6098;31224;28068;27448;13281;29736;2367;6693;16669;8360;8287;13093;15934;10020;4240;24547;10066;26687;31097;15547;30037;20184;22798;21535;15361;18059;14343;26937;23015;31611;31376;21969;28351;18255;10562;32626;3069;28539;18002;10184;21413;6337;776;7245;31071;
5111;26995;2341;22990;26634;20060;29509;7198;15683;8056;7643;4572;3529;25057;24298;18699;16232;29895;10037;1140;2704;27747;16735;3645;21153;6445;3152;6333;21349;3919;13531;8591;18398;16985;12957;2789;28227;2358;3112;24351;3397;7775;9825;29341;24214;28750;8998;22481;684;22070;4916;22936;25027;31985;32584;28618;7713;8250;3205;25103;31645;25628;16406;3317;24674;25258;9748;32064;21233;16881;24490;21890;6501;26155;23671;12779;24059;5174;17203;32353;31953;6212;19862;29395;24302;17619;7029;10699;1667;24032;16687;1347;12400;17495;5447;21946;12042;30159;338;30599;
25116;13428;23060;23148;28716;27460;742;10094;9471;8831;24666;30948;6495;6232;24098;22735;2075;20977;3118;31081;29776;14470;5909;23553;1255;5865;8118;23045;14687;2862;13855;17505;23500;16551;31662;3335;21536;1555;12405;11983;16554;5138;12259;18306;30684;6108;8353;6193;22353;22067;23483;24524;1039;31382;20224;17392;9;26296;24235;15359;14568;5680;2627;12918;29706;27250;22719;20603;15307;29438;20462;10166;12804;1495;31510;11874;27602;15415;17628;16804;15001;10113;10339;8731;1608;21111;32184;7864;7390;25261;25966;25040;6957;28221;6021;5231;21213;22973;6545;19440;
20917;21102;8215;30154;28182;14518;7995;13741;31944;3793;20120;27086;5114;16323;9328;18815;32643;21137;3077;20994;19054;23984;23366;30111;438;20158;19374;16628;5198;23152;31338;27277;29796;10444;13242;180;24039;4504;3481;10634;26183;32018;5536;10583;14716;15585;5672;8991;10313;29004;13999;18294;27586;20138;31613;26004;16908;22297;26758;4780;18532;23667;19347;23418;13922;24190;29085;13340;24191;6499;19321;6690;6102;22626;17851;7400;29991;24771;22484;16420;27937;2320;3709;27835;22497;20609;5465;25561;26038;2744;981;26688;29479;29614;29012;4576;24119;16366;5257;32680;
16615;32001;29219;23453;13565;22057;24240;25897;1284;4434;22459;30133;28308;22597;30776;13178;22995;8735;3107;26259;10812;20737;1891;9303;3231;22538;25588;17639;26217;32130;11077;22275;18982;3416;11999;1570;5444;4047;13384;9921;6938;22644;6183;23803;297;339;11432;4442;12449;9834;22306;10221;295;30046;12536;11674;213;25965;12221;28598;32130;11172;6299;12755;13124;16210;17141;30169;17460;700;28235;2649;23921;25618;12126;21277;11624;2722;14485;4;3922;25676;416;9741;4093;10038;4699;28337;12240;7105;29941;20854;1546;17083;4945;3009;10570;11222;940;19179;
340;4184;2177;15512;26130;1557;18345;31044;12249;24218;31943;32031;7406;1708;10979;8987;12361;31217;4437;22083;28056;7916;26597;27982;5767;7983;9776;25716;19775;4043;23118;27008;16428;32268;21169;28199;17156;13411;8016;13464;30981;19364;11781;2644;29822;23665;1588;9536;28560;25846;26542;22264;566;14040;20693;2663;31107;359;12288;16277;13355;19483;17441;31167;10309;30014;28837;21421;30287;2278;2203;11840;11635;1062;21785;11595;9480;22661;23259;30371;3932;17327;9006;26490;10673;20331;3084;13288;11653;3533;25481;9419;26391;26029;21102;26577;5414;856;23075;9683;
30204;16772;27090;21349;9643;7818;20169;28587;12695;4559;1056;9582;1332;21891;9628;622;5137;30863;2516;14586;25878;19656;18322;8127;25354;1385;10876;25566;5719;6592;23284;8513;11282;16423;15676;21806;28214;5430;19422;24348;4400;17207;29003;966;31393;15834;9410;9855;25951;26155;20083;11461;1725;10944;14053;16408;6412;30775;1429;25101;28513;3552;4832;1694;30361;2742;4386;10436;18331;18068;20768;3400;11997;19365;9635;10197;19754;1053;10854;22099;13730;28710;29234;26224;11522;30749;24648;6527;28197;12031;12543;6790;6091;6430;30126;6802;10138;19225;1996;1870;
9826;29962;14166;4052;27045;11777;14449;27587;3671;5042;5201;6290;4322;4714;8537;292;9837;26952;18052;17308;15198;16041;3587;2418;15133;22756;19240;9671;1307;20280;22402;28149;13076;18178;11082;107;5265;4403;21757;28088;944;15362;5195;30693;30503;27870;7216;23560;30087;5799;16481;23062;19902;24605;4585;28409;14560;20121;12052;29922;18727;2299;19084;7649;19000;18147;11714;31923;30375;16420;14991;4059;9918;12405;12316;756;23674;17258;14079;6725;20695;31907;30886;31894;26189;28740;17913;20290;9371;24484;4411;22670;8643;3658;16177;7225;31830;25365;4999;9812;
19185;10682;15471;30804;9480;2164;16779;19558;10466;32246;23053;8962;8933;31653;28189;20163;14868;28676;18299;29302;17878;21871;13669;9585;12537;6413;10171;12838;3574;28160;1377;8951;16503;24798;16869;4428;24598;16229;30305;27363;14440;10346;419;8552;2618;22547;29580;30790;29210;1094;18358;25788;6170;23905;13145;13363;3280;1836;2672;27855;30625;7692;23;7236;31296;7289;17976;2283;28017;13489;20582;30997;23315;29358;15881;1183;22877;14934;12220;9414;11112;30195;3059;30269;19181;2274;30433;24957;16209;23183;409;7517;26078;3489;21619;16354;3924;14193;22705;20824;
5792;11201;9570;5537;21739;12459;13191;32718;5846;11991;7541;1004;30468;12785;28026;15136;16858;19802;16323;3575;18050;14622;15229;22775;14646;15143;10043;16250;2747;12464;7320;8380;22827;19452;7965;25394;24056;23111;6757;2589;32046;9725;2942;18784;23032;18730;22931;2958;5222;1073;8648;7752;5229;27842;31334;30918;1584;2310;28984;20659;27517;11036;18741;28990;26267;8393;15198;2158;8771;2923;16106;24245;31468;29743;7329;11465;19788;28804;20870;943;3611;27344;1208;31512;3866;25441;5274;6641;5460;15782;32562;11574;9379;28063;10703;263;9335;6546;19439;12285;
16851;1024;351;31934;12952;20951;18340;27087;15878;233;27290;938;11904;8861;9307;4369;4239;12004;29794;7585;25386;879;29169;4778;7477;25376;7599;21054;11335;2494;30358;2184;20656;10220;22028;10079;31419;23388;22352;16411;3376;30528;19992;12200;10525;12545;4217;20697;26326;1332;6150;10494;8251;26826;15932;17080;12345;6790;6174;11020;19348;10421;13596;17591;22243;32537;17721;26049;24028;4390;27245;29525;4049;29809;14664;28624;25979;32613;11481;12056;21495;16439;4558;9519;12558;24605;11484;776;11449;18107;8290;5529;996;4574;21833;6961;20595;13677;27438;780;
6787;22429;29635;19237;3826;15715;32114;28747;32545;23343;12612;9335;3576;24023;2050;16221;11819;16337;23194;7489;21948;16038;20931;24588;2754;17571;30948;18079;11624;6866;30770;3687;9016;30505;14873;4913;18330;15104;32734;8512;17815;30153;10626;11677;16099;32763;13545;26799;25627;16975;14396;24331;25163;32047;23435;7309;18867;9323;5559;1448;20939;9007;12431;23290;7812;7218;22585;6948;27345;31279;14804;14040;15462;25753;30043;19252;1215;27787;26316;22094;21349;1534;2698;6672;32109;8510;256;8518;24129;30879;30088;6901;5539;26219;27787;32750;26350;22304;15593;13988;
7583;11224;14491;10555;6933;8457;18583;481;29077;3438;32755;353;12433;3397;27214;9205;17962;28091;6508;2140;6643;27813;13856;19757;17656;8304;6255;22635;2815;7259;10994;15705;30989;9443;7548;13456;19756;2175;11005;23118;2924;28814;30374;10001;25640;16014;17486;22117;20362;18830;4117;12282;593;4070;18759;26361;8146;12581;13443;920;19773;17483;14620;2797;2594;24121;7615;22783;29236;23653;30806;24867;19532;18386;21805;18566;2737;25664;22867;3846;8342;16288;25668;14918;20708;21962;29892;14081;23098;7282;21774;25758;9266;2904;21038;32517;20967;29888;684;23218;
23988;16930;24682;9991;8766;26914;14799;10983;29876;11458;15909;12160;13397;32471;10560;3432;29491;5562;21089;4076;7223;2623;8794;8869;14950;4587;13554;32076;17762;10593;10634;16846;5940;17182;26369;16547;28488;20070;22230;22364;9913;10878;23436;7548;31184;23068;1619;21385;2759;2844;20452;18531;466;18036;22701;10452;28256;23658;29742;28007;19869;24837;931;23166;23100;19649;25571;18079;2421;5510;29320;6927;22857;21467;28240;17058;21517;18520;14019;31441;27942;21849;12054;15117;6930;16634;18512;9811;21160;21311;30379;15105;18336;9362;5693;13544;5717;12403;727;21922;
15050;107;26414;1829;30955;833;1848;3225;6678;25713;2521;13671;9178;30682;1471;18067;27647;3511;21899;3659;11718;17104;30513;21952;1137;8434;31393;9524;28422;9116;17319;3668;16721;29947;8975;28873;9768;30488;2830;27914;5875;27985;25309;31092;27755;23046;15783;19868;27809;25748;30885;6116;31298;23431;1160;12620;18714;9995;24087;17291;15320;16292;31257;5471;20241;32031;10357;28961;13703;20937;12952;22940;2474;17886;14615;287;14431;18244;5269;14033;2305;8569;15848;15941;26277;12747;375;17742;20131;11207;486;27669;2130;499;19958;4968;2578;18112;3494;25941;
12176;6586;2719;19448;9541;29954;6094;19089;11584;28414;7251;27865;8486;17487;17818;16535;21879;15875;9415;3438;16914;18444;15192;16121;5116;19441;15109;13594;3165;9156;31979;28302;20683;14676;29674;16837;4299;9635;7756;6129;9365;25755;15015;24158;2328;28924;17412;8705;23870;23705;31040;2387;17521;14532;29619;8288;21086;25351;4368;11034;25593;2581;13452;29172;2497;32511;9027;15532;26437;9899;32727;28520;11239;8067;10586;32261;2272;28522;366;10668;18564;19956;23978;15526;27335;24278;10304;14449;27393;28827;29661;10771;4846;5017;1745;6318;32505;7460;8560;16981;
14266;27393;952;6942;1213;31517;30260;17016;23685;11135;23071;25279;5584;13948;1229;12046;15901;16170;27207;29525;14700;535;23350;27307;3909;32314;23042;20453;2299;10793;19258;23655;1330;2445;1335;10554;9375;14035;764;9823;13327;13605;15969;7267;30635;7833;30065;27700;15226;680;24336;307;19751;2273;4833;10634;17157;11230;10342;18624;13392;8312;20841;6283;18102;15671;29595;27621;13589;30220;1404;10337;13191;16451;12922;27072;21660;29363;2653;959;21478;30264;16354;22068;27067;23139;15014;10073;3126;8815;70;30824;16767;24183;14533;2152;26444;25831;21038;31046;
5032;16433;1914;19239;29428;9409;20147;8701;18219;818;29274;2392;27754;2754;23047;10880;1711;12291;17999;10432;15584;3028;1002;6148;9488;9872;23061;16807;17919;901;14390;11142;20959;168;26303;5465;32350;24198;16212;24643;7648;1150;12336;5287;24076;21806;3781;31294;20363;10027;32162;30310;6924;13813;27034;9405;1932;7978;25123;24047;13780;16377;20732;8396;13635;1754;21779;4510;21965;3452;17573;953;23364;3839;6823;16723;30166;3684;21349;1430;9176;16706;31849;23796;24770;4794;31646;24507;17786;21164;20917;31465;32213;25899;23496;15169;14171;1583;22589;20126;
27978;30090;13038;12168;13790;7966;23686;12037;29904;4940;12590;20657;5916;25520;12906;11537;15368;14347;6205;20005;28514;12160;32148;14908;22793;25092;11234;8460;1455;5648;18951;24322;11484;32408;29302;19159;6198;5441;29847;356;4097;25807;17770;9143;28898;22492;25454;15206;20200;24528;12737;14627;18892;2061;3720;16785;30328;18794;10385;15447;455;12771;22583;22898;28812;13455;32646;207;8405;13778;13728;24601;28785;10195;16735;2768;11439;19248;10044;24731;12137;26609;20080;11743;19777;4795;345;14992;31019;21062;19742;15175;16684;14609;1174;22677;2145;18261;27238;16536;
8770;10551;18026;30411;13096;9537;27223;22050;31245;20243;27038;31063;26515;21078;2195;32126;9800;27122;9934;21216;30761;22401;10449;4102;3429;28419;9452;31508;14435;2771;22366;15705;8965;31706;8637;29987;26927;18946;6552;6616;15491;22765;27226;26178;30063;17640;3697;15659;13674;3098;9136;15402;32378;22529;24306;28860;25594;31520;25345;25494;14490;30449;32438;28218;23975;7713;5729;3785;6029;9980;15466;11800;2970;16935;15673;3077;19204;2445;8788;17932;3886;23451;28871;11285;2855;30384;9929;22416;30323;26831;15516;14532;13583;10136;11445;3684;16559;25718;18205;31588;
14154;28953;21527;12042;13016;18471;18947;21320;20059;3630;6786;13641;31772;7902;23259;23626;4407;31349;19358;683;10841;10106;903;9542;19913;23726;16804;7423;28325;1856;10938;30364;13679;320;30182;31960;12744;3158;19584;10418;22906;25780;24900;27659;30908;73;692;2672;30642;20023;11448;29749;6452;2696;23944;22467;5840;31260;12747;23858;15890;8934;3073;16411;29442;21593;19230;15271;15343;5148;21623;31980;14955;17157;29922;3962;13719;3653;23833;30768;6561;224;15712;29269;4234;18785;17512;740;6189;1995;1394;22054;14717;14290;2487;7046;17678;2891;4360;21410;
14551;18658;17842;17566;13110;779;26532;2237;5940;15163;13012;27442;17931;17751;1246;1843;4581;32621;1518;23888;19943;12706;22753;21251;8046;10859;5799;20616;29848;27392;6380;28910;17415;30734;22519;30831;31201;8876;24530;1277;13851;23953;8363;11549;16376;29316;7802;248;21196;11283;17380;8623;10246;18312;23647;25328;25197;17177;31128;10951;16042;23647;18450;950;11527;21258;5903;5383;14454;17362;6067;30049;24277;12209;5991;2970;15984;847;14716;29132;15560;12990;29712;3755;2707;15719;21558;22805;10499;11844;19793;31211;21579;27728;6081;16416;30560;28476;25282;6927;
3324;11364;23952;3858;4585;20481;23504;22608;27772;5792;6443;12246;28000;23251;24636;26346;19860;11046;6316;19611;19895;31828;155;4509;23172;19387;5442;7764;23193;17934;28375;3887;2428;17994;5041;19255;991;16619;1709;26856;26915;28511;5328;21823;13852;20411;9774;28948;15636;19629;5642;6314;24338;8625;22078;18821;27228;20360;25054;23163;16954;13543;17176;31246;13309;8044;12382;26361;7488;26837;1224;5897;18286;29812;6067;16430;7300;8414;14255;30674;6424;484;19608;23657;8091;30404;25858;32074;4315;28832;13018;29885;19915;32046;15179;26709;1671;27058;15839;25472;
31379;4649;5863;16476;3683;12487;8476;4812;23073;16804;23174;18892;5546;20147;20637;31489;1498;14323;6063;3220;20233;19433;20865;12609;20693;17485;1849;27307;28450;31492;23163;1523;27744;27470;20947;18056;14605;21313;17491;13121;23674;2422;10365;14761;23249;23298;19043;7066;15447;1447;11532;23309;6639;8780;6938;6192;21216;5035;10922;5561;20439;19786;14460;22394;30512;1708;7764;3894;13937;11976;10399;19380;17687;13242;3930;7697;1174;29369;30256;10586;8603;25673;14306;20571;23188;22705;236;30129;3954;22704;32102;551;32429;32364;7720;9535;21385;23211;14641;1038;
27033;14917;2378;19021;27009;24538;20710;20910;8959;1472;9293;21356;18477;15423;7929;22566;28160;30721;2112;23021;30229;25796;11060;19612;17837;20562;26056;103;28150;16819;13108;4791;10636;4257;13722;24886;21311;4412;745;13093;14871;10239;14594;3318;30357;23027;7449;25111;9532;11554;19038;6412;10832;27983;13277;5568;25310;10468;32163;15901;26364;31276;28963;11482;16722;28866;4312;1684;16345;12106;3883;9505;16867;4446;11414;3361;10076;28107;16650;25045;17743;18686;29838;19253;939;3001;27434;572;2120;4619;26627;30599;4901;9854;11207;18462;28660;15762;4683;29842;
8408;1386;13171;3656;9837;7622;2899;20244;2313;3121;28051;20233;1857;16508;18456;19600;3503;15722;30944;15032;23539;14765;15150;2509;31480;19729;28648;24108;26745;32248;17725;10581;7107;17158;394;22850;18364;19741;30079;4600;32292;11660;22910;9563;6171;11395;6723;15686;2019;25547;22730;27611;30696;29107;8557;5656;23293;22606;7758;27819;20969;23771;18676;26376;2594;31621;24377;29880;31192;17229;8035;22772;7477;11844;3985;25714;6372;18941;21593;383;26064;17474;23215;17998;27182;12294;22792;400;9149;5787;27584;30020;18252;10533;20665;13265;31102;9807;1606;21330;
1226;18492;20807;27441;12485;20161;28309;4087;7844;31185;29600;16738;20220;2104;8790;32441;13517;3724;13383;30044;31167;14945;24839;32159;22443;21949;9172;23000;11101;7884;1145;27575;9369;18388;26482;21462;14171;13162;10577;12177;12899;16615;2401;26904;7921;15638;10120;19906;19918;19247;6514;24229;13707;23049;23275;3939;1549;31115;7565;26438;5450;9316;15260;14480;2381;20987;21038;25100;25472;25769;18063;20201;20778;18471;15075;10440;25911;21570;13837;28692;7992;18390;720;28306;25514;28665;2612;14393;18811;20343;11564;11843;24778;23167;24949;14468;22255;6811;5569;10491;
7099;20197;8469;32167;27648;23673;16752;29851;25940;8998;28077;9813;1811;2665;32426;6732;17571;23195;29610;2504;3324;13929;22008;17654;27495;18565;32718;28220;9605;31131;19060;32714;31380;17031;26540;20338;26606;28357;27214;1209;5842;25384;16944;13614;22375;15567;12104;6906;19710;23638;28693;6585;12184;12617;12090;1416;18088;23006;29805;24671;282;27363;7311;418;20115;29685;7452;23538;7675;5107;5830;21833;9529;12722;31581;25926;22077;11506;19186;28101;9540;7057;11324;435;1111;26367;25659;3617;14357;24050;28954;6550;27059;3675;19546;3498;6721;31640;6189;16080;
23343;1259;15392;9844;28687;4139;13565;838;15772;19641;7152;21461;10748;8886;10472;24415;21058;8819;13376;16615;14647;2089;31647;10377;21338;10219;11805;18187;5157;21976;935;6068;24722;7829;25508;31841;2782;25595;24280;24533;15245;12812;137;21073;27566;24620;15073;21604;21600;21134;29332;17413;30613;28652;28099;8159;9750;8059;10783;5356;9928;25374;24145;2629;25389;25049;10906;7993;15661;30345;15542;20380;29207;5843;27399;12897;12003;9819;2799;1644;14778;2614;1662;417;21688;4257;30029;5697;15856;243;15529;8822;28848;26576;31476;15916;3079;29600;16969;6947;
645;30015;26207;11074;30530;22774;25008;303;27681;11179;5594;7964;9558;84;27461;10212;26150;18866;5126;9814;27374;31803;30211;24272;17511;3160;88;24337;30760;7376;28666;16456;2669;29060;18330;20336;21782;31326;32461;4064;20467;2692;11369;19486;11838;4049;12338;10485;30057;24197;8118;28359;28955;25915;31349;32036;10357;23836;26949;7322;14489;19027;3317;8911;14445;24768;8241;7374;2460;8433;28837;29599;15070;16718;29542;16154;24442;14227;30861;15100;9;30340;16933;4667;2172;13276;583;29847;22368;19078;1155;10866;21089;3343;1666;6881;9229;7260;1002;30723;
1755;5784;31106;1426;16748;12913;25495;11703;14352;6788;31646;22563;14220;7445;31002;14171;23835;1028;22976;83;16306;10492;29913;16447;16008;6638;24041;17574;6358;25022;23182;18872;13019;18748;28586;25313;11300;9301;18884;20894;11018;32651;1196;16016;380;16802;5726;2255;3839;5532;24873;8064;1010;12520;12561;6570;27159;18903;10353;69;5711;21071;24549;32404;26533;19139;15718;27829;30606;16738;18103;26743;8047;20879;29441;28779;30560;14226;16314;13630;12848;19597;3274;5445;31401;32433;1009;30298;13845;6577;3939;29159;20481;29559;9142;1856;29504;20759;24830;18486;
21555;6145;20279;13289;28744;8058;14819;13277;26305;13901;28403;28496;20151;12477;25835;26827;11870;4799;3138;6648;30602;10854;20487;435;11634;11935;2507;22627;6068;13854;27834;24203;9882;6808;11275;31132;27804;7219;24731;4878;20774;22843;29140;28078;24731;28182;1492;25914;23961;20858;15563;19499;30591;16605;15269;23506;18988;20781;18922;27302;2826;30658;1762;23773;1868;8081;31228;825;22387;7842;624;23589;27671;8132;27172;27392;22500;21631;8141;6585;31459;842;23638;22684;29434;17918;14213;28779;30135;3211;28636;15025;30537;14313;27069;13395;17103;24914;10706;7784;
26582;8623;20140;8522;8476;27984;19882;9709;6298;22495;30493;22896;11458;21655;1449;3826;6918;18097;15599;29607;13209;30239;23400;18731;31353;15485;25492;6678;22957;32325;85;7376;18635;17474;2197;14503;3518;2375;26159;24862;31430;4128;25613;15240;19904;21961;10126;17110;5288;29662;22826;23982;15196;1875;16472;6845;9891;28517;22191;1869;109;30928;5708;21530;6493;18755;1909;15457;900;7953;20859;25403;19056;14633;21221;6953;27749;31560;1226;19440;30954;8813;11647;27303;30855;7566;9843;14350;462;24201;14678;14625;8088;14173;22657;7661;27793;6042;13970;2723;
2039;15894;342;30443;18334;13026;17389;6010;19256;7548;13352;1511;21715;19270;28470;6842;2723;31287;27008;11719;1538;15313;5585;12474;21429;1107;1978;22514;18801;14895;5429;17811;21661;22974;15240;27350;9818;307;19308;5028;24769;30926;8303;20580;10603;2898;26519;12817;17719;17080;14664;3215;8519;23845;2663;13119;27980;3610;14528;25553;11012;24554;13989;21337;22273;18802;6616;4517;3755;19460;4524;14030;22408;11684;2150;3854;27579;9079;29673;14545;12235;120;6547;26895;13734;15469;18786;18904;28902;26394;21595;10033;82;23476;16940;24094;12456;18584;2576;16896;
7322;24381;21235;27681;3606;16487;32471;10638;1226;30878;1398;31525;1512;8415;25128;23534;6438;30609;6408;16815;5898;1466;5970;3002;11364;9331;29456;21514;14108;30362;19958;22158;24621;10950;24458;25285;5874;6528;27272;2955;20897;5040;8580;2355;14101;30037;16081;469;5584;20601;21410;11241;19520;17509;4719;32533;1601;21777;6298;26436;29668;22238;31571;11768;23918;17031;7097;3553;14500;1365;1601;9390;9030;8595;24924;14115;26330;13122;12116;31596;27050;11534;26487;23985;12560;24960;10872;29418;22769;11380;5650;3573;9352;20686;31726;10981;3173;24169;32711;9374;
28085;13392;24780;26783;16067;29489;29254;7454;27839;29710;1914;27994;18111;5942;22225;28717;6659;32628;6198;23776;25469;3462;25280;580;14992;12240;3473;13310;22809;23122;6142;8739;25772;15064;23792;20229;23840;32112;5513;5964;21581;13601;28427;72;21268;15578;14326;16517;4000;9385;26737;13984;22764;32557;2539;16986;23429;9038;16898;13291;9106;13867;1188;17817;17;4436;12660;21384;11107;22842;8303;17876;23819;22500;25039;24797;10419;28643;13615;28642;20079;15239;31729;32210;24646;11347;10973;4190;24815;16047;32522;6483;16344;5597;31234;4647;22125;5166;26913;30161;
19094;17270;31806;3294;31361;8637;12174;16322;21923;9783;3268;25452;18169;4727;1917;13341;5268;25567;30940;29305;22612;31067;32369;22239;30196;16719;16480;20214;12870;973;25279;14728;20416;7436;9791;5268;21560;15381;31759;20894;23532;31168;4349;17482;7621;23519;5087;24361;1245;6329;15153;13011;830;11962;19967;25398;493;9320;13318;1837;4647;1177;20758;9813;17386;27363;12218;18716;17847;13397;16155;20250;12695;10340;10274;32677;11100;11816;32221;2207;13353;25033;19748;24467;22324;7732;20348;14592;5067;20242;17723;2549;10389;7930;15085;18398;9243;21989;15863;23198;
24198;31715;17530;29918;16554;5133;19578;18084;31812;955;30272;15911;6528;31223;7676;19170;32191;27441;14511;22247;20374;30004;30792;27254;23578;16216;31501;11726;24923;11001;2621;15683;25134;26665;11252;913;26416;17058;3150;3696;20743;15102;463;4456;8171;16427;12547;2791;21606;7449;4961;16273;19799;28341;25973;32727;18237;13851;16447;27595;24754;23303;25046;10546;18486;12941;26960;16347;30510;24075;2534;4144;7724;5723;31060;6155;9841;14157;7551;31179;27825;8020;15706;31142;6422;14207;14602;25921;14471;14251;3401;6525;31529;31480;9736;6804;15398;30841;17496;29286;
13998;13360;31626;18701;3132;15417;2453;27575;27;1605;3769;13749;3112;16714;26722;4047;13017;28537;13135;31195;12926;23665;14579;21134;32199;17330;19484;20881;7559;15188;22738;26583;24503;14073;11138;31279;30654;14080;13148;10773;29680;30715;17401;8398;11348;13923;6721;4276;3754;23179;10380;24782;27564;8403;28167;13987;10645;4638;23898;21072;32736;24710;5767;28889;8274;31822;30741;10429;28986;29975;19311;29901;15608;31575;4231;24893;31420;5640;11454;3836;5264;24733;264;321;20121;25914;11083;26983;13209;26404;30473;25850;10937;12663;16703;25106;6790;15895;21389;7647;
15673;18664;31382;29062;2619;9026;23466;24875;22760;23455;19875;8527;8340;3479;14604;1629;31179;28175;17289;4735;17629;26541;19058;5558;6554;23439;28866;5162;25691;23100;17456;26303;21570;26842;15771;18920;32450;9890;8363;20160;23649;26258;32438;25175;700;4449;24800;24393;16332;25528;23943;23958;31337;23711;7390;13485;31756;28726;4311;25546;2009;21157;25671;21634;25309;28501;25925;11165;12692;24673;28370;7203;20142;31303;5568;28857;32530;16356;7372;16174;10020;21151;29710;31314;25923;13028;18323;22023;13718;25812;24904;12698;777;19770;25113;31827;18834;23233;5723;18506;
11705;20325;26983;32637;11607;15912;15496;28448;19870;4358;9496;7476;27225;11050;21989;7259;2677;31586;14298;20971;24001;4817;30171;25153;18418;5092;32752;14168;7402;3463;18854;21914;29242;5784;18354;29429;10725;15771;28888;1074;6759;8368;17931;13442;30709;16835;9686;31578;25351;27395;28410;17537;16404;14229;13913;24168;15516;5257;5138;8889;9580;19981;19438;3378;29214;31968;21755;13492;10719;26634;1142;23191;1397;11979;24558;1089;29312;20177;23207;21239;23551;23213;573;3570;23575;29832;24201;4790;15120;24850;2248;8095;24481;18108;15866;11453;5229;27943;28809;18146;
18125;4316;7467;8440;8912;7997;26377;20376;12416;28348;16161;25305;22119;18250;6889;21094;25938;20242;32309;28628;4437;12136;23642;21298;31759;1532;5268;30177;13359;30292;3493;28582;20023;28537;13503;2557;31361;31216;25508;7600;15487;8683;29196;28329;10054;20929;30279;31236;17230;12444;31011;27241;371;22897;8464;9881;24384;32310;6274;11846;8301;19279;13207;14632;16806;8009;6394;19533;2191;27338;29191;14769;21764;19656;26160;15886;6053;16122;26015;12533;4498;26252;1820;31518;16755;23831;32050;18173;8636;1488;26253;8085;7215;17152;32167;29073;22178;8116;27556;8849;
15618;16821;17018;12994;27800;14266;25172;7345;25739;30685;20025;26465;8102;8780;13288;7835;31580;23617;11015;9605;4105;22324;28541;6006;24187;22607;6941;11017;30385;21538;8836;19312;31714;29336;6468;23563;10690;3881;322;23097;16128;2386;10588;20847;28947;31042;24399;21895;19766;7383;30936;30554;10929;4296;30746;26512;4699;10788;20288;15287;16221;1019;1891;2451;7480;5466;20142;19637;26378;25469;12736;19023;19469;9281;1105;26439;15712;25816;15641;9354;18698;2240;18669;13731;9788;13558;6444;25996;22230;31591;29017;15812;557;23207;14345;9121;27915;26085;20224;24552;
13048;10527;13975;17563;9400;7570;97;25874;28693;17013;21773;5197;29919;11750;4494;7561;27440;10789;16250;27409;16116;13056;27824;3927;17577;26510;9790;25667;11108;17440;6786;13515;20501;14453;9871;9412;22027;28205;21201;19192;10427;21376;757;12664;19133;15920;23811;12340;5655;15036;11213;21960;20926;23511;16525;21145;16474;7704;6090;6689;3146;13299;17787;11911;13544;19944;27759;19059;24846;13050;17644;23840;15065;15715;30359;3251;14508;3974;18835;13003;30584;5413;29421;1881;2619;9428;56;28082;25287;21934;9844;6114;14277;23878;30773;29763;3065;2529;18177;6479;
15048;11490;13305;9139;11767;2437;13243;15012;8373;7120;2440;11894;5084;19399;32162;25963;22388;24800;21240;2761;19833;18870;16389;13359;18909;3073;28406;28968;13265;28870;18699;30977;19521;16587;4415;27352;15773;9550;4651;21494;22751;246;25384;28767;9162;21770;2228;22950;7279;1761;29719;6150;22006;6554;9798;18863;21147;12301;31239;21598;16119;27392;22870;21808;29313;30623;25095;17080;22868;25126;15790;30031;11059;225;12476;2475;5066;2902;9450;20916;12342;12737;13019;18322;1480;18624;28412;14091;22022;23888;32176;4364;29683;17656;12970;7557;32401;32324;16281;32634;
9379;30069;13835;16216;21943;375;24715;20357;1124;11539;14093;16186;24017;8294;29325;3989;6774;16018;1010;24298;19495;19379;29240;24155;19790;12053;25550;17832;13688;9636;22333;14664;30483;30883;20235;22200;2677;3233;29919;23315;18977;23721;30693;6115;25670;13754;10868;10806;1417;18038;8943;10229;8452;22302;25577;14194;31119;15806;20364;17728;20542;25253;27195;19527;23595;26904;12406;25623;28533;20552;1022;2429;28040;8321;29754;21844;30367;30883;26074;5534;27784;4054;23994;31956;13479;32634;29449;23418;23358;26973;11434;6133;31724;20017;19930;22689;4979;10301;22036;5151;
7870;7762;14385;31724;11042;25345;3284;30008;15332;5131;17413;5109;10491;11801;6684;19502;23320;26797;21473;19866;2276;3673;1521;15729;22920;9519;27492;17022;4211;31608;4012;6006;9815;27817;20416;6024;29557;29330;30331;31029;20251;22233;30782;11106;18539;6311;4573;2219;23645;23201;20153;21755;19720;27930;14889;14681;32285;18566;16415;12805;31412;3122;264;8900;2123;21811;7411;1400;27403;413;14838;26355;16206;13301;18893;9741;3167;10984;21189;10484;29824;16700;16345;31940;9778;10760;31770;4952;29360;15648;23892;4959;11709;26580;8686;28338;15007;5594;1554;13029;
27244;9864;13326;18459;3972;16966;5114;4639;27231;9284;16027;10161;21385;11368;6024;5150;18154;19851;21131;22292;13387;11236;26698;5811;14614;32708;15911;14311;10077;4228;1380;20726;32286;23484;5515;10837;14022;15542;17933;16832;3059;10275;2857;905;7550;20492;23055;11825;5561;17419;6214;5173;13301;25018;6731;12330;24648;10604;30075;16140;11405;19227;10546;21716;26283;32674;25397;8008;8219;556;25421;19223;20132;15853;16949;16165;27241;1040;8118;8740;11558;24048;31761;24164;22199;20362;16541;6124;6874;7731;15281;18633;7221;28550;5060;30630;6299;21665;30163;15517;
10891;5521;772;2125;17401;20746;16776;24877;18001;17499;5317;2847;23482;20386;181;19785;30104;2620;15497;18976;5204;31616;22675;7621;15455;19373;31586;13973;15476;288;31279;7164;10526;7627;20600;6025;12667;12514;15082;29768;12607;12503;31108;18508;9211;12681;31994;31883;23968;19129;855;1775;11327;17085;26599;2729;18194;20856;10836;21193;11968;3977;28943;23307;25309;26051;2801;23284;4272;4317;13347;1822;7994;3435;8763;31953;15475;13;7079;3026;20439;28135;7759;21120;30241;22865;22902;24604;27223;5839;32481;20841;6;28227;12092;7029;4815;23649;1465;30902;
3874;2148;1786;11352;30794;16895;30513;4054;4010;7063;23430;7880;326;29871;10937;29948;14725;2212;28936;29383;18485;21914;27475;31645;29903;28598;23934;736;26620;5262;10263;23286;3673;4829;24888;31390;6263;23164;29871;11396;15399;18573;3933;23827;6900;1017;23004;31370;29168;32286;18021;6994;30388;27585;30192;24207;1442;19018;30876;15093;1389;17712;27986;12252;9180;4018;17573;3223;20426;1736;11005;16898;5234;12121;24053;29275;14825;25774;28929;13139;20204;19239;17748;13924;32732;23340;14593;19300;24327;6247;20832;29019;553;18736;25779;27026;6451;16969;1801;236;
25162;6860;15971;889;7955;23649;16918;3657;28462;948;18800;13182;13312;25895;11678;9381;25014;18884;25293;22343;24966;22645;3216;22458;26936;8055;12674;15933;27622;21004;21036;31301;2048;3696;26409;26641;5778;16399;2695;25732;16330;29173;20593;21300;14517;9606;4875;19135;3657;367;13726;23390;8616;27868;8949;9148;14755;27372;2823;10248;19837;19041;9174;8008;27890;32157;29078;10993;27000;11978;23058;11445;9413;25688;1868;11933;10385;18860;23907;4439;27549;28694;1978;29905;26612;7172;24919;3847;26225;29302;15497;25881;9089;6834;19918;6816;12586;10297;15859;19266;
14925;24825;10109;8836;2856;13252;840;9696;798;29441;18542;25880;21435;10146;17258;1225;12531;4182;26750;22339;22186;8447;9554;30616;1914;5734;30173;6899;26800;29229;16520;3115;24471;29446;15761;1432;21498;23843;28078;23846;31716;9966;25588;13991;5290;24057;26358;12398;11563;22584;11569;15897;25943;1390;14504;9646;18158;29925;5579;21226;7050;25442;413;29909;25568;25944;15126;6554;21571;348;966;15510;31338;20185;5052;31407;28786;27909;1190;24807;16678;26131;30778;2352;24959;21163;32212;31107;25447;20887;31584;31020;17858;10175;7546;20584;1455;7255;4820;9777;
21771;25943;5848;28761;6712;14379;3983;10710;7452;21164;17090;17245;1388;4176;26207;562;3626;24477;4125;16702;4716;11236;18531;18530;22368;3883;17511;11787;14221;24683;2963;30470;4955;29180;3116;26774;10966;5197;25397;16580;17583;12504;23441;18679;18051;4437;26729;30404;8800;10030;7885;3847;15750;26420;29342;32563;13418;3472;15019;24806;8193;24060;16410;23489;16442;13363;23818;22902;12237;30885;28278;16418;1331;19824;7516;9950;1269;1932;17183;14480;18730;18501;27947;14600;571;19183;17367;24648;13546;15061;22671;34;6547;9586;7986;10249;177;23780;5817;15137;
24739;24221;25882;11416;28849;4700;27243;22073;30026;30043;3915;7486;8591;1482;21118;22886;12822;637;22999;12872;9447;21218;2651;26343;13003;11061;27555;13190;28103;16631;23170;18878;10467;9116;20200;3789;3375;3460;14598;5169;8;16684;14771;32374;16024;18086;14863;20044;21148;7494;9830;16348;17514;13727;20567;13404;11826;18349;15413;23009;5252;22868;23981;1397;10258;2313;1961;29546;21688;28880;4981;25070;16825;13670;800;14815;10060;5567;8998;14816;7511;3763;28491;22444;18298;26356;16074;19370;591;14147;31663;31426;30192;17123;27010;12912;12730;13390;16165;27414;
13649;4648;6143;1175;2788;113;91;12577;22195;8702;8458;586;32718;11818;20048;19551;22047;3785;32254;21496;22954;6749;26843;31184;1812;16013;23368;22740;19810;11986;31012;2682;4356;27508;30958;1364;24594;13493;6697;18917;15317;15947;23301;20915;7049;14100;12603;29853;3169;30982;19001;14447;4812;30053;5759;16052;12535;12600;9289;17612;13971;26109;3438;27198;15832;6812;31880;12623;31178;18586;3413;28115;14779;24975;3165;5699;17937;18650;22997;11024;31305;5523;29636;10295;16444;12481;27492;13590;20641;9165;18891;1661;23764;11063;10186;9993;1494;24968;32022;6573;
17556;5768;27301;2706;10092;9904;1115;545;2285;26338;24038;20062;9182;30808;24295;5751;10370;6363;8786;19612;14107;17205;25879;29202;25517;13288;18434;24963;9988;9760;26847;5017;24824;23783;5859;4555;20464;19608;9799;2934;8613;30870;10038;16687;297;22845;1001;14936;17959;24089;18961;30961;10604;24662;9077;8113;8870;6520;16860;15957;21356;29261;16941;14393;9087;15903;19157;31013;29264;13869;26985;27753;450;18781;29580;27180;32304;5163;28436;3841;18354;5349;17768;12731;24732;28698;17964;27523;9544;22864;15649;26151;12566;29685;8006;25781;5296;16536;4932;14921;
16787;27225;22792;8995;20171;2206;21682;13308;31485;10504;16558;21402;4011;13734;19232;29347;2484;2920;8838;30127;11034;21718;13721;1440;23048;32001;10867;14902;28948;20154;20727;21214;25793;5123;5230;29131;25160;18883;12398;3400;19352;15294;11520;2893;13467;7363;26113;15184;17851;28455;8649;8797;10149;20851;31499;19817;23628;858;8700;7652;10545;14062;14520;17549;30435;531;20193;24202;18881;1075;16521;26808;14343;5171;31826;32064;265;2726;29907;3947;10681;31809;16702;6583;17007;30863;12608;29226;14826;8422;22569;14566;24978;11162;21325;5374;1791;10096;20394;13192;
18111;4950;4811;15603;31828;7761;2796;13467;29565;9142;10846;30363;16055;14237;4653;18402;22274;22419;20481;11402;26856;5007;13122;30821;29372;17192;32127;19928;6176;6916;29201;32492;20169;13972;2299;1186;18567;27134;18709;135;15999;28763;3434;31881;443;18979;14814;23817;29926;24549;8980;14641;21328;15676;11662;3464;26937;30718;26646;31939;8523;6070;9565;4831;2920;4437;22755;15980;16550;11044;15126;29740;18584;23805;30910;12508;25552;187;29080;19794;24481;26351;19009;22728;22314;9173;21846;28024;1423;10374;6106;13161;3466;31854;27864;1416;23075;11009;3145;27898;
31931;14762;31031;26289;11343;14852;6947;10045;18939;19533;1701;20709;3773;9752;14674;20471;18044;28993;19682;20828;15433;5926;26003;1903;15332;19476;24520;12560;19586;28416;246;5875;2253;4472;12224;29502;14381;15321;30561;30548;3398;16833;23115;25579;11714;15047;14349;26469;26448;29546;19066;13917;13804;27208;32264;4736;32610;11665;10614;13214;10253;11450;26802;18176;25829;21110;7929;30973;28345;31458;25664;15560;31416;6655;25043;18060;7222;9830;25148;27579;29613;7223;6246;23971;20226;11347;25090;29250;7946;27595;2346;28507;26189;6040;18756;3017;1290;16524;6954;6932;
1659;29576;3208;5954;21337;12784;9861;31983;28067;20060;10149;11680;6556;400;5357;19541;6163;19375;26185;18525;21990;30123;21036;2670;13513;18176;31862;30709;20804;17314;3226;16555;27131;1587;28416;10857;19506;2682;17832;20285;27024;31761;19473;445;31523;23901;12889;19355;21925;6851;13221;14970;21246;24089;27587;28416;29961;13915;12302;8749;9627;26528;28562;5355;14274;30540;24177;7654;3658;18566;28806;18845;2950;23789;26439;16570;11853;3462;30448;26782;66;20473;18142;29249;14680;23550;20792;19257;15510;17682;26069;9496;21016;23662;21594;1787;16983;28473;419;7520;
13994;13565;27749;15416;780;600;25873;18238;15647;5108;31995;29830;17521;1464;28859;7513;8190;19008;4563;4416;21751;13963;29587;8031;6850;30196;24378;18948;4162;31332;21342;22656;22104;15557;4750;15158;13226;25018;1333;30193;9635;5773;29377;1147;699;14953;22021;28011;4600;10185;20700;30526;15284;12848;784;13225;14242;11291;18554;21806;23564;2355;8810;750;29278;28872;20553;7870;13544;21627;23420;12668;23008;24378;6796;29092;20390;20594;28548;6174;3660;6015;17819;30554;8790;17256;4627;2207;21694;6857;23649;25504;5180;28688;4494;21585;964;1516;9949;760;
21071;6147;20398;25223;16350;23524;19106;22825;29628;3644;2560;22299;2052;24652;15192;20413;28260;22938;29286;18665;4640;487;31544;29827;23386;26466;6035;2129;30608;21787;11156;18445;2918;19898;7571;30137;12710;7793;27980;7219;27525;7727;17985;26633;26152;27927;4442;654;14694;18480;18895;9006;976;17758;6471;19198;2030;2961;32578;24215;11980;23356;1972;4645;5045;31497;21746;23483;32063;23755;210;24554;26504;3763;6414;3217;958;19656;15082;22006;20709;18065;4631;18966;12756;27924;16086;28218;9345;23813;26465;6859;32383;14647;30854;18791;21189;2390;22933;2356;
25777;28888;6012;3445;19533;21041;19249;2651;12240;12870;16208;21533;13928;28709;6406;29771;6198;9459;2093;10591;28570;16421;17080;1173;12210;13300;20306;6652;25629;17930;25410;30413;7685;22658;22418;20988;12892;16143;31088;11022;11621;29819;14804;19242;8055;17492;99;23666;9982;15586;9620;2964;23490;32091;22545;26523;32620;13402;29024;29708;5958;25230;32194;8494;21314;13743;31579;7849;26174;4023;5268;15442;13190;3662;22974;19782;30106;9862;15864;16694;16946;10440;23378;26625;3968;16655;16946;5000;7861;18259;22519;3006;28614;29769;2269;2302;8816;20041;20768;10402;
26746;25231;24933;4049;27962;7847;25173;12440;22106;24099;7051;25916;16860;143;432;21967;25948;7079;28644;23554;12949;7623;4192;22842;9511;29858;14426;13030;7576;3127;15145;26895;28056;14849;30890;31536;31113;26734;10978;3913;4926;5779;14053;3887;29187;30;1270;12326;27614;396;9199;6321;21525;3228;15332;6313;8944;16643;5123;10125;19136;32097;12222;7449;24096;31860;18221;22554;27515;21131;7853;18304;12751;24382;462;2485;4784;1885;25964;5677;25999;19238;29979;9535;4156;3259;4041;18995;2218;6867;30622;29596;9203;21423;14631;17896;22171;29776;3508;1077;
18969;26599;15614;31590;27539;11149;16909;9078;22506;6708;14169;27405;18678;13533;20016;24913;26643;15116;21847;12799;10716;10105;4852;10170;5942;25865;30123;10403;10129;20476;24840;24873;4202;22376;6429;4387;11796;21222;4460;12060;27065;24715;8967;21997;16540;24346;28149;12434;20640;22647;27096;22582;3598;28767;27085;22672;1683;11095;6036;20082;21896;8674;10737;21663;11638;29687;23121;13022;6874;4274;23985;844;25637;9802;25788;16886;11015;20035;26419;31399;13037;18917;16018;2303;28873;25324;21489;7877;18449;17537;25896;1150;6410;24681;9526;18495;1094;13437;15332;20159;
1899;1114;26789;31408;22327;23385;19649;24144;6849;27330;8370;11067;27650;6204;22734;21635;16787;20616;32039;5890;9656;29295;14512;23535;24222;26105;25505;10672;27617;13280;3356;5871;32081;12612;18448;29680;18166;5024;16222;7714;22098;253;21818;12788;19685;28774;20948;3817;9207;28315;25912;25071;23953;6922;115;10733;18125;28922;18936;27291;12111;12554;12610;406;14868;32474;26042;20916;11115;1800;13530;14484;22592;16734;5011;634;6816;9033;22252;20570;28538;22157;24557;9267;8611;18488;16059;1951;9757;9172;4356;167;3481;3809;8093;18651;12090;14467;32618;31395;
28828;4471;14719;10448;20245;16459;16004;5238;3643;9679;10590;29950;12198;1479;5388;1655;6135;10210;2510;21037;1304;1264;17805;25981;14790;21583;25463;27367;589;3494;9962;22885;30355;13014;28051;11771;7512;30254;3287;25488;21692;4319;7793;7420;9218;23983;93;13666;23187;3057;3061;10944;8262;32436;18523;5828;23262;11323;7190;10722;3285;4525;16896;23715;4440;3854;1375;19264;22930;16238;2386;28527;3885;8544;8047;11389;16406;9134;29098;24989;30593;27211;888;30336;26670;24457;20021;5669;3050;25996;31939;3059;23640;15359;2677;30469;2289;28165;18731;18373;
20042;23667;4798;15292;21141;14396;10654;19368;11115;301;3257;16335;28873;23770;17055;24212;344;23000;24548;26952;23537;29484;19654;23362;12896;26628;3600;7986;6504;15269;5439;11954;31240;29093;23522;20510;10237;23130;20039;26278;16776;914;18771;2209;15473;8580;12210;20516;17484;1031;23089;6612;19963;27650;26471;9720;1140;21796;11931;20435;29381;2005;23010;20272;3925;1900;27528;14398;3180;12450;12977;11678;4597;7238;29504;30907;17539;6707;17656;31834;15763;22656;28129;13682;22801;2806;15342;15933;31773;9927;8668;1935;14606;1660;7005;15463;29879;2608;7286;963;
28906;2044;4134;5305;24635;8370;10824;20676;26374;19662;4282;22620;11700;13737;8127;19913;26681;12016;19874;14904;30433;25685;29085;18703;1101;3972;29176;19838;17592;19033;7541;18006;14976;20816;13292;21535;9185;19005;25139;21861;30211;25405;13632;7506;2359;24044;18578;30850;23165;23256;13261;29714;1611;31030;31652;6906;24713;7892;2555;7581;19936;31823;29005;6047;16948;8582;32588;26615;2159;13902;25288;20293;14209;11112;26834;18533;30885;30640;5409;20292;741;13718;6581;2546;28640;13522;29113;2041;19915;21588;9134;3054;4790;14458;28358;4933;21776;12678;26510;4201;
28014;26191;18384;2829;25992;5943;30136;6844;22660;3420;1589;28600;10360;2579;16034;24065;11562;19090;22950;7860;16410;29676;4953;15254;18882;31555;16552;22769;13340;24120;30202;20895;26213;16295;276;22884;11809;15506;14905;6529;14687;3418;28822;31621;1598;18229;30174;5735;27568;20956;3378;29138;8062;25988;16707;5056;23948;9488;26042;3146;5215;10373;18392;29630;15068;3006;21081;3827;13138;21857;10399;3545;24507;18961;32012;6228;19263;32741;9904;7499;3322;17945;14884;6140;18431;13572;10677;16274;27805;31306;12485;21753;7905;13651;3695;753;26203;30716;21354;1121;
2853;16268;18224;1262;17442;31209;10335;28621;6788;27404;19551;8405;9873;1714;25157;11225;2470;4692;23799;11828;18812;9050;18577;24229;28842;19852;3848;20318;6251;5577;28686;5719;16290;31995;12341;20456;4891;14154;17238;12183;2836;25488;30260;4911;508;22285;23389;19474;10362;20829;32593;4815;31409;11430;10214;22775;6851;24086;8939;27949;13459;23181;26636;9597;20176;13206;4597;1007;11567;156;29371;2395;10231;26715;18295;10878;7363;24212;20276;6990;23683;27141;18699;25739;15045;1688;7564;30615;8755;30683;14176;13447;21084;8112;20269;5754;10935;11590;11962;31273;
9956;14407;12116;12992;28726;7251;30576;24813;10351;10414;15249;16438;20938;30773;1644;24207;30783;1431;19530;29228;2;20417;19887;16788;15693;8858;3385;20983;14687;22513;23754;20417;18629;9395;17898;25967;22232;18018;20838;29857;2695;9410;29245;25969;10326;15318;6077;4;21927;25098;10986;1118;8504;16050;31519;29819;29934;1203;24056;17563;21713;17792;1646;26077;3927;28745;22340;24335;17125;20847;13475;26565;23699;9786;6401;14760;29744;6350;28999;3089;10630;14427;1074;28119;26334;16789;26873;29029;11463;19300;20785;24335;19220;11228;10734;24998;11044;10607;22572;24905;
3942;19553;5229;127;27675;25725;10659;28547;15710;5895;6991;2527;32354;2289;30443;29244;9724;31057;21638;8313;19553;24595;19118;5626;24112;25835;22930;11331;179;17038;4456;12741;2914;27170;30733;18679;15016;31475;29163;15785;32746;25191;12832;17558;4806;14388;30173;22840;10136;10960;3851;11744;28483;4138;565;25093;17454;28311;15266;29404;10380;4623;8129;6698;31201;409;31435;3927;32193;26884;5027;24259;11227;19160;26113;19293;22839;3724;18383;28273;10428;16121;32211;2497;25845;3343;911;16344;10005;27335;2661;9883;28472;21080;29695;26657;4587;3502;19438;26052;
7919;4632;1169;4472;9530;17473;31545;29020;30783;14433;1930;399;23151;17076;6693;26693;12544;27692;11908;12314;9453;8035;5156;31910;21822;8659;21226;27985;32393;11593;11968;8808;15289;15767;3711;6257;17422;26249;18961;19900;19045;17947;9175;26171;25018;26345;29000;16787;2795;9959;14043;14195;20414;30290;15143;28197;3878;743;21833;32611;24258;9042;31367;24427;9639;5865;20275;14934;21599;28058;16081;15269;24113;11298;24444;29725;22435;128;9349;20949;24126;6826;9310;24205;11665;32126;30134;14401;1401;23547;26598;30718;17823;22193;6796;31477;25153;11638;14453;16846;
5686;14683;22977;23102;30252;17119;20801;1756;18741;2146;26916;6448;19074;2268;21203;12813;14445;26318;19993;23585;21693;30585;19335;13515;14886;21071;3607;5932;11024;29863;4111;32129;15770;19892;12072;3248;2269;18104;25584;32288;14197;7029;2157;23502;9022;5860;29187;17054;24155;2090;25239;7919;19837;968;5365;6001;14177;17682;26735;6715;28059;17378;28615;16408;29331;21133;26448;31266;16589;22550;22095;15763;5997;31394;24487;8663;28666;20012;1462;9446;354;23418;25978;2512;29758;4944;11512;1433;11352;483;20702;11848;19306;22160;17767;24635;20777;5070;15999;3517;
31874;31586;15144;11483;21028;2770;24604;14195;27710;7195;26035;29069;30602;32422;7432;27118;394;7289;20567;26859;31762;32683;682;16764;6662;19482;21173;14481;26981;352;1278;30377;20102;6402;31041;14240;17570;21739;3858;11464;1939;21017;15812;17724;2779;13207;25482;20593;25064;31147;4060;12046;32151;22864;19740;1534;25334;10214;11642;10179;16206;12073;7957;10253;32097;32096;19298;19851;16368;1494;1490;22017;25984;9614;3503;16539;31070;24627;10055;4737;13793;26958;20557;18859;31727;19900;4988;29175;25538;20830;16253;4216;19180;21778;1291;22801;921;22754;16469;25155;
2325;28284;29092;19268;23950;12258;10557;2129;29978;3683;27273;18756;20988;3530;19059;11881;13859;16341;19730;16270;3571;5097;18056;22873;30792;20227;17194;1247;4024;16370;15073;28017;22809;964;5071;26809;31555;28286;14390;17671;9239;27664;17302;20965;16065;28039;2838;22257;24377;13957;1317;27884;1808;7918;21601;27918;10089;7397;31160;27292;1094;10999;29133;27325;23813;24213;16797;20106;32298;17096;13922;9060;8286;19232;23736;19850;14520;29422;29438;16618;7740;23730;23295;15416;10401;1495;20177;14910;11352;25246;23806;3443;30665;30297;28642;22990;13792;15321;25684;24796;
22984;29225;29577;21521;30710;8573;29748;8540;12394;27749;14066;28157;3633;326;486;13211;47;16395;28576;13201;20251;26648;13636;13450;13515;25215;5096;15949;30898;31863;31037;18394;13735;9738;4978;2997;11495;2317;23637;30338;19038;3157;24508;25554;15906;5928;16675;7485;20289;10482;17558;20401;19388;6457;24274;27401;14803;5075;4263;8161;11907;9559;4512;28585;27982;27601;3558;761;13626;16314;31586;14884;24348;26919;18978;11280;12566;13632;29694;1861;2911;32756;12155;2371;21058;1515;18927;25;14698;4796;27878;2611;21596;24417;21189;2164;4165;13544;11949;30341;
31478;10090;19362;7532;31533;32065;9965;21600;24086;5750;2494;17371;24081;26745;26134;24306;1718;25109;31460;1762;6678;19362;879;3307;23364;30589;30195;1633;25109;22197;5519;9984;23587;17927;23390;5504;24344;9997;31461;28265;12329;6578;1453;26921;9440;27113;29232;21347;287;1439;2554;22155;30306;3821;776;15280;10308;24211;18548;8600;23109;2722;13908;22802;10954;17784;19679;23432;32613;10481;7889;4052;1623;16860;32529;20820;29011;28588;12689;27969;19845;27760;9078;2620;7379;4358;28282;11818;5219;10635;11150;22082;9309;28181;22723;21860;11506;29605;22122;27821;
1181;10583;16250;21064;13224;13788;8499;6791;2291;18730;22017;14130;27633;13938;1955;287;4083;27219;7308;2;27817;4429;5258;25735;8165;632;6309;26782;7331;17014;16970;2582;19271;12966;23977;21358;32549;16538;11099;9960;25926;10700;25928;16350;20585;10124;2760;24153;1609;5949;14344;20704;29214;29377;3248;20622;24678;11570;26050;25448;10213;18387;28357;14573;25579;13126;20004;13550;9173;20735;28881;7327;13270;10488;14637;6639;25336;10150;5420;2325;27229;30765;16308;17515;22987;20176;12615;25216;11624;14251;994;6760;28865;15780;20005;16983;4881;32159;14771;7279;
20673;31217;22748;26069;22059;16919;32634;23562;32675;17065;8984;11385;23224;20873;1626;588;19639;19040;13209;9860;625;20299;2765;26185;3390;465;26288;13182;20802;18457;7456;13209;10479;29273;24261;12466;25035;21650;14837;8409;30324;10363;17620;14253;10721;19386;12992;13867;26602;11866;22764;27843;3851;1402;26186;9137;1893;5698;21167;23946;19205;11548;18738;10261;17257;5408;4565;28509;8256;9167;15975;1796;2930;11525;7848;24026;24160;29481;16303;4014;15469;26535;31369;18789;14013;20384;22051;13129;23869;8416;16489;21923;24803;11024;25264;11147;11063;24876;5457;22527;
3858;22328;13975;12595;30373;18479;26844;5672;12990;14397;31726;17024;20295;1837;1464;5265;4367;1829;28190;31160;206;27537;29224;29935;10083;9309;25187;29602;24415;31079;8324;25791;24519;31284;8271;17933;25622;5602;28599;7102;5506;28509;2631;1607;6528;16854;31680;27247;27018;26993;5636;24486;22560;25662;15922;22681;26381;24427;5395;14851;21227;9400;32437;21446;30697;31786;19797;28730;29644;22020;4994;28101;10548;20723;24960;5804;2081;28809;29163;11048;16309;6124;2460;20925;15676;7376;3793;25031;7273;1698;7047;15446;27874;19974;3883;10043;28928;12420;25458;24163;
14799;27774;18566;20324;17501;31078;19554;13142;31793;4142;4479;31460;18201;6143;22704;16546;32297;19245;25162;13730;30720;10347;27273;15426;2125;1083;17711;9543;6290;20137;23662;17200;15912;24889;5896;18372;29060;26910;27061;8174;19128;16812;6085;16842;26428;21264;26374;8448;23791;18751;19176;15697;24153;14124;19167;32623;29747;31294;10249;22546;28713;29185;1553;21832;31966;24604;6995;8716;28465;1155;11329;9243;15551;18925;22021;11267;15272;5769;27752;27517;3991;5356;28402;9724;26620;2382;22866;20358;29596;1783;21249;3523;11596;6644;547;20308;26105;14606;1454;28005;
12268;5117;23245;2950;3916;4568;12679;10678;5093;5072;29852;7361;16423;20510;2223;24781;24946;22842;1706;31279;15761;9550;30047;22659;14724;10730;18027;28667;23938;24569;6752;31991;23102;17396;4131;9686;29546;9813;9106;28428;29561;24655;24426;13685;3242;16572;26216;8938;19266;17751;6063;20753;32024;29739;21098;3705;12887;26955;7346;31206;15232;27844;12722;26601;18606;9424;15113;18100;3614;14412;14703;29741;4590;30060;24732;14913;1829;20654;27238;25979;23028;20492;9513;10709;20796;13942;16747;18894;26959;895;8896;13244;19451;6999;14316;2404;2501;11001;7752;17864;
30834;7333;5223;30016;23244;12433;32760;13260;13730;3548;2798;26025;30225;24515;7135;24098;19714;21271;11690;26793;25588;2030;19037;26662;20220;19354;11606;143;24585;11991;20648;32441;16237;19528;27072;29294;28057;21285;6472;11967;4648;10798;21067;9371;15392;16099;15514;19361;30580;21750;5743;3379;23501;27137;22865;26060;30857;373;9783;12435;16900;27858;15600;20784;25623;25630;706;12254;7647;656;23634;15297;2752;31628;24259;26491;31913;7124;7202;21498;19353;27388;3842;7571;15970;286;26979;32597;28845;25808;19161;16535;23102;1363;8682;8404;23417;9485;15543;13753;
29477;18489;19679;28539;369;31710;25248;14190;15412;2301;9023;23764;14457;26639;16042;17394;11579;2223;26717;2922;21357;16787;22402;7108;1854;31936;4700;21838;3738;29694;2277;20518;10484;4490;17078;25237;19523;18700;9256;24990;13130;31944;3769;20439;8477;17176;24753;28280;32225;8218;6149;25778;12499;1958;7291;28994;23436;15235;29967;23109;23171;23002;27797;3918;11987;12266;27041;12726;13630;9470;32164;30515;20082;20892;28503;6828;23692;5888;17501;20300;14811;19145;3620;27094;3302;19185;32268;13368;7600;3586;1227;8034;4154;903;272;18264;10314;22721;16742;32134;
31339;30108;23899;19797;11829;17889;10722;12027;13774;8877;19703;23703;7857;28706;13441;32125;24494;17244;29820;7118;18482;9383;20567;6221;29897;16879;29595;4205;27873;9592;7630;27311;19921;17615;17815;32042;10010;31744;30499;619;27628;18697;29126;20608;7660;23439;18662;1616;5428;19664;3093;9006;2459;5081;14973;15533;16695;2552;1409;18101;2081;4981;9889;8662;21880;16509;19614;25565;16809;31327;25567;3749;12781;4347;15892;10544;23827;15478;23833;28406;3455;26419;25885;2429;17523;21503;31235;2090;8845;29836;3080;2647;14737;1057;22439;20390;11113;14991;7354;8852;
14954;11111;20705;20817;11993;9578;20775;10447;13742;9793;22243;9752;7319;13935;13277;20966;3904;16771;6578;31341;14802;16018;28794;16252;29882;15588;167;9412;23979;10478;29744;7799;486;23936;29424;19478;32185;21824;24137;21892;13637;4183;28684;7774;2693;618;16541;17295;13452;7372;30802;5918;7182;18674;12317;3659;24866;26407;17771;21979;28230;9600;9547;176;15524;17171;21203;1180;11668;4964;11455;31095;7521;22048;13916;20079;4944;14094;26533;27040;13022;2626;18603;26085;21066;6292;23610;25325;23123;4176;7609;7057;21315;28207;5714;13924;17196;29318;19795;1164;
16754;30398;6100;8913;25481;14084;2971;12532;26368;25665;6460;4930;15551;4685;4484;29288;22925;22112;6680;28041;28629;10697;21850;12942;30377;25826;16780;28862;8711;26179;4920;22926;12379;14902;3791;9146;12614;22123;9616;17556;10654;15853;22955;21404;14518;8533;11687;19538;8927;20286;8961;8776;25902;2296;3094;23419;13952;3969;13634;9443;6588;31920;10570;5449;25944;15540;5367;4697;25631;15293;3588;3064;29489;7161;16699;472;16715;1986;19418;1865;4936;29718;17467;14674;12776;26439;13748;23296;25809;6131;5053;3070;7891;30775;26704;19814;16240;288;16790;18647;
3484;21090;8895;3528;20417;31309;31793;14619;9478;31228;28390;15093;977;22992;24335;11982;394;25117;6654;31172;18339;19490;4930;9013;22997;32575;32020;7052;4524;11874;16370;25947;29509;27075;5513;21675;16215;30929;19160;22672;26224;4203;28051;768;16769;14676;26821;17124;13213;31457;21690;1136;6398;7669;32284;11184;10057;7215;26716;7524;8978;3938;20307;18958;3747;13638;27690;28489;13817;23405;375;860;15376;18296;29352;32527;3425;28554;27301;31166;23464;5885;21937;19371;1770;9044;12945;10904;6071;15729;32497;29846;11949;4873;17155;7448;3389;19540;105;28747;
7090;2569;2133;8362;4206;32649;31983;21197;7287;32090;503;7041;16691;32728;24747;9246;13168;5671;8939;26901;28583;13676;27035;18121;25474;19517;585;18592;20635;10838;15;28249;19591;4237;23483;23456;531;32008;24366;9695;6093;1965;24578;13400;24519;25306;3440;26225;13463;21590;21872;29774;10146;14984;9505;15781;25755;29159;2156;31438;28230;11954;27876;1050;6274;7905;3057;9062;25478;26715;16430;9200;7275;22377;18959;5225;26347;20843;18375;28491;5224;24522;25705;7532;27695;26413;589;1748;18687;24304;25781;9675;12229;7378;7344;20535;17322;2285;15679;11045;
15183;19948;6839;31910;15191;22904;6502;20444;14887;16627;20345;8020;20713;24169;32285;31126;7639;14787;9701;21499;7094;4670;14956;32703;4768;7196;14651;30039;1543;18074;10221;27141;17399;7713;15761;25513;31131;7872;15183;16090;28931;2778;14415;23349;23588;6684;25814;25077;20769;5298;2226;23237;23497;11963;16601;722;18528;14330;16461;6691;2978;29646;6210;6957;27653;11620;19331;4258;20543;23595;12562;32139;22280;27784;27150;2966;7201;204;28378;29617;20117;15971;30588;21719;31807;31565;17219;27946;13964;24531;941;26947;29826;20594;28295;15814;22017;13340;15190;16185;
11337;27296;4086;27670;27581;1894;8321;7454;27367;9311;1651;4081;4795;24892;4875;32732;25632;25310;8436;16626;30380;26382;10532;4446;21679;16495;7941;5367;22644;20144;22482;12053;28355;18182;324;11939;25258;24794;27503;118;5758;15039;10726;23517;19996;2982;20518;7546;28276;29781;19762;17488;22089;1301;10874;17692;13362;19371;12801;10217;32229;32138;16319;9183;27828;4679;16965;11612;9048;25165;11935;10822;24814;7634;27518;16543;25919;12298;30615;29529;27204;25242;20294;364;22250;21839;21879;15143;3858;7696;17350;16835;1244;9489;26085;25918;28453;4426;9278;5223;
18766;22824;8666;4917;63;19330;29058;27484;28844;9422;9764;19234;6807;1173;17016;18031;11799;22308;19426;11812;21847;1925;1179;29102;24545;3501;4364;16091;13085;11511;3194;21484;9236;30417;20712;14315;7802;26037;30265;19775;15596;9308;19606;29309;13942;21806;22031;9601;17752;28156;901;23742;27402;31729;14535;2770;13693;25542;23547;93;27044;29238;29760;8212;14131;20658;7057;6417;22951;12885;18412;7021;19078;19738;12212;15121;26856;29517;19797;29897;14902;24895;17958;2459;10290;4926;14483;9302;24631;14276;13691;32109;14274;4591;26839;28934;14898;24625;13725;15183;
17356;6985;18660;20241;19970;8562;26696;31367;20725;8666;32656;20080;24120;23637;12686;31587;22743;2387;28743;6499;28312;32272;24660;3507;13952;24842;2952;747;6297;696;9939;10060;25331;11897;28518;9553;12265;1995;25368;2694;421;18365;22537;4253;14055;28327;14213;31935;15617;15896;24619;2336;8999;3856;29518;3286;29413;22639;4507;21995;29169;31150;19196;27057;12579;7629;17853;8021;3266;19084;24814;18615;513;28638;22024;23929;32201;2971;7635;23639;2233;13685;7302;22198;29804;10029;22832;23167;28154;5383;17496;11821;6593;27259;20960;4901;7269;16173;27184;582;
13589;6175;30352;5826;19728;18725;3284;6956;8296;2714;32319;27858;25606;5970;19874;10572;3311;26319;20676;23125;7366;22456;262;5082;6033;24198;16199;14417;1728;3201;3846;22348;11627;747;3270;23118;20955;9851;9143;29661;16460;9997;18066;1240;27377;12183;12229;27659;19257;21087;27856;29697;26705;1387;14575;21273;9962;17209;27385;29148;17980;9137;31368;27534;11850;344;24666;32003;29544;32454;22007;21941;13051;90;14484;32531;11649;28204;4920;19995;16849;21059;5149;4906;11683;9993;29017;31763;14162;27131;189;23663;9441;18085;1790;20533;9277;28110;530;27787;
2241;27888;29405;29403;511;6635;27149;14888;12222;26361;23619;17059;14143;13029;371;10105;15813;27000;17293;25328;27731;2101;93;6322;24760;23366;8880;23144;12233;1717;22200;6795;23790;12255;23985;16759;27360;23334;17605;6338;27056;20967;813;203;9740;9388;17306;9366;23998;7586;23763;8151;7541;14157;15775;19276;11208;27514;20453;9040;9592;28277;5906;31918;12021;10877;3515;31667;24356;3957;1668;391;18272;2780;5184;957;15551;15359;15705;552;18070;14445;32370;3824;22079;29868;24652;7398;11289;9514;9446;2069;3537;11126;20457;3225;12768;25520;3650;8117;
1109;26175;16657;24351;10453;4545;12226;2718;24032;29000;9593;15319;9557;21187;32180;20580;22073;8634;25644;14887;31668;23103;19452;10718;9564;10273;25092;18423;3255;1634;32400;28581;13306;29419;23093;8243;25111;2687;2556;6297;8183;8430;1731;20813;6916;10635;17375;18523;4331;991;6406;21432;10400;159;877;28115;23714;13020;557;12398;23168;24954;4587;29100;31644;11491;3000;14187;15151;15612;27446;29907;19853;2905;16380;17967;15531;7597;20028;7932;11742;17540;8867;7744;13541;12852;7553;32030;22570;32272;14634;19366;10821;26592;3996;28658;7362;28558;25442;7022;
28708;5410;12216;10871;25897;21744;1007;8744;4944;13328;11795;16496;2201;28943;30924;21096;5772;11492;130;17636;28796;8230;25540;9033;32525;12412;21227;30878;3316;31316;17146;18149;12542;8920;18377;2219;6484;1565;22883;28894;7165;5534;2220;23775;12452;31466;26439;11480;14236;21145;9910;30288;12833;4996;12995;17660;20449;30262;19231;24024;30139;28829;24650;14455;8646;6661;14258;8855;20629;2888;6943;16889;18361;3902;5966;26736;27016;14203;3548;28215;30237;10554;7783;1671;23968;13972;10991;17001;1992;6134;31618;13770;13469;22993;17688;29389;23171;21139;6076;20325;
9588;13527;30700;10530;31629;4568;10051;6987;10956;24620;24661;23342;9240;23215;2523;11956;26497;19389;9488;12600;1482;6308;31578;23193;23332;8536;20269;31886;26429;18537;5164;10810;26233;14131;29330;15873;4223;12885;6609;29081;8184;4708;9849;15460;1939;13536;8026;27645;30797;31078;19949;11025;7407;7976;30192;27248;11992;5787;12369;24675;18428;7023;27981;4673;5677;10948;25049;7229;21402;10651;25665;11138;10389;20362;31759;24194;23193;10677;10542;32650;27787;18937;9807;19866;5184;30314;10892;18293;10560;27904;28235;11508;28873;3981;30566;10911;27415;3058;28809;25470;
1507;21651;4059;19757;22570;32008;20704;4655;19247;20246;1438;28292;21699;11229;766;14974;9924;3410;27766;6096;30692;15344;25317;29928;18859;3243;6846;23167;20416;15142;7529;14190;23652;13349;14822;7875;30271;25669;26804;11284;31583;24299;9969;531;30078;29050;3266;5987;899;30409;8949;17834;31820;32468;15333;20200;11947;7857;21406;19719;25262;31942;15170;16307;36;27962;5036;11371;32348;12969;23378;1240;304;14108;4976;18270;18242;20792;16483;3570;19846;27061;18770;32555;19457;5394;31508;21915;28624;30087;12878;29023;30315;31036;28892;10229;3627;18616;25203;17998;
8202;31132;5252;31012;26283;22929;25955;3982;30362;25983;28328;19410;7124;16640;28374;13946;12426;16916;30266;10154;20770;25878;23318;31408;4479;15598;14591;8157;6018;13193;32644;147;16080;11910;21520;27040;10710;27698;19218;28618;25611;11447;15450;683;31093;31632;14022;8640;10095;11584;22303;26556;2729;25924;1598;24610;28272;14406;25203;23314;8496;16019;22567;13155;29239;10959;11711;15091;15547;14568;1732;16699;9247;2376;8769;26663;25970;15439;22637;15140;25145;25088;7050;15482;18542;4602;13;23772;31688;16298;4095;4413;9277;7872;28067;31462;1478;11231;2393;21958;
1378;11673;28354;8457;32605;16794;27941;13804;21202;18979;7954;16591;18031;20411;5445;20619;10872;11041;10444;28679;23566;2948;14445;32262;3506;11510;21826;14147;30981;21279;8870;9920;24017;23598;27989;28763;29261;21;15822;10658;10397;4086;27132;13544;28057;18904;27158;21145;17615;5279;29892;23754;26059;14395;9859;24852;16022;26143;14410;3235;32636;9717;2414;7818;5138;31376;195;21593;11640;21282;2308;1266;16860;7343;11380;23960;9535;1985;5062;30025;8060;22110;27706;10830;9094;17975;30986;32272;3057;27426;21508;25389;180;3530;8568;12747;27181;25253;15188;13869;
5477;11559;6030;3460;28054;9014;28098;17671;28394;9437;24605;28485;13958;7236;11129;9146;21447;6624;8905;7329;16075;231;31160;26378;6196;22535;8845;22828;5672;4695;17234;17148;17052;25742;1589;3327;28371;31347;18734;14684;33;8340;28898;31541;31221;13883;25288;22583;26903;31646;27274;2160;5165;4182;3758;2145;5508;13842;6261;4437;16909;11149;21251;27633;422;13245;17857;20747;31899;7502;28160;19648;17005;24142;15327;22464;19922;6186;22126;6893;2556;6105;27411;4389;15646;9815;3117;31579;31789;15701;25336;23277;3044;29743;14513;26161;21258;14622;6906;11089;
16887;10927;8063;21850;21333;9587;2778;18319;2596;23032;24244;771;4352;32505;4909;2663;24231;29650;32638;14368;950;26422;13789;15005;1459;22052;22178;10983;27472;30487;7847;29049;24046;25982;13556;27987;1121;8555;31644;4426;31475;14223;26594;27554;3243;9574;9632;19422;4559;19887;2538;31447;6055;4383;6382;14604;13700;24406;8990;30521;13057;21522;15762;32043;25481;13475;6567;29394;23321;24991;32749;32664;24647;4310;29248;29681;16260;25480;14644;12595;25502;11478;24759;17321;22409;31863;26609;25314;5470;16812;10351;19535;18084;6774;14465;11278;22991;8966;19680;2048;
4358;22901;23956;24865;28201;27061;4629;32537;8211;30152;14513;6670;21788;11823;19757;22205;5858;20134;21167;18633;4938;21262;1244;28498;30401;30891;9277;24522;15304;24463;25063;4868;5039;24662;11867;2190;19616;27156;28587;13377;22752;31884;25310;27158;23378;4771;11414;15420;23869;4372;23792;32615;4430;3428;27308;26986;18401;281;27022;32264;30844;15655;3;15879;1180;12715;24584;19591;6069;24027;18248;32402;18548;31805;19076;2292;24391;16152;28728;16461;26143;12585;24188;8036;25973;3734;8232;1982;29323;10792;17723;28784;29428;12980;25214;30513;14678;27866;13412;1971;
24431;13554;26933;3380;342;23876;22123;25168;15875;15479;7517;29465;8466;77;794;17769;22980;6285;32664;23415;25415;20032;18446;9385;567;23327;22686;28841;15204;5453;16695;6331;10198;834;14778;21326;18958;27655;16731;26064;18575;14249;19787;10439;12701;13288;19092;4638;11333;4399;30532;14780;15005;11209;22221;3164;29005;30033;17836;8344;18510;4714;28745;25158;26866;177;12574;2056;7461;22768;6684;1823;17394;405;11594;31104;28489;25954;2224;10794;3839;613;2419;15286;19734;25899;10817;7472;32575;25649;8431;16677;20893;12187;32609;19197;3788;2344;23467;9867;
10530;14438;17269;15843;26932;3874;32420;16748;26012;4643;25911;13878;10234;6680;19566;16013;9017;206;20274;20686;24340;11942;30129;20601;31960;7239;73;15752;31083;7312;22951;28159;20621;720;29744;1477;25950;31034;5791;8370;21536;7059;23536;25321;4415;10798;27262;25448;31118;26906;9832;9437;14292;32666;25400;4283;9095;27605;22727;10382;31959;24271;24411;24972;10735;5272;14099;24172;22903;31940;24197;31611;11869;18202;15525;24812;22741;10385;8681;3951;16542;27768;25770;6918;9351;9716;7374;2068;21299;5551;17060;32439;24857;6095;13583;18520;32718;11813;27367;19329;
23175;31399;21404;31214;7130;15905;11036;25830;196;12071;17655;27596;7408;15694;4801;14577;13366;5276;27065;172;19811;30012;19367;13997;25144;13174;14091;11662;20661;29663;17011;21675;29079;30669;1837;2100;30751;3598;7966;10112;32533;31706;14834;26020;26381;29189;3446;2117;27113;25209;9537;2218;1951;18916;21914;19221;12348;16814;21910;24660;20265;28206;17537;1427;7085;7453;7807;22132;21172;10315;25715;25954;15823;28816;31520;11810;11131;1286;1423;5802;15526;19061;16048;29239;11119;14095;5699;15002;28462;30302;5369;29650;25012;2426;19415;28128;18900;14207;21212;22743;
28450;25150;6883;24371;6906;4915;5835;14955;10948;21688;32724;30154;6007;11127;14668;21370;5724;17445;5996;2018;14101;10606;3453;16178;8925;5675;1854;8507;24849;14299;29066;18309;17648;30033;13878;22939;26783;3498;12089;17322;22895;9090;21775;15178;22883;2152;11359;1692;23021;23694;14043;14741;5113;22213;27495;23961;24876;18601;31102;14156;14958;13081;23506;7845;32678;32491;32307;7492;27844;11741;31410;18181;24581;6094;12806;213;21874;2094;17199;10692;15275;20403;9817;23132;1506;7757;28418;11825;7978;14685;31071;19386;8946;25122;1788;7775;32460;115;3748;30419;
24948;26036;17280;1444;6925;15363;6018;25617;21165;30130;15621;7963;13596;20730;27565;30943;217;17389;27797;21538;4958;25773;12713;32302;23461;8668;31824;19165;21995;24403;22351;14067;29876;19223;26602;1200;6927;32392;23115;1702;3099;16348;27944;3273;29642;30668;24737;10181;27877;12173;19559;13972;10321;11010;8483;29263;6544;29488;22806;27716;19594;25842;7164;12874;18574;6126;23095;3409;9364;12743;9001;3645;12485;31125;15074;23797;22845;16274;13051;32182;9743;27925;2753;174;31881;20677;6807;20422;1466;31494;20117;3775;24114;16056;29813;16768;29449;10785;8368;11438;
12323;3111;28388;9342;25521;22979;8569;15815;31483;1970;25732;5468;31838;11374;14315;8600;25232;32348;17611;16954;15660;583;8726;627;14954;32269;19585;16702;32301;920;21917;13296;27204;10256;3651;30480;15337;15183;12342;8552;8846;5014;19204;3420;13274;16766;30765;19579;24814;16433;6791;31060;20716;30169;11489;23435;17594;6233;25575;4652;26627;19004;10054;14398;13183;1002;9744;14236;17525;7458;2657;15872;19838;2724;4163;2145;1163;9262;975;30847;12841;1706;27285;10428;17924;26278;23614;29229;5290;26372;20080;6385;8850;18419;22514;4801;8285;542;12049;7113;
31835;8739;26434;3510;11601;30790;12808;11537;6778;28775;10008;24779;17611;9777;22460;2073;5499;2453;12661;25218;30147;10102;29668;15925;5091;27302;15850;24737;31077;26898;30223;23872;22181;4409;4640;20147;10129;19427;540;9748;5550;26127;16978;1160;15196;22317;22723;21267;11354;14221;16845;3249;26508;31512;4107;28322;5628;17470;17271;773;15136;25391;7121;14760;14939;21838;27205;799;21957;22754;9800;8723;2607;26895;18883;9949;27746;13830;14451;18771;27560;28024;13967;5346;7566;26448;12972;6878;30439;2721;26335;7957;5652;32477;5409;29354;643;32073;25335;28961;
1398;22189;6226;21430;6;336;17843;20211;25191;17187;5524;11905;10349;19517;19716;25407;32591;21895;16273;14225;30892;6073;14954;7675;28363;11909;10949;19950;32295;15377;895;8929;14379;24747;9730;29092;29498;23225;21100;18417;23538;25326;25326;19013;11186;6340;22129;9197;10329;4902;28288;15716;20817;26988;25698;11484;24013;18573;31110;5403;28750;26768;26405;26248;9068;30276;28962;13958;21459;17713;8245;8448;19340;24014;26440;26693;12926;15349;14369;18199;26676;20883;19266;10494;10976;8612;7949;15587;12192;1887;29228;5593;4097;32173;15664;20030;12482;31456;28536;24835;
1498;13474;29525;11592;22459;24619;15723;22572;28121;17080;27483;227;16998;9784;13727;31497;9056;1608;14517;821;25806;2401;22911;8658;2119;6736;18666;12330;32179;13799;27342;13252;24918;16627;9237;1008;23306;31342;21536;28064;715;24053;32102;18809;28281;2684;24926;14378;19674;320;5024;30973;12767;20733;18503;3755;30760;353;24985;9845;23497;21185;234;30064;12879;9740;7869;33;25598;8445;28205;73;2653;25236;3979;23810;22517;23494;22089;26891;11605;8308;9750;23393;32601;17562;11083;13839;29356;6601;29318;3910;20620;24791;9108;28848;14541;17365;25493;16642;
13601;11329;8794;27601;4502;18813;22290;15270;7776;23424;28710;6740;16089;5580;31329;11145;27078;11935;17236;30116;32476;28270;31481;3270;5507;21391;6294;29740;10457;7734;1764;10684;17658;22690;23409;4061;6527;12184;7491;10636;5444;12049;24254;23725;28527;14128;11976;11934;16813;15734;9514;12050;6079;11833;3641;1309;6198;594;31159;21131;10874;23831;12532;24950;15889;18057;22584;20504;5918;21966;16229;11997;17448;24545;9689;17596;8477;32392;30098;28104;2967;902;14741;18434;11357;11282;21392;8818;31277;10377;13502;25206;22969;19552;7691;21337;32495;31324;11129;5159;
29565;8453;11970;6080;26261;23384;7487;27436;10733;2492;5384;13870;11;30519;15709;10780;8127;24290;1604;21229;4337;26010;2932;32404;18076;23545;7794;11917;6683;23684;15354;18357;2980;6694;28832;29790;27666;29406;28855;27811;21479;6836;26482;6393;2961;29425;16713;17159;18668;24975;30110;18616;26121;15599;5025;1422;29998;8138;5745;26169;22045;14698;17540;23144;12441;28186;7752;6367;30759;23515;8202;27081;23826;5976;23320;27472;20145;13596;10786;1132;29420;29443;1254;31224;14077;5614;14093;23051;23924;20411;32335;12677;11646;16757;21470;16360;10086;28103;25858;7530;
25180;12215;32512;1864;30582;2449;29249;18012;7668;24608;12464;25586;23752;30244;11108;8408;30038;15361;13183;25268;27512;18357;25174;2970;20165;2316;19666;28638;10515;3607;1558;24103;13882;27610;13665;28101;18715;8005;17206;1861;481;31334;25019;23362;14727;29148;29792;15230;18075;24207;6848;2609;32577;1950;25292;13216;7290;2201;26150;26098;25254;26609;22219;31551;13128;29100;16117;18923;27658;10845;30784;20274;14081;28244;7691;26627;12337;4370;32545;3090;1108;4352;21145;16169;27863;13152;13306;11454;11558;7299;10915;8651;29993;14396;16490;22746;19726;1686;27524;19551;
28234;8386;20389;843;11738;2643;6759;3038;23503;8878;32496;6333;15369;19131;5327;29764;31811;4833;7720;15901;19280;1330;30993;10002;30115;24546;16443;7967;11029;21502;24277;10700;20963;7258;7085;19642;2806;204;24473;19579;19304;6551;15125;11174;12099;26410;28461;8235;27020;4619;32158;29413;30080;26382;1080;32110;27933;25546;26502;14903;10468;26445;4273;6872;3294;23311;17058;6308;9949;26661;19047;13185;516;3255;3800;21239;21385;9652;17274;15750;25786;16580;17059;6717;24126;19071;21215;12424;22686;27868;23443;23114;22020;12780;19680;23595;2370;16072;16074;6196;
3605;15048;2970;20121;30379;14069;27008;24789;21092;10689;18301;19196;4566;21238;29056;18253;27667;7149;16336;20487;10542;18432;21929;29567;30203;2369;13098;11886;9495;19821;7791;16527;296;22299;10234;12138;5222;30521;20055;27498;2395;31417;1279;19254;2278;8328;8830;20798;14726;11200;31185;28564;17365;26142;8978;15870;83;9910;14167;22089;12901;12517;983;19168;29854;32648;30798;27549;14908;20587;21667;19678;2550;1029;22984;17628;22005;9570;483;21304;5408;11872;939;9943;412;23582;9492;13808;8339;10162;8494;7267;30517;14106;9546;13389;4349;23157;10592;7385;
15158;26996;10157;9049;6589;5387;30624;17045;30984;364;20471;11362;359;15413;13350;4471;12170;25320;20728;7037;13892;3485;3192;19813;11662;20979;19730;15870;13007;29260;15350;24775;24155;3386;1725;20738;12857;24884;25679;21257;26153;30862;24836;32741;13541;20904;13833;20253;3752;22373;12294;29388;21741;15838;26877;14838;889;5976;22902;27932;27291;13684;1241;22798;24243;10918;17691;31745;241;32744;31132;2273;1375;29360;7504;13545;6690;20255;2078;880;21501;14971;24453;1030;17430;479;31365;14015;6909;16689;15549;2767;31978;30293;11473;11095;27462;21664;18958;3711;
26477;27792;25937;31429;12979;31674;292;30357;20389;30979;32043;22041;10385;12563;4287;23378;32584;1799;22744;7272;2594;11622;32048;9278;25155;27479;12453;330;10013;16913;4319;13988;31542;1682;10548;17244;15915;17300;7368;13329;10230;30653;15353;29375;10604;1046;2298;18649;13833;24254;28605;18328;23280;24032;13591;2706;18222;12002;24863;2190;10559;19935;10455;26263;1491;4440;6926;335;27602;7718;5252;8326;10653;22451;16208;2315;26519;8298;8575;24770;19428;32364;32510;6391;2928;30853;4794;21234;3123;16222;25349;29388;31924;30452;13628;21633;1228;13384;25766;22341;
29613;857;8352;13084;3874;2383;22007;19621;26649;5881;18326;31542;22622;16249;6753;29998;3497;18238;22624;22151;17883;32563;12064;30123;8325;24630;27990;31369;10666;31436;966;27623;454;3859;3427;9978;18190;24824;8888;30004;9210;7337;31878;13405;9985;24398;10671;17637;18339;14324;23634;12921;15533;13513;4664;19156;1977;20623;7279;5848;23028;21579;18996;27101;13860;317;15127;31561;29673;5909;7257;15968;2114;2660;21913;27742;14164;32593;26799;29891;4967;23693;2265;18415;27954;2697;11541;12270;6488;13030;8653;11157;12082;5165;23993;32718;9423;15808;7682;29488;
27705;18448;3491;26579;30202;23825;31765;18274;15583;9451;26411;30065;16124;27379;23611;15377;2032;3801;29822;26274;12395;5666;28857;32489;30445;29145;14365;24675;21968;19586;15980;5592;14984;29776;5470;13618;16938;13720;11587;11664;7979;14724;2281;15255;3178;15628;26816;30728;29041;13346;12604;13464;7160;11565;4219;6908;12971;2233;10024;16963;17710;22893;14495;11880;7517;61;9810;28200;13784;22753;14955;19217;31167;2693;1459;16348;12730;20674;21682;10492;16957;20685;24;25463;7946;20206;7259;19957;6135;22580;19618;24598;25329;13416;15586;19465;1857;13375;1862;24155;
3598;12243;2261;4108;7203;18772;26959;32488;22771;18427;23127;16404;18138;8000;20951;16616;28838;30285;17313;10748;4182;17330;7762;30854;4898;20826;3964;16867;7867;15550;21252;21875;31699;18264;4552;12458;2528;2907;4997;31076;8221;26785;18425;29305;32722;15845;27460;7826;15318;16946;18836;1339;14674;4763;26113;20025;11719;18477;2230;10013;15955;10786;30802;10009;9264;20567;25230;9491;31357;18945;14367;13304;6465;7323;32734;14675;8621;12067;25894;21022;8097;30085;1405;31191;25714;28760;16759;10199;32491;21704;5336;22240;29841;28883;14841;10997;8235;8121;7277;10606;
22914;25261;24291;14155;19046;29137;30798;20937;5361;22881;11332;13619;12048;30510;25252;26107;5950;27727;8828;20489;18067;22291;13354;28755;1022;26938;11969;15534;31951;11876;29870;15843;18040;5833;25499;4102;11668;6699;15251;15619;30248;1801;359;9594;28969;21014;24657;27597;2879;31209;20184;5495;14537;21238;31475;22175;25377;20413;16753;15340;15137;6465;13464;9884;5350;3004;30221;20176;12499;27537;26612;16426;5593;26242;31063;1178;24822;13603;4556;29045;11772;28814;24658;19144;32148;28761;4477;12523;15490;17605;12499;3161;20523;8504;14709;27582;19540;19182;6658;2130;
13868;24555;12216;25702;30861;2612;31964;14396;28031;29502;7772;8476;8446;2983;17588;18084;12541;31524;13326;27232;28330;19643;4013;5531;9460;11058;29835;22900;10314;16839;10049;21812;5030;5409;22824;30430;22219;26759;18622;10760;31179;848;16715;26858;14795;27290;15812;25525;25354;25407;13039;12838;3104;20485;17608;17242;5764;16405;27428;32740;6225;16815;18836;21021;4938;19739;16012;2235;7451;23523;28100;18341;23778;63;18911;31494;493;4305;24907;160;6085;15506;29288;31588;23404;6925;2796;1343;30180;3275;13958;13110;16368;14;193;8117;29471;28098;20012;28452;
27653;8880;20664;700;25036;10485;7009;19865;14060;26034;6416;16;18230;16134;27328;32066;22295;24121;28896;20209;2075;25146;1017;2963;30384;5708;8337;25253;25901;252;2639;17218;6162;24406;10848;20724;18321;24664;11544;6858;19022;13479;8925;18603;23908;18049;10305;13033;11688;11763;22894;6169;1585;13644;5319;25891;18456;465;20684;17301;3964;13490;2366;25149;10697;6205;1924;11254;16698;11602;2638;24770;24989;11543;4216;17689;14935;21228;19249;23425;16807;674;31580;23647;7471;7911;15926;24589;29616;9221;3386;28460;3093;23245;30018;27964;23987;14285;18670;4458;
30159;15050;21065;25000;22112;25194;18346;25603;12823;2096;2009;31281;10653;14509;24947;7018;28188;23541;27024;24698;27904;16977;9634;5651;26879;26931;3233;18791;9302;3183;9061;758;86;22439;14419;9125;13856;19463;571;6161;3245;11827;9857;22050;12305;4222;27259;22755;3584;19805;5147;3729;23441;1563;15822;27890;10306;31182;8611;8167;8764;18569;8112;1605;28633;30419;946;28897;16996;17752;19955;22506;1568;12511;881;31356;21387;11900;18748;7281;1507;30727;20256;22139;6890;31948;19844;11376;16359;19076;6802;24036;12269;645;6808;9469;18271;12085;4014;22403;
28852;3524;3226;7735;20088;8219;3824;13926;18067;6927;1150;29117;21198;1243;16358;26719;14995;6093;8333;4405;6644;15679;29108;13445;23024;13513;17637;27847;32241;15285;19345;10676;27288;18611;29687;27039;2493;12238;19783;7432;28594;17055;30472;26735;26056;16577;8119;14438;32277;11397;22193;23530;5236;22502;13651;6387;24780;15807;9055;28490;32406;31547;15009;32155;3481;32141;3539;15563;20472;14306;22207;1419;26991;30100;20387;5166;9178;7329;15321;32439;23799;29787;25527;20791;364;17505;1973;17494;14604;24525;3789;16943;10326;28847;29736;11617;27454;6075;14326;7778;
11569;13374;22430;2839;595;26711;4375;3234;26123;11619;30101;14204;705;3257;3945;14787;9958;20632;7970;13269;2869;16733;13305;32541;20025;17145;9068;22317;18704;26275;9256;6413;8558;17610;4140;3283;15589;13134;4652;28020;31075;11247;16947;8922;20220;30470;30093;25143;16105;28275;17892;10392;13265;27862;5033;17341;14152;15618;1974;23848;8342;7598;22577;15220;8377;11630;21683;11752;20397;21218;32169;22092;7914;29997;11003;17659;21807;6313;1516;6970;30590;13274;23106;10184;17255;20640;678;12727;7818;19888;29773;25977;8024;21572;11736;6206;4889;22034;3449;21886;
9523;10107;21080;27345;2985;2566;19765;26119;23778;15116;1102;14709;29356;23221;20099;31373;32384;16163;10680;28338;13064;2028;20603;23114;9950;1486;21222;17940;21655;19102;14023;11963;23552;30082;25343;21164;26791;3936;23080;4645;24989;2966;2171;5519;18043;16620;10480;11790;23971;28358;1446;9302;6088;8863;6022;27072;19633;4530;18724;24477;13625;15098;24805;10442;18075;25949;22119;14725;21228;20005;5917;6526;4841;7087;32314;3121;31987;26727;977;4980;3416;31220;26426;76;25556;30895;22711;1541;23128;15194;26199;898;30985;31503;12315;30417;27532;886;10072;20226;
23425;13115;23900;4154;21581;24767;9556;32259;5149;30478;3438;16358;28200;24338;29498;13372;8756;2310;14166;25921;19803;10796;21578;21610;22543;707;23729;4089;1372;16436;9370;18126;1901;20364;6701;20096;15698;13358;4498;20396;32256;14026;2062;3213;5273;137;8815;30157;20974;30346;27307;411;22339;27026;4292;30974;32338;28159;13038;12137;658;28670;28916;22671;20408;22526;20184;28792;6526;21349;10938;27093;8356;5505;18938;5777;18741;9409;16801;32424;26124;2085;15869;6460;23958;26867;28044;7142;3034;31916;4892;21578;1462;19262;815;16366;8555;9595;4260;22092;
26716;24522;11412;14629;22034;9500;15739;16153;2180;30242;29080;3189;17813;10430;4246;11852;31199;31671;4203;27593;5295;4784;29057;16835;25936;28251;9747;15506;23949;13546;2267;9249;23921;24262;9962;11845;27729;7044;24791;11085;781;789;10011;24795;19346;26428;21948;1778;31139;22853;29481;6991;8410;14325;22117;32509;11241;22973;30824;4644;22822;10034;29891;16930;24647;14786;32130;15836;9577;21151;18006;17494;7512;15872;10996;16770;18186;30345;5304;11606;24172;7431;25486;24865;11362;6241;24082;22303;6152;29132;27894;2123;23871;16701;9636;23668;3173;15908;26661;24723;
14179;18519;5186;14172;28653;32076;6633;30739;31493;11660;26834;28577;24001;18020;865;30695;10063;990;14543;22866;7222;32496;19077;27312;9950;27634;200;25410;12627;7509;29339;4882;19526;7827;1249;30086;18261;31586;25795;21046;7820;1837;337;24571;24875;14532;18540;7752;30121;28243;10979;22718;24314;11665;11228;2298;26382;13369;32630;2738;21146;27838;31916;22016;538;6971;26237;13309;9239;22184;20553;8594;23717;8788;8575;21643;1585;15247;31861;5869;28537;28583;3223;27786;15068;3607;32708;14034;17108;19194;12021;19180;10177;9670;14880;11782;27368;10294;7004;27625;
15035;4488;30021;15312;21595;16873;8354;26490;7771;31278;15685;10366;24775;17348;18995;28639;15972;5354;2309;19424;21306;1309;12430;24601;7248;9684;12990;9163;3255;21358;6598;23153;29641;4713;16509;31383;6323;19668;27139;30447;12081;1031;31908;7586;2457;19089;25599;484;11291;6770;24167;9163;9543;23435;14729;19041;20431;11858;16975;17400;24975;20170;27653;189;27594;9139;29371;15248;12471;19965;31978;9491;29244;19587;90;17665;7673;2038;28226;1474;31368;23319;27314;7740;14851;27434;4910;19947;5575;25767;6299;7988;22392;28722;12384;9206;29510;29645;8389;24675;
5998;29773;27806;22542;21763;11018;25134;28996;17902;9179;4422;8864;21556;30530;27821;7898;1655;29923;6852;29408;30144;21051;14698;18984;20603;12686;6430;19780;3779;5409;13155;20151;15328;4778;24681;14855;30990;23301;4073;30995;7552;27176;2385;17319;6053;29529;30497;3406;29610;23967;16789;1383;11072;25718;31876;23931;8863;12486;27784;18894;30411;32278;26463;28724;278;8189;5009;14630;13286;31706;19283;14101;13496;19141;9900;6142;22373;14278;28886;21823;24228;11844;3303;5545;9681;27840;3505;30166;6125;12227;1254;10941;6117;2324;19840;12931;15895;14127;21855;1941;
3858;4339;10804;2547;3997;22939;19871;4815;23036;4335;5268;26198;6254;5051;5635;30670;2298;8321;27832;13281;28267;5227;20608;17720;4762;29827;19085;1868;15851;5926;2331;7033;18458;438;5716;21589;9784;20112;30321;27455;6640;12094;28963;13371;26127;24301;2609;17405;11332;6433;28002;15427;22563;26791;20893;12904;15216;25292;5967;25654;16283;8908;9741;12029;20615;6541;19835;31969;25743;1421;11628;7288;17867;10009;26954;13973;143;1217;10937;22110;6965;21512;14199;14245;31517;23136;7814;20341;6897;23125;16526;17130;30254;24840;14205;16454;19936;2015;24944;28226;
10925;32379;4822;26018;16404;28906;13266;26892;5367;7710;19682;20250;5463;12958;18111;21166;29024;15228;24964;15750;28069;17799;10001;8464;2220;31937;23730;4479;6573;24596;14332;5918;19607;23872;23288;18916;8020;26904;23428;19273;17486;26606;23029;4697;3634;31308;27393;15879;18676;485;22749;25027;9235;29386;32674;79;4638;17633;18677;10446;16759;6548;2791;27166;4695;27078;19994;4199;11794;20491;16166;24820;9116;17176;20282;18498;11596;21624;18439;11863;993;18305;22233;25941;25283;5255;21255;26191;8587;11343;17294;20571;1732;4038;26617;24041;14323;4083;18564;17491;
27350;18987;4480;12725;15338;13444;15865;23806;20015;20108;21911;23623;6191;19002;16834;13668;573;16676;32265;23737;14843;18931;10181;5711;24351;532;12537;27944;28022;24497;14973;13519;2089;24544;22876;18738;2623;25882;19322;180;99;23022;24442;1151;28647;27638;5086;791;3850;29451;12656;28981;21110;22709;25825;19666;29709;5093;7089;5762;22245;3303;10318;29955;27793;32146;29056;14102;32675;8642;12548;10125;1902;19464;1400;26534;26897;12959;23415;17303;18865;2210;29188;13674;22021;14205;32300;2571;8984;19618;12775;23712;3146;28541;10816;23576;12952;29609;2229;3847;
286;23396;15329;2481;23258;24128;15192;19044;21939;18460;15059;12300;9914;17491;6285;16129;9135;26931;2796;10275;32199;6065;20836;17961;6572;858;27801;1334;10438;30349;8643;26797;26553;9960;19799;9031;9775;11776;18660;30051;31703;31317;26682;17821;20142;19589;20946;10145;3709;5311;13930;17730;18850;17531;11248;24006;32532;26728;12193;20356;20898;7846;4978;24498;123;15670;23215;13432;18675;15535;18914;13640;5508;15154;11766;17778;7699;11167;7836;3315;23925;1289;16366;17294;50;1640;18258;12831;12425;25230;18338;24107;25524;26717;2186;5051;3181;31542;27953;16747;
22192;28596;11803;23230;20675;8347;27214;13492;9588;20491;21427;4255;19362;10490;31424;18738;20222;29921;32084;21979;5651;22964;7394;6227;18820;13336;32722;10355;16533;25041;8740;4681;5869;4217;14679;14955;20379;25720;3977;23691;10582;3120;6623;22604;2057;4984;20007;16468;6031;2892;31676;24482;3002;22978;11178;10530;8603;17984;19475;17791;17917;5613;10962;13113;1331;19557;861;11511;10260;25777;9200;18974;8771;5750;28136;3490;13748;31596;13677;22301;28523;10514;17491;27166;24967;4769;1090;32707;16000;18238;5141;5770;14765;24691;19585;29796;20745;13536;30711;3851;
25654;9006;16843;20118;15554;2373;8341;24139;27562;15295;16344;32692;8220;4508;11489;5109;23425;22583;19186;20316;9915;17272;21152;19258;11435;11852;24698;27121;24055;16210;22251;16719;522;17880;5986;32538;22876;25349;22191;31724;13555;21335;4273;28737;10026;27729;24366;32719;12721;8813;14338;3862;5333;11096;22140;5943;9217;4190;21509;27657;17285;17699;13314;10346;29591;5781;26364;13523;3223;1566;2302;7216;4248;25886;24383;8942;13851;17560;22785;21589;4125;3372;6073;31256;30549;21317;17008;12842;6327;15251;10345;5844;19772;956;30468;11525;7909;846;1762;3305;
7934;14585;1098;30908;29088;14331;30412;21985;12921;2523;27684;15406;5839;22618;19041;3979;28867;29607;3398;22459;30675;2258;29424;19065;31395;7299;23481;15303;24061;7660;24925;26755;3350;9724;26971;20283;16147;14037;13982;2882;13771;3969;15965;26115;22991;26592;17472;4758;22440;10469;452;18321;8799;29954;23776;11041;32579;5345;29161;17753;32486;7253;29875;27849;1897;23440;11513;24915;21497;28822;4606;2362;3482;3314;18805;1148;24867;17319;3486;2658;13962;29545;16051;17749;28002;8461;9090;8435;17058;22079;7515;15970;17320;22643;21292;740;29310;19486;6123;29868;
32603;6181;4148;23025;15213;7573;23348;20032;10453;6038;17093;16918;19444;14234;14042;6318;8677;20954;6174;22552;24650;11779;5592;8075;25164;20524;8978;22524;26333;19980;18170;21231;1088;1130;19592;19342;29900;16596;5473;32248;8429;13204;5116;18651;2667;15840;12547;3397;31983;28753;8188;16567;10179;19863;26408;25980;1241;9578;7851;23864;12559;7107;10990;18884;6577;12365;30274;28729;9023;23062;28102;21067;11633;2955;17802;29145;6265;12963;18420;29377;12168;2394;13411;3833;7315;19041;28947;4316;18775;7700;5185;18369;20891;21420;2191;10962;27317;15030;20649;7708;
25679;12484;11817;3554;9835;14178;12216;21559;20645;9803;27254;7372;24248;19933;25245;15110;30276;7627;26465;9811;16847;9234;26138;4287;32009;30766;30884;19394;5716;26253;13062;28508;2435;28740;29779;30564;22498;29441;16078;19230;16759;3392;23377;25355;9096;4802;19440;261;8286;9531;20953;11915;29768;17740;2686;30041;7138;28592;26615;1595;12182;6842;2209;16932;6244;10239;12812;22906;479;7760;29460;30133;11640;16363;12621;8488;2815;20721;9637;24862;14951;8731;3140;13865;23242;13225;2999;30391;19116;1180;5966;14310;15748;25125;20674;14490;19065;19293;11547;716;
22633;15670;24785;14117;2863;31410;22322;14027;5670;9555;14595;8059;6121;14802;18026;19928;25437;17684;2060;23042;23026;25945;7026;17003;15141;27575;7857;14566;3402;12743;32586;17921;904;30622;12367;13973;1317;24062;3015;1947;14851;20686;25428;17473;16491;30152;1043;2622;28682;29554;12740;10338;20025;9295;23851;2929;6018;2646;6581;27953;607;5795;5727;31170;8004;6509;7636;24366;31200;28216;25045;31553;24481;14411;5598;7067;28534;17253;7431;1027;22232;23724;20264;12030;24587;14310;6464;31904;13729;13547;32024;17315;32577;6490;13347;30902;15270;4748;31145;24599;
31722;5062;16420;32100;25605;25779;21995;13743;5265;29713;15629;22480;25040;17066;14976;32511;31727;31366;24699;930;27788;1631;6176;28259;3447;15701;28254;8582;23733;30435;10262;11385;20939;6930;24956;32173;6201;748;15553;26277;21316;15668;25583;9805;20216;2900;25108;28044;17006;10903;6050;4636;1867;15768;19990;25498;27273;27131;11992;22233;31354;32346;8546;31612;30217;13442;21669;28612;16708;25568;30632;18086;791;14390;25971;5153;20570;16530;18475;5070;2063;27265;30590;7609;17636;15744;5698;23919;2048;27315;13144;32600;251;1242;29143;18503;5934;29824;31846;19280;
6190;31861;18410;12762;12179;25215;26978;18932;3070;4173;782;20205;21850;16556;3287;8222;22625;3326;31723;23051;2914;28391;3496;1451;20546;2633;14779;20995;6082;21363;3977;3066;18943;26005;718;18536;6207;7543;27523;29808;7146;19563;15622;16400;26327;6017;14453;5878;26825;22265;7770;7061;20026;2558;9102;22649;15447;12945;11607;7127;3659;11715;6356;12649;30656;23591;4507;28280;12451;11911;15264;17467;3624;27350;13401;19551;11535;15718;12063;999;4389;27227;12504;10294;24077;13152;11987;27242;3392;17816;5363;27884;17747;17367;30480;16197;13945;16659;29082;19508;
8264;16149;32127;28157;25792;1396;15183;7427;19593;25796;31135;27801;24700;14859;31403;18966;31845;18036;15679;12839;32519;12104;19671;20586;15201;14873;23813;15672;3888;6465;13331;19906;17077;23691;10473;10847;5560;23087;14386;7972;7629;9220;29883;23222;22998;23793;22299;3932;7881;676;12441;10840;16820;32647;17738;5496;8958;6384;20858;14056;32495;3481;32333;9034;10098;30799;2470;13832;2842;19182;9544;1001;11620;30092;20796;23523;29756;3573;13682;18993;28354;2904;16043;20901;31053;27199;661;20286;25264;19652;12088;15357;30397;27394;2450;16629;4616;26571;16254;20898;
8942;23961;4315;16507;15317;14278;5097;458;6836;11263;6390;4284;18903;26614;28987;10932;15836;18263;7425;21733;5378;9726;9480;24608;23459;8807;9000;24298;31230;25701;15929;16850;12090;15383;7473;3586;15784;11544;5516;25107;11337;14839;6385;15654;16784;999;9746;15408;7016;4791;16596;16789;2169;22788;13744;15097;1703;18605;11352;31058;2780;2951;19870;20290;30216;13394;146;27045;23398;31724;747;5734;31744;24261;24745;28054;7029;11923;3832;4287;4602;27719;11862;29813;16287;32319;14328;26671;17620;5821;6762;20565;9259;24216;2423;18074;12639;14385;1352;5260;
29078;11945;23760;15465;20707;25937;12135;1077;20751;7010;12724;14089;5529;6127;14801;4270;28923;4631;22186;1899;22319;27007;30374;26650;22898;17152;24970;30849;3912;23964;2458;5088;4288;13239;30721;30151;26105;15491;22642;10026;4069;25021;26640;16823;3661;32151;19339;32103;1813;29941;4236;15444;29378;16859;24148;2250;29241;550;6560;14752;12745;24187;32719;12489;32108;23934;32070;26662;27210;30532;17172;16542;14719;32010;24530;18289;22558;10535;24525;26057;8310;27455;14440;11923;16532;17594;699;16012;27145;18804;18816;25247;12013;6326;28208;30830;12323;25190;26985;15663;
223;19578;27283;32441;25446;19634;6851;25310;17173;19079;1759;14588;4005;7519;29956;2511;23981;15106;10532;22921;28776;10833;23796;20517;4281;3638;28421;15352;21868;23767;3376;8841;16575;5903;24120;21410;22305;5150;28331;12967;4921;13727;25865;10791;23338;6075;16680;32177;23318;4509;10967;28137;26849;6693;5058;25306;21815;25825;12438;4238;19920;19257;3429;18908;13554;21993;16715;30082;4664;31413;1362;22900;147;25175;12947;12403;15758;19133;27550;15840;15830;22897;29980;21459;27385;29273;435;32616;28270;26272;29994;20313;11734;4084;25294;26834;23681;11250;19220;24192;
17972;3038;23679;32236;14121;27800;15300;1799;9560;2763;5933;517;32501;18280;2363;10095;16954;28755;3727;3700;16998;348;4874;5505;15878;29040;23092;14609;10867;24592;18138;19653;22684;14083;17916;19127;22277;5192;24806;11532;13584;4175;15004;1480;2940;13417;31867;18662;28203;13692;30238;31913;11048;18171;29823;17453;31464;6677;5214;30785;1488;23853;5095;17017;25336;20363;26511;28286;29743;15697;5695;26025;17215;30640;8372;2256;17522;7515;30758;23648;8788;18236;18471;15020;30395;28007;6095;133;5381;6220;1558;26635;18849;12848;9601;1474;13009;3294;15105;7145;
5805;28569;25624;14343;23148;16726;26685;20166;32479;9000;14722;18948;17982;3836;26740;15656;26407;20102;3906;13234;28900;24187;30754;19991;17645;4609;753;8395;18861;2660;3609;2463;14985;22282;26296;28493;14623;20905;1023;8017;971;2743;4568;15867;30064;23074;3787;31939;12917;26690;290;2780;9997;17164;1867;29708;15036;21384;18303;25018;23831;18309;673;29257;20427;17291;20073;6820;20960;28945;15041;17946;4159;15600;26223;10349;32626;23064;18165;30245;684;23681;10165;30506;1033;101;9305;10130;25110;29101;8818;23224;22164;10153;3679;5262;14969;10499;24433;3380;
19256;19446;10061;4809;21826;18107;12433;15745;26573;9284;28858;10743;30164;28973;20805;11717;2143;13552;5140;14931;26116;2904;22292;25068;21422;29240;31517;13079;21149;8028;29209;24100;32686;29376;14441;22789;30685;22784;32132;30047;26120;12816;16353;7393;7670;4141;24600;10197;26775;25363;28484;500;25997;25457;15531;4479;9708;21146;26273;5259;25662;25213;29353;26781;32203;22999;12510;28790;4375;18599;28305;3120;26027;24803;15412;22410;280;18281;19062;8833;3386;28984;8880;22560;29626;24800;16000;18328;21206;22583;17075;915;12133;21070;24937;19398;2069;22947;10099;13509;
11768;3736;14592;540;1599;29220;16761;26267;6469;18633;6825;7921;4815;10694;28449;6781;6034;3725;23515;9824;5109;30327;21789;20183;26649;29367;21152;27336;5398;11917;1778;1434;20360;18364;9753;6986;6987;2877;32633;23227;21634;27189;28408;25166;18910;15141;26975;10931;19485;7008;10243;5119;22224;1219;14246;18686;13922;27552;28312;27850;20310;30971;3617;18076;27344;13561;4900;24547;11351;13717;31228;18579;5337;9621;31146;30144;14063;14268;31282;28267;99;23106;19010;15004;15600;16001;22549;18609;13896;2289;29079;15605;5468;15702;20426;24436;26839;15160;29032;7182;
29931;24212;2250;18635;12369;6353;264;9838;4747;5621;24162;20301;5997;16921;32222;2143;7131;17179;30771;10391;30676;14994;11238;2672;31152;25607;12979;15306;9893;25442;17966;24564;25744;22434;22442;30730;28914;1489;24410;1409;18745;12343;9910;15104;26690;28111;4640;12145;32027;5623;11720;18265;32525;5227;461;18532;17114;14708;29093;19269;30019;23133;10942;32700;7885;22055;26213;30456;5317;21118;744;26656;31618;17643;14327;9005;15850;7242;27216;9722;7736;7807;25244;1950;17404;20069;27539;11769;27490;28167;7015;397;6584;28947;19552;5007;31531;29579;2243;27198;
19921;2238;28153;26484;32237;30327;19181;32123;22382;12404;32182;9761;28856;10265;21622;20495;12967;17510;30082;13910;8657;5671;4803;22091;19724;7274;27740;30613;1329;11574;26252;31364;16927;22138;14038;24741;22786;19268;27744;17299;26581;12595;22426;11791;6693;25135;5407;2899;11032;30295;16352;8356;18607;10811;3711;17703;15432;30028;24569;19445;31847;25745;31624;21617;2997;3483;1992;29914;18761;11706;32024;29468;5671;18801;5955;32748;29702;24616;2656;10259;343;2081;32502;28682;30338;1709;6500;19912;2163;14496;4224;29912;21589;24322;6015;10414;14493;9223;7957;2363;
16203;27713;12764;3519;32108;18453;28666;8671;3044;6508;28159;6391;32106;16810;31500;27569;30164;27620;4666;29655;18069;18254;31545;6757;13444;17906;24120;11235;19167;13224;20229;18161;24463;14658;4982;6436;11437;8199;10503;24080;9030;26979;19908;21670;23387;3804;4202;7873;17708;32328;11209;16123;32695;9789;12652;10437;30843;9930;18300;5815;14465;31332;32226;6948;669;11043;32428;7922;9970;26671;7602;17064;12212;3957;2937;21961;19250;32670;12119;22625;5907;17985;27864;15069;12511;32343;22625;20511;12226;29424;7955;9682;27533;23077;9714;14075;13566;15438;9287;11473;
25409;23413;15683;8655;23222;12042;23780;6919;28917;18391;23581;11193;21008;12343;12337;30500;19224;7299;10592;1180;7650;32718;1221;6621;16906;22738;21887;3999;14137;19241;2319;21611;19620;22721;2817;4524;469;20362;19407;9993;25774;16241;12034;28658;4267;3218;9370;1913;13159;29097;29104;32356;14946;1738;27738;14208;3585;8275;11983;24120;32214;6686;1483;11109;16930;25339;7733;27752;13976;23645;13824;119;12900;25171;21583;16436;8556;4026;19676;900;17110;4786;4762;14750;12490;9550;7577;18274;5497;32400;26666;8173;12638;20372;18245;19306;5827;8459;8743;20522;
16008;9451;19775;12792;23072;20581;3147;31654;1756;21016;32703;1772;18028;14468;358;30323;24739;23745;13387;5676;4730;25968;19418;5606;11864;30195;20035;21024;4496;24025;22047;7963;4907;23708;5974;18996;20457;19855;11072;17777;30594;20498;26634;12634;32561;16392;18268;14602;23923;4747;8248;29829;13069;27358;14374;17740;1356;31650;28558;24879;28048;2125;3429;32611;25100;6873;28171;23508;31687;16825;6516;1212;24038;27153;1159;9845;8750;10790;451;18828;28357;4116;9512;14102;6456;18623;8021;30535;31426;13067;21486;7744;22988;13136;12096;23337;3248;23304;32552;32128;
14786;14539;21296;25776;22673;25726;10236;3558;22634;7111;25061;13344;4126;707;23267;13959;23301;23804;1968;14590;1859;21141;30762;13051;31050;5576;14074;24725;10401;31891;19571;18911;23011;25261;26812;21621;14858;26559;31026;4948;16109;24017;11528;18671;28936;31746;11568;20351;636;10621;2943;23450;22358;29864;11532;19719;25364;2719;13273;465;32614;17120;11189;24474;8241;4936;32352;1842;2265;62;29425;26216;26304;23854;15477;7200;29962;28985;23513;25254;3492;21546;22794;29762;19332;6060;5978;7693;8754;4283;18726;29954;3719;21849;18101;24920;17588;17026;19556;29712;
32647;7777;25600;15050;21738;10948;32116;1500;13229;15310;31396;21669;28293;9963;12952;23583;30804;7689;12253;23476;13738;19206;11816;13395;1932;16228;6973;30146;29557;3140;7951;22070;3227;5778;28457;18465;627;31613;29004;8779;30839;6442;29018;3620;2855;4009;28274;12377;9806;20008;17245;16293;4230;102;11817;32234;20478;28779;31507;18304;19579;12407;22187;11468;21149;8504;2866;18965;23652;10303;11591;20884;17138;10933;31683;31690;15763;8266;30433;21015;20986;21103;29346;1927;6606;7109;10351;21487;357;15317;3072;1337;25551;4865;26494;15100;10262;23226;740;80;
17348;11764;23211;14304;18086;30167;10662;3648;21456;3768;18987;26241;11233;14663;12915;29955;11400;11274;4163;31883;26951;22794;18380;24981;16759;15308;22993;2028;6029;17282;29959;11895;3483;11651;14017;15702;27418;25593;24268;14894;4070;13529;31384;22208;6282;29977;19353;19905;6078;25629;27885;485;2350;25458;31807;4926;24957;22206;18923;24260;24458;16375;21603;7221;754;27604;4817;3615;19414;17025;21246;30778;10206;4247;11890;20476;12413;23627;23261;23400;7799;6886;22965;12839;5793;23157;19233;21721;13288;13249;26646;20141;29333;6273;26559;5423;24784;20943;21539;6754;
14434;17113;4610;17679;17855;17369;8191;17244;16451;10567;20741;27552;30652;19276;1507;8054;31529;8571;10809;25873;7361;18108;30872;10959;30519;31112;18917;26896;22589;27740;29694;5704;13383;31335;31648;8531;1937;5254;7561;26121;18531;31347;29401;20499;20116;5178;13502;8189;21581;32748;25424;1675;29711;10134;21434;2641;18423;29556;27035;27518;3649;27747;32684;31225;30476;25237;17314;4527;32604;27784;2390;12587;32101;21049;22819;24167;16903;14485;15759;19937;29589;8496;5166;32754;1498;4665;26052;18523;29534;31406;2474;29729;7141;9932;6259;412;27705;22730;29134;7882;
13097;22982;22958;25065;18386;5888;28841;28740;25885;8006;2974;1869;24201;5295;11931;7148;4651;26252;12030;1047;15347;26524;16602;24227;3632;5247;29596;11609;13142;7789;25070;21837;7423;3624;6363;31083;17457;4911;31284;25427;16095;21301;7731;28263;20146;19921;30815;10529;19721;10359;17327;8363;6206;30375;31218;2729;26155;21092;23150;16729;8172;22760;17352;17887;10983;24470;25892;15578;17162;30000;2700;6459;19028;842;2198;26967;12695;9215;2881;31291;24188;32738;19489;17727;12999;18487;29628;23518;6364;8548;10803;17860;14722;4514;6949;1321;16104;18424;28880;13662;
18662;20330;2681;30629;30340;622;29198;8774;10432;21151;21771;26079;25228;14517;1178;23804;27159;24757;16638;14823;3917;26213;21553;1730;15265;13827;16332;11218;12042;25910;552;12318;3659;6213;14019;26681;9848;18311;5605;1884;2486;31003;6019;18103;26946;17112;15715;5897;20661;10375;18561;4207;9862;10832;23986;5241;5584;6003;23943;22147;17749;31033;29556;15939;32708;10793;8241;22686;12599;28030;17249;19136;24064;6873;26738;31595;30373;12852;23236;26255;11561;27671;17677;20252;12173;6670;24572;17172;27543;27482;29724;9700;16338;27111;13052;13556;15830;17278;11149;14973;
25033;13116;24011;25243;25382;8003;12703;26275;701;16047;21764;694;31228;23500;17770;27030;28524;1670;2135;10937;5246;19232;22356;16028;20616;16681;17159;11610;7435;1708;4509;893;30519;31656;23659;2324;2737;20927;12500;28422;31123;17458;14445;26277;26037;3085;11359;22406;7979;25759;6157;10129;7182;13357;12023;18772;7552;11496;14814;1180;9706;31259;24362;11591;9352;19881;19080;15444;31272;25015;30679;32572;15150;17062;9541;20869;21212;30020;12469;5268;27600;19779;25701;22979;16846;2026;30413;29363;16576;32522;16842;23524;5371;2100;29947;13698;4292;21545;18283;16002;
2835;25234;27761;1518;7063;24049;20437;18045;22521;29656;23860;8295;30309;32089;22182;9591;31047;3005;32413;27490;18514;11640;6417;6231;23239;32605;2010;7639;22260;24079;1629;5575;19195;19384;18538;30148;25300;24061;101;3254;16277;18481;4260;32424;21489;21960;27673;13015;27135;26895;27185;26632;13885;21019;4603;25375;7125;4607;8333;27630;1567;24131;20132;3147;31590;30865;6538;17765;19695;11952;4925;12120;2103;5815;32205;14078;3453;23418;13830;28168;28544;11593;12623;8526;138;10970;4818;10596;12461;22147;7133;10606;8525;27564;31624;12341;4575;10373;16793;28538;
2543;24564;30884;32138;25704;26578;11127;21778;8208;14166;22965;1845;6482;18897;8128;21468;4416;6556;5596;7245;9688;18255;10898;25600;8070;16692;31827;21421;14315;32508;30302;29354;15837;9648;13540;2676;15023;10218;29801;26764;31922;13892;4205;29316;11003;5137;21836;16473;18023;9291;10595;12547;15325;17101;20852;11595;27603;15810;21579;3293;19220;862;16802;20894;192;22476;24643;11583;9620;10087;1900;1299;2155;18732;10103;26653;7173;17775;17850;11118;29192;29902;28589;8366;26436;2916;26954;6904;25915;25663;6842;13803;23777;8467;301;4861;24224;29231;9994;275;
29599;6833;26440;16975;7236;1270;27;25641;6136;31573;14548;24002;23082;22797;7938;26740;20630;18299;7902;18094;24263;23441;31462;27903;13018;10115;26311;16752;22406;5315;18816;25879;10073;6704;27333;15337;1348;8843;4001;9936;32346;14122;19040;9214;14549;17136;428;18816;21594;380;29430;19990;8062;28321;13336;5186;18056;18966;30776;27551;24440;879;7151;31860;30537;8780;15530;4489;1140;32465;24401;13369;25269;24150;27175;20169;15377;18527;30194;18680;792;10190;14939;21207;25192;3159;6551;20955;17778;8245;3911;9265;24193;9755;1693;11857;19960;4974;23489;26326;
20186;6833;3187;21645;3216;14913;23537;13004;1511;9026;28187;12293;8537;3289;7637;31386;22157;18331;4781;4083;4385;9542;22974;463;12454;2223;1491;9687;18924;12796;6864;25465;3456;6931;18510;5107;30580;30803;14214;10414;11358;12673;28784;3022;10147;26373;6700;28423;7926;22358;6816;31922;16155;14515;22883;7968;9713;23316;10713;21038;15791;9824;8352;13081;23918;18656;22571;17044;21224;10740;26797;3352;14719;29956;5945;11644;17025;20666;39;24005;21162;5742;16569;2623;6378;7650;25599;6861;617;28976;5879;26237;12233;32000;26617;1375;20395;4350;5458;29848;
628;17548;12080;16562;11089;5043;4286;10806;21112;18528;29839;30845;31921;973;10304;28355;7189;31805;9049;6013;32278;17132;1397;23020;23232;9798;16291;3571;26943;1111;27915;550;7584;8579;7893;10275;29660;22391;8006;23333;27666;12383;28716;29910;7188;16985;2173;9317;31269;24362;5435;15321;17665;27697;16794;26533;11550;30361;19045;1148;9010;22482;24734;1894;28661;32321;8037;11284;31016;11830;6426;23920;22486;20255;16326;3193;9178;6396;11447;26958;6305;13843;2923;12936;30513;11493;11184;3789;18794;9824;32520;9379;27276;25686;1362;25729;30970;31790;27815;14636;
5438;10714;26755;4673;4684;20233;1061;32013;31499;29341;29752;16293;4369;21599;11186;10803;10414;26865;14333;4751;1581;20997;10325;11791;8278;9933;1137;15775;27704;8370;5733;16404;5669;73;3015;7869;19453;16003;12816;2107;31920;24100;21062;28051;12542;29046;28632;21890;24961;10302;28362;31249;28142;31215;25873;25704;6552;16414;6977;31463;12597;21814;101;13683;15845;2925;5422;27662;26992;4086;4689;29611;30671;3704;20010;32064;31215;10432;9637;27420;7601;5811;27742;4219;16181;646;10247;3928;8024;30001;6923;18562;25467;26400;25200;4594;17031;18732;11010;10076;
813;6603;16814;2308;12147;23171;812;15571;8556;31141;28385;9642;19782;1079;24835;25846;27787;13362;14334;31365;28320;12014;26902;5784;21138;2010;18510;21049;19985;23408;1929;16846;26045;5736;12528;5615;23201;15660;8339;15989;4349;18317;16723;17363;21577;25780;4351;19114;7286;15195;12221;30103;14455;31293;32428;6480;512;19658;4551;30447;32398;2080;30989;28813;4519;9271;9439;27667;9315;21851;27049;22605;26155;23008;26308;2112;2753;20497;21659;22718;10624;10345;32269;21559;8678;2054;26899;18642;10575;12122;29347;1212;26115;14628;25044;11456;15219;17822;13890;24857;
11200;26104;13748;9348;29309;23558;31996;14745;15542;566;6175;27226;8753;28612;26038;28173;17395;11569;18836;24903;13318;3313;29353;1098;2682;31844;14374;13200;19370;24839;20962;20136;961;21996;28669;321;15228;23911;30147;8837;10801;23307;23507;7848;18704;27092;32128;7872;11177;25254;21879;25303;16814;9974;28066;574;26106;967;1613;1573;24275;16601;14472;4713;13164;12317;6092;4269;31406;20843;5857;4524;1848;24183;13310;22733;5285;21250;12339;17913;23053;17741;22020;4521;9678;8915;4951;3907;26252;9527;27280;27046;17782;4988;32506;3587;13771;9076;16489;14576;
7581;3963;31261;22967;31702;13413;18666;16372;12152;19380;15510;18271;17449;5646;10371;30182;26606;2543;26509;16383;28215;23196;5942;26428;1052;27480;3585;10015;31206;729;4379;9265;17873;21245;3392;20814;9232;10426;22237;16195;30738;22611;13682;2715;21252;14802;15931;23477;17303;18866;16911;11546;21251;16860;21128;19470;21324;16085;8804;18277;25283;17717;17707;16536;18641;15195;4626;21272;4080;11103;11808;1506;250;24904;399;31572;25510;14719;7285;21311;10319;13188;20132;29501;24312;7392;30414;10565;8078;26715;19693;23676;18284;1390;11233;16462;12325;19451;7771;15806;
17277;20540;13051;1786;4280;13050;23477;2355;18200;16895;23673;12459;14753;31949;3347;13072;20511;20880;29264;21512;2410;9810;29282;22541;29417;622;10373;6523;14677;27719;7139;29671;14015;20281;23989;31155;8661;32208;21164;10207;16993;9272;11151;3106;20242;16117;20773;4410;22655;27092;18261;25984;25961;6946;19340;12223;9280;7963;12895;1606;21993;26533;18546;23612;21951;1087;15000;22836;25304;22068;18747;20225;3721;21780;19199;16844;29740;30564;17058;13924;7712;5013;3111;15060;15378;19763;25907;23867;3707;25183;21687;1240;11114;28031;13775;24933;132;28468;27114;25766;
13897;13453;30252;31297;22681;28026;4112;29136;26742;1923;23890;20277;15115;8377;27404;29997;18925;9965;8223;24105;22690;30497;11988;22361;4960;4412;18883;29193;2838;13314;8180;7984;12977;30018;25669;10566;16792;10833;25611;87;8056;13496;28924;3158;15687;1834;8781;31155;32643;30393;12567;13359;7611;11337;29695;1008;6993;19012;15894;208;15742;6799;9470;20475;8854;22717;29263;24505;24206;27779;17464;5512;16571;10348;8554;8814;9948;24782;1073;29069;347;28413;8420;25848;27856;29886;27520;21701;1223;29695;8336;1124;21443;3781;21840;559;1155;869;21265;9537;
14467;14583;16863;7564;10182;28680;26210;18982;28115;27535;30466;18916;10238;9762;19534;31274;18664;26474;28831;22529;17737;19925;21240;30570;32237;8330;8497;1267;2813;32162;3413;1415;19584;14485;584;18570;25633;31986;2989;16422;31795;2388;29958;13279;32754;5777;25629;366;10508;16180;29348;24524;1632;31534;2840;22669;24581;968;3307;27503;7310;13276;31713;4147;2956;14405;16059;2731;14677;9364;12563;17685;12292;16388;3207;9383;18881;7857;27929;3179;30787;23300;29910;589;9618;882;21174;10867;4626;4198;12484;3276;21437;30331;19838;22764;23216;10479;17535;7191;
7913;8277;19035;7579;23375;14729;24523;21859;31218;233;16394;12490;5525;15810;3710;6573;13418;21001;1947;29636;8220;16972;14597;1074;32530;31207;1268;30554;4851;8059;29917;30965;16485;3484;8015;4705;17435;17354;9499;17212;14606;25507;2487;2098;21514;3670;27364;17427;30829;13915;23439;16169;2604;14690;26101;12488;8470;22153;30987;1830;349;21713;17693;24941;32082;28115;19381;28687;9328;20655;9918;12122;25500;20806;19177;12364;31403;6057;18768;25512;27429;25552;21594;6985;17480;14736;3038;13751;28752;2247;21643;10232;26358;9690;16007;22953;26935;9825;16214;1869;
10838;30240;17150;7908;2596;14394;22632;19136;17535;18593;32010;7828;14873;29137;19395;6862;13947;10942;4870;31270;22345;28938;5691;32119;30919;4988;32354;10702;19356;174;15866;11457;30678;28165;27681;23299;28975;27366;23292;32053;24718;13351;27993;24318;18129;23492;28563;21597;15562;6356;30646;10558;29831;21435;4324;12108;24535;17056;13816;24071;8201;10786;24424;14614;8951;5702;10352;28894;4420;8116;20333;29011;29153;4388;5511;21262;9942;275;16786;25249;10047;13242;18998;12839;6804;22848;27470;26911;14638;31791;10895;18042;5639;13349;3946;2290;13762;28876;4659;12702;
5867;28939;1666;21699;3967;14974;1242;27886;9135;9508;6024;25663;14817;20312;11982;18440;20472;3587;8257;23191;5589;11535;13680;30543;4381;5151;3526;31998;11837;9085;22450;12906;25260;23891;9476;22829;17520;12063;24219;25283;15076;28513;6973;31714;11448;25494;24006;25097;20281;25194;32389;14172;31443;26154;17379;18607;10452;9080;28229;31201;32370;30786;15156;19563;2320;18165;9148;13368;4029;4589;23057;11960;7678;27441;19065;20528;11213;3165;9061;15188;1761;10975;10465;14103;24880;23654;22319;22210;10419;8088;6319;26691;3177;23812;4867;7368;21150;29783;20335;8077;
25709;10706;17030;3826;12932;2043;30467;3025;22311;2451;24565;21262;6520;8137;5663;5488;13813;26797;1182;431;4162;10727;18636;13518;12841;25513;18789;1194;15327;4066;18664;22740;10632;25013;30528;1436;4606;6441;18084;23918;17102;16162;1980;27746;23940;23952;4357;4622;23081;2022;30070;28063;4873;18382;3684;20520;15802;16922;23715;10553;30041;10238;1262;8628;14871;18557;27528;22748;2548;22050;13092;30639;30411;13552;8963;3702;23951;25755;14428;28826;8916;23289;26368;697;6289;25267;19774;12025;28964;21056;24324;29596;25494;12052;19528;16341;25889;4372;9894;4826;
7151;23118;2635;4411;28453;5863;19985;1138;22560;6484;32491;30907;22782;9933;10884;27942;15457;18431;15651;18922;623;4610;30418;4348;7966;31626;15295;31968;28078;4705;17378;448;32119;9493;28128;25787;7140;13550;14640;23935;16320;17442;11132;30234;14768;21580;9546;7437;19969;10523;27099;7586;7076;9031;24147;29312;29815;18378;17435;9853;2759;18252;29316;14259;6162;6623;21421;12502;24849;748;10406;27845;15093;4461;22741;14430;30194;28765;20633;18071;20730;7021;13102;10954;23243;19449;25553;19793;25643;12858;10788;3667;26482;20157;30163;2781;2378;20;1400;14389;
5811;6347;29884;18795;9290;4510;30143;4912;13002;11240;14779;25067;31955;6239;19684;30218;20970;30207;27026;6806;8898;15684;1697;2571;8889;27548;9496;5478;8870;796;8458;16767;2258;12914;2490;20121;2628;14619;17666;24120;2370;23510;502;11059;15636;32088;16068;2057;1803;12097;26079;6008;6338;20303;18012;29516;20388;1233;27548;13686;27054;12895;6187;5981;30582;12233;26600;7033;12141;24653;23910;29981;1633;30989;24211;8852;12614;3008;25751;28016;29749;10663;25343;17695;25269;12994;10779;10175;30010;9541;18596;3379;6123;326;12450;2167;5800;5304;9101;4912;
2636;17308;10675;14216;11055;8310;6361;3128;11504;26878;28197;14054;1905;15129;32572;26802;20770;5639;18087;2316;3715;31710;20347;712;6884;18231;1081;26484;3695;2343;25843;23785;17769;881;26800;2336;27829;4857;3602;28743;14234;7804;24374;30996;8902;23935;27868;2906;26770;2949;1224;31962;2695;23429;10088;16475;5153;16283;182;2813;31444;22782;26720;25546;16205;9266;11558;20878;13306;13695;12164;6888;3276;6561;3986;19618;7228;11969;29224;31294;24972;2468;8517;27857;19535;15139;2994;13333;22827;2523;26594;19897;27614;29733;32285;22267;2687;3657;24030;31865;
24070;4334;633;7236;7183;11221;11008;20023;15835;28871;26984;18055;10392;27340;11496;18074;10978;13726;19362;4125;29577;10589;20357;3665;26005;28292;2674;10661;28039;3612;13725;31114;15330;21040;8247;18563;2282;2688;12618;7803;17836;2425;16612;17756;24126;28005;3191;31709;29000;2528;19072;19100;8387;1419;8551;12140;24577;4;1446;4848;25326;21525;17198;15465;4757;18987;13830;14284;10982;20234;30262;25112;26038;704;31459;4070;22279;13271;30907;577;24202;6863;32660;7609;21090;27084;6991;6067;18219;1163;31747;3587;6459;29850;26968;15549;6951;28105;1328;17991;
3465;30428;8589;16819;17409;2690;11695;844;7034;17547;32380;21359;9647;28501;30245;1949;11757;1415;20231;12749;31514;31746;3535;23047;29430;26645;24290;30254;673;22000;25340;5150;28766;25436;12054;27127;31382;29353;910;16567;26656;2535;32386;27919;28095;12889;19836;19055;3308;27686;8789;27748;20438;2642;28499;31267;1704;2797;11925;26726;27146;16266;14513;1398;18154;23027;28315;2953;6012;12571;15049;11599;11647;21076;11668;20680;20931;12994;14562;27736;31976;5392;20226;14877;3432;30561;26839;13696;7896;7562;14137;5898;26218;2942;920;17018;14519;1033;994;23316;
7355;24514;9639;29243;4129;20539;5244;1090;24769;25466;32669;14208;16232;23469;25302;4514;28631;12057;22179;5957;14862;17492;11158;2501;202;16052;21753;14159;8524;28423;26293;4414;92;15492;10866;31908;26766;6658;4096;4390;7620;23400;31989;14862;18932;32613;16280;28059;10027;16737;10494;28315;2770;1971;4723;19516;13873;532;21020;5152;4145;3155;25306;27311;11366;10571;17264;32177;17228;10771;20713;1308;32721;21876;8244;17962;17940;9120;6930;19631;22381;25120;25650;20138;30637;21519;18073;28186;30631;8838;13384;19731;18671;12631;6169;10256;32481;11262;32491;27275;
24805;24276;23550;29131;29170;12422;27808;29182;4433;20422;32522;12679;6308;26944;8325;3737;6950;31184;30417;773;10804;4338;18630;6736;17165;6010;31292;3593;18902;28293;32553;31833;13793;31407;2569;27868;21294;28550;31107;6063;15666;28479;18761;8907;30424;21160;2624;18833;17350;11614;9697;8869;9953;25152;28895;30720;10771;23587;20745;25921;21324;16072;31347;12356;27334;9227;2000;4086;30350;14684;29219;21864;3904;20851;11159;11042;29201;15936;25002;24249;29715;1825;10897;26788;15029;20312;8664;9803;23945;188;14410;31329;21835;3758;15120;18292;23582;25935;22045;30914;
8984;22769;5577;3407;257;10699;11195;22836;32344;28656;31501;28986;25239;898;12203;29863;9913;13602;25852;10584;28920;27308;8133;7696;32219;29729;8010;18192;6768;11493;18870;18664;5078;15659;14268;25996;16383;4013;9087;16298;948;20384;16047;26683;31194;743;13301;27225;8179;5255;22418;18768;11240;25435;19267;9463;28421;10505;6503;30785;27205;19764;2915;9743;30672;30963;16198;18504;11714;32386;16553;29996;24110;26936;10458;28389;22627;18873;2617;29023;20333;4717;10977;4698;2527;6193;21131;26558;16080;2892;12208;26670;17444;31908;6126;14815;29197;17202;10157;25515;
24528;21939;1282;5217;24013;27808;18900;29792;20666;97;22845;13668;21039;30654;9266;21663;14951;6806;8551;17164;30533;7379;31853;26624;21653;21917;16413;12802;6549;30414;58;10716;8115;22694;18002;15346;18073;11713;17893;11219;26983;13125;7114;26126;14655;12640;7373;9287;8455;24562;30621;6025;5738;902;11750;3294;31776;22151;10426;16413;31088;4785;27701;20740;27379;11973;11873;3718;20634;9345;21847;3174;23794;21199;8359;14085;2471;20541;506;22905;21832;16813;26870;18910;3657;2381;1634;12273;20302;25034;19083;6619;4263;14785;8934;21322;29462;25463;15094;12998;
10201;27849;17520;20803;6628;13158;2718;24562;15471;2363;21761;4189;8880;32047;23866;17075;17642;7185;23595;28256;5798;15822;29273;30945;21056;13032;28564;28375;7590;26147;15835;21338;27741;18050;29562;31119;17093;3441;20597;7293;16029;13636;11049;10524;2249;13280;4145;28335;5203;19896;6535;10580;20145;5372;16619;6874;9542;26892;12681;9682;1067;2611;23766;7913;12846;5522;22203;18549;11803;32090;15605;11341;28987;20799;11708;18398;15131;27433;4514;15995;19086;21548;15551;1525;10229;30138;11019;16748;25790;27415;23563;15972;29739;1806;4528;18459;341;25059;30332;17691;
26224;904;28390;21259;10576;32275;6656;21706;8492;3184;17751;9919;10659;2387;22554;28010;1788;21105;31103;12863;24498;27632;30307;17077;28464;30748;10801;1434;21977;22363;28420;15017;10827;1123;22800;22622;12261;170;16702;31753;22151;25886;25366;8226;26520;27415;4578;3292;1102;394;18704;14076;22825;17023;7129;236;10945;23749;18464;4619;8130;17892;28829;14408;27701;18515;16954;2031;16897;16875;2237;11714;10929;9884;30376;10060;11895;7007;9309;21874;27761;15723;2694;7499;2092;27052;31668;2866;4199;6257;24902;11289;17177;8549;16269;4384;21173;31680;17710;12646;
4268;20158;27079;7710;8499;26193;24533;15590;7240;24594;24021;31829;16367;9342;681;14035;6082;95;22846;14254;15784;29320;16236;5738;6117;453;13341;23640;14419;12050;20658;10346;16622;22539;29090;17733;29078;7588;21092;26008;17169;8986;8336;31404;13136;14634;19009;22845;9971;18816;3005;8329;1039;5746;88;6054;27182;8942;14997;29976;11159;22193;10127;17571;27600;12986;16791;24414;1890;10751;22047;10761;10460;29278;25303;3488;12058;25046;19989;24112;18631;11255;32378;9194;26913;5015;5587;31350;31228;25799;21309;31370;28426;19206;24717;25018;7769;22452;3822;27794;
541;19657;18124;5858;18352;32710;12017;13913;20439;26860;20206;9045;1095;12972;12477;25594;9832;23904;17828;3458;31576;19256;4700;20435;31027;18551;26227;24407;22930;25567;8943;12552;13649;11113;21556;15562;3478;8506;9000;14846;26126;31955;24980;2644;21626;3208;13774;18144;10603;19251;10645;9073;5705;32297;8252;7198;29850;28525;30731;8481;4737;6180;23266;13545;10373;20297;543;12394;23700;20642;29122;8632;30280;12275;28367;30932;10345;3185;13556;30405;5042;6265;12140;4843;26328;18818;14627;19089;16328;17489;10267;3777;12848;22892;10254;17500;5954;9680;10325;2666;
2741;11238;24840;15022;14604;30900;13159;22653;25370;10576;27000;25041;15046;25755;6386;13978;32012;7467;11610;2644;27972;12169;23916;5086;5543;12445;4028;28554;28943;102;29341;26481;25086;29935;19266;5641;6882;12670;16419;5881;23447;32270;8866;14891;10286;13055;31727;27939;23789;3341;24873;20112;17302;32127;21190;8225;3565;19104;11060;2714;22900;5235;24768;26663;8313;4515;7864;2288;15442;6329;31180;9709;23784;18833;17338;30204;6514;27407;16939;6449;32387;20750;19671;20077;15687;24217;5872;10034;24585;30814;10174;11701;10233;31583;18055;12597;30765;3051;23985;11404;
29157;20685;6442;31492;9747;28355;17416;20331;27;22578;10605;8554;19927;17687;31918;1298;2270;26433;3252;8376;17670;11966;18082;13571;26663;12947;19383;27459;3874;4528;7799;24068;17442;24610;11013;4068;27170;29835;11988;17569;432;10703;17278;28790;10992;26897;4340;12712;2275;4062;27352;2140;27113;1703;23847;16555;22917;7029;27675;17144;32609;29912;2896;16001;28562;12576;4133;25141;20508;1488;9061;6086;30649;29520;30247;29950;27094;24802;15858;22358;21471;13527;15397;24005;28604;15619;21654;13526;28572;31598;30586;26877;22257;11084;25221;13099;25787;4656;32082;29600;
29450;29052;21764;20225;28606;11292;31534;8618;21138;29812;19440;15685;13401;5782;24419;9371;27527;12985;10807;14763;20978;31719;4507;4601;6106;20213;30301;25897;18471;13752;31571;18892;25075;10870;2809;13434;11080;12187;24667;27937;8491;4013;5942;28316;10457;22914;1882;25736;26192;27825;28498;15187;23569;10822;12871;30357;14373;7610;11554;16804;29278;12834;26353;28259;8159;18342;8332;22106;8158;15669;1912;21004;1449;17015;4107;14980;25575;1539;15057;10546;23841;5075;18735;27125;7553;30708;9542;21369;8665;31106;282;31171;28646;468;28916;28426;9175;1012;1285;1737;
30473;30802;9803;20242;9237;16569;15033;13349;19468;2177;21650;577;16641;29959;28950;14778;22984;14938;2656;26956;13054;26679;143;687;329;824;7716;23915;22753;15944;15275;23534;3664;26714;18078;26332;5238;25179;12166;12966;31695;12644;867;862;30457;309;13390;25290;2160;10975;21853;31927;15773;5056;19911;5519;6927;30900;18248;20270;7688;31114;23495;12274;30523;30901;17975;8209;25300;9028;6843;20784;16825;13589;18957;17457;22543;19781;29728;24908;21761;26346;19972;22113;1980;18949;7947;12172;26046;2226;6442;24059;18001;23714;4257;8444;30546;30923;22238;1370;
3895;9054;15519;28394;8273;11258;32600;24673;12621;4639;9684;30056;7937;28645;4126;17139;19302;31982;16034;4558;15840;15769;5264;10104;6342;12920;6529;4405;2078;7173;32349;9567;3496;9872;27004;12029;19999;4732;19979;30615;17339;11435;21170;9032;31226;11063;2931;4884;13984;16995;2774;16764;13308;1489;3651;19792;20590;27125;18863;9925;22310;31177;5755;4807;17966;5314;2456;30864;13739;18691;13552;11642;17504;7634;6145;13073;11635;25160;971;7021;27508;21580;30189;1983;3227;13250;12043;29993;7249;5631;2162;19411;17906;3456;19711;25659;5330;31196;6461;30412;
30078;5112;1741;10675;23620;2682;9995;12526;13557;17024;4334;13477;32745;4241;1584;29118;16452;32212;29615;18604;8056;28031;20756;11911;27147;13971;9138;13410;18843;1479;10417;6361;24607;7105;27243;6121;10351;15244;17686;27909;16391;23879;7844;15205;32263;31002;21991;20642;31615;32367;11513;30080;28906;19294;13019;16650;3320;14440;28764;8677;10385;3177;23612;4574;31766;27848;23186;10181;14826;7665;19307;31614;12849;10245;27828;4181;25559;13263;4954;14738;7892;13307;32687;11597;7087;11906;20752;14724;11329;14953;23749;20331;27068;1451;27688;22787;1004;30580;9737;3310;
5564;17039;10066;13442;8955;31778;3815;6172;9056;2713;208;1463;16076;224;25754;9661;7888;14805;25338;4636;31087;18429;26292;25501;14629;3445;9403;10610;26152;4140;28570;32525;13549;24144;23058;13369;24046;5894;27909;15203;8875;27486;29843;21048;9198;11142;10370;6262;27988;13374;13283;2299;23049;20619;24562;2339;14035;25520;26175;592;17746;28506;11787;14794;1158;18971;30965;23242;25233;6681;17110;26321;15294;26632;22761;62;19139;24149;27695;17184;28227;2212;8977;8265;26519;10109;28232;28324;30414;27714;9466;9928;30706;12645;11301;31948;25997;727;11585;19549;
25708;2756;8225;2831;15523;13949;11291;13553;25554;10166;9320;26468;31910;17905;9165;7725;28578;1082;2939;18120;287;12053;26933;7679;2193;22197;2224;3004;11533;10606;13375;28956;19208;21101;26800;7364;26466;12455;112;22904;21411;31247;6646;19178;26500;7948;15711;3279;29617;554;1366;18488;20941;22544;20279;13088;13750;17330;13940;11841;9227;711;24375;29997;12780;15998;21577;5273;29185;21612;31794;6908;12990;11209;27042;14169;29157;27357;2831;14936;10572;8373;32160;11676;22752;14106;1866;30033;29162;16580;31801;12292;1937;30666;4977;18616;26784;93;28341;28470;
1674;17334;22951;27300;19884;30541;1074;31321;21201;9292;15397;14576;31227;17219;27168;13723;31329;16413;21940;14266;25524;31315;29894;24749;2214;5471;18996;8166;29357;11636;6076;11586;17156;17516;26393;32153;9460;31490;11886;26004;13649;27201;5096;24254;839;12604;5279;8926;3671;2816;4798;4485;26012;199;3812;5091;19539;3182;4298;29406;1946;16169;805;21350;14712;16502;1742;19714;27934;14671;288;20143;14444;32676;27041;17899;5815;5640;6885;15373;24778;21419;10928;24023;1578;18568;3419;8526;27551;12767;2169;32201;4847;4838;14522;27209;28653;17852;12047;5640;
3762;6302;26894;3925;28459;19293;10393;19614;14804;271;28346;19407;12738;31237;7634;15323;2023;10750;1779;25751;29586;32410;26250;16591;13365;27154;5185;32404;24683;1573;27171;22995;9785;25430;9985;1324;24724;22612;20501;5376;9764;26042;21990;8396;13640;504;107;3766;24922;24977;26227;15718;25908;3976;29765;23;16115;27156;17795;8430;30971;22427;22100;23946;1083;18398;20417;4572;1970;21874;29536;1337;18737;7023;27184;3501;4963;4972;31429;32147;15628;4010;27301;3938;13710;9615;3825;17354;15025;7254;20552;26112;7075;13318;9704;10838;11582;22688;19478;6926;
21386;5533;14785;18288;17539;23959;6498;26906;26652;31303;18726;29592;31107;14511;9807;16948;19879;9624;10199;22543;25336;28223;3159;26225;7789;14668;7976;3422;22988;3075;22728;2666;10022;4030;24191;18894;28064;19355;9538;3514;17274;9842;15319;8173;10569;17674;58;16772;2695;6284;17472;19727;10062;12599;9594;16106;19297;10582;7260;6091;30316;15471;1694;19863;22925;24254;12515;15994;19986;26849;9113;23094;10629;11221;14112;30139;4838;289;13102;31993;15671;11089;32114;30450;11070;6822;7031;4115;24710;27148;3020;7876;9127;10316;14946;22078;13767;16771;5173;7068;
9057;7379;32302;12597;4677;16984;13128;11306;12512;7518;19955;26683;10942;11985;182;28127;17997;17396;16919;32403;4068;1366;28607;15218;13827;29187;11482;6662;31453;6903;32701;7006;24339;13016;29387;31072;27075;17892;15513;15969;12737;11816;13136;31475;3108;6130;3923;3582;1029;10890;16674;13075;32643;10525;24191;19196;13834;8186;27343;4760;23510;29185;32450;15334;9906;23127;4918;7519;4102;13919;29529;27529;30736;11238;6670;12489;3698;32670;32403;30584;9197;12238;5216;23098;18796;10055;594;28299;24644;7322;21768;15771;32698;29064;12430;16220;21446;9914;17720;3033;
22806;14259;3025;14025;6742;29442;3317;2404;21167;8892;14268;3701;6541;6441;2969;9393;31654;30142;6529;2887;9528;13899;8271;7352;401;26742;18535;11241;29653;3944;17049;14199;3324;4550;20041;26442;25370;17379;27341;2157;28131;25140;14359;31516;3182;4100;19092;18207;6201;11880;30291;19031;10606;8054;21866;13719;28772;18866;3478;19381;18537;28617;6433;5856;26559;12418;5897;2099;20708;17137;26206;13707;26902;17134;4332;10646;22551;8645;18714;31277;5422;3887;32530;6372;17774;28289;20770;4575;20282;11300;23394;11495;18185;1861;10904;9404;6503;9165;22104;26797;
5693;30868;1648;7271;16721;28113;26499;18955;3088;16342;21235;31363;23692;31226;11780;10261;1473;7638;17471;16184;5404;19124;8469;8615;6462;31044;11461;24501;17917;8081;4224;7136;6571;20788;9674;19624;26523;12231;29987;20642;27618;16285;2023;2248;19547;29872;4467;27923;10990;3035;13193;20300;11537;1098;25078;16415;7310;19758;10609;19057;1415;31669;24007;30963;30136;7481;29493;23031;16637;31160;1813;30083;28436;23172;23486;27044;13987;10555;19365;8453;10621;31482;30664;22464;30241;23502;13644;25204;25220;28267;32356;27544;25616;13345;27254;6927;30956;4363;29049;23548;
9854;24714;32418;13527;16686;11761;5695;26049;24941;25986;4835;16660;10742;4506;15811;29247;17236;30760;18016;9937;12453;11363;23910;19923;24989;26813;30420;24923;9678;17682;30558;28254;25894;7462;20752;20166;16825;15182;21299;18884;1728;7021;12660;3688;2274;23074;1603;15471;23475;9280;21626;28508;123;14975;19519;32714;29240;23921;22315;28416;13030;13751;12204;12486;15869;3188;1959;18295;1084;26626;610;26200;21669;24804;1442;3624;22217;17148;9744;22520;31301;20222;13025;25149;32653;12325;9398;5156;32232;31269;29633;11045;2748;17248;6442;18139;26124;12124;16305;26387;
20543;32117;26516;4131;27939;28623;435;2429;22577;7823;17906;27267;19987;2891;18655;27037;3939;2238;5269;8585;24758;19137;18656;16627;19417;12919;1697;22598;1626;10951;10868;14785;8522;10511;6801;8141;26178;9750;11248;3470;1444;9027;25265;7608;31267;4109;4538;13220;17798;9139;7586;17059;27304;32557;26318;8082;18628;11106;7897;4270;15343;18331;3385;4010;9958;31800;1824;29183;18954;1442;7841;27524;2985;27520;19732;7998;5503;14382;7355;12921;27517;17514;5542;5655;24521;27473;29139;31273;2053;14987;23706;8124;6100;29378;16712;31989;17562;27736;27915;26465;
5764;13401;2062;14470;19145;30126;10724;8382;11055;660;3370;7237;32464;4685;9832;16016;30750;1813;8761;18400;17445;20568;3756;14616;7952;15650;13289;22987;4591;21207;24600;25754;15799;31780;10878;19901;22410;9269;29161;22495;14905;4649;6735;27439;12552;6339;19890;25268;24497;28258;17478;17376;27563;16691;22486;5225;19115;23461;26212;16980;23148;27933;18448;21075;9644;19180;23611;18512;31351;15742;29163;32330;13735;11731;3953;23904;26540;18227;23882;11563;13961;24862;14404;27985;8479;17795;12001;27991;1966;10034;28160;5815;7577;23698;24762;7475;10345;12951;1931;2408;
12309;27631;19122;20902;1153;16508;19418;29951;15428;28935;31481;19614;4270;17203;29305;1883;15114;31151;24214;908;14112;7344;29703;31517;3838;9887;14816;13795;5112;26894;10935;13869;10478;15857;28933;5020;461;22795;17104;30773;31832;19878;8327;29621;30249;7303;31534;6436;17394;24097;1466;6829;11785;23817;13759;22445;5668;13482;14152;4362;10849;18490;22534;14278;18825;9709;11694;2516;31893;10856;31644;28970;10609;30840;7100;22807;25345;6404;28330;28119;31330;22336;5912;31333;13682;11556;1137;22672;20114;21533;4283;10065;8618;19970;13762;15196;10862;31305;7539;32245;
14304;2939;4486;11781;30998;28901;3680;14189;18238;2193;32055;5274;20703;11636;22903;28249;2658;30185;17764;28141;2000;13918;20993;30048;9181;7245;32305;12822;6182;30063;12573;15784;27319;30508;13269;16623;21712;6741;28218;19806;1769;24341;27419;24725;28147;3365;26526;17972;24033;17472;29154;19437;17767;28887;23266;31710;20225;30981;32669;20765;4920;13765;11636;6804;16417;3171;9683;15;23078;15408;1299;23955;31240;13434;4255;26866;11301;1723;12374;21916;21751;18705;5937;27320;16094;31982;24358;16243;13599;19985;7244;4504;20524;15797;11071;27234;22310;3592;16070;1422;
23200;478;28851;11955;27814;17575;23051;2262;6653;3742;30311;29753;2221;22852;22170;1653;24509;14349;26260;18632;23614;10585;19079;12464;14219;29605;5960;1721;17102;25347;27127;12179;23494;31431;8930;2919;7880;28548;18343;24427;31236;32055;20633;32181;1546;28097;25957;8013;18317;25499;19702;9349;15974;15557;5269;12173;26075;8703;12885;19778;2594;5692;9902;8263;5921;6740;24936;16983;17528;14585;28090;20441;17089;3820;10676;20917;19990;9072;3290;31079;18900;9472;16914;25426;18847;24125;6336;21334;11175;30506;4399;8100;10281;22171;2099;15825;31288;14315;17932;9770;
1469;18670;29838;328;7869;25638;16511;21476;21978;15162;10817;7404;28189;1443;18864;6613;24562;1961;2382;9524;3444;1422;7326;25480;3051;30473;13773;12890;9875;3830;16023;3465;32416;27467;6249;24287;27774;334;10179;27623;1629;6661;12001;22019;28653;29422;15258;24761;22374;22257;11400;29262;17356;17299;4457;662;6257;28268;27333;27658;29115;16091;3282;21275;16167;4088;10644;6086;16014;20170;17992;1385;15528;18619;8195;13525;16078;15944;17303;21668;31236;3581;23734;19405;15158;2977;90;27253;9410;22446;30307;7432;25911;19204;18050;21897;19292;19165;3159;7974;
23413;6404;22230;4112;18881;29762;5871;3465;32327;7449;24942;5695;1491;4789;2080;1752;5179;7200;20023;3278;31718;29109;15343;15229;16015;6871;21874;30586;6983;21475;14585;11303;15801;4194;26677;32644;29362;28036;16621;30792;1505;10442;26856;18993;11483;28418;12557;15512;9057;6008;13257;24392;23782;8043;12977;400;28492;31166;30569;8087;6895;1776;15300;14832;5092;18766;23852;19310;28803;10599;24389;20794;24866;24257;461;6434;5412;20682;28103;18996;28979;1041;15832;23436;31433;26550;26097;28010;7413;5920;15918;14472;10844;25581;13566;1962;16510;15407;27781;28534;
28730;16597;18238;14470;20372;8295;10213;12220;22711;2551;26772;20693;14902;19540;19756;32577;31895;30080;29942;16690;8466;1636;3978;12532;7574;3779;22768;6268;23053;17773;8454;27459;4833;28853;25121;4693;17599;13092;10999;16036;1435;4207;24509;13731;28404;16039;5772;19472;32089;6064;4873;785;2348;16116;9541;31619;15526;20312;28642;13199;11035;9584;22904;17022;28031;6638;11574;1742;26666;16481;11981;31365;7640;32284;9609;8645;13300;3443;8897;18337;3094;16686;1906;32047;5834;7223;3367;3806;17299;4502;22044;25610;12847;159;18594;31950;2333;16746;14789;538;
5469;21892;11053;7173;6007;4324;8258;612;25022;20257;20116;31643;11222;2274;11641;15795;16244;23957;10488;26029;25189;25956;31717;30998;8658;24420;30030;9692;25282;4112;11542;13408;23520;25591;27616;24524;23679;10929;18990;2215;1243;32279;19146;30119;21409;10676;29798;5830;11442;9846;11903;32407;15652;32425;25991;1499;24714;11814;14914;19792;27510;21192;16497;4553;32572;16672;4270;1667;19192;20842;12695;10679;24018;30911;7214;18284;28288;652;24448;7823;15373;32322;10117;23621;27609;13647;11080;24960;2274;15694;17991;1745;2113;31354;16669;21117;30456;9833;3422;21714;
13546;12023;30915;7867;24875;384;7047;1683;23418;5714;1552;12087;32524;20577;29138;1375;31372;1341;31089;10030;26975;16706;7205;27143;4652;7182;4195;29347;28316;12601;10682;4960;24670;4416;22011;25820;14191;16065;30108;19651;28056;3054;4958;26341;15160;27708;16174;1164;26947;3675;4169;13836;1163;21099;4772;4763;22078;28781;9099;12899;17840;25335;392;3798;1883;27180;4998;15682;15653;15084;11062;14245;27617;11848;18098;10178;27159;1337;5473;26740;11272;5265;17434;12611;4333;27953;21644;8245;5504;21629;989;5606;4029;8461;1169;6107;22506;20389;4014;11540;
725;25704;4381;26848;4445;27720;29524;6134;14643;12993;20018;17344;10978;32711;32042;32762;30989;29181;24740;13948;1272;18727;20128;25940;5195;13538;30365;792;29714;31635;15545;32123;19719;3485;20505;1565;3348;22743;139;8616;2580;28733;5994;11544;16858;23525;14275;19802;23412;9525;2485;32025;19888;29524;13598;11477;20192;19422;28532;10549;29147;19420;8432;15262;5188;27891;25842;14596;527;10971;27041;29440;29248;7443;29393;16163;16630;22739;1067;2187;2729;12099;30343;8115;3248;7146;31901;15503;28422;30569;23261;26329;23373;17001;22171;14502;1299;7378;8303;12092;
1877;15677;15836;32295;15169;31917;13871;6282;27712;19065;1706;25780;3380;7309;8674;19955;21246;12243;32358;10413;22596;11499;30881;7340;11889;1314;3074;2490;32765;7074;10074;6766;10222;3814;8325;31045;25247;13937;2892;23540;31680;10432;30602;22781;7582;23933;23182;15233;9636;16373;10177;18773;8738;17868;23688;12120;23886;24047;876;2051;6537;19403;29305;12353;25315;17085;18659;24193;6624;21961;28656;12298;7037;3982;8977;8335;10862;18041;17234;8196;32170;314;31221;15024;6185;32628;28250;1922;19948;15033;4899;20648;6719;29621;20117;10846;11067;8105;576;27652;
18062;18972;13794;16244;27519;16077;27017;14994;22060;4075;21240;14117;18454;19592;2636;23781;14816;31564;27103;4564;23124;11622;9581;17618;32423;15816;23669;18028;26622;4244;11234;9206;560;26321;747;14553;32718;6755;16184;27181;30561;22074;21574;16523;26098;7881;524;21532;15056;16058;24287;16118;20621;27616;14483;2473;30538;14445;4323;17940;29748;9317;14610;19582;6735;25426;20691;20194;24691;10810;11367;13961;6292;6606;26117;32734;11334;6372;7806;2175;639;13095;12577;912;29343;20493;24284;2132;26799;22026;13477;28414;7910;3588;12568;28612;4210;23302;28002;14390;
2421;6712;19805;27342;30797;16143;31484;15560;25624;32705;12522;9779;11383;9724;6254;22601;30355;22487;16018;28156;27486;27913;25732;2769;11036;9304;12092;23537;6689;19797;31327;12158;27356;14919;21092;5667;2324;3685;23029;17135;19058;15432;7832;7523;2112;18591;8334;14793;1648;9509;4603;11208;19424;14288;4424;26422;20444;25163;25286;9005;8421;7591;28052;29537;26800;32334;32706;2992;29042;13368;7606;25083;4187;23393;24783;8757;6496;12410;10569;10425;16446;32222;10081;30433;2748;21705;32697;21972;14384;26308;3837;7071;16964;4964;4295;18056;23290;32308;11712;25246;
3054;16624;13577;28053;23260;3572;1241;11473;5985;22259;26215;10689;13830;19436;24842;18542;23674;18010;18590;11348;799;29868;2859;24432;20424;23028;449;28570;3522;30179;18598;30229;26385;10485;25268;15717;17147;10473;11260;31072;28107;6516;24495;17800;28111;7478;13631;23960;10659;29421;22721;17501;17329;29417;17046;19655;20217;192;12874;14656;16654;17730;20668;25916;17761;17583;15743;11538;21954;9512;2945;2058;15396;14692;28906;2231;24993;9124;11847;14215;3774;9449;28904;31640;239;27748;13446;1485;31070;31534;26666;29218;10472;28729;23113;4924;7528;20615;12340;7237;
5177;8089;27824;7414;22006;23595;18912;1013;32644;13598;27244;7010;23635;2742;9692;13228;13792;4101;29765;28842;15487;8359;15656;27879;27991;7856;3479;10045;6574;27875;31129;28325;29543;22821;11472;16461;17096;2865;28249;19435;10625;19340;7156;4690;5866;14012;24677;21058;20877;12469;10522;14213;14820;11412;7949;55;10852;7311;9964;3174;6330;7724;11384;3035;23636;14002;15659;15926;15907;13277;13853;31041;13727;1238;2344;27006;30476;8034;23882;16642;14076;17754;3660;18566;18198;15963;20385;1724;28693;22974;30353;29151;11540;19659;12183;24462;11272;16681;8967;9946;
14222;10137;19699;10398;28135;8933;3152;12815;26944;7954;11605;28051;15671;26845;29476;21975;28060;22886;25772;24347;17012;27174;24782;19153;7492;17702;15806;22887;13196;9587;30637;20065;21137;7117;12965;31402;4191;2975;5044;16684;3599;29748;13644;18846;12102;23079;15082;21917;27390;25883;18422;27647;6537;1453;24042;20068;25554;14247;26039;27917;14311;13430;26725;19698;26292;10719;15097;5134;20241;18669;8603;12286;14848;16686;11768;19146;19503;31775;23782;515;12485;11492;14150;5134;24923;2108;31279;30655;12103;14517;2633;4650;29217;25372;13942;32437;32640;20280;3512;7538;
20485;2232;19535;23468;30107;3177;9249;27328;18172;21932;25695;22830;25720;24616;17510;16880;31218;29116;21987;1547;25131;16567;25147;17507;3907;19020;14122;979;23676;27968;9898;17277;11586;7398;15894;25951;32104;16461;30863;10024;18101;4536;28831;7497;24479;4686;21788;25678;14166;26131;9551;31855;4868;11287;30806;866;12371;9966;21447;16500;28977;18783;21910;14040;29904;31584;13625;12863;16880;11075;24585;425;26208;32554;13548;21626;12226;15040;9009;28112;24976;11563;12475;8724;3164;15164;11106;21199;27228;23017;2454;23743;25893;3326;15941;11307;10423;15887;1023;27507;
26554;32689;25433;32747;13575;4330;30863;18665;5738;13541;15469;21789;13478;13034;21615;545;19642;4750;11815;14929;18019;26663;27103;17629;5090;17795;22656;23581;16127;8922;4274;32292;18254;21504;24389;11159;13745;24031;5840;2240;2334;16421;663;5342;24739;1850;178;27583;1703;14965;1900;17809;16754;31375;6634;10486;3312;25688;28685;854;8625;2984;21912;7033;27957;8857;1174;4693;24423;8435;32502;26148;12647;32744;11129;11194;2444;24066;14798;29206;8362;8025;4603;1079;19600;24073;21246;32049;5077;16099;9396;25215;11989;32355;24827;14491;6646;18914;22547;17868;
7472;14605;13387;30527;27852;31638;16601;7258;18283;3882;6153;27725;13643;4514;31898;2538;19654;893;25188;31158;8219;3726;27199;15936;14449;9458;21793;3761;16921;3141;12934;23461;19988;10517;19989;5689;19669;7831;8320;28005;9799;5785;18348;30093;4882;17848;18962;28242;6939;32723;10597;6830;23881;28864;2164;24384;1167;19773;26707;6884;3623;4137;16565;28039;17691;6132;30621;24890;5898;14420;31798;10628;9769;5177;2302;27901;15496;21508;20778;19736;1175;3059;7495;8257;10984;26336;6941;4648;19766;26924;25816;7772;23207;24566;874;6427;18766;20624;28715;14953;
17652;31795;22978;24415;15128;19441;12361;30150;26676;14572;15532;17892;19010;1222;18258;3734;7295;22104;4608;10143;16495;3751;10490;7744;14369;27155;20331;9;5556;16850;2822;18414;1050;413;4846;8605;19740;9641;9683;30479;158;21721;2910;31837;8485;27442;17616;11734;31126;2191;12518;29774;65;30614;9983;25528;27421;234;19840;18424;22869;32418;12152;29682;13828;17403;21888;1767;14397;11593;26086;7169;9295;27700;4106;6188;12871;25632;18183;2600;15798;10989;3990;20700;8884;481;25904;31726;27684;23266;31347;6800;14138;15849;22727;27805;28731;8883;9025;10724;
19588;4794;200;21444;9678;10083;29046;17657;6832;14457;4928;29621;6245;20186;6618;6642;12752;12144;32213;14343;26557;4707;9995;9594;18026;23181;5692;9238;31814;24879;20985;10557;19960;10722;6849;20863;2979;4816;10859;12907;27497;21795;707;32420;27950;27070;3960;12344;11166;9771;7990;11566;15985;9685;30735;6750;4589;21368;2847;20614;22445;9941;2928;10137;29858;27306;27675;3162;4183;7905;2480;5162;10617;19208;728;798;21398;21761;1081;30805;549;12283;2970;13449;1223;30625;26184;12003;6348;19344;28344;27668;13305;32527;19821;19361;27784;28922;16668;16254;
8817;8192;12815;8671;19944;20239;5319;7499;5927;19979;24549;23282;7021;15046;6475;27456;839;20013;15998;7346;19982;2495;3150;13545;30385;22852;27066;16381;21940;31931;31246;27155;25721;20116;6734;5938;17855;14879;19927;11602;14184;30277;24132;17590;20863;22646;12943;12924;13945;21474;8568;8563;6331;30956;17195;11564;14685;2267;1565;13140;17454;29139;2871;20288;11512;18181;3382;13258;29189;2338;22354;22364;26593;21269;3869;9802;29282;16113;21935;12133;20198;5928;1024;32461;21468;10239;1685;6918;18822;17726;7263;22606;16380;22572;31968;30254;1653;2490;10639;15184;
10178;23807;28286;912;4123;19940;22074;29781;16414;18465;5362;19234;12565;2664;11996;31336;20088;18911;24021;2207;10419;10708;31304;26004;17704;23469;27472;10757;12152;31517;25121;30059;12286;31390;25764;24087;19357;13339;27489;10112;28860;29164;5794;13020;30094;1032;16085;24045;19351;13686;25651;17438;3180;13829;16799;5582;17338;19517;1745;31212;6793;25493;32179;11716;18370;19175;7947;22296;27119;14112;23131;15475;11843;24124;5381;22458;26842;15986;9395;30468;577;26027;18678;24491;24121;19769;26670;10148;8120;7622;5033;14603;28209;28554;5903;13314;8213;23234;5885;8892;
28314;27741;752;13269;5819;21240;24165;28389;2944;22540;9534;5972;7551;31078;20328;12656;15267;14040;14267;23996;12588;26671;27169;32395;1271;12132;7419;23502;24064;23319;22976;14635;4389;19768;6375;4687;15405;14856;21768;29060;4616;21312;22846;5254;15448;13199;20175;21394;30257;7754;19983;32449;17437;26464;30337;9620;28004;6028;21056;31952;6794;8398;2205;22156;15640;14107;9226;24712;9376;8532;28471;7360;25851;5749;11642;18497;29141;31503;12916;9276;4972;4856;7410;21849;6292;31552;14609;19789;27135;104;19878;29359;25275;9423;22748;31495;4604;27501;31;11049;
18972;15043;14137;29121;8416;27666;25275;4142;17661;23244;31135;17812;19674;2120;27179;12332;25240;10169;17945;22751;29008;9825;31220;7444;14235;1026;5061;27334;25432;3990;23791;729;6825;23615;19288;13742;5695;641;3529;19957;12504;431;14232;7618;4101;21923;20356;25059;18993;5298;17888;28530;11743;10720;5620;24486;3635;32591;5792;11758;14516;11518;15938;31809;30800;32688;24026;29103;18849;27689;5996;26429;9326;17056;5030;22255;32373;13938;15043;16678;27495;3604;29871;31788;32309;3915;13420;8718;20362;31647;21172;4266;19864;12557;31712;12296;14616;17148;13576;29422;
29580;8050;15468;17838;712;5256;18706;24387;28080;18971;28081;10396;22083;965;8910;11832;29913;16139;15397;20467;22696;472;19786;8992;4493;27947;16784;15063;9994;26636;11050;19088;139;30404;3472;22257;8941;4685;10021;26853;26432;5128;32278;30446;3788;2478;13445;30908;22611;1417;26599;22782;31382;16100;8106;14712;10266;5824;3867;15702;44;21704;11912;19904;4387;12423;28577;3246;20453;31449;4388;27134;10413;31647;21946;3780;3339;22455;8732;4833;9004;4908;18041;12503;31323;937;30492;27611;26824;18228;14410;23596;30344;4888;16745;5540;31198;28451;7016;23692;
18617;12562;32346;7349;9085;19530;12900;22212;15622;18889;30682;30670;1003;31835;15013;20261;4351;17681;5352;5745;24350;31727;25827;16386;12326;20709;31255;32612;17219;14593;7594;16436;16496;15330;31246;32563;32058;13680;9694;14745;32455;24522;22024;26284;23832;14720;31537;12176;27531;7171;20053;22881;19108;5721;4270;5503;18188;24597;728;11305;10714;30855;22322;13646;24082;17968;9095;21407;3947;19064;5614;9705;9814;15780;28910;25250;17723;9986;4838;20930;11014;17766;3244;6356;7906;23514;2933;3404;18756;13970;6645;283;7724;31774;31943;15745;15528;7907;11790;8226;
26521;716;15453;3677;31673;11069;4308;13017;1757;1353;24716;14688;25720;8740;19766;31985;865;30171;30974;23568;14550;28226;4534;10081;17600;30254;5936;24181;27448;14565;24811;12004;18251;14803;9970;27036;15098;5247;4610;25208;8325;30909;5867;28181;8426;14116;8504;29153;21416;29122;20754;14964;3016;17679;20578;3108;30238;32032;822;8659;27853;11037;5990;3596;9225;12021;14199;12879;5153;2384;25791;16552;17596;2502;15562;31622;23906;11598;11773;10187;7999;16633;24441;25888;11300;7392;20547;24715;16079;2906;29089;5443;14444;12403;16583;4035;10076;1434;9138;26397;
11060;15770;3413;24721;23049;9420;11507;29022;2795;20874;11468;4824;10671;14566;17403;7355;30706;31644;8095;6591;24410;32582;26425;19052;14623;10191;24661;18992;11978;17706;30061;2735;6205;2372;9226;6490;31476;6711;5676;25411;3722;5312;27372;27439;27263;4851;29280;9709;16696;2861;24767;28903;19527;6987;15557;22263;19949;5145;3417;6012;19421;22797;2670;9132;26435;26678;21799;1580;30213;7791;31550;26846;16713;3032;18854;11514;3383;27783;12911;18784;19968;6522;18923;25388;11807;1488;7951;21643;18911;7225;29467;5582;17437;4268;5246;15549;6223;31320;24819;1582;
19909;18908;13041;7638;28719;28602;15938;6238;29024;18185;8177;21433;22609;6251;9578;12726;24937;18751;3805;24785;29691;2840;20707;10063;4369;8045;6500;25738;8040;914;7096;15497;14523;6374;26636;8659;23620;7503;21000;12677;10881;2019;10927;5539;3636;7656;20870;25004;30381;21503;24824;7537;1867;20380;31225;29222;24641;7353;29418;11706;25750;27596;28092;4196;8560;27638;6489;6271;14993;5501;8767;16535;34;30844;5742;25540;4527;25561;16517;15414;12916;30840;15912;12306;13015;31918;21924;24701;4917;1017;20182;12021;17377;16110;21321;11496;9834;1906;6558;10623;
13341;32045;24625;20923;28107;17980;31481;5828;30925;18470;30896;20094;3396;27922;9012;16988;6565;18743;24366;8313;16246;13459;12017;741;3410;11488;23717;316;6707;5060;4004;126;26097;7496;20772;13594;8965;651;17431;2892;19859;19640;5199;27049;13224;19509;24806;505;21184;4125;9693;9284;11915;29169;26883;18480;1264;2442;11800;16522;851;7506;30259;19746;24851;25268;20065;32476;855;8913;12687;8708;3595;6005;16810;8930;1573;5193;7172;8334;26925;20554;19706;8710;24060;25465;9940;8574;25284;19668;32748;25079;7248;5254;7187;17171;10893;24155;17712;1832;
9802;118;22314;16275;11324;29254;17160;21327;6469;10166;19799;21446;23541;11428;3020;5094;32594;5269;26155;13688;21204;4775;7783;8365;21428;19911;9227;6650;15207;17699;14040;27174;22373;22754;7344;19618;3630;19219;28339;6168;13711;19684;16807;21830;7713;27669;11677;14349;30740;29868;30929;11973;29994;6889;27091;31700;19462;380;1252;3455;167;28662;14499;2048;5680;19838;15849;13784;3562;13253;12017;21094;22411;11836;6588;25273;5817;31108;4531;4259;25034;22309;1167;15374;24014;18820;22134;13971;23503;19471;2406;23881;23383;23483;29655;1243;5683;25520;19100;27614;
31095;25154;523;10081;12226;23076;19037;15813;8387;25560;11096;25551;2556;29546;811;4091;5318;9822;27801;22547;3478;11751;20569;19713;8318;10586;9661;18658;16119;1249;9875;25435;4829;12404;31305;48;8891;17157;7252;11282;2889;24059;465;15289;29235;25826;17005;24883;5660;23905;18563;11132;8163;2924;19589;9294;6437;7610;8093;58;11267;32378;2452;5368;4133;7234;15858;2556;18686;16200;11367;30537;6482;16084;12393;26250;20470;10997;25631;27231;20952;15988;6782;16373;1343;11526;17586;11993;595;8645;18111;6926;11487;481;32616;32093;6998;18323;1872;13804;
28436;2387;27487;27922;487;331;26215;30314;3278;10507;24071;27174;11264;15742;9936;26790;25648;16157;21415;15434;3344;16994;5226;19844;17684;9344;26583;7473;21112;30801;9385;14633;5508;16272;7683;24340;28687;17480;26386;16768;17986;9868;31215;9009;31902;29289;17858;15544;5952;21017;26669;8264;24164;12409;5608;4036;11305;24510;30376;31004;18324;6243;30790;3290;28886;25701;23837;8952;722;19123;2484;25077;19930;20192;21917;23592;4025;6428;25500;5971;11511;23138;17676;12923;3928;16627;27775;7671;19878;4354;13221;6600;176;13745;30831;28200;27027;24124;5491;4709;
19768;31604;14739;13808;10526;12656;25305;24497;9562;4479;166;6046;26588;12384;268;20108;11507;27830;19832;30789;18708;31158;31380;3034;30679;547;12139;24123;7234;30588;1999;2820;22090;24948;30199;24474;4503;16802;26477;31863;29064;24442;12584;8386;15991;4220;1780;21539;14398;20651;539;25301;29177;16193;31550;24573;6926;21409;15236;8762;22891;24205;18679;28285;6415;11161;21034;17691;29900;22239;32031;1312;7243;10997;7529;23015;23376;6940;5518;9959;9791;11706;26543;26064;20448;27403;14699;10967;19551;9235;20224;17229;9623;9687;16819;8823;1167;11468;30067;4250;
29765;11408;4537;20565;16811;16344;434;11827;7408;21674;16288;11905;24576;26828;28542;19805;7758;27260;3298;1296;25041;4449;12328;3742;14668;17346;11981;4251;31699;23542;6937;12351;25995;25115;26369;14525;29105;3595;11851;19665;5598;9612;27635;22168;17033;2759;7886;10661;19661;3836;8557;2897;9580;23923;14660;5458;277;4790;8459;9872;21986;21501;4709;22068;21029;31466;4800;7425;12388;10614;1916;10471;3234;23084;21839;3797;7904;16533;3816;20176;32484;3571;30418;24130;21817;28209;22684;11412;7543;20763;32055;22014;24005;21451;16031;30878;30619;24163;32445;24520;
30157;18946;1421;31134;31685;8944;2684;19168;14863;23324;27924;21765;3100;201;24794;8842;9023;19844;4215;28042;25340;8537;31767;5263;21122;15942;5903;20904;18294;22512;26818;26555;11762;19349;13509;14877;4558;5186;28225;608;19742;20294;31385;6252;32763;25830;1869;209;13703;10578;30495;13660;23083;2520;10868;23529;26403;6744;9980;24439;26429;5880;25237;8066;14557;11800;13677;10637;12613;9865;14183;12542;1299;13817;3265;14638;6667;7090;26099;9665;9751;21381;14042;9523;16268;29952;26901;10676;17071;4840;3504;25654;12408;12003;20991;30148;27286;5492;15309;19221;
28850;13868;28855;22113;760;19487;3282;7027;19924;27286;19604;16896;761;16899;3569;8759;936;12602;27844;32665;47;30429;32369;26123;12464;5912;28872;23849;2851;18831;4141;26078;6814;917;30966;30257;23508;29343;30741;26466;17117;31480;24311;2614;20021;3766;20140;21903;19206;28908;15943;25407;11946;14625;16520;12062;10603;11009;19640;19547;22158;13907;3797;1295;11665;13099;751;6168;6320;11873;24530;2340;21678;23105;5349;14092;32209;30596;24402;11364;28207;19072;14951;24144;20776;28827;12093;19864;4148;10757;18327;15871;31967;27559;10252;30673;23569;19798;5481;18364;
13971;10317;26961;12512;4815;31194;14886;1321;31703;24151;14893;22493;31145;14428;4588;32369;24242;22579;14807;5025;3728;14220;5932;12480;8732;7538;24604;20812;3240;15998;2859;5317;9861;11595;19929;21183;16585;12073;28290;13623;9806;18710;28035;19747;11774;6378;18846;21836;16974;20177;25504;5984;521;23294;17728;10051;24143;9118;20299;26791;23005;22283;4862;4828;19855;11843;23219;9961;22050;13208;9665;3035;20287;25001;7069;17757;32693;11920;14917;30857;23303;22365;17374;13054;31782;32708;12187;10291;15743;31250;8674;22795;4664;19301;12202;22953;1207;16413;28968;10629;
32357;9358;10154;20927;15537;30199;31427;15796;5975;8120;4264;464;31714;6335;1498;1187;17007;30020;2053;15926;16309;16566;6184;415;14402;13301;14327;1235;6407;7105;1662;6844;6423;883;4102;21387;10412;30698;21820;30544;20843;30409;19856;3783;27625;24032;26844;28277;20077;28391;21574;30708;22776;15218;1639;1420;642;3361;22189;13315;19335;7703;9213;32437;14786;13742;20125;25063;16697;32105;2386;30552;15993;8747;17861;16665;26147;5542;16427;5791;19879;1045;28197;26647;29008;21038;21733;19449;23425;14162;2707;2784;20798;18440;26351;7577;10221;1193;10039;20857;
10334;16477;2379;1780;8970;29765;8719;15980;6552;21242;29457;26439;8614;12343;876;9540;25797;4306;32748;15;25029;30449;9842;12563;21300;15994;154;911;24353;7627;12700;31468;29733;7852;23408;13134;30629;9089;24374;12393;10577;19653;31956;3734;24560;21171;5601;18981;864;10054;6082;4341;26584;29796;20754;21059;28273;19030;13896;192;3813;4732;22931;15078;11926;6719;6665;19851;26834;19014;19969;17591;11349;24045;27837;32435;21007;12019;31565;30050;4392;26994;16559;12756;29762;15381;1339;7705;13310;22661;24895;10579;6849;22564;24294;29199;21944;22782;29534;27350;
22297;26365;4921;11518;11692;1372;26132;28102;30091;27741;23927;18851;17958;20287;13053;22996;16777;15978;4533;18492;10466;31214;28359;21873;6717;18475;21851;1297;23443;9425;10678;25685;22275;23564;10150;7912;11359;26104;8225;22009;31722;5723;14889;28047;20064;29843;15090;17436;15927;20429;6471;2134;17957;25464;24618;8514;22754;8186;9403;23697;9775;27553;4955;22320;12567;28636;22544;21531;7029;18091;26155;30066;19126;7252;25385;3022;18912;6488;14552;28629;3283;10405;4795;6668;30928;28173;19118;27885;22071;247;2253;25914;3989;16212;6803;9360;25053;19669;17727;2623;
25078;4699;6012;20057;31606;20912;32320;21257;19630;8564;8437;8230;998;25946;18647;15624;8681;5780;22429;23707;17861;28811;4443;4017;26060;21972;15783;29085;6622;351;25595;765;23275;22514;10074;9943;23475;28118;1334;30184;24272;5329;31634;23608;11767;1620;23140;13554;5755;32244;17469;22643;3858;22558;8747;20641;27356;2311;3807;10110;15777;32739;32011;1021;21851;19031;7438;2324;27892;3120;17875;11026;31824;8021;25846;28467;18830;28666;14889;18801;8075;26903;25047;3230;19880;1305;29447;8368;21710;22231;13442;29532;26031;7879;11576;22246;5198;16498;5088;17207;
25793;11301;25055;11568;5429;4330;3435;26686;18740;27318;12016;17966;31267;16612;5554;26947;20751;10466;4021;31878;19881;24875;26842;18014;24206;6261;25930;18784;20172;13611;15127;26472;11426;12573;20257;15081;3464;23927;14647;6785;21359;8943;21375;31441;22346;4675;22808;8843;7373;22755;22525;25804;29557;28138;31277;21933;10440;2899;27145;11541;12254;18282;22013;19409;25120;25216;22370;5862;15696;7395;16547;7461;17098;10510;5791;15105;23561;3612;14671;12446;26732;3715;32681;24106;22586;26366;19140;6768;30949;31179;21564;22442;22155;14871;15320;2711;22210;27575;6250;1998;
28821;2840;4087;19282;9674;29049;15128;24166;8551;2391;22432;20387;8052;10025;3711;28999;513;23118;20711;20944;14187;19012;4269;8906;21980;29722;22513;485;4113;23592;1025;22602;26464;2045;10107;17455;16121;21657;22450;16553;13420;31965;26963;32706;24939;25663;24649;10956;27345;31170;5853;31989;228;18214;24610;27675;13527;91;10640;21473;18324;10044;24559;22274;21944;6010;7031;27365;1246;3798;22325;16754;5664;1428;14256;1317;475;27436;9421;7008;179;6978;15088;24838;9687;7896;22372;5445;28294;3523;17405;26291;27347;9307;17915;22173;25509;24951;5170;26267;
8705;16537;30824;17512;15244;25701;8191;26609;2123;17752;24532;22444;9646;14518;28518;1835;10957;25540;24379;1009;29169;28472;20095;25732;6998;3822;9199;11716;11567;12764;19957;8826;29931;28232;19988;12596;3511;32312;4999;29777;12356;24619;26917;30808;12234;28678;31368;15502;18509;3153;13422;8647;8735;7075;1119;15228;11942;1627;15249;14110;16991;30865;6408;19882;4131;77;16129;29566;27049;23542;6033;14955;26957;3341;27786;6667;26895;795;13982;4692;27359;29415;26567;23662;22040;11757;13542;7618;11850;3596;8874;20820;10044;18815;22963;23378;14897;17166;1527;31469;
8299;10885;17765;3687;22254;358;27081;23917;3974;22491;4592;23976;13067;21998;24076;9615;22756;25852;17241;383;22474;3431;17153;24333;21454;23692;2110;667;28062;26357;12734;15145;30468;15055;19019;2158;20655;22174;13483;26407;21814;30767;3781;14256;30042;22478;20486;29393;27020;9146;9987;8410;7343;20438;23136;18162;13342;3489;12528;16044;22769;104;9501;11227;9852;443;26507;1192;25113;2589;29944;24545;24616;4607;17255;32148;14931;32496;19069;15837;15127;28942;27435;31228;8831;1216;31373;29610;10291;23719;29714;20142;24242;2001;5854;18603;23516;6192;29292;9020;
19123;32075;9848;29762;19042;30516;23068;20605;15999;13754;11833;1114;29837;30687;12056;20236;17093;16269;2385;21470;1046;28036;1516;13768;5482;22935;4551;4416;14379;15128;21559;18514;32261;30097;6386;21747;8686;7604;4397;5523;29284;19093;12289;18417;12534;1815;9747;9779;2822;30628;16500;23094;4045;2082;11974;15139;18336;13858;29857;2371;20593;19290;2613;7188;9112;7253;28720;13980;26836;8041;15074;30205;31372;28650;22686;3658;32603;4509;5988;18841;15564;2159;11710;32089;1890;6247;19176;27110;29660;16858;29235;14427;11702;19934;9643;2728;5875;32512;9208;20964;
5402;14906;15746;24292;12159;15391;1241;24844;25283;11865;24147;18277;19870;12629;13047;14320;6876;11837;19097;4410;19622;1319;4423;10801;19715;27532;19428;17462;26527;3835;19;25459;4298;20494;4951;367;7619;10654;25976;19935;21047;6195;27176;29120;26373;5566;1510;2210;28228;32139;12835;17479;14471;27761;11427;28268;8031;29004;13863;15591;22818;8621;9289;11250;14827;26319;19111;21191;1506;5837;32579;26221;14526;11795;15914;24273;26248;15634;12372;29208;6561;24121;6604;23092;20998;18464;29456;6325;2515;20486;12731;11490;25350;28797;1121;28681;25222;10340;1467;3091;
23652;17942;11012;16475;30048;29409;29090;26817;23983;4794;4105;31482;10491;19502;11741;28202;26540;19612;26454;16564;25958;7330;8169;4176;12498;6357;26661;30815;20642;25269;31451;10876;18895;24032;5505;30036;23333;3461;12248;11703;4610;26140;22221;11759;7259;26452;11933;24400;31743;4685;24637;528;32544;4104;30201;10073;8719;7196;27483;4509;15943;1962;29774;28458;10925;26770;16259;8958;12566;18663;14356;4060;32010;27297;2664;6559;26568;29586;28758;20687;17801;5532;2189;31858;6153;1824;15667;30244;19012;24505;32204;3178;22909;11563;20574;24388;3973;21654;32210;27393;
12858;5104;23966;13655;19534;14257;1185;20659;29514;22736;23374;10702;11986;14063;24333;21377;25898;723;4830;17626;28921;11542;25408;15727;17485;3360;337;17394;15584;29779;31030;29446;3482;390;1981;2129;24918;18613;29505;27091;6889;8950;27599;5494;22112;15023;13958;12006;3978;10247;10308;8098;4535;12698;13183;32084;5310;1393;3440;10846;11077;32305;11895;25781;26172;18578;12731;14066;20907;32019;22545;32678;11950;493;12831;750;3773;18757;13761;14920;13361;16293;17067;22181;23556;32429;23120;10432;21721;6150;3843;25517;1852;3224;28252;28085;21290;17405;27358;13153;
26324;6197;2262;12501;29344;18843;21126;9567;24177;28439;22403;9552;25640;13974;15196;32267;13163;2487;6012;8283;677;27335;13394;1290;12621;7664;23983;16303;24428;29357;22127;13255;7769;16769;12123;8199;7879;29161;1358;29681;2;7311;27287;9126;9334;7616;32671;28155;12145;11296;32460;18638;4138;18333;16292;26523;15873;5281;30006;4170;2568;30604;11189;12875;10691;1121;18791;29669;24364;5823;5821;10699;25082;9748;4548;27889;28195;10765;4284;17053;7072;9041;30725;2753;25456;7278;1859;10376;30175;14099;442;6447;17928;6529;13818;27926;28313;20540;10433;22295;
21462;30726;26397;17942;9953;17421;17361;15577;11832;13412;1018;23578;30591;4272;16114;21211;22144;31524;30069;10490;21872;12207;9218;6149;31347;17267;21636;26191;1635;30842;29490;30788;4301;31140;27316;3065;9533;4836;19335;21256;17852;14764;674;24218;30358;31142;25434;4549;14177;6565;2179;3609;3386;3291;20696;20085;594;1100;31389;25631;16042;13442;8834;2580;7706;9091;10699;669;26520;4864;18350;29475;2487;23247;18940;12868;110;18332;18692;15399;18459;20955;21173;16652;455;16640;20738;551;11436;3827;12171;28846;6388;8126;1145;17201;30660;8585;16553;29994;
11385;10441;11022;25813;17202;23732;11088;833;12430;18424;10169;19111;16055;8620;31314;28412;19359;8839;16713;31938;15497;14928;3734;23075;19148;14741;15070;24128;3539;17312;24472;29383;26217;7335;15470;29635;12083;10307;3046;16825;22142;11299;2881;14832;17724;11010;14756;2320;14152;27606;4725;3055;26866;331;18184;12967;15799;25967;15227;6636;17488;32175;19166;20124;15343;6914;5783;28568;32453;19044;25861;8659;30151;2438;21348;2728;31154;13252;24305;17521;17740;15191;2382;341;23789;716;7207;20577;3903;27316;20502;14554;29506;26526;23236;8146;1939;13378;10322;11258;
22253;29695;17399;7095;17904;22920;13290;16760;28193;9690;19586;6726;10803;4977;16027;12957;14213;443;25917;19834;4331;29901;5752;437;26289;15701;31634;16785;22493;23759;13413;146;20661;31228;18946;27534;12929;31120;13466;26375;10386;3883;30879;18360;20099;23179;7974;31086;3007;25856;3472;2073;18499;4896;105;16163;24230;24251;11664;21248;28502;27922;20888;18695;31012;21827;11375;4480;23299;11016;12605;2046;8972;8609;28047;19951;20166;23311;27573;13169;24741;14211;5224;8807;28368;14614;21425;16332;3879;20410;1286;14152;17541;8561;27317;25857;20802;8893;13446;20916;
4861;4951;22939;13572;19352;13091;18844;29202;31619;17252;14609;16973;12606;10285;3343;652;29209;15896;10775;22106;8255;14393;10811;5520;498;6741;16002;14378;19992;9040;16270;13395;25079;15333;12668;706;1085;15770;16140;15689;22851;9714;28674;2987;27794;2532;7884;21167;29607;23948;29028;22898;11763;25633;22904;22785;1574;23591;24521;10791;22701;15333;16081;1412;889;4634;4264;2527;8963;24300;5160;31934;8333;31009;19792;31027;30122;21393;1254;248;18688;14043;27488;9150;18509;17240;25349;12483;25512;20301;13648;9891;19978;30053;14229;21872;26380;26462;8934;26372;
29170;22786;9016;16790;15849;5977;25026;30860;9101;8221;3750;16272;31662;19822;11731;5094;29524;27079;11050;4093;24832;16433;31200;7492;32565;31926;17187;30782;12343;28953;26624;15065;12051;4548;23172;24828;20959;16130;4641;31583;16707;11886;8020;1183;18745;2220;8837;3218;10000;3926;10799;11736;30903;24377;15424;434;12600;8898;3779;1559;13955;18611;13244;10757;3181;4890;15443;29718;12536;4740;5941;30547;3541;24942;11832;2636;8999;13308;1854;29801;20362;4078;27739;1403;22868;16591;24378;19350;7451;23663;23484;23331;1399;27540;11747;23857;12296;2797;24303;22540;
25531;6215;32198;26129;15434;16387;18073;20160;12034;32456;28101;13843;19657;27509;4599;22030;25951;23898;6548;30360;28644;17063;32600;6025;23707;15140;21053;260;13293;19235;27806;11783;9905;15028;9884;17728;29610;29975;1985;5155;18001;31863;15331;16441;29397;17877;20299;8891;13153;4418;30231;607;19101;4689;25309;8050;12151;31948;28817;17959;9763;18854;9129;23343;27232;18481;18046;5769;20222;20369;9462;24732;30365;9329;11104;1411;2487;26356;27807;12968;3553;7406;21387;29332;16973;11349;916;6917;9620;23026;11433;24897;2226;8284;22104;2219;21330;29479;26166;24468;
23885;16985;25985;32339;365;21021;18948;31896;19830;15036;17979;4349;29543;9416;25784;20190;24573;5531;29381;30315;6777;24576;32331;2811;20899;3375;27378;9124;14863;20991;25226;10760;8607;25687;9386;31601;23625;17637;31126;8225;28186;20755;19558;3299;5755;12599;12389;8934;8372;30474;21944;25035;7598;92;12608;32765;27389;29190;23489;23873;11037;24351;27715;910;4860;28787;20920;10782;12473;8240;28640;28357;4012;24035;874;14722;23974;11939;4444;32340;30074;7564;26036;20814;29372;4208;25935;238;13000;21704;14091;10923;26374;30961;2089;32205;7277;17813;28661;8321;
23622;27495;13992;27437;18995;14611;909;28161;25455;28020;13923;29903;17239;31240;28675;32028;4394;18850;3650;21111;31501;24415;7961;17673;25170;25051;3843;11886;7417;26277;5799;14531;28791;4592;11191;7168;10679;24203;31000;17800;30303;8723;8771;7679;25428;8551;21995;24924;9344;18780;29664;15679;2515;24498;18995;10628;17799;16455;11675;12056;26537;31371;28951;4363;13013;25396;213;3047;11841;28211;9299;8001;6396;25830;11204;5517;8824;19599;3253;15927;3143;4357;12784;3567;6434;18345;672;6468;27951;7836;25783;7540;17284;19503;16013;2946;7399;4763;15305;18826;
19415;11251;22917;7762;465;12886;32173;31521;16844;22633;7592;6100;23558;1540;14395;5422;22274;11564;9898;6512;27089;27458;2336;6953;27538;19065;21072;20048;23605;14222;13917;26512;27268;32691;247;10723;7011;27340;5832;29282;30294;17885;9742;13916;23365;29123;19081;10149;25980;18979;10391;29488;32758;30881;17310;19936;3803;2130;5034;17308;21063;19827;7767;31906;26189;30043;5874;27933;1084;21166;18907;8953;26912;14804;22317;9718;1420;425;161;7675;23191;31862;3760;13230;10277;32033;4344;24385;20584;15520;32225;6542;5286;13235;30080;9063;3900;15571;11196;22311;
3811;4709;15791;14477;14130;32052;30287;14027;2660;18206;17997;21721;16476;17934;29501;11279;3814;4906;16888;31987;18240;16973;8254;16976;27865;11703;4512;31368;10584;10755;25501;6954;16864;13914;27916;25287;29074;31975;23738;32002;19796;14218;23379;11495;5329;19665;1158;29054;5313;14628;31588;22687;32363;6207;7689;29703;22632;25318;7295;9388;27817;13523;30431;12366;22460;12020;9913;21839;7498;18899;30646;20676;26085;11350;21372;2764;18944;23208;1234;23841;20031;20855;13829;10220;29938;24928;11914;10462;2268;24231;5092;18556;1336;31020;12745;20922;16126;20634;3456;18380;
13154;6370;18573;20025;8093;25320;5776;22321;17905;23931;19051;3104;999;8843;16035;9347;7644;25750;7433;7931;25531;4196;18841;4255;4876;14068;29858;32407;6702;21430;6183;30183;8416;17147;25733;21896;31239;31913;24663;32445;25259;26419;16279;24484;12866;22216;13830;3083;24625;3275;18637;22662;656;19332;25444;11198;10797;21013;13235;31244;16340;21679;4471;8007;18126;17669;29928;2778;10408;32513;16537;29209;28214;11702;25247;31957;2518;31895;4341;8237;5881;26854;9503;7080;13024;18287;23310;19585;21156;21109;30532;19266;14969;21485;6200;1940;31283;16362;14076;22102;
4874;21337;6941;9708;10906;2798;17867;19674;28462;1630;6201;9873;4413;11215;14663;29320;30261;8076;32351;10639;2168;25598;23452;15713;18596;13784;7986;30328;1048;30865;31754;25637;21684;18199;10156;4831;19935;31938;3938;31964;31439;19078;26778;26846;4613;11374;8333;11088;534;21317;28446;32145;15281;22166;4357;24464;23774;17112;27948;14233;8580;22498;10585;9326;15662;2981;29198;13722;526;9497;31150;32258;31043;888;29408;13501;20567;26027;2616;22565;16396;17921;8981;1838;20568;7719;23493;1271;7598;10069;7408;6815;895;27333;14387;19290;20481;13929;23051;3780;
25903;18909;21237;1397;27409;20379;31699;23509;30525;30318;14738;20273;19870;16169;25610;2319;7796;21144;5157;17599;26012;29623;7492;29491;20242;25122;13790;20753;17588;16589;4970;8965;2376;21749;32128;3164;1217;12630;7227;13263;9662;8607;1505;10908;31828;27171;20422;18908;29197;12241;9837;31248;17200;7270;12529;6397;7491;4833;17315;29114;1743;2103;9717;31495;29795;21577;28567;20448;11995;3859;16607;5714;28386;20006;23150;18574;20918;22104;22545;5180;2860;5562;4837;17425;30963;31178;28351;26532;31516;30186;5834;11645;13786;19985;28018;9071;8327;31169;13185;20777;
1512;13113;10888;24839;22962;1771;13953;19246;1869;30512;17074;14039;7639;2107;28117;1515;32108;18507;16757;16081;27045;10277;30875;18563;9566;14274;6570;11496;31677;6981;26504;21854;23152;19504;28158;30101;24885;31446;11618;6308;2720;9236;10611;1110;21017;12092;24452;26309;31524;10322;26589;555;24037;27259;18014;19188;23779;20146;11877;11288;26636;12989;15858;26023;12537;27743;29705;14758;29812;31952;26200;23321;32055;6250;31258;21345;17399;22181;9275;20936;20641;7749;29885;6491;16612;8658;29018;248;6127;73;875;14759;15228;24081;32008;20269;16909;2608;31089;5855;
30325;959;7340;181;13467;29595;30320;32415;891;28254;3138;30236;4205;4750;20190;28680;28586;22292;32472;31413;17932;7663;17539;29246;16405;24361;32530;8984;31283;10;3837;31466;15938;10893;8103;15263;14931;14608;13373;25785;5292;2639;31713;18152;272;20883;12552;30171;15168;14119;2080;3158;2753;23820;29047;30341;13280;7149;12888;13968;31220;3157;6519;22383;5859;12320;21134;512;19431;20528;7497;26710;28562;25185;27488;31572;7440;3006;10754;7803;26797;4853;14970;19969;15766;22280;24077;27427;18660;7750;6433;8892;5590;20858;20901;8725;16222;30562;11436;3583;
23264;1122;28507;28703;54;21114;26374;3722;4855;21878;7318;24978;12537;24420;22318;7135;27156;2379;12814;30913;9513;5146;18871;17604;22115;21983;17487;21637;27325;1849;14664;24005;3269;1296;15421;26300;9887;23171;3868;16303;17740;10018;16266;15045;16685;13662;13187;5655;20418;21821;26945;19462;25272;20307;28256;15825;30755;1005;21055;27751;16392;2703;6057;13177;15134;26017;27061;15060;14037;7781;6122;4590;19096;23852;7591;10686;14927;20938;14530;8401;25129;71;21360;5531;3992;17879;17765;29451;27549;10764;12348;27490;23109;20555;31512;5444;29556;7549;12684;24335;
30945;26118;18872;19565;28002;14331;5557;12837;12650;5519;25652;25655;18639;13263;5217;2599;11729;4496;8462;3481;21849;31397;26381;22302;18558;19285;10973;19790;30541;2060;8586;18967;10442;7504;206;31316;11314;23543;23164;23457;12163;1431;18206;19566;24382;32063;9181;25171;13164;28772;26530;31395;3551;3102;21371;14660;3514;4757;576;27070;15412;25781;7030;30353;30360;21546;11635;27340;14736;20872;29379;12763;12708;19145;1739;2465;13566;19965;19884;23239;2672;17469;4971;27475;8632;22753;9806;8060;8450;24819;28809;15548;27566;22243;21785;25384;1620;15995;21489;12541;
31749;1302;14676;17531;10452;12813;23682;4086;3477;31603;12694;13354;4325;4866;12975;21711;20843;16212;25678;7021;27997;5463;30975;23666;25413;26107;22588;4738;28677;13357;3214;9230;3608;18185;23797;10024;31260;11339;5514;6037;24717;16135;17251;13092;6356;1691;26551;28735;4480;481;26178;17088;20947;12969;13035;8966;13440;32102;677;2887;16307;12583;915;24359;15954;19401;24687;29066;32386;20075;4908;7335;22894;13859;19162;8287;26692;27887;26827;15052;2687;18159;22772;12060;8556;24529;18837;11936;9447;27788;1565;22560;30054;21841;31048;16754;3898;11198;6794;16202;
785;20822;19120;24404;22462;25134;25541;18560;14653;14312;50;30110;6385;6373;15658;32298;9009;26551;31813;24937;11779;26325;26731;1973;1319;25747;16884;28180;14168;25425;13837;12304;18638;4594;17758;25539;28423;10384;32234;31794;14791;32109;3126;9692;19806;26157;26541;20882;4649;14659;7747;24968;32091;938;857;11437;22269;18133;17888;19512;8500;21224;12738;26499;1219;4392;8317;29213;26320;21168;23825;4123;3051;30567;32541;5294;27724;302;325;20219;7516;26462;5846;6438;29816;15985;1197;23984;18161;2047;341;1796;27479;16109;24687;3404;24567;29665;3415;5769;
15010;3576;6404;23779;17840;956;24368;20285;28229;8272;1721;8205;26579;10478;24904;13931;10464;30356;28208;13672;9482;22521;1177;3488;26696;20422;26845;19731;30578;771;20786;8496;6660;27599;7562;16179;28959;9301;18103;9905;32720;24059;18643;29297;2197;22748;3295;11134;25629;28537;5546;21114;13648;2731;29684;4917;7823;4573;17876;22143;23613;11127;17751;9786;26750;24989;10858;6067;3134;32538;25594;12338;374;14487;27737;30671;2730;30225;15588;11912;9143;20618;9443;22417;12235;6142;1968;3819;18613;30104;17948;23864;4959;32294;22286;32206;15768;18635;21357;19210;
2327;24051;31040;17638;1981;4748;27156;26062;27931;9076;10398;14768;6452;9517;6562;27475;16516;7128;3092;15337;21825;20321;3196;6375;5600;12279;1951;17428;25819;24255;91;16864;19890;11977;23763;504;23344;12867;3788;30231;8943;10220;6999;2847;10782;23756;17841;14440;1922;22051;24935;6488;26299;22431;4029;17716;20681;6609;27729;22837;24014;17634;27900;26847;13333;898;30969;18574;30804;16930;31561;26194;4910;28259;29781;9468;28668;19150;20182;28025;6349;10949;31730;27231;21419;10937;6823;8646;9505;14494;11885;24921;23546;156;10519;12461;2634;4616;19451;15825;
4019;20626;9298;30758;6369;1472;9954;19824;14423;9883;11994;15662;31854;8616;25597;13863;9882;18713;19458;29254;26608;11589;2875;17575;18149;31574;6262;3570;4697;13377;26657;19176;1492;20476;21169;28987;783;8427;14916;3747;1206;2971;13188;24110;11884;26290;13775;18392;7696;5926;5782;32347;25150;15534;21507;12104;14873;630;29407;31063;584;26647;29618;7419;29503;5830;9004;6970;5312;5835;18883;14012;2721;31030;32414;2850;7887;18893;8626;11929;11411;23880;16683;4526;20756;20417;28173;4452;1310;18278;17435;28547;1057;20337;10488;9524;9341;24410;1676;17355;
1276;25162;1193;22500;13216;21204;1518;689;12704;16096;27628;15762;30893;18407;26248;31718;25977;29542;21152;7970;11130;24460;27634;28960;13804;12342;22073;6329;6677;18462;16792;15509;32460;8783;11836;18498;7484;24541;4926;1924;16102;24018;27846;3052;23781;26475;30070;4268;17526;22661;3846;20650;25783;17490;7723;723;10671;29776;23998;28850;2191;21372;27930;23361;8503;6595;7622;8703;6396;19385;17492;24642;4777;25229;4232;29903;26563;12349;12477;10152;1810;21510;17541;25125;7260;21279;25232;11590;25972;10662;13775;27208;22644;26587;30168;31094;32582;12172;16013;17218;
11369;9680;2808;22420;27889;11512;22394;5986;23504;31427;12069;7297;14933;24273;10342;21435;29170;19802;5351;32033;25410;544;26803;1698;9802;20386;7324;29917;8192;28307;4058;20020;4361;24970;11508;15394;455;16635;21988;22222;12179;870;23414;20192;24391;5582;1009;27027;14592;22637;25849;779;4386;21414;5300;2794;17052;14651;30252;12062;32365;1472;9460;10492;13415;22096;17423;24723;31026;18046;13325;23098;3477;27278;29815;8812;27377;14822;13421;11222;30990;32191;22158;21421;20762;6176;27672;69;12783;14093;27472;3552;2453;18428;9509;32196;14344;16264;15888;7056;
28475;2409;11838;3279;21596;13476;3313;32462;18010;12287;11044;26283;28069;10936;16750;1967;31029;28022;13608;13277;11469;16256;14546;31435;9345;11309;19379;15025;29046;15516;23744;18368;29673;31140;5311;7605;5746;18958;2988;20397;20106;258;27996;10811;1612;12480;20832;15288;21368;5521;18988;14042;8125;11516;28537;25480;9784;19772;26599;4589;27192;20722;13799;17356;2884;11032;19416;19;6751;30518;11120;1202;21642;23000;5214;19117;26251;17727;1581;4208;7661;30295;6508;24164;11080;15849;29708;14783;22978;27154;23817;31136;24534;25588;13133;29275;11604;21931;19409;27409;
23209;27778;31493;4485;7521;2919;19826;24618;26090;413;13213;10881;2715;6577;9519;17313;9204;5295;32596;29463;32296;26005;8801;11249;17368;16648;4793;14870;17954;21830;8433;23001;1498;15964;23858;28109;25111;2713;23007;18138;4082;25410;376;12944;16266;11655;959;17340;4684;14262;7705;2361;18033;18095;17206;9993;15303;6040;26100;1444;13749;10706;27521;2960;32377;25899;2240;5426;20405;28757;3823;7908;9258;19351;27526;21832;22211;962;24418;32731;13013;4455;12578;31181;22949;14407;24274;11536;8491;31499;4807;17327;20501;30517;24521;865;23311;15703;2168;1886;
1858;31106;21992;19569;5658;2;16783;17230;24141;4680;30305;23847;30233;28712;27961;18042;21197;2373;10363;17453;394;25289;21239;26332;23883;1369;17937;2162;26147;1864;15135;18422;7622;1802;11283;30632;3403;10732;10074;12621;22576;29443;6916;1223;159;1634;23332;29928;16623;11408;26490;13960;7790;10810;13391;26069;6494;16420;31393;9707;7741;26469;21376;24229;7242;7636;8888;3250;25924;22206;5296;22507;14965;25562;13202;25571;10991;27262;22444;3776;10006;14610;30487;4682;27998;4294;6294;15170;13398;14208;28096;10997;13798;26136;22626;22289;32724;26312;24351;15286;
11661;30686;21849;29648;28451;18100;14933;11173;402;5858;5017;8618;31815;27058;18073;10651;6115;14805;13715;26058;21052;8020;9144;10936;5028;28617;9356;16610;14703;11982;6799;30941;10671;25270;2333;17829;21570;8571;15763;20787;17679;27128;5043;16205;11148;7512;22858;4770;31620;11471;5391;26646;2839;20360;13519;31835;20994;21726;26311;12225;11808;26318;8786;31823;20785;20652;9156;4626;15323;7702;24469;3509;27118;9767;12482;32082;5100;22252;18032;10120;10697;21788;5330;18638;27375;17411;19790;15110;16261;18880;8667;15190;14065;9136;22446;16947;20379;24362;27925;8638;
27636;2669;22179;24148;6328;29142;6029;30048;2160;15703;14676;1652;26682;548;26276;4761;29132;7343;11645;17891;24247;26327;11408;32584;8425;7772;12268;2737;1142;3991;217;16722;7832;22632;27908;1079;11764;22383;18653;17696;20510;7039;28990;4495;12384;26447;4173;21535;5047;7539;10659;16407;26143;10379;12718;6975;11536;13243;13395;23027;841;18267;20184;16757;460;7663;258;1160;14890;17753;6522;3642;9728;24653;16757;28417;12226;7174;27540;8201;14519;11831;10761;4301;16453;28485;12284;13029;4207;25779;557;30750;5020;20446;6874;30416;14234;5354;1251;10348;
482;3580;12844;30293;14622;7849;4419;2289;18408;7087;9795;3327;15573;23267;11000;25387;2994;32619;31299;28127;29709;22061;19136;29021;12536;22151;31911;14859;22025;6977;32496;32013;32165;26560;4027;10009;11390;3452;23534;3463;3675;17844;16928;13736;28696;21344;15542;9817;6893;359;14155;30680;29939;20754;21334;5590;2787;27840;24582;26573;26401;13020;2417;21395;23034;27917;750;20016;5930;1964;12479;28397;19618;23931;5364;14509;5768;27540;907;3456;29822;415;25052;118;9255;16968;30005;31153;1255;2033;1217;24766;26859;419;21166;16678;30570;7243;12430;7487;
1066;3107;13054;25416;69;2670;18566;14517;26669;7016;14273;4040;21230;28797;18622;15201;1715;15033;7589;29975;13964;384;32414;2439;19822;20863;7406;7916;27260;22498;4451;18929;29316;15815;6643;25795;23245;22515;23200;23657;4368;32452;9631;26712;9412;8807;3768;24642;5534;28491;19952;9264;27481;5846;13670;19152;31411;4182;15995;2576;31672;26170;29237;3563;21826;25474;12518;12675;16833;13684;7432;20081;12600;21905;11628;5721;3208;20423;10900;10945;15857;14568;7005;26403;8918;26971;25824;4416;19136;20498;8603;25528;10150;29115;29644;9944;4972;26683;22302;19379;
20137;30296;13703;15732;23725;949;17265;23794;24771;5380;26392;23173;24755;5239;12083;25113;4235;32375;7382;19840;2975;18073;17559;20749;7887;2254;2800;22110;2056;23258;32740;31097;20238;20999;7653;23579;7032;4378;28662;17228;11260;29318;25357;13111;21228;8928;18107;32057;7169;16275;16654;29752;32600;19925;14775;15158;17850;7641;104;25125;544;28230;12928;17661;17526;25577;9194;24845;27040;10662;20290;5262;11451;19637;4410;31870;23973;10507;13117;25772;24767;31253;2386;32271;23537;25516;10050;20315;13551;1862;28925;5078;17595;31081;2618;31848;25708;11110;26974;1778;
14125;7491;4511;24545;21896;27641;14441;515;15845;4064;23040;2201;11853;24423;360;26541;19316;10760;18306;32422;14583;32635;19831;14617;1762;30506;13913;12770;6261;3046;25608;3188;26664;24536;31571;30829;19692;31930;29536;4974;9396;25671;13390;7465;2100;1263;2328;12731;27624;26320;26813;32317;21081;9442;23198;9109;29596;1649;31271;15250;32283;19665;23985;13369;21656;2381;25767;30041;28014;3936;12520;1126;14106;22312;20333;6787;9723;25623;21548;24801;20310;1004;27964;18248;13725;31201;12601;10483;10737;27174;11498;13217;26341;6543;29729;17641;18565;21898;14819;12750;
17815;6227;13257;11411;3616;15723;19622;15569;29482;23110;27242;32198;31685;3907;19271;5872;19276;25826;15890;8922;15593;2354;14827;30775;22619;392;6432;2349;1015;9334;31567;19699;6125;28667;4811;26526;14029;4088;24897;1080;3914;10467;10140;5395;27453;15039;3365;28252;12269;12364;16879;28403;13197;28283;8306;11130;3078;30756;4726;20397;15095;31227;15667;10737;23290;21185;14518;5423;12842;27575;22150;13538;19938;30040;15240;14191;3015;23623;20768;4790;13320;2695;20889;28390;2276;18666;29639;13205;28525;21708;31210;27408;5516;32256;10198;28655;14662;24843;25681;6381;
30013;4496;2493;22263;13946;18700;10743;31107;16233;28100;18814;3363;23589;1531;21976;2138;11254;27495;23345;15022;9241;21222;15686;12798;12223;31854;30593;2582;4439;8002;10341;23169;26896;26220;27693;13982;1178;4455;19120;29687;23597;3356;15496;10957;24781;6416;2931;9464;32716;19675;4601;12014;32656;4572;7760;32545;6551;25899;31868;10126;30135;30159;27578;17810;27307;29489;799;25600;10187;8145;18813;17266;11291;31800;1158;31964;11911;7726;820;12903;23405;2092;26472;17020;2908;5396;13009;12574;22300;19488;6927;15230;11502;12568;26904;18889;19220;25801;26587;13125;
17300;10674;9764;2204;27962;8448;4032;22648;26076;21437;8673;8783;2529;23620;16068;27521;1284;17400;25744;10912;24662;26933;19330;32014;12674;391;12103;23246;20309;3098;18345;15508;12158;18546;13422;26654;20882;1372;24701;22215;23379;23589;8259;27226;18993;11273;3925;25636;24081;27118;29015;21069;8526;6227;6684;26472;12797;31619;8462;28744;12406;24078;25553;23573;30480;31097;7203;2720;32555;22325;3335;21748;6004;15822;2850;1070;20324;32357;25701;10894;15370;13920;27372;4813;31243;22880;10022;14769;4327;6003;30007;1504;7037;29580;4506;12786;22994;7728;22795;7369;
4110;26737;16292;29733;22215;25376;17222;28019;16514;32319;23866;230;30839;15541;14104;23241;16021;20549;9960;30484;25798;12737;13960;6973;12660;2427;14926;8784;19276;31741;15085;20290;4674;12026;13981;6531;2517;6788;32118;10194;14484;31358;11549;27989;8417;29781;4003;7401;14069;17643;25002;26295;30756;2772;17354;13320;1890;197;23347;21850;29447;15433;26003;22194;1999;17590;17466;28213;21797;5728;17020;14578;18081;26124;6998;14851;30415;14504;597;20436;7986;9017;13236;5058;18824;18196;20420;22504;9808;24145;1425;14133;11402;27773;20675;27586;26302;26511;20162;24419;
4415;27933;28446;10877;28081;22480;813;29975;28617;18710;28918;28211;10068;31510;3405;19806;2939;28393;24896;4742;2885;19207;24242;30732;1885;32255;18502;19226;6422;31084;20607;7735;19116;6436;13349;2584;9421;2738;21482;28857;13655;18695;4429;30381;29540;108;29375;9907;9348;28347;21252;29577;10057;5071;8157;3077;18185;17977;27620;13665;31967;52;22455;8151;16883;30940;5720;26989;22267;23962;4308;17171;9474;16355;27939;27627;7016;2850;31824;30440;12075;5874;21466;3738;24420;10641;5721;11080;25365;32401;12132;28480;25633;9681;1715;7531;27548;20140;28289;24100;
25413;21360;20788;17994;20561;6418;25152;21652;11115;5920;22089;22821;31224;7158;26248;31585;3231;8501;9071;20990;1801;17521;23184;16734;5349;14378;5051;5148;28720;16638;26982;485;7347;4892;16466;6281;31949;9212;8812;15185;9074;17486;16626;11412;1908;5680;25046;21893;31745;13219;15463;16463;4718;6464;2350;30820;18738;10535;18710;17681;11318;23097;2001;29271;19020;26503;7542;7158;9212;5129;13167;11978;30599;22164;4242;5210;3622;518;28814;15535;28307;15812;27273;31330;6346;25190;11015;25849;12049;3760;1294;13684;12342;2244;7816;20770;10008;16279;15336;30393;
29544;162;28432;16806;4017;13786;11634;30626;30870;16353;4470;21638;6492;16510;19228;18528;25000;26955;995;23494;26761;8877;14825;11882;16568;7945;22099;17391;25119;11829;751;4859;19609;25901;792;2702;18425;28168;5083;402;25933;5162;5976;17587;9572;24762;3946;13936;26765;23383;11146;13682;2978;17158;28144;15645;22085;21359;11260;29798;7786;27210;28117;7908;17686;8468;29008;9257;28773;12038;21523;8530;9938;10055;10490;14557;12211;26465;31929;5307;23811;18930;3523;20134;8804;29092;15211;12981;7524;16478;28745;4142;29440;20156;3040;3227;9831;30653;3965;11552;
19712;19644;4706;2571;17325;1442;16676;24749;18770;16729;27730;30569;8849;10884;27223;2058;10968;21613;20642;9305;30366;25662;18436;18672;27369;23157;89;4681;28180;4242;1898;18458;5583;16146;1810;13029;30311;8097;11936;28618;30536;32652;19325;13985;20672;22133;21775;17989;5893;13642;28636;27442;30330;8568;11251;21587;1326;12379;648;10773;19877;30457;22238;7104;30428;8689;32362;22279;11655;18862;5173;7646;12957;22240;7042;28299;13078;2861;13745;29184;19700;547;28515;9320;25984;15986;26847;27648;13526;5976;23988;4648;10915;6748;20384;21178;4142;13631;22705;30106;
2965;15408;26794;9870;26713;8255;29096;32592;18717;27156;18437;30690;9899;19681;14717;12578;16440;26005;8079;19870;24809;31315;28966;19625;7830;20002;6009;7087;30157;23782;2608;20933;26394;5007;30408;18820;31109;22672;30520;3352;18013;30866;7125;18580;29236;19306;19571;13960;14123;9545;17613;15062;25712;26675;12327;8129;30468;18867;10289;10567;12226;8396;6959;29361;19101;20530;23895;19048;15145;8379;27002;10;4701;8208;5351;22717;29079;22440;14989;7620;12000;28663;8543;31056;3697;5090;8701;5528;13687;10359;20368;12843;14868;11483;10229;9093;29862;22147;3871;28897;
30283;15783;6582;1103;18597;11764;27396;8454;23258;28546;10770;5115;16351;7173;21006;21171;8695;21575;25072;31829;3958;27094;12126;28931;1227;20729;24780;29546;22461;28393;21223;2200;26613;6206;27956;2574;14525;21416;10740;7703;22535;13535;21836;2648;14001;25565;18338;5287;22023;9290;8010;26145;28298;28984;15714;9334;29680;272;2554;13704;6763;17868;17273;24885;16686;15719;23867;17776;26158;9874;12671;20631;1829;28073;2689;13824;5085;26085;18147;4310;21931;8915;7505;10531;28729;1541;17253;3885;24457;21767;31688;262;5943;27540;20379;20063;9983;24074;30485;11933;
2174;8220;13677;15663;31293;967;11258;4126;3051;9351;26777;7397;16362;4810;13135;24452;26126;21413;24367;30672;5025;2246;8830;12557;23722;21674;14870;10174;12910;20240;23560;444;2872;7597;15749;27782;14166;1313;12287;21976;1892;1578;6539;4735;10189;23319;19594;26475;21902;27008;648;10502;20541;31797;32356;25796;11594;22900;6577;18683;28806;2399;16733;16118;3553;24748;9616;27461;14456;9119;8407;2134;8911;21813;6786;20298;5210;1699;26699;25345;30787;15102;29496;29047;18791;13116;9154;32596;32674;13915;22838;4542;25164;10720;28764;10866;25603;3715;7511;18963;
27563;13609;7372;27841;11956;16402;70;13550;155;17492;6617;14445;15284;8072;19206;9164;10022;21955;15071;10212;32311;3016;14187;26030;31946;29051;17996;19545;5413;12441;10399;7577;13048;13223;22052;3137;12187;22824;13215;10516;23448;26387;2174;4568;16745;21124;30651;5805;1411;12210;4;18845;1939;24097;18202;11380;10503;17689;13431;28882;23760;13398;7987;32382;25702;15617;4904;13309;24077;5855;29013;5476;2136;26057;28544;23914;24299;29532;15135;9409;29828;12529;17273;5031;11837;5583;28425;20920;17419;11680;16419;10246;10891;27426;11482;2411;18942;4895;11808;29982;
9873;21407;18991;26501;24035;23388;7720;19786;7617;1398;11002;11441;30772;28008;27014;31017;14525;32571;27137;17697;7903;22522;665;17948;8670;2661;20827;24328;8647;7145;5460;9419;10672;19920;8950;4384;10049;1718;30654;22433;15219;28732;12564;4388;2200;7424;27251;12619;8604;19148;18121;31319;32394;5389;10529;25405;6737;11143;24703;9212;7625;24904;19211;23597;15345;10202;13426;2012;9083;19133;29578;13974;10634;32532;2869;14531;4538;7071;21127;14135;5985;3305;26667;26883;7188;22979;29954;23441;8045;19440;526;240;25612;4386;25999;30828;26076;26662;2923;17762;
1431;11867;7379;26706;3469;24936;19236;3638;29601;26926;16907;18962;31892;15868;1261;3277;9350;16130;15238;20287;28857;19721;12752;8843;3737;32097;3878;6831;25593;31002;2217;18265;29856;23671;4835;12029;16644;10911;22186;36;597;10646;27975;27911;26557;14956;10200;25948;14567;436;26099;8816;446;29752;16268;14710;11127;7147;1561;10270;9937;10527;24819;3946;2971;9208;2304;4286;20855;21025;26511;310;1503;9405;7299;26427;9061;17057;12212;30297;28223;704;29074;32075;31234;27366;20236;31320;15534;1706;7344;18915;21227;10910;7443;9021;22930;30664;18035;22461;
111;13142;2971;2067;14918;18061;11271;17369;11795;31491;20297;18283;19862;18190;28587;19449;13583;15996;22550;7642;14407;31620;14642;27939;16591;5117;6607;3193;24972;28366;9860;4643;17268;3494;9365;3939;20370;7917;3098;20999;14928;27642;3422;25659;21493;30598;1414;16033;17005;24672;9843;24740;2121;23651;21993;17161;32006;24486;2032;22726;6802;17394;6266;4632;17420;1145;26695;5584;27083;25028;16646;9453;11939;494;17597;23664;29283;24848;27754;18796;26018;9724;23019;861;2748;12078;283;16570;18455;27647;27710;6606;28587;22044;8095;28099;24513;7991;24695;7680;
8442;26364;25361;5045;9620;3399;9260;17331;3561;29844;29089;9346;5688;18615;26181;19117;4520;7629;23825;8033;5770;31602;8064;25910;16351;10292;21305;32589;10266;18760;27374;11931;295;10876;7812;14724;28075;17005;11892;12716;32654;18170;30321;19466;32695;26104;4939;32574;25366;30247;8211;23588;4328;13413;20096;21673;24118;24866;24209;25821;25247;21012;14708;21066;2648;19500;13223;30085;2417;14792;14941;16898;5210;4394;28707;44;421;32553;31939;28085;14605;10790;5224;14379;5048;8514;31236;1485;4537;19406;239;156;2265;27908;20945;6069;12439;4084;30401;27357;
12141;28608;29358;5214;3413;12300;26622;17682;12172;31153;4726;26301;16790;20401;6234;14495;12162;12400;30421;6730;5487;22305;3482;30898;18511;12670;3532;4483;23531;23996;20508;183;18984;17598;22065;19559;8072;9353;31564;25313;20723;7928;6188;16124;7864;8368;7727;9896;10447;13399;28091;14281;6241;5633;27612;14150;649;6891;6958;22108;26717;16748;15358;25145;30760;32040;14252;4550;29690;4999;23379;26052;24931;7270;9644;20250;26235;31500;11312;3949;30757;25439;23421;2034;15765;16215;5883;27264;19728;2228;31679;234;9715;27372;19120;32395;3063;16744;15848;4130;
10163;17903;19805;7649;4195;867;9920;29632;8935;24747;23717;17431;18959;22512;4325;14444;7189;11788;7744;1161;29035;15935;1351;12242;22711;11812;8314;2262;3101;7652;25517;30500;19388;10410;10928;8032;16763;18775;23342;3478;20997;30582;24022;22989;32530;4210;12985;31456;16105;24838;9459;15241;27938;25334;24974;1471;14513;765;30115;30786;13088;774;30658;31348;25884;19615;24724;17002;3123;18346;22207;323;26076;2389;29194;10680;11192;28493;14786;1269;9495;31535;25180;2471;29118;576;3675;10583;29160;1373;5749;2038;28554;17717;7409;20921;27867;26293;28755;8999;
15380;15300;315;14192;17524;1073;28555;20736;6280;15081;29384;4180;16809;17262;8643;11532;25798;2948;23928;17730;9316;29998;25398;14107;25570;7384;18944;14491;20482;20438;28468;8638;20645;18189;5738;7364;18390;31216;16543;12492;16906;7599;32403;23204;31654;9386;17007;10208;24514;21036;29867;2089;25645;13910;20527;18648;26289;9817;18872;28356;28568;1257;1662;25175;32110;28398;9748;8680;15881;8316;25487;28228;22727;9733;20970;9614;11799;11725;14249;16458;12347;3487;19901;9396;14668;20671;26024;17494;638;25119;15073;14297;8357;9941;29562;19740;10744;7373;5120;15235;
26901;20923;27299;29330;16710;18004;13718;14010;10243;4542;2233;114;22456;22853;13942;20874;8136;28751;16360;29884;30161;13458;4163;23429;11314;31364;1904;3635;29130;7699;6135;25150;32515;2967;31778;27355;5135;21765;18016;22479;11378;10085;20711;13953;3009;13446;20637;18772;1961;25840;3897;26931;13106;26138;4261;9582;20293;26845;10151;5572;9325;9257;15809;4801;10714;28663;21078;18506;7595;3198;29965;22134;29293;27050;16251;29855;13790;714;4604;19129;21751;8841;6113;29923;24874;8991;22225;25916;15081;32456;19817;6136;17767;17525;25894;19891;1954;17602;15237;16388;
24225;2857;1640;1110;9466;30581;6076;4339;29592;2937;17497;6242;24507;16641;12841;12019;23104;31753;20877;28312;5155;27949;1532;3318;3138;30817;16878;6076;10852;29666;6648;19252;2937;21357;4920;14104;25380;5038;12531;9638;5750;31227;1405;30966;29693;31810;19033;29324;11517;25920;17314;6442;29693;2292;29353;12519;25733;7508;23520;31109;6183;2878;25591;9984;3260;19377;2116;18531;16368;9533;30312;4319;9217;23992;18224;14110;20931;13363;24761;24277;7144;14124;17368;16537;26494;19206;18616;1011;28089;29878;3781;32694;19187;15550;9161;21648;32497;15967;9813;5600;
17000;14090;26467;29895;21951;10777;20281;8578;11543;27836;2449;22263;7561;11830;15606;17549;28590;20553;20849;19009;31589;9198;2661;15095;12496;24138;30648;6413;12960;23006;563;310;26003;30718;5932;14214;6458;13956;14178;2761;11776;19909;27944;537;23656;27332;28102;2224;406;22950;27164;3066;5393;13414;21128;16366;11207;27082;4618;32159;11346;12438;1190;28686;6265;15103;11530;835;4090;15970;28017;18844;28807;9014;18375;19300;14094;28992;26894;29863;1597;19461;1024;5445;30278;4997;16118;10054;4575;32038;14600;20333;9357;14575;27254;19472;15907;30454;25671;17959;
3973;24860;13103;14498;1202;23799;27062;25088;16386;10768;5527;29725;23212;12367;9318;30283;3722;4787;31606;3493;11553;23110;18170;8096;2012;19793;17514;739;11672;18124;3113;12889;8549;8728;7780;13956;28299;3825;14141;14612;15820;24990;11817;30392;20457;13162;25750;820;360;26456;2002;5044;15251;26387;10792;17247;30404;11300;30540;1584;12768;26983;2041;15873;802;26816;6360;9705;9754;28938;10404;1992;10997;18512;16780;28704;11006;9792;29144;21543;9829;10972;14288;24090;28479;11635;25817;21459;17871;30672;15330;19358;2564;16817;20222;9033;9794;123;24658;28026;
5990;24363;18994;18757;13828;29328;12935;22526;9458;32184;3444;17740;2315;23208;13113;5503;28205;23375;3415;11812;32132;14013;7925;19670;26891;22161;27778;24663;12367;6320;1692;30687;8823;22845;15408;15539;16769;22725;14307;10746;27342;21177;3249;30412;26849;22562;30164;26253;21092;17040;19944;29561;23147;21331;332;1919;30205;21230;32715;14163;31441;17609;29052;13247;6997;806;13030;25914;25588;22358;23656;26043;7577;25133;22745;19663;14703;26803;20331;490;10732;22812;25813;2298;19725;7163;6065;32066;19427;1458;15394;11878;4942;31789;23227;5058;18953;9424;30364;2560;
26598;11949;32478;3818;21083;3323;28466;28540;8766;13763;25540;7230;30413;14557;9318;6097;31217;17179;27370;13255;31172;25028;26831;4024;15184;6724;20513;3729;27290;10785;25498;13872;19423;817;21005;11566;4637;22539;24837;19196;32469;19643;10921;28210;12047;8122;29410;3363;14752;24349;22464;13493;680;32268;24858;26992;26718;24182;13173;7892;11536;8963;27175;14576;16997;23882;23741;19504;23014;27717;21401;3959;24252;7937;28640;13421;15547;28570;19091;6683;6304;27239;3835;3509;23959;5490;5195;3510;17409;27691;14977;17202;13683;17245;3725;9576;12802;10592;31157;31640;
6846;5777;56;12564;1404;511;21297;12184;32217;11879;14783;13278;22395;17251;5475;20590;30106;1758;1449;4788;11199;19147;28427;32340;7116;25366;26898;21186;13629;14299;22462;20237;14765;18391;13352;26619;27292;12060;18534;9307;17519;1544;25263;5015;27320;11383;17343;4745;10680;21816;19581;21135;12579;26046;11996;22242;27682;32280;9727;23587;6814;15652;31136;24119;4028;5375;20658;12373;14756;17343;5957;23389;22151;17509;31659;13932;31456;19469;18137;28077;19706;10088;5135;27506;6578;3180;11196;22403;9854;13386;1436;8373;25774;20897;13859;17599;27122;14065;19230;19018;
21021;16722;23448;8519;28200;23398;20218;23941;25722;11404;8055;32643;9830;18518;7079;16259;24310;29246;27506;3807;16103;18836;23600;17312;18932;29115;14350;8781;2392;2709;11444;14849;18318;3388;1317;18112;14683;24819;15078;3595;14350;15452;8802;27058;28935;9963;13965;29930;11894;11930;18376;3999;7525;9694;4613;11276;13561;32218;32299;6792;8948;4307;4796;18339;24959;28901;22453;8305;23079;3828;12725;4390;14885;19941;30818;20963;23522;22029;19464;30160;27066;15593;28292;28779;7680;21776;9057;1312;17475;14951;23360;21785;24528;28308;11901;32599;7032;6581;27407;1794;
26260;17233;14768;29693;25414;6030;7743;25022;2561;3237;22370;28765;9803;31892;24943;19434;4289;1811;8333;15876;19036;20424;30230;32167;23796;27838;17728;12614;9474;6420;11005;22298;26794;32754;27935;1977;24569;13249;25792;18154;4715;9628;26593;22200;11696;12545;30289;16581;14767;4045;11729;2529;19916;19047;18805;17371;11110;30779;12365;29079;24996;25706;22341;29025;24178;27327;31306;24961;4294;8422;28846;13072;40;8152;8398;24330;32113;410;22258;29092;20691;26407;884;24543;2329;6827;9253;23389;20528;8689;23788;6259;26855;21791;944;14977;14835;19873;9080;23166;
2614;16739;15057;23511;21057;7747;14705;890;18199;31174;281;1325;563;10505;28096;31525;27341;5371;10477;31700;17498;7882;19557;16898;1618;10395;6150;6943;24885;5758;16115;4056;5328;23457;4081;31464;31677;26564;32017;561;28713;2284;18064;9739;28121;5468;19707;23260;5487;29121;20118;24809;29930;18349;5119;20075;14701;70;20495;32742;11841;22336;14081;25270;11548;6664;4310;19946;25508;26434;19191;23894;4655;630;19741;740;10189;4102;5486;16939;24456;19812;24553;19011;17130;6529;23811;25047;13760;24969;15250;22907;28446;17869;2539;30784;931;2817;12871;5766;
25854;11175;5740;23314;31409;7627;3721;20065;14357;8433;20321;14395;21407;10316;31659;31627;865;13616;25785;25709;25300;13770;15961;7305;26068;15375;18937;14752;31980;8434;15630;6756;20180;26586;26294;1421;11064;30291;22683;16169;6843;29699;5915;2099;12348;26337;5287;15464;32600;24481;31849;598;23600;19058;4138;16822;18540;14316;7538;21499;12672;12868;19953;9003;25645;29379;22301;10990;22859;2934;19741;4069;16327;22822;7398;16700;26600;20874;29092;22659;29654;444;2395;11193;29020;20714;15566;17834;16621;23374;16032;14460;28133;31072;21945;32388;23570;18250;5867;23902;
28275;16540;25045;32572;2879;17473;9480;13950;8489;5298;11625;8067;4579;10345;1239;5311;9697;24217;9229;10510;27999;27676;31689;7240;12965;5292;6446;32278;24970;1111;26982;29444;2103;23853;24717;20439;21805;19772;1994;32544;13962;16574;14015;25873;32391;1168;31780;13712;12614;27878;31150;28810;24523;21566;14134;30858;13384;1682;12567;30602;5021;27858;9688;1545;30751;3217;26379;18525;27032;12287;12660;30283;13968;18967;20590;213;21195;27417;4235;19027;32531;22843;17787;9413;7736;8603;26415;2664;23380;13689;2621;17543;1363;26531;14215;29844;17331;24112;26392;13175;
2185;19569;8782;15142;25541;2341;4414;20086;7094;21740;30548;21297;11985;25855;25402;21096;8878;1565;5627;21258;17491;27593;25961;17078;15797;32690;7612;24782;9340;17779;9851;24525;26119;9852;28320;12506;13488;14928;25591;11677;23121;24306;31175;5201;5127;13721;692;2586;23349;22443;25060;6041;16332;22505;22369;21438;14282;25575;27582;12510;2049;6592;16126;8198;10778;26119;16049;32398;21465;32257;1888;497;931;18961;29995;5596;13885;21619;10161;24708;10710;4141;32048;24893;21064;3139;18669;23881;25243;26411;18647;3821;4042;5760;7783;19146;28874;22267;20170;3947;
8137;22686;3650;13083;180;31538;23242;9209;20731;12020;10745;28238;25752;19852;11816;32029;13390;32574;30423;18684;8494;100;28749;26915;4448;23324;1663;15043;18976;26942;28467;4761;11015;12945;24421;11458;11916;31550;12266;20177;21450;5764;13651;20511;21892;20910;20244;31842;21094;2882;29158;1153;19085;19068;12649;29095;5706;27386;3342;20119;14883;12473;1076;31551;15387;22592;13713;24207;24116;30491;3540;27275;25137;16523;18824;9887;15008;636;20028;13363;19736;28343;7905;384;10688;1113;28531;7842;23568;11652;7132;26862;14556;25940;1557;133;19854;31253;8078;15401;
21683;16307;8656;3920;21433;18033;14945;5751;17910;27102;11751;15801;30957;19462;13969;13728;32205;4325;8627;10811;21563;28193;28848;28785;12881;25336;285;7572;3559;11382;35;15674;19217;18924;11557;6472;13288;9631;12195;18511;7566;13757;1119;30236;24172;10645;17854;6794;31166;30470;21360;4763;9298;23608;7507;20423;1676;10635;5525;4500;24494;26573;3610;23911;28246;11952;1309;10394;16969;16251;9497;26830;23406;14335;31722;32387;14878;29133;11567;11750;17563;24998;9204;6633;9693;2867;1934;30105;2453;23798;30661;24493;22892;2177;21561;7258;24459;10982;4862;8559;
29281;22894;27274;10397;3488;26254;21201;15382;31881;29462;8622;29019;31082;8108;18053;17998;26213;29305;26919;21647;882;17698;28661;20229;17831;20218;12617;32187;13240;8054;21521;11246;27578;7393;9149;15460;13868;23376;23388;22527;18999;24537;11265;27281;10037;9216;620;25074;10097;28018;20454;25424;12333;19958;23149;27335;8938;24480;22545;2353;29667;4423;22942;13376;2523;5946;18555;23754;19224;21551;31698;16227;31664;20092;10481;9009;20739;1418;13041;31484;24201;15238;7573;7301;16334;1881;10100;537;9146;17115;20315;19045;7446;10563;18669;27276;23628;14819;9356;18039;
13934;13074;11901;9069;7546;14697;18758;10467;28125;32562;18267;25493;13621;29;2042;32469;22107;9525;23380;10275;11937;25875;29165;20735;8280;13393;23365;17147;9878;23106;22456;14868;22070;32224;419;31042;28703;32518;4552;3406;26826;28640;17140;12772;2302;17055;6367;3305;3038;32625;3667;13326;24102;5808;28304;12454;25266;9049;24048;30133;24640;12737;21959;31817;31862;24195;6029;31245;26663;25021;23359;26139;8402;23164;15618;16402;27499;28276;11786;19816;27742;4597;27834;16642;210;3098;18444;258;15658;2884;12852;32481;13522;24006;26240;21949;28472;8930;9859;8948;
11800;2037;21106;19697;26877;26094;24782;11334;8709;21252;31043;19195;30692;31913;14033;11814;6443;23993;21801;23996;31947;9464;19802;7847;980;24507;9644;4889;26755;15589;30924;13599;7804;31765;30762;24441;2132;23838;28064;22697;9810;9144;84;5194;8823;885;16607;7843;23995;2038;16559;26236;25242;19806;14505;22832;24783;7431;787;1284;5728;17012;27826;13751;18906;11399;8495;16219;14814;12020;14016;27491;9692;30710;7428;15356;21535;3649;29486;31137;14602;27447;2405;16105;9121;1374;4459;30372;4939;24338;17021;39;6869;28023;29819;28132;29883;27570;30281;4670;
11427;28249;9077;20123;555;19239;32026;22714;26852;10485;18948;27207;18846;19429;532;3756;26855;29153;2278;811;5838;21316;31666;23849;3053;7126;5744;27341;6054;28670;29760;458;940;21043;12040;12409;20677;31924;8799;1323;12495;889;21930;24509;25089;21097;20868;365;20340;23501;25700;20203;6882;2821;6777;30900;29613;20345;27865;32155;24355;21459;27611;15272;22016;13676;26817;806;23348;20483;25243;24568;28647;29109;14952;3372;2235;2857;29309;18131;26705;12300;32043;28175;782;31677;24220;13165;20511;11849;9726;15221;11194;5529;483;29056;11943;5866;29672;31946;
7936;27774;26517;3016;24117;27537;12421;27068;30802;26255;13255;4742;14469;32644;16515;14525;26331;32468;23521;29182;4938;556;1062;32132;4596;6072;12065;22777;3242;6551;1989;6028;19887;23948;12055;12100;10175;3318;1099;12436;8016;14594;14377;7215;14616;32543;12214;19229;4559;20914;31249;7439;9014;14603;23963;24816;23128;8344;16474;11196;25360;1113;28576;4501;19659;4756;2791;29972;27791;5578;5632;24797;8253;15081;30317;8054;22291;1987;24587;1369;884;5567;29940;8519;23020;25807;7331;18144;367;23202;22105;10097;6369;16922;2752;27917;13788;24320;8398;3039;
16557;27127;23021;15806;20895;2222;14681;23554;29565;5722;31433;2966;28498;20580;23633;28495;1395;15198;16263;21628;14271;21564;26085;3519;2342;25025;19566;28699;22120;31287;27284;9805;11295;4451;22618;20064;15872;8888;8118;5500;25438;19403;15673;17919;15599;27399;5105;31694;26579;5794;22671;29422;25042;32719;14277;9294;742;5686;15346;9447;12281;32673;13825;31495;10991;14328;11662;24042;9191;28015;7243;5003;28606;27902;30883;24761;2005;13074;21405;16237;14101;29826;3586;20315;6192;13252;26818;13511;18729;13921;29844;22938;30742;28326;9437;17589;11557;11676;2515;31621;
30173;12603;30178;8664;21926;25307;4687;19439;8076;23019;10011;14036;7488;30437;6698;23278;10079;10881;27044;3282;4855;15658;9628;8284;6216;10926;11503;16895;5831;26169;12655;31321;23145;6788;18241;4106;17949;14922;900;15303;1946;29948;28211;25258;14428;25525;19277;19148;4073;624;32563;32278;2905;18809;4689;20308;11797;31521;6144;13707;16351;31158;31915;29069;11283;14770;32561;12746;26156;9267;22923;10345;30601;32171;23727;18328;6770;9433;948;6176;1622;15864;16950;24124;20822;7734;4604;171;2824;2919;984;26116;29812;9211;22479;15434;31075;813;24698;24256;
20186;30078;13740;19966;23265;20834;31318;28229;18824;18489;14759;16;29484;17280;8055;1771;30711;8777;4069;4744;13478;27368;25151;7696;29839;17648;17187;31159;1250;20318;484;29331;3375;10003;19759;11438;20776;12680;8943;25434;16297;32701;30573;964;29429;23922;22460;21964;1603;24730;2900;10004;25721;3341;30973;11351;29751;24701;21231;3325;17687;23211;20023;19692;8755;21978;26972;2208;11752;17284;1603;14206;27354;8525;23376;26725;22072;14901;32718;11399;30530;2065;6033;9335;2056;18748;25049;25474;7028;7818;12154;7491;25738;17789;1082;20850;751;17084;26491;27133;
30888;4288;10266;32602;11557;9937;6038;14107;8574;27697;117;28867;14844;27543;23523;13528;16603;23262;2717;6713;1614;19199;5389;5554;16836;5181;14006;26574;6250;21151;14547;7404;27889;1699;24635;21397;23697;11825;29320;15629;3406;27086;5752;3112;12666;530;5012;18015;25723;24924;13583;11043;17614;21956;21488;9586;28492;12113;19572;31655;16300;3693;25261;12694;31306;30357;23152;20696;17190;31061;18030;2916;1584;3444;21153;27743;13507;26220;3562;2870;31855;24604;30456;29929;23291;21185;20587;16298;13226;25379;57;31910;18878;8972;32337;31779;17467;5630;5759;6091;
7917;28197;400;30535;11436;5515;6582;784;3807;22411;11822;31106;17983;16008;14879;23091;16606;31199;710;7042;2407;24601;24784;24179;31655;24934;14599;5306;8780;32327;26673;19733;8685;5770;9781;6623;21835;9339;9344;17891;32471;14425;27559;19310;13172;18439;15438;16808;25213;9988;30536;13347;7946;15005;20736;6325;3695;15969;21527;22403;8198;11478;30542;6495;29231;8298;19111;20564;2196;16556;32711;11902;14258;4028;20895;32543;27029;11264;3915;5616;8162;23065;20026;18613;22299;27414;1936;10004;12063;21223;9416;25767;31984;788;16286;10576;10681;23983;6444;15309;
784;21639;3155;14988;24696;2206;32604;22208;16938;32221;6367;17844;19733;14087;15332;23647;18467;19948;3913;2362;32446;23519;5220;8270;11411;18025;4328;11665;22165;17471;20493;16754;13637;11890;32491;27571;5169;29158;10279;22647;19131;13573;4818;17308;12828;1460;2190;13898;15529;9094;18163;17100;4692;14896;8241;12959;22133;8254;3830;23241;31435;28164;16786;2668;17341;214;24665;18331;25062;15996;4936;20076;17617;11488;2796;1615;2817;12810;4224;24990;13109;4174;24918;23413;29418;29380;22904;1987;22048;7673;12686;27041;3169;6372;21506;995;1792;25116;3427;22509;
19615;1352;7175;18121;9715;9430;25333;2166;1996;19440;17409;11650;24143;7339;25913;24283;7558;11906;25984;20450;15132;12548;17529;5825;30049;9929;423;24318;2964;19626;14034;10833;19298;305;12716;5043;6058;16463;20660;18616;19587;1869;10075;11550;9344;13573;11621;23718;819;14930;32147;32546;18671;11973;26495;8912;5074;7578;22727;4326;4611;7914;24941;20590;18745;4386;22398;19284;30589;1715;24050;18878;28976;15371;21204;14235;8271;10693;26787;26751;2294;1820;28407;19886;30499;20646;3687;21111;14781;10047;31659;21187;3797;6978;26110;24557;9515;14336;9414;18388;
22260;25450;26743;4655;474;26129;29365;26657;8261;12113;6585;6670;2009;10696;6901;14252;28992;13325;251;28253;11561;4511;8347;8636;10896;26652;29003;29301;12864;7348;17613;10075;31639;9692;8715;11444;32394;9543;18246;7639;9960;24082;5999;3322;19683;23359;30421;32069;5836;23140;23297;17195;10270;20132;4574;16121;16830;4063;1054;9647;14209;2598;30424;19472;24303;370;4214;10229;23367;15765;9422;31718;27331;12912;3215;24811;6428;30823;3039;8864;31569;10514;3138;8584;22693;29749;11710;12195;25830;243;29501;6979;28661;28478;3634;23579;11907;3474;3455;5785;
25;5859;29591;26998;22107;3284;30687;14731;8589;553;30555;28646;26198;27007;22662;24093;24772;15418;26241;15586;22673;3520;26480;30936;2725;24293;29218;16805;19419;17829;18160;3913;18696;15641;12263;4526;2106;12708;11305;15999;3901;7534;27280;28990;21348;18707;22421;20881;22149;1180;17008;29661;5446;27822;23937;26646;10903;4097;7663;10966;19584;2324;16015;11436;1565;24607;27143;25526;21223;18762;20531;7026;32564;4892;10951;30417;29186;22838;30006;22669;17392;20289;23507;9661;18317;14373;9782;5799;26325;23931;8418;2517;31225;6982;18981;3435;31583;21469;17983;4791;
15594;24620;24262;10;635;20508;4424;5318;9656;3920;28979;21433;9996;16914;24818;26537;20462;28301;26201;13872;19047;17980;7747;5323;20942;9122;4985;21549;24791;4156;31958;5593;204;26292;9897;8175;7705;25943;2907;9030;1550;17609;24402;10172;29153;9975;5140;4810;17138;29262;5808;31836;21587;27947;19802;17887;1416;11666;6229;10139;25227;12578;23062;10307;3348;12616;19110;13002;19222;1972;6728;15993;24205;14089;10076;15679;2679;27609;19331;17480;26912;2512;1028;8912;30627;6447;31086;23354;31406;10364;10879;12892;8325;30328;15941;18718;1098;30802;16771;29763;
30331;4122;21334;18054;11964;1912;1304;233;19159;8862;29061;23882;16129;24443;20252;26423;7007;13618;456;22275;19144;26570;28608;8985;11981;17447;7596;15249;15606;22585;22025;9217;335;31603;24526;24470;10787;15231;2128;25443;264;304;1123;760;29979;440;27842;2871;6797;20507;22961;32611;17247;8931;25056;11386;5481;8726;147;1733;16801;20837;9984;1453;16538;27302;31992;29136;14411;15492;5322;22868;28434;24949;5733;7803;28665;25325;9660;21624;17463;7378;2159;24194;26106;29999;20135;1318;20579;15404;833;30177;20690;18494;10032;24814;32101;8859;31772;10589;
29883;22513;25167;23397;19198;16727;19922;23803;18464;22916;5843;3235;23396;29246;10570;17031;26657;24086;22493;26566;20419;25171;22016;6158;23826;1324;7520;365;29879;3130;17026;30308;12027;16172;31911;26174;16083;17085;25844;12191;18970;8163;12495;352;5917;19273;27532;15770;13148;16640;29513;4865;30607;2162;15638;16500;3304;13463;9306;14034;22424;13419;18802;3342;27284;1951;17306;31366;26777;11150;10769;19344;30317;21620;14456;1110;8809;18138;4731;9701;25908;25941;27316;18816;8145;18032;4300;1594;15068;26343;10980;21700;19216;19478;7731;25987;24333;10928;27376;7397;
23128;26036;32626;10742;420;31133;18070;27438;7248;10202;30049;5517;20272;30333;23526;20971;5264;22583;15722;17545;30070;4228;29639;13035;26664;10275;25102;15338;30702;1481;31344;22021;6681;32534;23391;2040;21572;30152;18416;3984;6106;21807;32644;27325;30425;993;14503;30441;5589;7598;17208;6792;32575;2518;5579;11504;15335;16762;19019;4203;21696;23121;19940;12939;8675;10652;18463;26302;2775;4956;32079;20258;7184;22978;12333;18331;5557;231;18111;1826;22439;6845;13950;27488;20158;3910;31671;8827;18262;13571;8242;10032;18698;19888;5394;17186;24511;15150;25596;2929;
30181;193;31611;2959;9209;25723;6819;4687;6478;17656;8181;21823;526;30540;16259;24120;3707;16698;25685;30515;32635;17319;16650;2142;23636;26957;21442;7280;13748;11700;24892;32569;6644;20574;11068;10877;7837;18498;26160;29954;9004;2941;12818;14312;12562;32579;6800;24121;7423;9243;25195;4801;19808;21068;7709;32;18983;6802;25022;22301;31178;7958;1576;3901;12174;30877;18778;5525;28421;31744;19994;24028;2261;29660;16095;2500;29884;8842;6125;6794;3281;8274;23746;24780;3597;27099;15537;7836;521;13030;27341;4050;30217;20796;11528;19622;9018;21477;26268;14974;
27704;6811;8618;32516;21459;383;23585;10620;20755;29962;7138;1621;9338;581;3618;20733;4744;14141;13839;14330;10117;26545;28342;26423;26746;10767;17444;3227;5505;8351;26571;2784;24894;25341;17448;20131;16814;7116;29603;31159;15903;11945;7863;22719;24192;31326;1362;22268;8155;2904;14207;25699;4640;21084;16706;499;804;13173;19907;26693;23273;305;1455;31845;3360;14348;11484;1760;17388;3629;17196;24862;10217;11088;11443;3314;26989;7428;9500;27248;28430;23318;584;32767;19812;28749;2617;2223;27664;6999;24623;15564;31740;31748;19728;2227;8933;8370;26381;9700;
23;2057;23683;19033;28280;27368;26143;25110;10184;25246;9286;1794;11559;16222;27572;10997;6360;8941;17763;10258;15684;13214;9646;11095;13634;31616;7862;11634;18837;18390;4613;28118;20406;7367;9585;9231;26069;4439;32579;23378;12314;10134;3481;11353;31536;29975;23817;18798;26628;12196;17031;4293;1226;29232;23689;6414;30530;19981;12137;27723;7225;31840;24842;25823;16466;17361;22462;24808;22022;26247;16487;16335;19690;11347;16349;24094;28208;23851;21392;913;25201;16347;9583;30575;17578;28919;22280;12058;26244;9748;2032;19173;10712;12599;7013;21799;4978;22670;306;30606;
31509;22110;1491;6837;31936;5437;28122;9208;3888;31873;24721;17799;25510;24824;26081;5305;29418;28122;31602;23203;23440;6651;1300;21226;30074;32069;7262;19669;16030;6758;916;25254;1289;28870;16334;15147;29220;27324;7767;2448;23351;31745;10580;16247;31531;1125;20390;9546;31124;19136;17425;19664;25327;9260;22429;4607;30247;7025;21308;7698;27487;11457;5294;8411;6123;27046;29346;13401;5023;6456;11294;7821;17229;10387;26400;25994;27785;32648;646;27084;13999;3475;16171;31434;15656;8973;1107;6606;5864;27299;17225;24325;30523;5895;15942;13522;19394;6373;13973;23912;
31672;28953;17909;30360;11386;29471;26431;28647;12103;3019;29256;9956;31812;24634;3849;7609;24259;22792;25597;32767;14020;28099;971;27095;29628;17568;24101;9526;11414;31341;14320;20864;30968;9927;28325;10585;28615;28813;2807;23224;28397;18069;26294;9532;4186;4253;27123;12996;28744;27780;9061;24122;10436;19386;16395;23727;9834;1269;9747;31917;14960;11813;14075;28616;3558;21163;31990;21111;23099;22981;18321;26146;2820;12621;31638;12668;11513;4260;6704;31507;20032;26601;17233;21030;13295;20334;14161;6582;2252;2924;7128;18911;26967;30709;2045;23401;28938;28971;7087;4507;
11487;2992;9812;5711;5907;12637;8369;7244;41;30263;32266;31695;2355;14750;6282;32107;4941;26568;15589;18195;18538;28526;6459;8054;8531;16325;4928;31627;3308;25264;18842;2668;7353;1844;17546;13159;23202;4140;6607;14930;11251;31550;1991;32288;26023;13325;19416;1458;30182;10160;14350;20207;18124;11364;19461;5143;15980;4477;21770;31572;21;27555;22909;25747;21204;28986;21369;18833;20793;31522;32440;25657;18014;32161;15792;3885;23590;3485;23042;5283;32451;17935;9237;24434;6523;8628;13822;17004;4267;7430;23972;18927;7436;13418;29217;19383;27701;4779;6251;10486;
10849;935;15155;30375;22899;32584;14861;31;6455;24758;5074;22501;17643;7627;4162;27331;2558;4808;11502;18717;23575;13894;20822;6786;27225;18799;3662;28545;31206;22637;27814;26046;18849;7971;3849;21061;25401;9755;11046;26141;32099;11200;7694;289;21350;11726;8157;9995;5597;9990;23197;19154;22712;21798;26727;25654;8837;6936;31947;920;238;21354;15731;22544;18050;9982;3586;23482;21944;15363;21314;6736;7472;20771;29055;17918;10557;6398;2606;3697;28321;27096;15571;28210;12951;5518;28449;25138;13335;32207;24674;16294;31317;14472;3097;7188;27787;22688;8166;31662;
5880;12006;2219;14816;16680;5960;23277;24613;14711;9797;6781;24350;31185;19109;9559;24037;2491;14183;17866;5023;16791;10747;12249;24400;21283;24753;28130;4596;15172;21874;125;7883;258;4270;13735;9716;26067;10389;31520;3389;27420;16522;12305;6970;20725;7380;14834;18580;29229;7831;24747;15268;8589;15363;13817;8768;27745;18636;3092;24021;26165;8922;16271;13750;25053;5953;22655;948;15288;4979;18143;3823;6453;30389;15923;2284;16789;6095;29804;24807;29683;21256;18444;24938;24194;13393;4490;19486;6935;4545;9208;26594;21735;10817;16611;13594;31633;7305;891;15433;
10079;19019;1779;10979;4808;31661;19499;12892;19770;22269;8845;23941;2839;160;6197;20504;14078;30540;13652;9361;10315;120;1750;23616;8929;14608;15426;5533;1063;7788;23778;31963;16720;9091;22565;10944;6880;9820;30017;26035;10603;22982;26140;30999;10144;30537;365;5847;7559;19804;26654;30530;20743;32216;6646;11034;8107;173;15732;21479;9638;16084;7934;13969;22036;22917;11067;23598;26754;29097;26813;13593;16305;914;13539;29252;11671;10986;18429;2255;14503;25321;17586;5081;18002;5835;22175;2198;20174;5762;9281;28833;32278;17320;6165;7828;26162;2743;17661;4311;
9912;31868;27110;30389;11667;7113;22696;2997;29955;13163;17453;15655;25317;18523;14806;19965;11573;31801;18970;27868;26577;29685;9329;28787;8063;5840;10864;11788;9778;14723;15925;7776;29833;2493;20485;17584;17561;19923;28468;3089;18924;19635;25157;3848;10953;29211;2643;32086;7862;776;5552;5141;22076;30320;17867;23556;4074;17971;19543;8736;32413;19536;937;24180;25854;84;1634;32049;2635;10521;27215;15873;27739;22188;8845;7577;21212;14479;19697;32141;10208;9249;28326;32361;14744;24410;25624;16381;18782;955;2065;31736;3065;3461;22050;11961;32541;27434;3141;16993;
14386;8449;4032;28717;4182;21821;6477;19459;20901;22560;27767;11850;18872;31852;7751;28671;25963;21531;12064;11525;14820;9551;31720;189;7889;11148;19048;28887;15856;31013;29942;31336;15317;3316;31057;30012;24040;28750;28364;16749;20909;28982;10159;29492;31048;19665;474;28928;24896;24091;10923;14277;17283;9431;23074;14743;15274;14540;18755;2679;4223;32046;26556;20333;14012;10331;5320;9175;28950;29640;24403;26880;12666;2106;4447;13300;8087;31289;2726;19859;26780;27329;11905;30949;15427;8252;26888;29613;6926;11181;3963;25921;22992;28206;8161;12184;32368;4764;9198;22181;
23018;20369;15146;29155;918;1426;4176;23602;6573;3466;15860;5601;27401;19319;26217;3340;28204;22884;738;16424;10628;24215;11735;28380;28910;26379;27819;19730;7288;20257;15499;27727;7275;6034;26265;20287;3721;13736;24394;23445;14483;13230;13580;7698;3086;13733;21037;5346;5959;13880;5624;29743;1941;4082;2337;6385;8414;9903;12643;7683;20060;17744;18535;18300;12449;947;23016;14396;19673;18659;3349;9669;16720;15755;7478;32333;9012;17073;17811;13585;27035;16544;9361;10475;2503;25126;23071;22823;10409;4096;25936;23699;1445;16531;1353;20181;661;28637;8542;10241;
27920;21418;31864;12907;27884;8203;14266;4794;15361;28676;26724;5694;2864;9861;17655;15236;14501;23451;11674;10535;15192;10728;5052;1768;26586;28753;1275;27905;29262;23542;23876;23991;20917;20071;25660;32047;26736;29717;23007;31618;5631;7942;13927;25875;5647;14797;8560;19745;20660;26298;25689;1688;32755;8014;23533;24365;20099;26609;11587;4265;21460;27623;16866;23685;4433;5505;20265;1464;21731;30352;27887;7373;9398;5407;32614;21048;6207;28770;30789;17130;17022;20969;13094;29475;4480;16153;28972;27528;18217;7901;14314;11381;28464;26521;6016;27540;30315;26976;7175;20399;
18253;2150;28208;7874;4013;31672;26407;4693;5064;25642;7102;17928;12938;20369;8903;29808;32521;31795;6849;30241;4947;28796;12984;14092;105;15091;14950;5644;32651;28268;32158;25275;18614;11902;28395;28042;12908;24631;25972;24081;32435;21263;29218;17315;31072;30235;4101;5158;19349;28035;13300;3361;10377;7222;32628;11031;14215;30172;6876;11028;24378;11533;31414;19077;22055;4544;5223;14668;7291;13318;17939;29204;17159;7928;30139;27874;9097;16365;11176;24557;28205;19953;11277;688;12371;17779;21480;1853;14483;19518;15657;15828;31742;4523;28182;5812;24743;32532;6126;30257;
4451;19595;10444;3847;16076;19916;13519;14062;29068;2929;31352;26991;20952;31845;1619;27893;2106;29595;14810;20007;7060;5632;14742;9589;28770;27822;1671;23281;19775;26466;18118;23649;2219;25392;361;31122;17419;2421;20903;23279;22513;6926;21821;18001;21918;31687;23055;9753;16837;4630;3859;1661;27794;20234;15467;32031;2795;29310;18129;12004;29942;24466;568;26627;11739;5468;6064;31324;6347;8154;651;22028;32577;5419;26814;4158;19591;29439;21130;19523;8829;28749;1371;15078;11158;5956;1520;9209;20003;15235;1468;11828;9428;8332;16268;22848;24699;25718;1899;24078;
30484;739;4546;26989;17411;1074;13764;25820;32156;11510;12041;16796;9192;16806;8825;31242;19622;12950;27244;15660;28817;17445;28176;30858;7649;1848;2058;13375;13332;13800;16480;30031;3310;18552;23958;6715;14015;22154;4375;26067;9188;6290;17111;11340;29584;7562;16439;22162;14285;2280;21033;12255;23741;27853;32404;12685;5414;5247;30970;16681;28717;21273;1624;5320;31842;10881;22605;12702;7165;24219;9087;14540;28263;18620;30011;30330;29437;32610;3163;26406;18704;9762;14701;10043;12592;31201;2577;230;13226;27975;17315;3109;4175;26993;28954;5409;23415;1766;2096;15549;
27718;21197;27076;1903;46;29789;16764;20047;14261;18068;2222;18029;20601;14892;12417;4712;16497;5067;14159;4668;5749;23162;11598;25948;17409;2648;27760;21249;13366;24463;1927;3265;21537;19848;13485;32611;28736;30299;14051;9714;2882;13962;2808;4880;4623;6382;23469;9357;4360;18161;278;5432;20112;18686;3907;24821;28363;11062;14368;12048;1189;23141;1178;14033;13335;19764;10499;21073;18854;19872;30904;13195;27436;30378;15617;28598;17882;14928;29496;21715;23934;957;13870;15746;24834;18877;22218;22297;10293;9587;26611;3575;16079;16718;16816;5142;8367;13369;16270;13792;
2918;7442;15939;28996;2297;4702;7312;776;6115;14907;17260;24161;5210;7829;31070;17089;18131;4509;1323;25584;15304;13943;25521;22622;18617;563;5395;16824;25201;18687;17686;25529;10378;11163;21195;7491;18995;30989;31599;30638;10289;22677;11407;16480;22564;20451;16751;24733;27916;31112;12205;26529;10507;32683;26402;31468;31853;12029;26889;8414;30181;13807;23139;6531;2073;25634;5530;14768;18529;32286;32612;31823;2764;31048;8938;15863;32613;13326;22826;22208;13492;32357;32665;1621;9095;1653;525;26186;10226;32146;15323;22192;2964;2415;29756;6375;1308;21902;31222;3252;
20748;22779;8760;17299;18365;9274;11973;24143;5283;19326;24404;26831;29395;16668;12855;10291;4802;13374;6204;3872;3408;18396;8145;19543;2053;13800;23403;10125;28314;13001;1832;8311;26043;9483;12723;1060;23307;1365;27752;27791;22121;31387;18104;24181;28786;1684;6351;31076;4678;22127;24949;28181;25231;3010;15154;12027;960;4547;11446;3868;1947;21178;22647;17184;15350;25014;20380;30887;13502;27775;3098;30688;14140;2509;22045;856;27287;14263;6313;27151;29083;7790;27009;32721;20920;27435;18504;28611;19278;22374;22758;7485;1832;12361;7469;1751;15686;29284;29117;24519;
14559;19874;21028;21354;23974;9596;10314;10016;4685;24940;11021;11869;13383;8613;4136;17661;30931;11265;5465;17368;24374;9531;9411;9111;6215;27230;6289;16838;1841;7805;25052;31786;16245;16549;5838;5716;9262;24080;11272;7542;3225;13467;23874;15990;4564;22906;2353;16961;27110;14379;1198;9314;29696;32168;10516;30675;23043;17377;8682;3602;27457;4457;15810;5240;5256;368;18016;7111;6493;10225;9247;15874;29317;1580;20625;22145;30154;9047;23654;68;11003;7569;3215;20104;29237;18199;21155;29592;24417;9146;9345;18918;28414;23185;30519;29530;30753;28651;24866;746;
32697;23431;10071;25707;20760;20232;14914;30374;32687;16547;25997;2991;13849;3611;14147;17266;30300;19439;25142;29839;12139;5330;8094;5992;19439;27995;21506;26487;7750;4094;31580;12006;19916;13627;8312;28761;10586;11285;25501;25359;781;22214;21615;29993;31049;24497;8980;18505;20733;15000;27798;23647;17704;17935;9864;23744;28572;8496;28141;17273;12034;2449;15701;18146;11806;21875;20041;17782;28756;24124;10729;9185;1899;28456;11476;20827;22162;3131;584;26165;1696;9594;23179;4273;4000;2650;24713;17431;31629;12665;12990;24069;18010;10380;25430;13831;32565;16536;17299;19303;
3853;19046;32368;1351;18514;30513;18052;14572;9212;12705;6952;27229;20430;765;26844;31533;29148;22684;2279;15253;17739;15772;25662;4550;29784;23767;15783;11132;21403;24339;26398;28119;25229;31097;26232;5991;13641;16457;19782;18565;11151;4555;18428;26090;6414;11657;10323;2426;17123;19387;28395;30049;22109;18691;6197;15713;15619;14938;12432;6762;29144;32074;29618;7276;15325;6239;31562;11881;29144;32728;16611;8398;11092;4769;30476;11779;745;25478;32182;11585;19901;8865;30173;26532;27723;15124;14443;17281;6243;30974;13401;14841;21618;19367;30743;19150;24580;30718;27182;25206;
21895;20294;29988;26222;21842;15884;10911;23505;25062;18268;8654;23593;20851;16436;5381;19589;30878;24377;679;2764;29313;29865;21833;1360;10739;24209;22292;28838;2058;3392;29803;4022;27615;11259;4558;16910;20369;16882;30975;19580;16013;24435;8547;4059;268;11102;22442;8749;8413;25817;2227;32234;11108;11588;13225;15256;21731;11888;18291;2460;24824;28939;28491;22096;29799;30559;4780;24661;13338;28733;3186;8491;21862;5683;23869;17918;912;3845;23830;10947;16016;24411;12373;2948;5908;18104;961;24568;27592;6059;21498;5463;3029;24649;17428;6764;25255;30426;18309;29164;
4340;16083;9025;16134;5882;14853;2595;59;29704;14867;22671;27760;24383;17961;13142;9794;32154;2283;3545;14745;14636;23212;23410;6016;7593;15329;28687;1076;24104;21461;21536;11130;26663;18334;4020;20278;10192;32079;12510;17466;24955;8047;4446;12636;17523;29866;8061;17611;6909;24519;11833;21411;15254;7130;4258;6078;8061;2235;1156;32718;17009;7094;12358;17832;12220;18564;14354;16099;24688;30330;11831;7074;20209;22017;25291;1966;25523;10822;22164;25032;8005;23347;21801;32061;9615;25501;31316;8634;3672;28607;9915;15714;7947;16359;10175;32030;20922;9071;5797;16180;
19811;8175;13043;5148;13170;6321;15389;16783;26248;2661;3681;31712;11899;12054;1776;18831;23966;7773;29518;17692;23362;15829;4091;12569;14204;5582;23123;4739;11305;24134;14771;17746;12080;22549;17373;16207;31239;18023;8350;29990;10873;7279;20654;5564;24742;13146;23511;4034;32331;7298;10841;5515;27459;25573;3470;4890;846;22229;15306;19072;4370;8945;17285;2661;31327;24915;14780;13028;439;25099;10132;31900;16654;19404;31553;13827;16846;25574;38;27390;22046;4724;8765;10927;5988;30423;186;24462;11784;8291;5099;28092;18044;16215;27235;2964;22393;25107;16727;2178;
7563;4741;31816;30232;28623;26597;16354;26462;20987;24738;13349;14954;26528;6300;12738;8241;11436;12179;24264;22173;5939;29663;32383;18656;1647;9570;30868;2567;8965;25788;23415;24018;5257;8893;24066;17347;12357;9248;9307;14453;1334;28022;19483;8495;26968;11104;944;5561;27684;27393;12544;31854;21078;14003;27470;11411;32499;27385;19554;2791;28043;22454;23780;21627;8635;412;8202;3012;12279;6118;627;15343;17286;29258;12370;1652;17870;11049;5838;12014;2770;10762;5289;6442;9977;12870;7712;28030;21009;18948;22547;22364;31635;3432;28262;4646;29737;16904;10663;14404;
20589;16032;2033;2165;26868;31494;23824;5474;7051;23648;15845;4985;12736;4500;15116;14584;4261;5120;11965;25672;5584;8300;8688;31885;17830;15420;3269;16507;11994;6890;30242;30571;10032;30644;13982;14510;17799;14226;25246;15649;15638;26475;8125;28417;32246;27272;26994;11265;16096;27977;2285;28058;21561;28695;17473;19363;30795;32409;2248;3361;26838;26411;5315;15200;32199;1676;25666;27459;7495;31702;25924;12504;12535;22708;14110;28975;122;8655;31009;1645;5429;13193;27767;27164;2898;24302;27982;22981;29707;21223;1849;10689;11557;9649;10450;14924;20922;4750;15013;17115;
10300;16315;7497;26544;12727;8353;21200;19883;15958;18511;22370;8291;11049;16424;27940;15989;11557;14041;24414;28;19821;7055;222;19458;31440;31078;27031;28246;21650;10020;14222;26143;4719;7975;22263;7376;11741;5020;5530;15388;12434;4850;1404;5643;19526;20622;29372;21326;8122;26049;28859;23504;19705;7927;17023;11661;17629;10545;8794;5543;27606;13237;11462;32694;31719;23043;29332;20320;18417;27148;30278;30763;17460;23199;6329;18318;30739;1572;14599;5454;15639;32140;2987;19976;28471;1928;27878;3081;29271;8185;12898;12902;12558;2984;16406;15946;30892;21560;25705;17034;
22140;16473;16282;16767;23110;7230;14943;22804;25112;26192;20428;29982;21318;13348;11895;31724;25776;25514;29914;10527;24131;27816;3320;2748;29123;26215;27460;21632;4295;5549;13502;32116;25605;5866;4191;23489;18383;30902;10167;12996;29150;23163;6869;26469;9295;25455;27495;20133;4587;9670;8994;19063;22443;16933;14692;10449;12155;24409;31768;30978;16447;19017;32731;19270;12052;21033;23388;3736;21976;13553;12809;199;17132;12302;20968;25804;26168;2391;26818;29531;3952;9282;5255;14776;8598;30552;21230;23244;8129;30182;5212;26232;30492;16886;30215;15145;10801;14973;26459;9645;
16744;14806;16029;13125;9418;6255;206;27131;17163;18371;24786;23349;10696;6536;14801;17547;29453;1833;2270;13014;11290;3446;10710;23433;6503;28827;23435;8261;31717;31822;20258;28839;15239;5197;18106;32357;6913;10504;1871;30617;22736;25754;8669;15196;24954;9214;22472;15511;30487;4224;7803;1814;29200;28017;1615;6878;32551;28191;2223;4545;32439;10245;379;17199;26941;30014;22441;23119;23832;23360;6450;4686;14733;18886;3628;3320;27406;17934;1843;30597;19644;22085;27406;29109;17194;16704;18320;27423;29796;30316;27067;27333;16688;12808;16684;29933;25491;12689;4787;812;
22167;3198;15937;17092;27468;1326;7175;3376;12045;26143;13532;20220;1796;16224;23007;20698;9457;6217;24414;5875;14630;26985;32503;19067;1494;29376;9469;24968;14224;16942;11550;31012;9991;32300;21058;5536;26644;18618;21941;15660;18942;20120;8585;8357;11512;22201;27190;18094;20715;26101;4996;27906;374;19198;23723;5129;17204;9877;6072;26793;26173;17406;28722;94;8687;21937;1278;7053;7662;27218;22912;25109;3177;11747;25091;20008;14751;19257;12123;14681;13474;428;32200;16373;30043;17171;11038;28311;9167;28144;22563;28151;25760;30695;14649;8451;20183;7285;23101;26929;
28384;25566;22958;1299;31446;5735;24338;15660;7170;28614;20629;21250;29086;9943;3060;26228;12510;7568;9881;17742;1585;19767;30984;22811;7108;17106;31097;10042;26951;16352;10694;5940;12533;21318;7304;29517;19918;32396;21885;22361;14119;15177;2350;465;23909;29916;32718;15142;17414;19037;8036;18261;31969;11476;24877;5564;26798;11688;13883;9004;24776;4442;8035;16959;11826;31346;31830;15852;29144;16570;22030;2648;25112;18603;10348;30703;385;28453;28447;7348;13019;23907;31175;26581;20071;22829;19290;4995;7272;25935;2247;26880;22753;17995;15066;2810;9377;16203;26464;14871;
1917;7001;17803;18385;26589;22226;4504;11140;7034;32024;17326;28101;30053;3720;11786;24054;30028;684;18009;17943;31737;15025;7781;4319;10523;30747;20468;5644;17993;11191;24557;247;25412;12497;23741;1387;1916;18600;15353;22199;7382;27167;15173;5378;30637;14773;18548;9439;8215;15799;13553;9506;16489;8885;14429;30449;23805;9266;1657;3102;14642;28063;31815;28596;3509;1931;10348;15567;29695;9492;13017;30641;11039;26017;26538;32019;6586;24275;26958;31673;12624;696;19945;11337;5824;13890;11254;15197;13327;11256;23089;6615;5989;22252;26292;10101;17240;2541;2400;27557;
21613;5885;5502;20634;8156;774;11942;5279;12180;8648;17632;26027;16255;11798;7178;23350;8199;12866;25210;16972;8665;21718;6884;28640;28393;23940;23933;3426;29878;1632;13408;5012;17359;27981;5937;26521;2198;14773;18945;20046;324;19070;9074;10718;5421;57;32284;13713;28998;30620;22831;13285;19940;18482;27737;17120;16838;6993;13034;19108;18006;12109;12854;14916;20780;6891;32570;1750;9940;25880;18307;8394;19153;17627;24908;21370;12513;7561;9959;17153;4995;2872;8542;31825;5047;4981;18009;19328;1541;20026;19778;19555;4288;6938;24488;26974;32652;14015;10465;15482;
28702;17558;2292;1720;15427;8393;28342;12710;17700;3694;7474;3887;968;5630;24654;19383;730;10248;29868;18024;9645;22566;9935;17350;24701;17457;28031;11914;17912;31665;878;23213;3580;31639;17435;32451;31139;4655;20471;22410;14461;16208;15303;10691;13084;25814;20297;5696;24278;23377;5914;29759;32454;16127;19927;9718;30228;2296;24706;7023;3958;18601;4648;30614;24055;4483;705;2961;6904;28916;7512;7247;9588;151;12652;9828;1672;26792;15253;5140;7986;26298;8555;6573;25433;11436;25763;11291;17933;11225;4475;17846;15121;8335;27737;27998;29078;29123;8878;13258;
11338;14594;801;6941;23185;1707;234;7354;22290;13916;1659;16730;28534;26538;23398;32604;6508;28437;8571;21340;30961;21306;11568;18182;7118;10827;15687;23084;3682;27581;21930;535;11681;2624;16794;13083;23133;27124;264;10350;29125;1754;9539;24123;12075;24457;24788;29169;23306;30754;20134;23777;27463;2437;13419;15624;30903;12485;17466;8233;11746;13018;8573;1312;4870;10390;11530;1906;23391;9947;23696;26920;6054;14090;8501;28382;29144;13246;8573;16919;22072;23995;19054;19923;11671;15649;31730;18788;3283;8934;21628;25981;32158;24194;24558;20364;17536;31724;11707;32585;
18463;7622;4680;655;32191;18388;6041;15212;32517;11699;24873;17524;11520;22984;1817;28506;1130;16502;11405;4545;1834;5012;21844;5199;24350;27166;16071;30723;7704;4138;16371;17865;16166;4894;29946;7244;19735;24097;14774;20492;21050;31439;14240;20912;30057;18993;2800;20125;26694;18924;17158;16327;2757;14776;16905;23239;26603;13588;16334;6447;28629;5433;29691;18970;4859;12108;11116;25095;8886;17111;19669;31975;6912;11386;4265;18036;14715;12510;28731;15557;1462;29675;4132;287;11947;28731;10724;11023;24972;718;14540;20917;32191;24319;28187;16227;18983;32438;12391;871;
4005;25312;10814;22052;15582;14364;11278;872;30527;13239;25922;20217;15679;15579;14510;1905;32228;13827;12333;15180;18825;31410;21384;17472;32734;25957;26266;7373;7984;29126;21170;13332;6379;20258;16185;13292;20317;30493;7573;27955;8380;7333;11340;24162;9067;1828;13677;2148;30585;11770;3116;1449;20843;10282;3532;6006;8763;17491;10690;7551;160;23779;13591;11191;14224;15495;3342;12903;7683;9958;19719;27773;7163;22926;7075;2087;193;6446;21289;15777;3697;7943;2344;18508;24248;31389;14686;30207;1245;15282;6105;16545;4350;30836;20060;9720;22685;1014;10500;12732;
10331;26845;30251;28144;17154;31836;7565;11634;20937;7522;12969;25808;10708;29713;1643;1373;2811;17779;31751;3716;15308;12136;9512;18781;9939;24803;26954;25214;23833;8790;15460;22036;8682;17003;10443;25138;25563;15093;12371;29544;18188;8742;18615;16280;9387;15362;30523;773;9145;16403;20367;5037;20241;10079;23031;16089;19622;5783;9385;9458;6668;14481;1142;1942;29242;7416;18605;15851;16526;28483;26173;17203;17681;6627;24089;5025;19965;10689;25313;19307;10876;1511;446;15393;15027;20349;21134;27709;16639;32248;29505;13563;22654;2958;21122;29291;13522;17901;3482;31172;
3873;5932;26002;18939;25696;23298;3992;10900;26834;5174;25765;11449;21707;5718;13404;17033;28346;30636;16180;24754;30310;24430;7129;24130;21880;1077;3024;1722;14650;28336;858;4708;31134;21658;26780;30951;29058;8169;19964;21017;11314;30281;11214;14612;3119;21704;23856;25996;20271;5075;25650;28512;4964;26465;14651;28782;16897;12142;10664;30892;763;11435;2485;2165;7692;28020;15777;1312;27902;1794;24077;23511;17190;28386;31654;18086;28207;2213;17923;26579;13337;15322;6608;12142;29312;9785;14893;16168;17186;15905;14673;16489;18844;31045;21619;24732;3700;19362;18154;26574;
2908;4788;22675;7543;19637;16617;11123;28567;19539;23894;3229;4101;27008;11176;19542;31748;8771;4190;24952;8728;29154;1334;23572;6680;30885;12773;27483;9091;20701;32011;31423;24087;13605;10598;10837;28832;23528;21318;9854;4623;11299;25153;8902;10443;12140;17191;31756;29772;25908;32313;17892;29925;23369;32149;18233;1505;12190;6133;10807;24018;24399;13209;25447;26918;1760;5506;5148;13051;30662;12513;27663;20533;18216;2767;20038;205;14822;1598;15674;31595;12763;11312;21048;5944;95;17447;17416;18413;16912;20700;16589;8241;10195;17715;7980;20001;20757;1391;10928;17968;
6999;2210;3949;4145;2793;11880;10468;27314;12533;7381;14375;14476;12992;15020;17726;27832;22061;6610;12232;26724;14211;26114;13029;32582;3183;11201;24660;5681;6221;2965;22233;4070;13731;11634;14306;31788;6382;2165;8297;15651;12450;21205;10524;5845;18028;11798;12732;23822;17850;25471;31683;13166;19325;17615;22601;5052;25389;1324;27944;3709;5390;7772;21855;31173;10675;5687;8372;590;18112;14428;30366;21191;18676;6180;24673;17774;32614;28372;32379;21473;11278;10775;11583;14641;28040;16043;23744;31289;30229;4954;8176;18478;13283;6188;14089;29047;20110;24027;6444;21694;
7654;16775;16712;2631;32243;171;16958;14208;9270;18768;26179;16602;23090;6784;23941;19928;16683;2302;16401;21349;814;15412;26356;6251;5457;14189;24736;26785;28476;17220;1170;27045;23528;2908;27186;17994;18343;17490;18171;9267;12133;28144;30683;6049;5421;1444;14813;2441;7663;15664;22021;17386;15488;2466;17531;6237;3554;7815;2797;21742;19142;10588;23086;31530;29263;24901;12067;28025;4633;16130;31455;1710;20346;28958;5645;20445;5639;24681;910;18540;3930;22697;18020;29805;18451;10637;20175;9515;9757;21474;17077;12291;5171;5897;9543;1910;1698;29353;8674;27260;
15696;28833;32307;7706;26365;19265;30623;25910;2505;17337;4066;10923;21750;15569;3318;4505;16368;28123;12342;24574;6794;16870;26819;30603;29323;14133;1319;20656;29289;21232;10296;11258;7508;32024;1343;28062;3190;22720;10074;22358;4474;27771;18463;5227;25163;12049;31106;19475;12830;19574;9977;11774;23474;14076;12766;11564;214;22727;11540;23809;17197;31105;31725;9371;31278;11344;22603;15459;2670;23045;1030;10722;16930;15255;10638;11735;24287;22735;12242;22662;8357;24388;1376;14418;3612;25994;9933;22158;19997;28327;25687;30353;14964;16838;10953;19208;4069;27184;21407;5521;
24429;29559;16491;25733;9417;13812;17783;25364;9789;18292;10156;28568;398;25647;12722;27683;2640;25594;9305;32090;23912;4029;1592;11143;19913;27430;5780;6633;3713;18079;26499;18511;15865;11646;25424;4837;13944;1148;16674;25677;18410;27753;11481;19953;16096;15646;9785;31384;23767;11442;23370;12088;9661;30449;510;19979;9905;6409;29973;4069;6667;30087;6206;26565;3228;29826;18303;17578;26679;29718;21974;9640;1903;7445;24353;13370;13987;28664;28987;22746;17976;7708;20584;32207;4646;811;23283;29767;8886;21207;20501;12197;19082;20175;32281;19228;26077;6379;7102;3453;
7948;30122;20701;24397;23637;4831;12875;26395;15071;9895;13569;16400;15099;31390;23674;32456;426;14163;10333;30816;21343;1017;1372;32721;11270;20063;17756;3452;6212;20258;25302;1286;13313;7713;4989;3429;29220;27441;28193;12091;4509;12050;10195;11619;25513;26786;11338;19402;18257;14929;5509;30849;32308;31701;18098;2832;16007;5151;11855;3596;9818;12173;29583;18156;29725;9825;4863;28696;10338;10098;11881;22851;29925;31521;5112;25083;7369;29327;16542;638;10788;22285;25011;22224;7358;28116;6623;24586;30230;25591;3385;28661;18086;13973;30896;29399;8296;27475;22699;2957;
4761;11529;25324;13786;4797;8380;22458;25343;30435;1741;28223;17548;25898;31855;24623;14709;23684;29022;22698;4456;15034;9679;19044;6750;25521;17570;28931;11377;28139;28127;456;10221;30800;17760;20338;6569;3375;22987;25951;31128;13952;30660;24053;14235;10092;15712;30784;2713;7951;476;12508;13778;26748;25999;25110;14448;7169;7709;12110;7007;1453;21230;16288;20831;21776;7646;3011;23896;31298;1078;17200;13037;21543;31708;3207;1363;5104;20678;9519;30820;31205;32436;9277;26607;20322;21279;25752;14675;16928;27500;23130;27468;1206;25446;22393;22540;22624;18411;934;23950;
25598;8677;2933;24615;31840;11645;19135;23390;16832;4491;30277;29949;13968;11088;2197;18024;13175;16999;30258;20526;23702;14585;27887;19422;31759;3121;8860;20508;26056;14575;30436;31475;18540;22721;27766;5741;4019;2831;15715;27489;15332;32405;3783;13965;21144;12054;1964;29668;19648;11087;20267;29737;9705;30507;13780;28861;28863;24117;3665;4534;5328;19026;31045;6704;6547;29360;10362;12008;8873;30458;23868;27399;354;15054;9728;14139;32643;5488;8010;5900;18247;10688;15309;24686;3235;31337;22483;4498;23502;3676;7135;14594;12545;14717;29329;9197;15740;23963;5579;18111;
32201;14246;30482;5109;1348;3356;1847;13616;8923;19909;8502;23176;17171;32160;7262;5154;13131;31517;18866;27141;10821;30092;24720;9769;14818;10198;7824;1233;3629;11115;7855;16155;7579;30587;11181;9174;11922;24681;4531;12947;22055;11133;13113;27903;21548;2777;25895;21104;28778;5550;22074;14781;15659;4271;1450;32083;25340;6854;3338;11653;22960;4614;16751;15652;12968;17634;28628;23632;22610;17308;14525;30093;26352;26112;20251;282;667;22865;7792;8830;20103;19076;7219;17507;27016;172;18550;9895;5077;31670;8646;4785;25101;27478;4179;10753;8567;4673;3153;779;
20878;27037;925;2118;22205;6325;17060;19840;19047;5362;25729;20340;3114;32263;3685;20894;30821;2667;31292;20046;26615;6156;5261;11516;23882;13634;12706;13019;657;13825;7658;25008;23885;10580;3483;14565;23318;17158;12187;3289;7064;3490;26529;26747;7132;30879;29592;11543;9929;5844;68;25712;12010;8498;28967;30990;30065;4529;24486;18649;8828;27275;5480;17895;12952;32169;1535;6547;23939;18522;3018;32207;23095;14155;27673;16571;9251;26292;26259;9846;9660;13007;21461;7475;27700;11406;5980;30608;18569;18061;26789;8484;450;20038;14226;343;31862;1412;12304;119;
31629;28698;8439;25352;24138;10708;18994;28507;32650;22702;22047;4450;6726;3908;568;28866;22367;13194;15092;11562;26779;15805;12008;13539;21738;25497;7474;27049;23023;973;25367;1978;1723;26028;3307;812;29660;8485;28209;20355;15510;17141;1284;17795;7536;283;11446;6979;23539;5004;25526;8835;23470;1321;10423;16703;1149;4334;13070;22661;24075;24428;2652;3459;1174;14457;16750;10468;23282;32038;22625;93;7633;32241;2570;7810;15425;316;2197;7391;6518;3582;28011;25668;7114;20153;24666;18272;11522;8364;14832;11153;4051;9033;9511;13307;11941;23529;1096;8920;
18326;16831;7433;25870;6594;17930;20472;31751;30658;11407;24349;14781;25458;18503;2011;788;5879;28757;29720;3181;7937;16698;18078;17528;27214;32332;18112;24905;29296;10085;28480;17327;25039;5848;25712;9409;23281;15273;5528;16825;17657;17405;3480;31238;16750;19407;14030;5020;12094;25573;5690;6543;24323;1282;16864;2272;23684;17246;5742;16279;29055;22099;28703;25105;17830;18521;27359;10908;16359;25396;28080;22337;3312;11372;1356;10721;28403;1534;21004;11908;15014;18257;3336;15341;9615;25195;26752;25202;18814;26981;20347;15626;347;2076;18605;22696;801;17962;158;9671;
23339;9493;16137;10310;11439;28357;19330;22903;23432;18492;1372;28787;824;23681;13002;1200;24365;13277;19268;16085;2115;2890;16685;3020;11147;16425;3762;1561;7755;9267;2549;2411;29509;19890;17515;9329;30012;14321;31106;23791;10933;18417;20616;31249;18171;2397;30152;18687;11365;14272;20214;4017;25563;26614;20173;8709;11671;26081;11254;19727;3881;6749;32556;3248;702;3445;3230;16234;11169;22743;15508;19570;13314;7813;1878;28679;14327;22478;22602;8707;25024;4221;11356;19120;6991;25168;28578;14812;30984;17579;24128;5168;16837;1166;27786;10941;14365;30917;31337;28888;
2278;18014;22016;1064;760;18784;20879;31485;31796;30138;28823;27875;1989;17530;28735;27000;24998;319;12022;20858;13156;3057;14170;17956;5670;25263;29272;8891;30186;2057;17557;13412;14865;6512;6925;9272;22302;10730;11003;18330;11707;13579;26872;19144;23293;15904;31590;27057;24040;28589;11279;11015;13878;20250;7434;20884;24660;22697;17631;30673;21166;6059;30186;2485;24620;3828;29957;4299;9212;1420;25441;1671;23187;2983;32693;8410;19438;19415;667;19716;11038;31873;6710;19626;3843;1422;18713;10536;26712;11874;11364;28968;6383;26642;27952;29812;4158;2001;24878;29192;
4379;1452;7818;27756;1220;4984;1814;6208;32546;8200;3748;6424;22607;6819;16563;139;32597;2740;18767;17287;27193;20420;1330;6631;18232;7590;23855;31816;21328;2289;28881;13336;31234;14260;21567;12783;8791;2660;25954;7715;19745;20761;31818;22423;26755;24826;31438;21715;31923;7670;32627;7002;5631;19638;16272;16695;4110;16591;19631;11482;9833;15163;18741;1826;28217;3338;20550;5051;7507;21077;5347;25514;17009;22900;31829;5670;21186;2672;14287;7082;12454;25275;8527;12104;4018;22815;24517;31296;23035;15861;5751;5585;31377;27543;9124;24399;12617;23320;12903;21110;
21440;28978;9183;24062;8092;6015;5005;26223;533;30188;31485;27447;30901;24684;14505;506;28507;19689;32282;7209;16262;25984;26960;19158;13520;2797;19812;29895;15033;23364;28268;13001;6054;4323;13471;17990;22826;19876;6842;24090;21891;9815;23458;7587;26216;623;9034;6679;16642;9211;18135;16923;3896;27608;18434;25489;11823;11813;10174;17329;13841;11000;19483;32091;12046;32591;32107;6571;6049;8778;16035;5839;8213;17047;1284;20757;16199;6189;4858;584;1197;32317;31300;19261;19351;26981;2389;31657;13237;3624;10234;3125;730;19355;26430;32469;21503;11872;18571;6485;
14219;8152;17;11829;10450;5525;13931;26550;31963;21774;3456;18741;11878;8087;27816;23224;11053;23184;22545;12999;1643;2012;22368;21117;13467;8853;12187;2014;13442;13309;29766;19051;18799;13496;13260;17908;10946;3641;17185;1966;19627;20603;27814;389;9780;28657;1613;22451;6274;8127;13053;11410;23383;7210;21304;24238;4828;31053;26875;27935;29342;18958;29413;30230;4566;13137;668;949;21741;16236;4717;6948;4159;1498;24114;16865;18464;31539;17273;27991;12828;32091;27874;4275;23427;28666;19657;15603;6438;32045;11045;1855;9307;20092;19120;10621;2375;21003;26953;4384;
19036;24596;8086;20544;23840;21652;25581;9456;25648;28997;13429;2764;19077;7117;11400;2769;9207;19509;2396;15730;30463;16284;25059;13031;21441;17197;5615;13769;23626;11086;14490;7132;8726;19226;31205;6444;31957;18;21407;18779;15982;9743;32137;25401;26693;1916;27831;19093;17850;7617;25145;29779;4082;13826;19707;20671;32473;19978;746;12321;27495;15746;5464;21906;26403;32615;17570;11277;27878;12219;22288;20937;3810;4474;22268;28102;17890;12495;31799;934;17875;30088;17576;14783;31620;14792;54;17774;6058;14587;21481;29102;19239;27407;30795;29673;6284;8162;14101;782;
24284;28406;27655;25827;403;20332;3352;26013;20966;27696;32207;28078;7501;2161;12785;10718;1343;2132;25436;31133;1084;29161;24371;6039;17425;31326;11835;12426;10584;29554;7301;23636;14398;11565;25678;11601;13961;8142;35;18915;11993;29190;26697;17490;14637;12131;16219;9431;11434;17167;12853;23027;7832;2746;3857;773;21166;5589;22512;18716;143;25857;21564;14858;4756;15815;26027;22970;16844;26249;9318;24003;13121;24248;1643;18236;31357;26440;5679;20179;9549;28513;31880;22297;13509;14680;25035;22816;10116;19421;27185;32584;31034;886;20864;25174;15207;22572;27111;7366;
11109;11139;553;10339;27048;12976;30462;14868;13893;20743;29622;4089;22193;30387;9759;26038;2251;22441;27049;783;10013;3807;11720;6326;25183;440;7066;24416;13373;6083;16074;11550;28507;6822;13748;29931;4245;21077;11465;25729;13707;12680;10549;5234;23645;9835;26304;32371;20659;25495;19698;11771;27137;13633;16251;24333;32521;14001;19922;32593;12961;31734;1563;17770;32182;985;28494;21124;6801;1551;28310;4652;13657;29107;7159;19557;1497;12275;18996;7672;13956;32521;17904;19211;15542;31085;4115;8181;1597;7496;5999;21585;8216;26668;13732;9297;14974;23299;29504;5206;
11811;31302;22315;4797;26294;7792;17731;27643;22190;10417;12355;17644;22598;28646;8937;3944;8134;31177;25688;11544;8965;21605;15291;13447;6700;9166;5931;3196;32188;14350;6611;20872;9683;16226;21841;14811;28331;26791;12896;27483;1635;2575;19636;30712;18434;8216;17958;29753;18361;14527;21777;23579;29800;7920;4604;14876;29284;23106;18553;17555;4984;22241;20300;25922;4137;18891;11216;24366;26174;9536;1175;1711;128;12659;10065;16323;3007;7558;9711;13991;7445;7349;20232;1705;3439;25554;1403;17208;11848;6897;15190;5949;15288;5988;5110;28334;12206;29162;29040;24159;
23161;19747;28976;15900;25742;24647;7136;10486;7557;6680;19596;22490;15460;28693;4867;2664;29984;11761;5504;29185;1889;22851;13705;21282;10886;32127;31768;20721;31465;29733;4345;5910;19556;32056;16755;21964;1556;15346;23082;17464;27484;27574;22596;7417;30253;24902;13771;18688;9861;11318;21842;11426;27446;27809;20700;19179;2025;12570;12281;13110;7266;28901;18738;27898;12550;30312;21159;21991;27802;19932;26103;9778;22349;3144;31584;3885;20217;688;8232;10266;4262;12681;27707;7489;31568;4209;31509;21824;28650;32285;27618;163;29346;27795;11492;18356;29031;7577;5654;2708;
21416;877;5903;26507;14175;6582;31784;31645;32591;19131;3809;4446;5769;13523;5505;12807;3381;25628;30205;19656;29327;21616;27;26720;4144;20373;8919;4844;27279;31668;4358;1020;10951;11789;6457;9452;21915;21992;13540;29554;29623;5071;4800;29299;3896;20730;8301;7451;10863;27403;22364;4140;5090;18428;20716;23958;15252;26197;26067;15945;28039;15778;23744;5703;5502;804;27711;32509;28679;9927;5084;19411;19641;7252;4235;15618;17851;17640;28743;21669;4230;3237;2298;532;19435;4263;22173;5997;28503;24889;1184;15731;16214;13385;9868;22940;27478;7194;25575;6757;
14510;5689;7000;7657;24286;1714;16651;26290;31000;29571;31831;4815;12544;5201;18590;2342;1713;2650;7541;4364;23040;21675;25093;2067;6404;21651;12209;10787;14294;30295;10234;8141;21909;21031;24991;18139;12973;22865;12552;26924;23641;25525;20452;21951;12647;12665;10258;4109;9276;13566;17853;2460;24087;14610;13516;6609;10138;14183;19833;10246;14982;29507;13375;15324;24774;11386;4346;26578;1199;32410;16714;16919;5766;16485;2616;24477;27458;30596;3356;1391;30868;13433;958;1092;4645;27350;1979;29268;3103;6572;26922;14186;26350;22599;22656;7995;26696;6936;26545;26102;
17770;17651;9880;29468;17061;22651;24217;13970;27674;24026;12677;23541;19394;20661;8125;18477;16561;10846;14747;5445;23451;23628;13;121;25751;20169;14467;32401;28195;14315;14348;27246;6504;24261;27067;483;28608;7902;5200;9414;30070;16355;8980;2630;22989;30104;30213;24702;26691;7188;32051;2635;7958;1070;9066;28507;3848;25651;19473;4743;26719;16602;26706;25187;22833;25209;26492;30739;8414;10872;1701;14432;31966;23814;17299;2827;21181;13068;30429;7264;15203;18527;22861;23823;21401;14906;30857;13368;30153;2539;24306;6085;16645;6092;29389;32508;4427;19061;20641;25428;
19720;13872;9439;17288;11226;22702;18632;23787;23194;15608;9868;3835;8346;7079;10415;7480;27179;19288;14513;17207;23651;5467;4334;20210;22045;17067;26051;13666;576;29987;10738;21840;24389;8430;29256;23656;24563;14912;15485;655;2413;27459;7515;3958;12911;26197;6690;24175;18389;10352;12588;21632;14941;16361;21965;31926;31149;27486;25469;16060;8344;9450;19513;25516;13981;28058;1574;23845;10928;27941;31864;670;27454;14807;1938;14586;16235;23759;12398;14428;17822;26218;17216;25660;15167;9983;30038;27067;29119;24525;8771;6195;5337;49;25660;10259;9752;17181;3010;25578;
20890;16581;14978;26561;19;18587;9593;27310;18964;6014;16987;18086;12430;15918;25654;12947;16018;19460;2898;25254;30810;4576;27741;751;15245;4450;29380;16427;29887;27741;16996;21213;20023;26760;31842;16544;15350;23415;19287;18363;2293;4810;31409;10486;18861;3237;7510;17324;22492;5216;1930;14370;15239;6015;8210;1047;9531;18148;19609;19868;23961;22595;32084;20518;19986;31703;7138;8162;1774;23123;24950;14152;26259;12060;22583;755;17924;21173;3047;24496;20136;18810;11715;16085;23885;10898;12203;25812;5740;29471;6787;30223;4014;6583;9177;17902;12976;30232;18120;7215;
15619;20759;25628;25726;376;12506;11702;31814;20122;13639;24883;4806;7803;6332;5576;20327;29620;10497;8560;12877;1959;19579;22858;25388;11783;26530;12604;25181;4507;14005;32477;20529;11838;28588;25490;16005;11307;16494;8695;16534;119;32068;25216;11543;30431;5005;11104;18049;2244;5300;4009;15787;9588;28000;22965;17050;20395;7402;13510;6042;13402;276;6633;23181;7846;2552;1056;30852;27956;27198;12223;32652;27812;6034;26903;17099;15195;12117;11858;1227;6790;5011;10398;7189;20571;21558;16526;17922;32674;14457;20924;7118;6261;31903;16820;24046;17988;6116;32269;2467;
32540;7860;9689;27856;6184;5403;25152;11273;888;17789;12903;28396;6913;28551;11927;9908;7397;25445;1691;8971;15605;23861;16233;26912;28532;13500;29701;250;20766;13656;7587;11532;20585;12854;9996;16393;31755;10949;20290;1273;6844;4971;8039;28045;28733;5750;30683;31407;21401;24917;30885;4958;31403;21000;18708;15801;7904;6357;677;28249;24383;8765;17192;25060;934;23854;10783;13535;1366;12666;17767;11716;177;14984;12570;27989;29763;6730;28339;31023;28928;30830;14195;21666;8140;473;19972;7104;16449;31825;4957;21684;1196;17017;25317;27478;28504;15363;31195;2812;
5392;9761;28149;19090;26847;16444;30535;24301;29978;12521;4455;18268;9632;14105;14287;10368;1889;31631;16770;18782;8477;5784;8179;26291;18798;7670;1314;20615;7689;20253;13576;1541;65;10658;1589;17290;15053;3568;21944;14076;13514;13373;29247;20061;22020;4028;17023;21664;113;29204;10966;20667;17150;786;30255;23293;10638;24730;17959;23714;20032;31460;20078;28069;4081;229;24431;17621;4611;28938;1075;28203;26972;8748;14210;15195;6833;22721;29772;8873;19972;15439;9544;32766;23403;16679;14299;27707;5396;23119;22075;7885;29318;1984;3284;3458;297;5329;24299;16026;
15881;6900;3713;290;15575;7328;7034;32637;16433;19598;15870;24644;10018;21800;24608;26960;21485;13375;23229;22804;28678;32508;31143;27184;12642;8729;2819;13636;1264;29264;32240;25858;17000;8468;21610;28808;19779;27008;27757;20460;18186;2445;25693;24344;14036;23431;7845;25304;18955;9154;10399;25649;4718;26249;2228;22005;25948;23127;14276;14484;16463;19018;18887;12341;22183;31956;2485;16645;11433;29364;3236;9679;25543;4644;48;29902;7201;4692;14368;1727;3917;15128;16199;21561;18515;19677;28583;15681;7420;9442;21981;28442;19533;29093;25529;23642;26190;2971;13868;31555;
24848;17955;29287;15951;32493;19645;32321;31501;27154;24695;6105;13100;10555;2473;4221;29653;20926;4578;11979;16191;6859;23074;31766;13437;13810;24906;268;27034;4325;3792;13717;11239;25728;5559;10238;6804;13574;959;8022;20350;10158;20697;15640;2632;20830;733;25099;4525;25270;14719;23143;16148;21840;13952;5433;26725;32326;13857;27400;7196;10741;11229;14265;25500;9473;14167;19376;32709;22170;26002;30776;21448;20477;4704;15141;29242;30013;32285;19896;104;9027;27548;6850;25579;30483;23138;24588;28284;6738;12562;32503;31753;14597;27689;16480;14088;1180;9451;4038;30475;
26671;1182;29103;28052;20999;30709;14663;5419;13920;14031;16715;5807;12141;29730;11301;6378;24221;18993;28505;11879;29469;14086;11807;21896;31134;15644;10065;16083;22872;31836;14984;19853;8783;22346;18563;1674;4309;30849;29384;24899;27216;19549;32397;12073;5949;17143;24280;3385;7797;28246;10726;5073;26031;20707;32202;14530;23367;28702;6230;6054;27966;32656;9790;5236;29057;14336;3451;3153;25454;12010;14062;2217;6804;16941;6982;10367;24250;27652;5923;13313;32035;4919;19067;3680;17169;11155;1854;31198;392;14999;4917;25129;32340;5232;16688;8423;30286;25896;9568;28818;
5338;23066;26882;390;1204;32681;317;25944;32237;10033;19790;17514;30000;26942;24546;4540;20554;6140;30659;12549;17385;13807;27575;17155;16036;17636;3494;3087;1340;296;18682;10484;25634;23799;75;1537;6713;20535;28220;19549;24796;20583;3488;14747;13603;1234;19682;5518;18018;2824;4259;14943;11763;24462;18852;25308;21558;16085;8679;13075;9941;4713;1297;12064;1101;15979;2067;5187;170;25409;29705;18486;26513;26508;30818;21181;8068;24154;18498;5502;21090;7582;10020;13843;32557;6365;10436;28254;22800;21545;10300;14108;6049;851;14957;189;7267;10589;8096;28276;
4495;19502;30829;18314;26132;4233;16861;4855;19164;21056;23755;4403;5457;3237;9360;2122;11040;10050;22751;5679;23356;31434;24301;32082;18471;8783;7637;8052;18285;27828;31292;6842;23153;614;13616;15617;9323;4935;12886;16754;434;8427;26949;3158;9271;14599;1581;22827;22866;13350;32188;3831;23746;19614;6210;11996;23791;8643;14355;4333;5233;31578;24365;25408;7382;24913;14362;8004;24224;23469;9752;26965;17038;28355;8312;3726;2077;10155;23876;5343;25933;19698;3876;4447;21416;1935;14978;14563;11905;6168;26093;24271;1658;27702;10683;22060;20041;10327;25331;26875;
17595;31138;3434;22985;16376;17456;2347;9092;15882;377;20252;27533;24217;25356;22751;23054;10744;3460;16375;19598;18790;32695;22572;5827;5261;31280;18736;17831;6223;31456;27522;6350;31426;8464;27795;9718;24697;3482;32296;23264;14086;4953;5375;20830;2236;19422;31413;10670;15802;25700;14055;24326;28197;14086;5016;19056;10676;1072;16594;18392;22642;24660;23440;12643;6335;10718;23516;9475;16024;7017;11829;18505;22553;20019;31795;32378;23360;16590;26734;17636;24820;13849;16795;10610;4422;111;28920;3967;9462;3358;10219;14056;8249;17435;4325;14693;10937;4084;1933;29209;
10462;8709;7195;871;31308;18159;26113;28424;429;24390;27089;29786;22960;20618;5723;10491;23377;601;7445;32663;22876;15330;10689;12542;13612;30109;15689;15226;12473;29498;12270;27743;8658;14807;7841;10211;27302;13941;18353;25392;23433;10413;6823;1208;25077;9631;32623;7881;10447;18220;6328;14433;3564;23397;1436;6211;4308;10306;26244;17994;7878;6040;10566;14078;24572;24389;24721;21861;27183;31149;10891;24348;31838;619;27320;18085;10188;19264;23326;4099;2632;15695;14503;23428;32176;23181;3782;4831;24760;29555;26205;27774;23784;25846;23519;14621;19940;29368;24754;12180;
11760;4480;11223;10993;11187;13800;7628;3786;19771;31573;7089;17874;17474;14124;9643;3753;22448;19523;11398;2809;1633;21142;27294;17598;18215;26428;17407;7653;2579;14489;29131;24089;24304;8916;31964;21210;25873;28811;19371;13775;26701;5062;18288;19805;20295;27434;23691;31608;16115;26480;23075;11961;5973;9493;29965;27057;11660;20050;29167;21630;26384;22862;15013;3227;6712;30355;25315;9981;22527;17342;24604;6235;775;5755;30883;30669;22494;29617;11793;20376;19073;1786;9958;28744;23838;11862;23411;31232;21534;28192;2551;4111;27491;24897;13832;27331;28878;31139;14132;15234;
26629;9449;6889;5910;7027;10589;23954;23113;16016;20265;16131;15538;1378;10699;13847;1486;21828;5571;18327;6227;29414;16014;17502;18368;20885;16600;12987;11321;26556;15598;26391;26770;11435;28018;4056;5802;9112;5714;14469;19962;6115;24570;2090;30829;28319;29385;16126;26994;12621;26306;14147;27472;13802;23429;28014;14011;2093;19581;21384;2212;30730;30042;29652;19029;29050;23234;9906;32700;382;19267;24515;28679;11361;27789;22094;15474;31038;10462;3298;22877;22211;4285;31805;7586;15668;1259;25965;23589;12723;15511;3893;15277;3774;31697;29362;16626;13817;3649;6974;16119;
3886;23065;15765;8601;30866;8008;18999;18024;3146;14065;32525;22455;24365;26395;15438;24047;7372;7850;8356;31529;9391;11662;12427;1275;3298;19770;3322;28817;11697;3415;32070;17664;6831;30906;20547;2008;11517;1684;22700;22520;712;11241;2245;10919;6164;8516;28990;24288;23736;12456;10075;6892;27562;8137;22098;10295;18301;2684;32757;16732;16424;16749;12432;1666;26121;272;10773;3051;11818;5338;19062;14026;11202;15024;12627;23637;767;23200;26837;22300;30978;26319;5594;1689;17708;30642;29522;27912;1944;30849;7400;24441;2280;30697;27878;31779;10053;28930;29010;23291;
5281;8320;15453;11397;19007;14893;5119;15082;21878;4759;17627;332;25010;4357;7272;19798;9147;32176;20050;7959;2618;48;18718;15120;22393;25141;15886;8843;2154;27255;24644;26159;11499;25584;7977;1746;5448;9544;24592;22670;30977;11409;31511;7191;31438;9012;32590;16971;11745;24107;540;3595;107;11889;32222;2122;12129;5559;976;31331;10112;13145;17713;25264;30607;32144;14242;5976;14308;6889;22736;2920;2857;28662;21842;27174;7264;13635;5845;31906;15909;10635;32118;3469;3891;13356;18543;16206;18474;3033;29174;2131;5776;13711;610;18853;10517;28618;7824;13248;
20763;24056;21893;28065;23925;2094;29012;12832;4719;794;20290;22400;25359;21561;809;30021;20379;26185;18970;7237;3419;8706;4166;21762;23456;32513;3615;22583;10758;8453;16570;13745;29685;21853;16760;23904;30062;1185;16613;16046;7428;27809;10464;29199;24360;13979;10749;8410;20138;15793;14375;8023;7805;6553;14986;27929;28859;16791;29360;3982;5864;23464;24297;31444;10107;3072;7153;31950;3226;22711;2509;24184;28710;30144;14326;12151;10487;3354;23737;28661;3433;22346;23518;3243;20247;6152;8328;24895;17382;21305;20060;13521;16454;19997;3557;25809;26292;12490;30775;12819;
4227;23513;26067;25637;13277;18015;9419;14048;27397;30751;23079;17981;222;29693;4742;27754;9905;9910;17929;17949;14123;11727;21356;20777;10917;2763;13942;22863;8361;5793;32148;10070;8881;18797;17089;9821;1073;10854;11176;29553;984;31760;13581;2907;4627;30899;19817;2747;24788;13067;724;13403;8337;28481;18472;12733;3727;2074;5476;16886;14432;13423;26446;19135;6315;16605;25181;32714;28971;4541;7381;5202;1530;342;21556;10998;7696;28242;4557;30663;27910;3695;691;18592;18976;22903;1752;26550;22667;8306;15222;3183;1251;9498;1198;20088;31737;17807;23152;20242;
32466;4172;23706;3244;14323;21594;29284;5303;30171;451;30971;1974;28370;28234;17772;9108;29153;21081;32196;18491;10530;4667;3445;10850;20794;10123;14588;10406;2595;16109;5313;30429;9519;24060;25407;5031;5193;9603;7780;15429;24190;1007;12347;21167;15805;27652;7880;27104;18907;25552;12084;27765;21722;32733;17450;4470;23659;7851;31616;4980;13489;30813;20250;24020;20552;22195;15627;9322;18822;2360;15102;6474;4353;27069;30933;13530;25937;1285;13967;17452;30743;15298;12655;12683;25662;28608;27738;15188;22912;4449;22402;3336;8492;8521;6977;28318;24615;31322;2631;32286;
14897;30691;32504;10091;14954;19476;10256;20064;9493;6838;2185;24351;5787;11289;11966;14502;5075;19533;26320;9636;28544;10900;27721;22410;10524;19736;24319;6116;10452;27866;32572;9194;31955;19947;29979;26194;31683;26590;10037;873;28817;29309;25725;27490;13169;10939;25961;26350;21539;25578;26707;21005;14708;14638;27934;31011;23047;29490;21532;19534;29269;30233;25647;23799;23539;19384;31791;22951;27156;7682;29580;31772;28494;13763;28213;7581;20641;20882;10168;25994;18869;26880;31146;17975;18019;12310;8521;15354;30071;28415;2144;643;30900;513;5483;13420;22041;5554;18172;2321;
3683;29544;7773;9378;31955;29169;7543;11895;25649;24196;23538;8611;19729;29176;30622;3019;6485;9780;25618;11833;28915;32743;23955;13612;27641;8313;823;31090;7630;13377;23625;57;26042;4344;19696;11555;10408;6253;15884;23192;22571;13179;31841;19552;27328;31032;4855;12401;10579;22128;9408;8709;30212;18770;2428;25328;28714;1384;12762;16177;6552;5069;5856;20167;24864;17306;14476;2502;13910;32417;28604;25257;2710;22110;5963;23274;25417;23850;20605;17872;24931;8114;26269;11657;25136;21160;5604;3704;7505;2232;14749;23760;25602;1214;9607;2146;26014;31798;11899;29363;
7524;24051;9806;2898;19835;28949;20217;1640;11060;24629;2295;24977;8336;1250;16623;10986;18178;1873;24723;15980;32629;9808;18120;28024;19345;15228;2823;17586;19514;20404;4099;25619;2394;21453;10636;7482;26337;20871;22963;19459;27402;10432;26927;7515;14815;11496;24319;14419;27135;14005;6993;32115;5791;32280;6563;20560;21199;20591;7720;8032;25086;30460;21101;7694;22977;24982;5436;25866;4304;27038;449;27875;32593;16693;29163;5847;29786;25260;21;14314;17585;5180;19430;23093;22230;21496;1653;10369;12355;16383;2481;14356;26610;20214;32513;9419;8736;27830;22823;13161;
31057;20289;9578;28207;30868;6139;30708;28589;2824;5399;30585;20439;1183;14159;19481;26459;10274;4056;30088;23858;20085;27285;19564;12917;4893;22667;13062;16499;10751;16021;14613;23808;17002;15448;14071;6416;7000;32634;9234;19844;11505;22287;11378;27203;2897;6996;18867;15245;26251;15776;25378;6540;19438;5271;14623;13868;3207;14497;8134;32045;27878;1179;19662;14967;549;3788;15536;31405;24615;11802;29452;23044;32030;24445;6729;13654;28240;8117;18045;29042;25114;3384;24460;19639;31541;26223;30355;28385;28984;14369;2695;11042;6750;20528;25;10357;17034;18563;20701;25647;
29576;15939;13740;17110;4758;2378;20551;9015;30499;2008;6204;10163;24278;21128;3854;10714;25298;27779;32656;3131;21049;17396;19602;24185;5614;5820;4799;1954;416;3942;8646;27325;13828;11869;4280;14754;30817;21340;29105;27151;9042;31527;26811;247;5320;1401;10735;10269;15694;5949;8926;16866;13457;27904;21295;28507;30495;12711;6281;15527;12655;11613;29107;26496;15394;24784;31993;29711;11656;24733;13778;1029;9318;1288;13761;9191;12278;16881;31865;681;31024;15108;836;18303;4424;26671;8101;31216;2424;24153;31036;12332;14335;4177;5867;30623;20074;7172;18231;11206;
9490;30708;26609;12098;24550;5349;20757;15147;20586;18393;26354;14502;14592;4159;6027;22714;21863;3688;18238;24159;19585;15930;28835;20184;28505;18984;31671;31811;26980;2658;4154;7791;17927;1096;26453;28141;28506;32293;24704;30058;2604;31514;23971;3388;21319;13144;10875;13626;25076;23698;29504;16593;29634;22195;3717;2388;9604;4300;7775;6804;15769;14928;19657;3505;27504;5251;10055;1583;8266;30768;24010;1356;25922;25498;26836;1937;21131;9398;23260;8360;3066;29591;24820;2413;26308;4394;13993;21575;7304;15907;4395;15289;12176;7735;17838;16180;25684;23436;12047;560;
29759;7790;5819;8571;23990;11587;9421;29392;30039;18625;7030;25259;7294;6238;24994;25692;16654;15112;8408;10330;2670;20503;31330;3291;22481;3200;6063;31905;29627;12363;6645;12311;8385;28743;11546;1180;25488;10236;16853;24095;11824;26593;13073;18156;20618;13263;23186;16837;21032;1462;22746;565;6461;26767;5198;32545;741;16273;13205;5024;20653;3496;5953;8717;3926;20771;5809;27994;23254;18348;1077;7334;9120;11902;15476;7442;22821;21202;17675;21969;7579;1690;15991;25215;26365;19826;11573;18356;12627;21972;24103;21976;9779;4747;27194;11833;23944;2154;7494;7770;
7058;9277;17462;17807;12334;11520;9832;14534;23384;9807;11863;6312;23278;14110;1399;19937;1462;26794;10080;24507;6051;20911;12335;6386;4948;476;27177;28356;23774;16772;24226;24135;29131;31126;28190;13311;25187;22479;13237;29104;28714;814;14268;18033;30121;29865;13729;19714;31601;18462;30999;1119;7774;6540;5747;13973;11033;17027;598;16853;4832;3033;19597;30663;7562;10143;565;1824;31941;1875;31523;9079;9379;25175;5763;24405;3413;162;10942;27787;16950;7606;11426;14024;25099;30674;20925;3178;29832;24424;12809;18837;14615;23249;11471;14722;21206;12864;5317;8730;
30174;30709;26489;11716;31179;24755;5107;10107;30073;115;5270;15651;18443;16218;24648;15389;13106;6889;30419;31769;27308;1908;3210;27691;15626;1493;6447;30242;14775;16737;19988;11285;30774;18971;14209;29758;25771;16168;3414;9995;13725;32131;30449;21363;28410;9970;18002;7559;5723;5433;28285;27465;31882;3469;14624;21440;16450;18507;32630;1100;28213;8426;27243;4152;25171;559;32257;24206;20042;25247;29682;10799;2377;25914;10647;18466;3338;29286;9480;10285;17423;23850;30085;17314;3372;26780;29461;28284;6213;16797;8556;16042;89;16579;14866;32171;18111;2199;8642;22619;
5040;21505;19729;16653;24582;2304;22608;14297;27715;25502;22194;27960;10453;19748;7346;29390;29593;13194;2479;28294;20125;30001;5337;996;29738;13525;8529;26519;27650;10685;23948;20814;1510;16436;12793;16333;23899;7741;739;17216;19118;24707;18840;16847;25910;9103;18635;27250;31449;11581;24631;18951;8401;19057;17285;13986;16816;13574;6256;1316;19618;5639;16423;15631;27123;30754;20466;16024;22737;15961;32025;3838;23122;29435;2;16155;19897;723;12953;8249;25077;14495;28148;15142;106;3268;27448;15755;21748;7487;11190;20857;5929;25055;11354;4933;30943;28849;26694;6550;
24047;26300;28346;17340;16696;18671;4151;16963;27366;29016;26340;3528;23540;23703;15920;16396;4847;27537;7609;839;3581;28009;31597;3007;11807;1452;22766;20376;24499;17099;20539;28910;11325;30927;21390;3617;6502;13384;9344;27760;31045;22918;18035;12490;4062;17420;28721;6880;12776;31298;16593;30335;16596;18794;15323;14109;10250;24021;20652;29106;16246;11095;28955;10441;14147;14840;31580;7894;28902;10988;31525;8906;26975;2502;1552;2789;6331;15848;14145;20939;27358;12350;3656;2523;13695;31020;13640;6844;20340;10948;29273;32056;11568;2877;18476;26958;9866;21408;2542;10882;
18880;18117;26222;3704;24507;13438;11905;8641;1428;15634;23206;12021;32600;26861;5094;13314;10248;26773;17406;16835;8932;4320;28864;31189;12777;26469;26295;7846;21913;21296;30474;27086;6650;17850;19618;7331;13537;28696;7311;32519;22896;22642;13736;16517;25822;25527;13170;28573;18550;10127;22596;31579;21731;6289;21160;29487;19114;26807;29187;30968;21496;10766;3705;6498;19358;2482;10251;32370;30042;14074;258;12383;2904;19184;14225;22692;17656;17412;8886;15187;15058;27137;30305;23212;19448;11839;29400;30958;26746;23579;9050;27757;25904;11684;28674;31205;15539;6295;1775;10510;
25005;26510;24738;18288;1619;29556;25511;3449;32047;4412;27512;6605;5923;2002;13982;14045;8875;8786;25;7867;28770;12921;18434;12589;200;5977;3951;20480;16194;7248;2967;21918;28258;17466;5175;23011;10601;21734;20788;14637;7946;14023;27521;4530;26993;31980;17731;11031;10116;10546;32051;31806;15209;185;16708;17247;21064;1172;13447;25690;6482;25285;27723;331;17410;29544;18568;351;18338;5678;11134;31207;28690;1037;21657;11691;12741;26934;25240;5761;23820;23368;16622;11550;5783;32707;1128;25387;14648;30399;31505;924;1259;24030;29523;27965;16148;32639;32350;23437;
10247;564;12750;12752;27085;11383;11399;31840;25638;4248;25316;7236;31178;13562;30226;20739;17140;3199;6838;5306;18721;21313;21206;32365;12309;9091;32502;7835;28704;22247;2689;2581;1439;2017;14187;1808;14789;18283;19733;4216;26780;23290;11889;9095;26694;5809;7014;2967;30089;10197;8566;8244;18827;25474;32670;10614;15577;28060;381;24205;7086;19463;5561;12958;3955;14875;9119;25550;16770;20562;25609;156;6959;21572;16773;22387;18185;17622;947;1151;22365;30382;18927;4545;13820;21738;6448;23902;16702;6673;304;14909;14919;5449;7374;32464;26761;20427;29104;30258;
5770;9877;29484;26483;19432;11358;11369;10032;26778;26575;21953;26470;1400;16880;22890;14727;15870;14561;2902;30414;18253;10954;6231;720;30834;19732;28807;7253;10219;9178;12519;12389;615;3482;20550;25510;16078;14129;4965;17893;21377;3078;3160;25586;4323;30341;10543;11185;17688;1231;5590;22126;19725;17839;30010;19825;14008;29137;13741;15570;22689;13614;1164;18575;673;11467;9503;6108;11241;27811;11968;10938;16967;8673;30272;11723;32421;9555;9862;16485;25299;4636;19577;24805;17542;13481;23073;29510;2464;26086;25864;5618;31153;9905;9191;14551;18622;3983;28542;10942;
16194;26781;19140;4312;9075;32202;13888;31898;18374;836;21175;5067;25269;7728;5895;32476;5056;26014;7507;4471;14770;28604;19296;24922;32293;16201;23103;16230;14920;9549;301;18163;6368;27400;18359;30567;6541;22568;17186;3079;22863;26943;17161;1549;17480;19059;12616;7418;5316;27256;10521;2349;17270;14779;2429;23733;19716;27104;1758;24164;28871;16751;32754;6948;19660;22474;6626;8590;31518;19811;26540;7097;5191;21547;8390;15184;15124;7246;11012;11240;5529;31005;31675;32656;22389;21067;5159;18857;16727;13661;7434;23544;14785;7004;26006;23033;25356;14029;18829;5750;
21165;24035;17063;28505;19894;25842;10548;7103;11936;32039;26626;8269;22599;27511;10113;24007;23094;11221;13349;28126;10789;21672;9228;16970;5824;20092;32737;14873;22442;13303;29440;8519;24258;28175;18138;20110;20133;24699;11675;21375;14964;14951;8203;29394;4823;16236;21170;20731;25665;7359;1600;4862;19062;7849;14124;24451;15691;23095;28826;30253;6829;7986;18050;20776;4581;18001;15119;1281;21530;12206;4933;21179;11800;1399;24295;8223;28496;5862;14232;19027;16927;24435;31552;1710;22867;3656;1457;17867;5867;8693;11659;19676;4126;27749;2140;31041;4767;4880;14860;25178;
3872;24435;21369;19865;3349;29629;1118;10459;3002;14284;9337;32504;29783;4695;22509;6808;450;17005;21221;19273;16678;27934;122;207;4100;13176;4311;12475;15223;25781;12954;14912;9404;8370;31614;15425;3825;32419;17463;4526;31261;3078;31646;26641;12145;14293;13582;9316;25294;32256;30222;2598;3463;26394;1840;22702;26215;12370;19513;21182;6902;12198;26497;25691;11768;18515;11421;23260;7991;912;9788;25410;16514;8571;13135;17095;23542;13908;32621;32186;3964;10217;23157;24713;403;8017;13173;7968;21328;17117;15050;32369;29602;19532;28553;15444;14299;20286;7198;10642;
23916;17388;1587;10812;22768;10773;21972;4162;5741;22588;30672;1088;3798;19216;32610;28827;22228;2348;19216;8909;2757;28416;28884;5885;15366;30479;13690;8659;17261;21084;4937;27786;7450;25886;5093;30535;12656;31675;372;5545;12126;19444;13056;6561;23523;5725;30748;8324;31441;31761;26571;13918;13521;23715;5789;17290;7847;20568;30747;30847;17847;4755;28517;11245;26056;28816;21274;24329;11273;4181;26744;23588;11089;9190;6597;9091;26027;23737;27629;6763;3858;13161;30572;12411;28025;22446;26734;28479;31247;23693;18997;10241;10176;29900;8636;13282;29439;21417;7066;31274;
7875;1484;20776;12509;17103;22137;26854;2959;3895;5386;5659;19576;26912;20125;15292;27595;17607;20490;13967;18756;24773;1048;4752;7168;18065;496;12180;5266;13382;24529;6444;25939;21414;7686;5580;9465;25183;15893;12589;16236;12174;23098;17903;26837;4738;20755;19075;18167;16066;22941;25928;17602;6481;4959;3060;17445;29488;26341;12854;8741;19749;19056;19354;16684;2235;16108;9388;3491;10890;6434;22368;12482;4536;27439;24241;26023;18624;8757;3465;9382;21362;11344;27873;6369;7740;15052;17705;5144;29351;29845;22250;29890;5412;11502;1706;12892;28681;29286;16;1025;
28631;2568;5192;21819;29886;10963;22441;32025;32099;3434;17045;27521;28384;9228;22945;16584;7692;3781;8438;896;32254;8166;24312;26769;6092;1204;29221;24972;12184;26205;15935;25915;15054;5936;29869;9853;2983;8204;15391;11600;22002;16921;31601;1584;28947;16567;19410;31648;31564;1972;22053;3590;16955;450;8103;7611;5284;13096;2514;31587;24945;27831;2434;21114;18423;11008;22871;8752;32123;30148;11098;14455;11253;21420;7651;25434;11795;9786;30650;19600;19585;512;28540;13137;24680;22288;576;30824;32565;32179;7547;12426;5019;31582;8225;12518;2011;5089;30477;18941;
25923;31458;22691;9396;3316;14730;25524;30119;28137;7294;9633;31425;23605;15889;19396;30474;28044;184;1035;8383;32517;3518;20710;13736;18462;11320;21604;10662;7937;1084;22169;9100;20998;8782;2882;15407;14968;20251;23212;13249;27804;3946;12753;4442;10479;24655;7620;24792;29360;929;13904;745;28574;28847;7132;17254;29955;15663;3218;10723;26097;4727;21697;14468;18124;752;7807;3346;10760;21447;25746;6221;23092;3813;3217;24452;25912;28962;27718;31844;27867;2229;15959;20238;24712;6127;18981;5740;1105;4138;17141;25284;26932;14588;8782;5773;15005;22448;417;27010;
1325;27382;14128;8694;23226;20185;14888;30823;30615;23794;4624;22869;19733;23771;21863;31060;5449;22759;31625;28513;21520;11024;1491;18802;26961;22065;17415;20305;6274;32630;14322;26537;10606;7184;23628;21345;1589;10029;21215;13098;31380;29735;15852;2900;30822;28923;18634;14822;1387;27902;9168;4845;13897;14283;30581;5908;23248;11392;4790;30837;16258;32042;22712;25007;10323;21117;12719;13113;26797;5065;766;10998;15543;27433;29344;10761;18391;23038;31174;3306;23670;29083;2753;18873;28931;1090;20003;18643;26170;25168;15137;11172;678;30644;3900;30140;18276;23973;26913;19492;
555;13461;2765;16114;16521;23136;1780;20763;2159;20682;23972;12937;31216;26664;19494;24685;15942;605;21541;8151;26646;520;15889;1668;10485;14844;6854;1526;42;28913;2153;11466;18101;19833;16019;4679;15505;15925;9650;8243;31543;12872;32172;12010;29027;13836;22469;10161;19482;18436;26562;8519;28908;31250;28750;10941;28023;13034;20126;14472;44;9159;26961;26581;7766;18013;1690;3100;6999;30478;19872;15096;21813;32608;30501;18998;2646;9391;29030;29739;15496;3871;31555;5707;17733;7381;31392;15864;32564;30055;4619;30616;10482;29072;14751;5098;25875;11049;24360;22426;
31588;18772;20872;18707;16243;23803;31577;4244;16466;24953;12499;7814;9623;13718;5360;3085;23975;8377;22991;27101;309;14425;24662;29007;4101;14773;31516;19379;27382;11205;22662;25576;12095;23920;22576;30251;22265;5119;20366;21037;17118;32210;467;872;4432;15697;20241;21426;26269;8230;24226;23571;2689;22186;18632;6100;32492;16284;912;11736;29702;7193;5884;25648;15728;16328;23648;29161;11469;4438;19725;9000;30082;28450;9261;890;32185;19513;22510;613;16556;6532;11747;17987;9760;20288;28327;8528;29487;10927;31939;23809;14411;29709;21201;20375;24704;24774;11490;28661;
17913;26086;24862;23470;28614;3793;11178;867;23773;11316;29135;29004;94;28475;16472;24084;21275;17669;2363;2026;7767;1621;25724;32725;25550;20362;22607;24903;1782;5329;27773;10230;7045;18073;3336;6119;32051;6727;18;27595;5313;19243;29435;15759;28218;26547;25290;23855;1145;32479;25550;2507;26091;16885;3205;16636;5782;28278;1980;6248;21338;5200;4600;21908;6775;3157;26133;14330;7504;13036;23853;10588;32623;15111;17851;18519;1736;11605;13824;315;8514;26552;23974;10522;25459;12537;6820;20255;25771;13499;21857;14369;7221;31661;26652;14456;9177;13316;5515;24592;
933;24105;21186;11452;27374;12718;26711;14028;31377;20103;11972;3041;1150;3703;27148;11264;25720;2760;2210;23782;22038;10815;18822;18331;27662;19279;3505;5194;3250;24205;22707;30800;6075;1380;17563;27283;6470;2314;27927;29205;11804;15794;5596;17097;32054;9732;4168;7333;27265;27338;9286;8440;26334;31468;115;4606;365;26526;30079;12465;7691;20696;213;11491;29977;30214;27262;23434;16512;16130;31298;10075;14833;20799;2065;28570;20082;1351;27554;18736;11030;20583;3930;22014;1803;30376;10863;9841;20186;6402;26189;22870;5355;29645;29497;28144;27464;24952;20532;31816;
2722;30077;18978;18373;27289;17300;30251;24572;12088;10024;11106;17353;4031;7943;16292;15007;6822;4445;3011;22556;31454;3043;31460;24033;8794;21588;10534;28576;32206;23841;21893;19830;5559;29285;11005;2172;16539;13083;9458;26009;19090;10895;4815;25242;13829;7698;32494;4484;31158;25330;31928;15912;24576;20649;8717;4601;27489;9045;12262;10779;25653;25192;11832;21436;29636;8097;32540;25255;28799;8763;11566;22038;16263;21092;31026;16328;28527;30960;27390;8532;28739;10063;27028;13245;3273;23484;7822;19782;2310;13752;10431;22920;2564;20151;25111;6081;10963;2841;15559;4975;
25294;30555;31654;2846;8479;1423;18899;14718;16774;16137;30108;13496;15958;15964;21151;22530;17344;1413;1839;27506;2131;1125;18682;32271;3780;25461;19688;9774;13547;26293;28230;7164;13327;31973;20771;25175;30307;20216;1018;29154;26064;25542;25746;6744;6133;11265;19491;3616;31597;2666;18106;19490;27216;11332;23006;23514;17916;17929;7796;4010;21;2141;12768;16757;13514;24896;17005;15721;14938;23943;15087;20252;18903;16013;20903;9435;9515;6182;32358;32063;24152;2772;7157;21248;9220;28222;14517;31502;14132;32733;23171;26846;28248;27129;14814;3330;27016;14036;14412;509;
23565;1061;5625;31573;3875;2759;10914;10986;509;20147;9649;4229;19210;2860;6570;26548;7799;12089;22213;10198;7669;32344;22749;19058;21948;10609;19592;19405;2767;29705;28552;6587;16002;14776;20578;25781;2874;26589;12620;1836;15989;16272;4684;30493;21514;29656;9887;30182;14001;30750;14680;29272;27077;4834;17737;20749;73;2221;17446;3835;1322;29511;30952;29258;14531;6441;14704;15715;18342;22837;31597;6218;24218;32421;10367;9261;16352;4418;32157;27965;15803;30166;31156;11964;15919;29411;8080;7511;11272;28053;3840;11191;31006;29430;14645;32083;5592;24929;13420;31624;
495;17977;29389;16619;23156;17370;24722;20190;2325;5072;11627;16737;30876;31048;17697;29995;29368;14275;15226;21498;2816;25106;12126;15143;15157;5502;26935;12413;5319;30023;14494;22859;11163;31312;21811;26552;7692;27416;18124;29271;24112;4076;6355;27131;8284;30555;23785;8653;4842;24299;16591;7579;17209;5130;15239;6771;21494;24903;5558;1393;26778;23490;20813;21717;27188;9441;13416;30552;2409;29765;31607;19905;8633;32253;30363;25267;25092;2297;5715;21705;24140;18881;11095;9957;28348;21863;24004;27332;32745;16569;8058;31190;14425;16316;7618;12365;5954;22870;30261;24180;
28819;843;13017;25667;27192;14955;20876;11056;24218;27401;23206;29255;18534;15790;19162;8317;7056;7183;21597;4418;12183;573;15178;3925;7946;28700;20806;29148;16459;3862;21600;4020;7059;24592;13626;32006;566;1437;2158;18203;11049;32370;10027;8817;30913;25627;17183;16142;19389;492;29082;14100;1927;22585;29168;19350;11191;24522;13087;25514;9945;8585;23729;447;18032;30334;24292;9009;26683;1021;19977;15899;20662;18462;3370;20845;19172;19054;3055;15166;30028;17636;7106;18787;24641;22807;8242;14400;24935;9645;7829;5086;16499;20503;28914;12094;8498;22140;8222;9709;
20173;15858;10532;7129;19531;28916;12778;12131;20055;25105;28946;20917;580;18145;19743;31062;17998;32573;30425;25339;14115;31919;754;21665;13986;15912;18153;5848;20450;13297;32047;6242;7286;8164;29833;28668;3823;17884;20149;12412;18083;106;4688;17180;20653;3530;5111;15382;31285;10517;31405;23921;6130;17335;25468;15386;26348;29476;26719;15158;27271;26311;3680;20919;27581;31291;24318;20013;32171;14270;12497;3295;11087;24291;25457;21531;12944;17287;4755;19146;28798;6405;1141;15687;25308;32174;22397;9330;25308;23155;13085;8960;32041;27365;32761;27925;2858;352;27468;19988;
29062;23426;14727;16566;10211;6882;11324;19801;28148;13823;32571;8859;20914;30071;16635;7208;27369;20858;2619;11216;28663;17277;22760;22749;2000;24627;4674;18851;32070;19897;28731;2904;14216;27153;24095;3110;7144;13777;2170;31615;15585;22300;9271;1201;31320;18642;12549;6074;30498;2564;15103;13405;1991;25003;24459;27509;32389;2713;6530;2698;30872;23471;6290;9634;4281;16465;10209;29529;6885;5399;26611;12084;19807;15557;24526;30259;31480;382;10588;20901;17038;5684;15632;25664;22483;19555;8396;28017;18767;20991;32259;5873;26537;2987;25371;16537;12834;24363;13333;15991;
27746;540;3695;15649;16759;8418;9289;16457;6171;29155;21192;28562;31797;2291;30648;9634;16803;32526;19061;30073;17463;16973;15371;6657;26879;8723;8860;998;17610;27527;13314;31143;3047;10824;5046;32238;12080;24924;30704;28701;19016;20585;10768;6953;18208;6439;26173;9899;23232;22805;24140;7732;16196;2923;25571;737;20260;18256;32222;6960;26041;11854;27889;29970;10493;7939;25487;20034;8339;25;29963;22228;15879;14200;32766;529;14934;8633;6120;22914;27825;7646;12826;1611;32382;321;6611;1211;8352;1995;28585;13856;9720;5222;14378;17632;10027;21941;15812;3781;
5030;8962;18914;2457;21472;9592;31064;22003;24799;8594;12289;29776;29950;29907;28582;20581;14829;7096;5666;5812;6137;21483;18116;2142;2702;11961;757;16696;7674;10182;13851;9248;31347;5119;14525;24978;8284;31953;3815;19574;14788;15256;26064;28988;9520;26971;5306;9003;7578;30390;9498;29686;9145;23;9721;18833;3203;12846;20122;1602;22769;21150;13405;30459;15106;16633;6115;31719;27650;1003;3443;8003;14348;14005;1180;3695;25294;27357;29468;10565;18828;21028;9985;7081;26215;17593;1038;13665;6368;30636;12384;29736;22424;30629;29778;29693;12121;15318;20893;14785;
13146;25902;5572;3073;17087;32208;27567;19985;18272;19651;12437;4442;20939;4587;4128;20724;13964;15928;11212;2936;4268;31773;20881;12047;19831;7236;1473;3023;9602;14976;25651;16456;9965;12035;7329;21593;13542;8145;3663;30281;8302;18036;18157;3602;15968;15857;26815;6912;7855;27900;15355;3963;18671;24680;28531;7969;8727;10721;19571;13081;24453;5853;25069;30883;11074;21456;27347;15859;23944;20383;29637;4415;28545;29528;1004;22039;2898;544;19750;17653;23896;13677;10083;2325;2737;26997;23375;28806;28927;28134;49;25218;4968;20183;28946;4091;22754;10750;7459;4726;
32685;25636;14169;27932;27168;21207;2394;9230;10409;11871;28060;24058;25872;24563;13515;17388;4859;44;31340;4966;2487;6585;11457;5810;27445;1109;19436;30583;31827;27638;9302;8075;21085;22599;2130;7176;31188;18521;19710;13986;31342;13973;3690;14647;23645;6390;32509;4008;4820;12661;17940;15336;28616;17092;12779;20562;1268;32062;16577;25664;5663;14367;17719;14041;161;19184;10746;29738;15396;6982;6305;20601;22696;12972;2009;28117;7626;28894;29887;16370;12101;11832;19341;25140;23225;25197;17273;5130;29355;9084;12762;20349;23245;4320;6285;11785;10624;32519;29591;4011;
664;30470;2571;14395;3935;24203;17967;22268;14300;23571;22746;11378;341;19293;11296;17011;13842;22046;26929;27265;14948;1270;5503;30295;13030;23715;2847;24258;24579;23413;20594;19634;21176;27393;4868;14481;24219;6682;18868;5075;27933;13053;16918;12495;5644;460;7445;23757;8540;24382;32477;24672;22054;21396;30200;23030;15089;26063;23990;9901;11057;27424;16339;19816;26125;27296;31060;8227;31333;26945;9906;1923;13332;12804;6970;11441;28274;28269;26548;30057;28701;9013;13379;1614;13306;25918;29068;16257;17270;23244;9498;26481;1554;23793;21761;30709;10782;19785;22210;16792;
2756;29672;1391;22835;14153;31121;8976;962;32656;21032;26948;5232;10720;11114;3372;28916;13798;13276;14980;12320;20734;19969;18963;1719;24494;976;14150;30336;16499;20069;6424;29592;11201;1527;8756;29708;21829;3594;27742;7591;12909;4582;4879;1545;2602;25927;24927;14585;12789;23894;5928;30973;7184;13784;2409;28199;6926;22182;8680;14129;32405;3421;540;4301;28003;3926;19785;1846;8335;22489;24045;26123;25617;13965;27227;23133;133;8755;23718;31495;29228;9108;25024;11069;4404;27832;29667;2920;3897;28761;25648;27697;28171;3479;10135;30684;21426;9198;27382;1496;
24495;9060;12933;19604;25989;27911;2161;26004;12408;6038;32455;22467;13461;27775;2196;7179;20722;12553;28235;20515;1847;4051;24934;2984;19549;13949;29520;2928;22198;31653;29571;10011;3374;8469;30957;17642;31696;1594;6809;16341;29068;24281;7051;29655;11063;16893;3564;25741;12243;9524;12647;12799;16913;6138;4306;20414;2836;21366;8977;12847;25208;29284;29495;26150;22419;25939;5103;18102;24570;30480;25115;17736;20295;30050;23226;30699;31770;20983;2063;25067;13918;20383;18944;10917;29390;4024;32188;13977;20407;5097;18592;22209;22271;2068;2652;546;8550;26757;14929;19872;
16140;22640;13374;5654;2356;15514;14364;4262;16711;28246;8518;13646;8476;6835;6365;14268;16502;8692;18283;612;29646;2880;18886;26575;2131;24731;27960;32310;304;1813;30428;22863;14861;26433;31307;5735;4824;31209;888;28337;2245;3328;6105;17374;24723;21720;21192;23277;17938;7574;8488;14661;1250;12514;24651;22529;15997;17379;25619;8587;16759;362;10328;28012;26117;1133;12682;28258;5053;22200;24728;18099;21660;18399;15888;14018;6477;12407;135;6624;4776;30085;21051;9572;17530;24631;6647;7678;13700;7634;19255;30536;24774;31724;397;4510;19453;13531;27459;2608;
26474;24685;18242;20821;6869;23770;31282;31523;9170;17398;32483;32316;10563;16555;13804;21738;10270;22695;22674;13423;7536;32338;4843;20118;4514;32515;2371;20878;26875;8563;19646;6648;7527;2162;831;19263;17783;11736;18057;16936;3240;2495;32420;5546;232;14831;15235;6655;22870;15770;20963;6651;6730;6474;16246;15005;14997;30487;6721;15588;11786;5917;3906;4579;31037;9261;13399;29976;12938;16579;12635;250;5209;24632;1170;29137;1185;16441;26183;2762;13739;5752;4019;20811;17433;18081;26913;4740;30246;13456;25424;26439;47;1729;25;10777;29299;27912;20049;5001;
13335;16258;23793;28864;12141;2507;26996;10330;4981;22129;19841;372;20132;20137;28618;24838;9957;577;15412;29044;4830;27606;26424;26719;14452;1351;137;24257;13457;105;6391;28473;4132;30717;32659;3747;1642;11487;23060;21228;109;9088;7289;7204;27082;13717;9200;21461;17078;27665;30967;13972;4931;13649;31937;23509;9184;19351;1499;28676;7967;24506;12303;21713;188;23580;25481;7115;30170;21467;22328;3888;4751;29260;4727;15619;163;32421;12781;14432;2965;18425;29617;1293;11743;3434;20146;24913;891;13978;6487;25097;17830;28770;866;5368;13284;455;26394;7519;
3652;27945;13737;32461;1253;12734;707;2617;16569;16703;29576;8526;27017;32225;5292;17414;19770;21639;23509;7290;3150;18230;22596;31993;28590;31689;22200;1111;19366;8934;31887;23687;5169;19248;7727;18284;1655;29886;21668;28141;2964;30925;5770;9544;14491;6577;22574;7848;4058;20242;30448;13561;26464;8788;29676;19707;6333;12119;16857;31637;24073;7521;10800;26221;40;9304;3473;4789;14923;29237;868;5704;30394;1205;7356;24309;18642;19281;20096;1050;18505;9585;18124;22133;12730;4317;12693;8760;28765;7284;12428;22363;29973;29472;2629;3126;32433;4873;21657;3663;
14187;1289;7753;30065;19381;10337;23523;27902;24118;26282;7146;10117;32015;25614;17969;12439;31842;32695;27272;4311;23061;14472;25242;30801;3795;18955;19222;25357;28756;5547;6157;27619;2271;11300;18588;16784;2061;2871;32202;29194;12495;25506;30899;17;26802;31567;17383;30471;19554;32716;3085;28929;28013;23803;27596;17182;7498;27659;12011;17432;27034;3750;20662;24856;11693;2668;14756;29903;23880;14497;56;5314;27814;24098;12581;18661;31164;16286;25269;24940;6850;17922;5995;24286;30190;18229;13288;8299;1667;18182;3083;19583;13066;17507;19292;10135;6367;26315;15531;19796;
12528;8197;13556;32717;12738;5651;9606;298;21173;26978;6500;11119;21640;11075;8684;14997;29471;6303;30390;31967;9348;27877;19647;23915;18733;24904;10439;32008;12669;11304;12535;19783;7308;5325;16839;25045;5163;28507;18975;27655;18979;5378;12988;5303;23230;11382;21718;10319;6281;22175;17408;18723;17751;5009;28495;7172;23689;29630;23998;8977;21133;26986;2513;15057;28069;20064;8313;28031;7146;29156;10040;4261;27280;17128;19845;24813;619;27267;28018;4147;19890;27294;32652;31198;11012;5361;1539;29041;20904;28206;13067;24413;19225;20859;20097;8218;9666;26662;7890;22901;
17670;18836;22809;14892;29315;22395;23687;22456;5272;10833;15624;7786;11812;8709;24867;1977;2961;28396;14114;2779;16658;9982;17780;31634;24104;15170;6735;19273;31339;24967;24218;24671;32647;18005;4105;30659;21637;6947;9866;17601;20044;21706;10464;17179;2407;11834;29837;28508;4360;17260;15606;22889;30541;22680;1474;17753;17091;8615;7299;20102;21801;7659;21912;16612;12150;23566;4178;7314;14109;14920;18005;30639;24719;30421;10817;12911;25345;9383;6546;12654;22896;22616;26053;4676;29923;8546;14525;3673;9201;9106;6244;32763;21378;25786;19861;15789;11482;8871;12858;16322;
29907;17746;10929;17451;28777;16730;20085;25742;29308;32434;1018;21144;30418;6039;5080;11923;28252;966;30508;11323;8378;1003;25915;31181;18176;24924;25689;7522;17339;22023;25098;15483;7215;12458;5734;477;5859;2370;14018;5535;9056;6597;15244;23425;28469;3859;15735;27519;19518;26154;11736;30886;19494;10650;28240;6695;13611;9018;2988;10922;13345;22040;8201;12772;28602;21686;8252;3180;24836;18291;6257;17866;5427;14151;7185;22737;15521;28851;27882;18992;11027;4856;7562;20803;11582;8072;13035;815;22410;7610;2390;13357;12821;9921;129;806;26107;28127;13051;17281;
20437;6358;15561;14649;7039;31904;21842;23346;19743;4703;16504;4045;23394;14487;23304;6074;16137;5275;18004;6925;7077;10309;30494;3220;26014;28650;11192;22376;10618;7309;3434;2755;22620;15955;276;30737;15819;29495;27412;30538;693;28159;27242;17790;25012;26991;20250;12722;28815;23484;20434;3050;8964;32324;17101;2695;27333;32123;24055;6611;6336;25897;16978;18907;25507;7379;22168;20093;14240;2166;13602;17857;13166;8572;12552;14445;30352;7144;13962;2259;9433;27604;2735;17390;17200;16157;11819;2221;20881;16221;26502;31119;18004;12313;14459;27760;20146;15676;17055;19619;
30853;3524;24387;25408;10575;28348;28314;31167;1662;10858;8735;2758;13038;24521;17969;30016;1456;28218;20224;26031;7690;18806;11437;27075;30910;18887;10925;25131;27279;19576;24175;18091;9218;14473;26942;28783;8802;15272;4456;24223;12806;21341;30368;10547;26071;30341;26017;5641;10252;29441;3860;1076;18488;21423;9652;8600;10887;25241;10160;7860;31812;7021;22352;21694;4511;8750;9948;4597;20654;4648;7098;51;19889;14633;27862;22977;31898;4846;24647;24688;7117;6364;11311;19173;15396;14833;24290;7221;2614;3833;4683;6578;15577;7941;28300;21252;19685;18457;16357;28795;
23099;8229;9175;15267;25094;25142;4489;5657;10817;15342;16746;21150;1658;3890;14360;9322;22997;31778;30849;6338;31315;18254;8520;20173;22868;28710;31082;24996;5467;2995;12321;14504;22802;14213;21512;12824;11150;14573;17792;23523;5587;7276;10323;11962;16795;26986;6296;32618;30035;15915;9943;6761;4455;26624;24429;15790;29375;19386;24881;25798;24202;12900;18263;6949;23354;20018;27285;18618;6863;2996;15749;11462;23129;847;18507;31469;23224;7918;1911;20110;22183;18421;12845;26704;6649;12663;11139;27133;7713;4776;9002;1172;20472;26005;10577;19609;25275;32274;14790;10416;
21587;3316;606;3690;1754;25473;26776;351;4954;2853;4733;2173;14808;1383;30410;3487;4753;18458;14417;23393;25731;18904;20637;11571;17711;12972;19925;1453;26014;1295;10210;16163;12450;21270;28884;2680;7774;21481;25730;20535;24840;28023;7025;10207;20206;1640;25848;22911;11703;13395;3233;7555;17132;6706;3793;3790;19895;2835;172;777;19946;17680;12083;15674;15426;22656;14767;11928;6126;3951;11091;14750;27979;26956;22557;11102;14834;32482;253;24344;20980;25226;825;16395;10852;20638;5904;7563;11542;17456;24990;1364;31143;17404;24063;6174;14269;31644;25015;3185;
24208;29947;16465;21435;5546;1548;21063;5536;4843;18108;25378;30097;6607;8997;19170;22176;32756;24068;13984;4498;23254;5997;25714;20790;15069;11197;22159;2294;6043;32465;16820;14764;20814;1909;15046;30903;27565;12063;26552;27981;26081;23006;14255;14354;21457;10893;26212;30954;7330;22348;20170;26380;638;8753;20722;12121;22421;19002;20267;3307;1122;2182;1645;20464;17200;28101;17912;18105;13532;13294;19000;15630;13020;22576;16108;1477;640;4394;11399;17043;19832;30046;21718;24097;919;26083;17124;27746;2519;4443;4635;25893;23196;8997;12459;27878;31549;29396;8496;8170;
27328;18399;32655;5003;28133;1433;19744;464;23655;21348;18451;21312;21374;5410;21004;31480;29096;18413;10769;22780;32681;5896;32166;5835;10960;15637;5430;12854;13437;1416;8117;10865;15072;603;24964;875;32515;18948;19093;4955;19467;20900;14287;20123;25531;14209;25524;1466;5177;4534;19009;18893;23317;5417;1045;27397;14727;10430;23766;17799;7672;14538;10449;20599;1732;24267;7648;9046;16959;12630;13201;25999;28662;20560;20100;23628;10039;353;15125;2702;26323;28838;15163;6013;12834;27046;11184;28413;32584;7304;1107;20609;23223;17283;14282;16420;25589;15509;13931;3574;
1952;27512;6237;26515;6831;30674;13050;10235;15098;15276;7544;22941;6397;30245;26825;7861;3800;5735;3775;29656;10395;13019;23668;205;449;153;23529;27551;7162;24355;237;25072;4910;19538;7489;19600;21182;21648;24569;24911;12301;21320;25637;1807;3647;6043;4785;16413;28480;16725;23434;3777;5640;27167;2562;2067;7710;28406;14454;2321;11355;28123;10030;16879;7409;19404;31364;2990;21164;22260;9289;15344;2935;22815;31844;27403;24097;11888;19644;24668;17761;13398;21593;6366;23576;9404;1478;7162;11991;12672;1209;4769;18081;29735;9973;21657;20722;1487;31856;24596;
2303;21348;8881;28551;17984;535;26493;8633;21548;30732;32434;26651;30532;23891;20339;12119;17234;10522;7301;30251;9971;3873;3065;18040;20563;24942;21004;17558;20280;14913;843;18667;6210;586;20987;14268;19825;10010;15031;2882;28647;5592;25691;17409;24303;20021;14113;13141;18495;8609;28426;21582;28026;29376;11648;9917;25337;2327;20025;16527;11211;19724;862;2394;22266;13;31981;21558;528;17679;8028;19406;25818;3386;3455;25783;19052;15586;2475;18944;7013;7354;29212;30730;23925;27460;23700;31129;19484;8844;5445;31532;28340;17942;1265;10378;20401;19733;16976;2206;
14632;31965;21170;19332;6798;18331;24037;16100;31683;836;22873;23679;8526;3275;28290;9991;17899;11159;8318;18740;3395;18740;29944;11028;5114;20809;9292;29091;16622;19914;5355;7323;15294;4974;9730;13965;11402;4708;3414;19249;10490;8002;19570;6139;29314;18494;261;10990;27108;2720;5254;25525;23542;31863;3865;2800;2981;16011;4534;29644;7482;19092;15240;23510;18140;29097;32403;32017;27222;7931;10138;1605;31771;12995;7488;28059;23431;2425;6765;20839;104;839;26611;23365;8637;8125;22898;22887;14782;454;4473;557;2844;28635;20717;5622;2953;9334;21935;21303;
22395;714;3193;28874;4909;945;6665;4744;23783;28390;32642;27673;13440;13428;24079;1547;31777;31342;7625;22818;30283;13025;31707;13295;25884;19975;17379;7844;11982;23741;14492;12583;11136;14135;28603;3941;57;31731;9494;32745;11050;31467;18699;20653;9523;24847;20000;32304;15529;14322;31207;20680;3415;3524;15653;25658;14786;22912;22322;19848;18866;28518;18595;21258;20973;6572;22823;27328;18758;10609;13487;29415;11990;5106;25554;22730;25994;28672;9071;8667;26846;26546;24468;2818;16103;29271;21918;12853;19351;27310;8610;32329;26941;21850;15116;14600;27211;27536;9350;3971;
26716;15891;21276;27818;1141;1122;4253;25113;31883;27695;23876;4917;14918;32020;5271;22136;16133;25730;22928;265;4386;15866;3579;4240;3703;11135;22815;10056;18465;21067;416;3670;19331;4033;7844;12889;31886;31395;25653;20034;25920;1157;3815;14438;7787;20353;12986;1489;13752;3117;28993;30685;13547;29642;23300;26628;11881;12990;36;9715;29431;22341;29757;31711;21700;6243;18832;19740;7082;2333;18274;748;3761;3048;24479;15253;14037;6754;10179;28598;16137;13632;22778;474;5499;4231;7046;27726;12826;20480;8546;304;9814;26597;21541;28873;23078;30177;6696;2589;
6736;9784;30443;27071;23525;31041;2741;2794;22794;32029;13691;28366;27390;20387;24835;20008;17753;31898;13898;2325;30354;3115;16930;18728;20932;21909;19743;2490;9650;27171;27316;31361;25864;11356;922;28773;9188;26489;24433;22670;3732;31516;29098;25026;15778;28478;28068;20462;2829;1129;26133;11778;19674;5160;31660;20994;6347;21949;24309;26458;30063;23313;10620;29555;7259;23025;21045;2179;12726;5494;16667;6825;5371;31685;17944;11065;12026;19449;30501;15957;24864;22622;14770;20157;31225;14560;31560;13287;21235;451;23917;11859;31589;21140;22728;3609;5327;20831;7045;10180;
17508;26146;9979;2914;24005;19074;28812;12764;11024;16829;2509;5252;30233;3296;5095;25325;14071;28474;574;19199;3011;22288;28752;1866;23964;32402;3807;10139;22254;6414;27730;18381;3828;24676;7257;10466;3708;5818;720;24659;4587;20592;17894;4515;11392;6742;11134;26170;12509;20509;26069;14193;707;14092;4965;7914;13853;12532;30218;24866;8000;7014;9572;26185;14449;12067;16508;13649;167;29652;25258;9541;14227;7164;24502;14556;6878;23850;2877;22606;2226;6259;3926;23910;11131;26399;5750;9688;4847;24483;19601;8150;24140;9936;31618;1246;23520;8521;18093;14038;
16847;22842;18915;29530;25617;27719;8070;20821;3002;5571;4589;15566;21374;10531;31753;25861;11636;4274;7497;20671;30234;9350;25788;3294;14490;28082;30582;10548;2123;10685;30260;30617;4987;8787;17987;16699;21356;11579;24989;26166;32156;26761;29270;7013;6729;1813;15670;14967;25653;16683;8104;22597;21927;15748;9426;5474;1714;1653;30214;23796;16569;24423;10841;1475;27443;3719;14737;2448;13740;28351;5701;18088;8972;24036;13119;32697;23068;23345;30757;3555;24390;27124;26969;30994;7069;3207;1821;27276;21789;27522;10235;11718;31795;32047;21092;13180;29312;16702;22935;19200;
11994;25786;16836;1491;25235;25148;12145;31090;1022;29279;26142;21362;25136;24691;6692;29647;9732;6006;6627;386;25698;31552;4636;11601;9664;25085;29084;5867;1768;16864;12315;2100;22268;26390;31843;31454;22200;17913;5557;7225;31992;15751;21608;17228;25722;24082;9683;3364;18148;2104;32621;4972;10505;30742;3379;28990;7272;4281;8010;2617;14837;31701;6886;18388;14877;29114;29290;16625;19972;15747;26833;32694;7697;20881;9292;22936;4524;56;21548;3512;17478;11447;28163;7539;19354;2158;17926;4916;13107;12363;1718;11149;20783;16006;19392;5255;22594;9358;25633;14134;
19198;24899;32653;16272;13393;26469;19218;22143;18767;18508;16633;16948;22577;30426;12269;24767;10398;13999;15711;12508;12586;2971;26408;23824;17949;15705;18544;31989;9589;17274;9679;210;1070;11679;1203;31599;192;23531;20994;15912;7914;7096;23552;31551;12462;31881;9074;25207;20637;28992;18436;27614;20820;4498;5096;17642;17991;4023;27328;5063;2493;13926;8126;1264;25628;768;30473;22269;14439;12300;22115;22715;23045;17379;26890;3458;28612;30636;15067;27587;2077;2699;3773;27105;17082;21782;29757;19778;13109;12553;24694;28581;24867;2362;20020;28342;2385;9679;10585;31199;
1101;2222;2431;12898;30248;28213;32734;20901;11131;17964;31856;2508;18344;14583;3668;21645;10338;3344;881;9280;8816;181;11099;11062;31661;27614;16762;11596;18004;15986;17001;4032;378;11962;12444;6979;8924;11286;3142;9295;28123;27119;633;3514;15301;5868;6031;22924;6486;5225;20682;15374;23935;16933;8503;25891;7525;12858;7640;29659;8621;22867;15617;18502;16631;3865;9475;10118;17320;29422;19976;26152;13549;2270;31550;3253;17661;8914;20280;10883;8350;27143;32657;19153;25066;7359;27602;16403;32339;21559;7061;14731;21989;26328;26603;22297;18379;15025;21500;12116;
28693;7205;22765;31705;29368;27873;10503;24548;30678;16146;11797;32029;15680;12500;18189;19124;24890;7149;2291;25263;19070;28091;1787;14723;20867;15211;26094;29666;3838;26220;16078;20181;29610;25891;5309;19978;3396;993;25115;9327;7386;12818;239;2816;25158;12215;29320;31196;16630;12054;19044;30623;8686;16047;16464;29420;14095;3955;11729;23113;921;27441;31427;26160;19951;28497;15680;18786;24218;24516;4291;15231;12433;9787;26765;4564;30391;20887;24904;23156;6822;10657;21995;11658;6315;11004;15325;10477;23825;32600;2653;18933;1699;17895;12577;6542;12908;16405;25149;24202;
13505;13940;13127;19004;25474;10741;22969;21314;21916;9566;1686;12962;15314;17144;9553;14105;14014;14984;490;25263;19986;2945;6746;1679;27940;6008;7985;20758;2218;16600;26494;554;20929;25047;23535;14797;6709;12201;7481;5361;19964;24051;27066;3214;9731;5762;1629;19187;30766;6461;11967;27482;18586;6232;20624;22462;37;9419;5691;14577;27696;16131;1225;11497;27555;24535;12546;14170;27954;3517;20438;8331;8927;21054;9724;13922;3776;9127;6873;9152;19715;5890;29347;21013;16175;28228;29638;2347;31916;22216;31623;16710;11398;27644;17895;23407;11374;21083;27850;13325;
10498;32411;25176;17333;2894;32039;27300;16963;24466;19919;22667;42;6469;10174;4576;27144;22619;14765;7878;27262;5060;14935;18524;7742;19765;23853;2720;3685;12842;32586;23949;25868;20012;8361;6535;20505;12879;32150;31481;1627;13824;23650;2365;8919;13565;25435;25788;19036;28325;2811;16470;20318;27250;96;2564;18433;1476;3068;1723;19059;3808;20622;26004;17279;4408;30289;3627;7007;14061;5747;11844;7378;25490;31432;19125;21103;27699;1472;22400;20025;4245;22167;6975;3955;6592;32203;25029;31414;16827;21971;16898;6208;18583;21518;31527;3215;23214;26106;11531;32559;
11309;11942;28621;25552;28112;14442;3772;22939;32493;28373;27251;5318;180;29927;17992;1638;11957;11136;1256;13957;8355;31769;6203;1141;22871;15282;10382;16739;18199;14859;14064;22831;6425;20759;16092;32124;3651;2222;6937;1795;8501;8834;12767;300;13705;8788;11323;5087;10841;9832;15540;16279;30210;9270;14639;8121;12072;23906;3088;10021;9979;8430;16546;2826;30904;11439;11961;20478;12914;17149;2454;11598;31506;18607;22026;14994;22941;32583;3039;7045;437;12137;26227;7700;18787;22418;10406;32437;11283;13062;22518;18170;32480;11530;13033;31334;14866;5204;26284;1407;
31717;8896;18425;8996;10381;11588;4925;11297;19318;4134;30715;1281;7632;11116;29547;7716;22091;917;15976;14865;9759;23174;21129;28172;1872;21703;19085;4332;16432;32495;8700;3111;16421;18269;6155;17199;14764;16425;14784;1281;7582;15706;22360;15354;23475;9050;26854;20461;3140;31143;9788;28276;26453;5578;22030;11651;11474;29325;6229;15427;25113;1897;12274;5661;2233;13374;3988;27668;12921;5447;11739;14425;5789;21324;25790;12313;3172;17433;24618;1946;3797;28464;24555;15494;11707;19131;20688;23175;4079;17604;266;28179;27349;27816;29654;6538;4905;20681;6236;126;
2812;25732;26582;32081;12537;611;12020;21766;29933;24211;1663;23889;13703;32152;16190;18672;11100;831;17686;3646;1325;28116;15732;7174;6509;4502;25840;20629;20734;26728;28714;26387;12092;2505;29688;20243;6972;24326;6340;8808;20053;26542;7471;11578;3040;8775;27642;15450;1597;27967;18727;9683;5399;29734;23131;16322;8424;32026;3719;14695;26559;10882;10439;2683;32577;1279;29323;27844;14317;24991;22772;5096;17829;30804;31105;6015;20842;16037;25066;17259;22632;23204;1868;17004;31794;16928;14471;22255;10318;23067;4068;5671;12532;10878;10236;22879;20243;31244;6101;22927;
7573;26261;31309;10541;31716;19820;1212;69;31149;6171;28885;3788;12260;16724;15821;18738;11016;9771;3264;25398;19112;30595;7248;27902;14886;24518;10127;18023;26299;12506;11295;23706;5819;11856;23447;26080;1562;18398;15401;4023;11312;22543;15490;21285;3769;15161;16114;25420;17952;21168;24525;27199;5885;18489;31505;2068;17628;9665;13640;18490;576;5455;2992;269;8679;23864;12186;20904;27984;27794;12560;12794;17531;3050;15546;18717;27376;1594;28931;32226;9730;24085;3703;30129;4181;25381;1903;30096;18078;15319;13041;22913;20906;14165;9938;5649;29090;31669;32029;30766;
11917;25711;2233;5945;21014;9493;15685;11612;11919;1086;20039;18974;22327;17092;18822;4916;11704;815;12468;1946;26868;17776;22096;30947;30977;19155;459;11982;27762;30255;7914;26905;15065;31839;31851;13210;6282;30966;24043;16523;14241;15151;25863;15654;6726;24355;5570;21618;23087;1855;31270;21596;2407;18932;10543;10505;4174;10160;13540;8811;11490;7438;17351;14354;30524;9546;22895;16197;3933;16631;4724;18258;22571;21748;22411;4130;25527;30108;19442;20240;29889;29245;31503;13819;14718;13515;2388;28826;9113;18902;27749;3088;375;9402;28285;31937;15551;29718;270;13923;
25114;6783;8871;2648;22071;8053;23579;16443;23571;11413;6368;7353;20599;27409;24245;19106;16066;21854;10375;23103;13032;20780;26774;19175;27835;9627;30164;21197;22633;8620;26765;22812;28742;1781;10829;22086;27596;3226;15615;3736;24544;3704;32082;23315;13399;15523;25697;29815;4793;24339;3218;29856;12869;410;32190;533;9525;7193;1171;23007;2883;2804;6455;11159;19819;27587;6446;31683;18163;12875;22654;99;32681;2476;19985;11206;23404;21979;24410;22946;25325;26963;3900;21092;2487;17160;5159;6341;5485;26781;6532;13726;2643;12502;12371;30205;16656;4688;13074;20344;
2483;19056;8417;24257;32755;28825;13285;13435;29883;18850;14058;25676;4326;28551;24140;2612;5447;8542;10263;14877;23532;20365;1901;3507;32419;14395;24360;17525;18110;10244;4033;10764;18964;13041;7281;14044;22856;31143;11157;7898;9038;20190;26199;17053;12842;20757;31627;14007;9467;19588;18903;21829;19257;31059;29975;3525;1339;27145;27391;26408;3580;15943;6914;26664;4638;28086;25971;23004;14383;16190;1515;6282;32300;16505;31978;26300;4163;20839;15553;30358;31965;6243;7599;7526;27100;29269;23882;25981;12065;13098;11552;29246;31314;19073;5279;27252;24538;8359;10802;23785;
32049;16326;26541;21300;4189;7513;7659;1746;10425;6115;19381;27768;21749;31969;23526;2472;29278;11005;3789;18563;351;9348;4819;15838;9032;9754;4190;5527;9551;5549;11509;6441;15573;23975;18852;1151;22762;2152;162;7430;11538;12275;9777;16134;22857;5607;20678;21810;21318;30642;11370;28286;29949;29441;7520;26160;21607;3706;30216;21050;18565;15022;17411;11207;16291;24393;30872;26132;19162;18572;28758;26497;728;2302;7675;6376;10724;9054;23701;32557;12060;4315;11495;4886;30465;30600;25102;19293;3382;9482;357;3332;9093;8595;22949;30185;547;28437;5457;13722;
19765;18607;19537;26730;17298;30316;22748;10437;23243;2348;29596;19136;23657;4834;23309;30196;26741;12032;2599;4493;318;28464;16956;13982;1110;69;27683;7352;13534;7025;5270;13498;15107;6072;2009;26090;15561;12196;20636;8517;29704;20283;7715;16148;26035;32302;21924;23232;7776;14931;21233;8423;6149;22101;7254;17327;11520;12459;3525;2395;15451;22214;16176;10524;25421;26767;10807;27177;28676;20496;21251;14609;29089;8561;30834;10064;2437;14119;3956;2337;25035;24168;3509;9620;27925;10210;18300;11488;21388;12460;25811;26874;12578;30589;12776;23655;2331;4636;20147;17230;
4811;22295;473;10961;17313;20408;13008;4765;14948;1589;20292;19648;28605;1063;8122;4028;20470;5437;20340;28377;8705;8754;11156;11455;24508;14332;23940;7235;25459;3911;9364;898;3750;10273;21221;13612;19981;19959;4487;21539;7898;6080;12254;30021;31038;14456;586;4997;17454;13264;5126;2625;13927;19236;12369;2512;18608;13997;1740;14938;7519;32504;28452;236;286;2710;4080;6859;26863;13334;27869;777;4462;31792;8200;22103;9046;11331;17067;10522;327;32002;18684;961;8903;5481;21842;31061;8326;30199;18058;3153;21990;9239;1449;21941;15290;10719;22210;8790;
24654;15868;12571;31352;8361;10221;25227;18334;1806;13424;550;3233;29385;20026;30237;25600;27944;3819;4319;14455;20423;23617;2436;27603;8208;25996;21356;24580;17411;5474;6435;5748;29747;19347;24200;22935;3857;29535;3631;9412;12653;18919;30211;15939;14394;26850;30512;14247;3986;27025;27968;18525;29434;13301;4227;13958;742;20031;22453;16898;21376;16520;7387;17869;22693;24770;2414;911;21296;6895;3515;19822;9084;2449;26506;551;9508;29281;31742;3933;30733;31555;2236;28209;23207;11130;28751;19986;31087;3352;9676;25046;22457;697;31665;778;13740;9585;23059;8071;
6030;16131;8185;9542;21058;13396;13315;24694;16654;29727;2127;32715;2210;15849;5532;13080;2902;21816;4528;6176;29364;29952;25848;27050;29238;5982;9071;9427;10064;25992;3264;6312;15025;25605;22447;5108;9927;12057;19637;9559;18305;23428;29674;8600;5976;20332;23081;25660;15760;10135;12654;32344;20923;31965;20610;18339;30848;7645;21979;1487;15770;4336;29117;7706;20259;29275;7078;1312;32275;713;14057;24819;10244;31224;27289;4461;28216;29106;12456;4805;24028;31999;24656;28257;28046;16281;14258;11755;29726;6560;10430;1191;31889;15247;27986;8964;7020;13935;9894;26737;
10543;23626;3047;26481;1567;1251;27682;28658;19272;2724;1892;5083;3267;5080;800;23012;4405;31770;32208;4778;8856;29197;1503;1027;23614;7502;30663;24206;6674;24743;1911;12687;27938;3206;30967;20730;14682;5549;19534;25038;24722;9258;24740;164;7884;3722;21156;13960;31670;5450;6692;12295;30071;29326;11016;27273;18599;4629;7523;19426;31135;1389;8416;22563;756;2147;16225;31158;19774;10686;13029;4010;21534;27693;21167;13899;7295;29565;23461;32246;24603;4623;6134;1067;4673;19082;10751;8932;8662;6605;32368;10789;7323;7464;10666;22485;6061;26827;13420;460;
338;8830;7087;9773;16370;13459;1998;22006;16996;11545;32490;11733;25964;7507;5773;20798;21121;3433;26765;7098;15315;22620;20276;31874;6540;1087;11421;12364;19542;27301;16737;19813;18718;17750;22132;22016;12824;29510;15945;17614;260;2503;28989;18382;9903;1533;18738;7527;17340;12946;8314;18356;24228;5548;22520;2591;15100;31516;2177;25905;13815;28377;25480;1192;19499;15276;1787;21450;11416;16940;18536;11258;31974;15341;15204;20873;13038;16117;30509;13006;10108;5487;24462;7545;18003;15780;29955;24100;32626;9766;28702;32299;23958;31310;11305;5054;26112;4841;9485;22580;
9592;24367;3187;30882;3730;23029;14888;21677;3376;24355;31686;8092;29512;30055;1937;6066;8936;24619;5791;18362;6519;3525;27196;1763;16445;13806;16524;10958;9766;15478;31858;8166;1730;11318;1201;23536;17041;24133;7761;24290;11390;8559;17989;13817;20649;30178;20042;13574;6249;12587;16658;23049;28562;7777;20898;3840;20211;28320;23033;15873;20515;3513;11506;27527;11902;12072;16235;19210;22890;10055;27815;466;31711;25793;23025;3084;7462;7752;15746;30750;16096;2187;3237;27704;7243;10338;21785;10795;28353;5452;17847;1407;23425;16412;10836;32703;28338;4591;24297;32536;
18341;30561;32242;21283;23131;11265;19987;31742;27207;23042;13057;26529;8788;25139;9632;6511;28202;24625;30569;28684;30893;16090;25871;32111;29639;28934;15458;9528;3432;8818;6515;30019;13771;29949;32505;27773;6906;7703;19955;9206;32148;30838;24719;3640;17102;24074;19531;16600;26552;24116;3930;31818;14786;9267;11593;26105;30846;8671;32482;10391;17575;21145;14673;28338;99;10882;28805;27529;1221;1515;6361;26141;20630;11533;19444;31371;5205;16378;21741;1432;16252;7892;18355;28302;29445;8765;10157;17223;32045;14350;24989;23175;17016;14412;7370;28815;14325;1624;10078;29166;
21187;21093;525;26779;4308;3887;20215;16193;32497;28651;10192;20186;24574;633;7998;27263;22912;14817;29058;23934;18780;31997;10331;4014;10465;3443;13863;17407;8457;23271;19532;9557;13308;5742;28886;5527;8150;6725;5986;29442;24234;31171;16698;18372;26567;19852;26817;6086;5690;4104;15378;16585;22676;7699;27364;8372;3565;12278;2993;30252;13352;24214;23575;12134;19321;2284;24702;6969;4901;11701;9979;12408;905;3435;12660;24446;10590;10355;19205;8714;17979;28056;19619;15694;23131;11448;5375;27202;31649;8637;14253;22590;7641;11215;10118;15816;12353;1225;24651;27563;
13384;3305;21387;5705;12693;32459;7366;18737;11083;8088;16594;14580;31372;16251;31870;26421;12860;7764;26230;19712;28679;2225;26726;32605;16037;16634;21346;548;27996;2283;4998;15634;199;24391;18137;18205;8407;17867;15223;31749;10263;9057;6384;4140;14388;5783;14571;5799;30652;19535;29455;11669;23846;11960;24611;17583;11027;125;22643;12833;467;14396;12662;2457;10795;12345;32431;27037;32085;32340;22993;13089;3657;2104;30246;24409;30779;10198;817;26572;30309;29714;8851;29866;10502;443;29995;17759;11179;12481;897;1896;24749;22946;1381;3941;5627;28454;19667;10352;
26393;26700;22554;28078;105;1668;20285;25123;10154;19486;28826;15051;11710;14083;12489;3814;11696;5027;4551;25235;15605;31790;30036;16288;28914;22535;28313;20641;23999;28534;22286;12863;29227;26525;10907;28371;21760;15021;28414;22580;10120;89;10860;13260;20815;6795;11643;27890;14635;6742;13375;16756;3962;28973;8883;7282;3499;16978;24667;4979;20224;26768;5928;14770;9873;1069;22940;15801;5781;9499;29742;1329;19677;25966;28144;15097;18593;2067;31855;885;3455;28606;28379;19241;1985;548;21608;25478;1503;19307;25075;25091;27460;30174;23273;30064;85;27110;357;9607;
944;10805;20888;12485;24753;16453;3182;31864;12091;19713;21870;19224;24757;4546;26595;11482;15954;1404;10041;24195;7318;19002;3753;2682;26646;5831;17433;8226;28543;26798;21053;13670;3801;4709;19971;9878;8205;31174;27438;26737;21669;6846;17472;16515;23764;8777;22942;22449;32694;13726;3055;23314;2264;14758;5573;7936;12027;11955;18559;30831;22549;29807;4206;16510;24217;2579;1078;13900;15352;7897;887;13069;15464;1715;10413;25693;8164;26429;4693;211;19572;12528;18258;10970;30126;14489;14990;30140;23933;1290;12772;16640;4641;9488;5182;24054;19831;8613;25338;13200;
22907;24678;25235;21619;7691;2631;13949;15182;15342;19077;29776;8555;22804;31196;29225;9092;543;2555;21581;10455;17699;17717;7696;16508;27050;13945;18934;26871;27132;19844;11543;30218;4509;4949;10696;2253;25878;737;30071;19968;14072;23049;30167;30367;3615;30409;31038;7863;16692;5298;20043;5753;27509;32410;32459;16780;7865;2194;12765;168;30382;26136;31061;22881;29030;12430;3679;20544;12562;12779;16741;10520;2829;18353;8498;407;2076;29215;7511;31260;14836;25511;10189;24776;2556;9378;6621;4824;25941;8003;24637;2098;27160;10185;12924;15677;31198;21753;22943;28406;
21894;15564;18957;23873;9778;26981;5288;1916;6035;6725;29501;5978;26471;9666;29726;28143;3647;3765;2317;1799;25990;8820;32092;9916;28351;13056;5971;1352;8206;16767;26834;27927;23034;11500;4919;32545;27249;14605;642;4470;16652;421;25528;23578;14485;11756;23173;26644;6599;30780;14884;29890;15188;24077;17796;18287;25389;3107;15011;6439;19709;23302;11582;5834;31222;28595;29869;10080;11729;21649;12553;27820;15632;7846;11151;12804;4231;29451;5705;15712;538;157;28395;14000;30408;16886;2299;6515;23017;7068;820;25733;23987;10871;11309;31800;9475;22153;6710;29351;
14939;32217;31362;10823;30758;19376;23436;1727;17988;4104;30387;8186;20674;11074;15655;11130;7145;25111;11273;4079;6523;11729;11214;22280;9017;23739;32485;29065;32424;5846;921;414;19989;6861;19768;8046;4823;18219;22645;19444;9428;17356;24331;1546;17223;24465;3747;13767;8896;30296;9976;25099;7276;29484;17209;25688;25238;17080;21167;3812;24174;18946;1183;30956;6921;13654;11122;25930;25002;13183;23315;30538;27456;28990;18073;10682;19247;26868;8486;15424;30547;23202;1550;2801;4418;19;11324;1054;21714;20824;26834;12401;20444;28021;17680;313;18239;31578;11127;22787;
27943;5909;28718;618;19599;8005;14500;2352;3588;30418;1655;10637;31148;3803;27029;18886;23176;19696;7585;12802;9974;8578;5784;30298;4730;25239;16564;18223;27837;16066;30608;7104;29142;23635;30862;27387;28617;30923;21622;26260;25933;7315;9311;27733;32211;14061;1491;8629;3779;13866;8750;28075;31241;28702;17735;17604;6608;28369;18258;31604;6541;30071;19973;4777;24640;20898;10490;12966;28663;19639;19797;18447;24211;20894;13478;30528;19406;6846;8977;23011;30845;31785;6316;15042;25363;7699;29224;17369;3431;15241;31924;21168;20407;14688;286;26344;23788;10603;2619;24339;
23583;3569;27274;30665;15197;29021;17684;16632;8103;9784;7574;32123;5693;17237;13282;8430;27421;12363;11907;24513;18630;22056;22688;1420;1345;18532;30499;1442;16482;31252;31001;31209;14156;21344;1884;1001;28979;15159;14192;17442;10598;26946;26028;23459;6796;5142;31386;11224;3885;20397;8096;18596;23413;12311;9951;20655;9269;1133;10843;8194;5931;15879;9820;4305;30851;22510;4885;16023;10653;21140;16772;32617;3345;6083;32665;1923;27633;23252;18330;27432;16462;18721;32454;29353;2301;7869;1849;29891;2714;29538;10511;11053;8654;21418;5836;13682;2766;31362;4348;15869;
16932;16092;27926;30066;25266;2469;934;22597;9460;26615;18859;29317;25477;3471;6462;5624;18661;23425;28021;13933;2681;16170;5511;24654;21715;32103;9009;32117;19764;15876;6232;23616;19535;27512;6127;11496;13904;15055;7707;26894;5149;28647;917;22935;20956;12767;20561;11962;18101;973;8541;24151;27097;13743;9739;15499;22723;24997;30802;641;4798;18781;21618;14219;3495;10190;29655;12401;2036;19241;3904;6409;15349;2828;19488;15367;22618;28409;6468;32023;25078;6408;16055;14633;25282;18648;9443;268;2597;2763;5880;25151;8818;26483;1170;12804;32691;10055;1686;3765;
19365;32411;11100;2907;21251;13775;19988;14717;14343;8646;32098;1334;11823;153;13644;6026;9021;3725;28758;13050;31105;26435;21483;15958;14170;1839;31743;29139;20475;331;10739;23134;26987;15629;23225;10031;17359;20630;2104;30112;9708;19244;6642;3904;29416;1002;18660;20003;19792;16566;31405;7037;27488;18804;22515;15471;126;15225;8707;24865;24583;12611;2999;10769;15694;4711;6557;6059;11490;8138;19797;6169;19216;4116;8251;10076;11177;20578;4423;13724;30470;15676;18993;18364;22600;26566;8152;1586;8420;15162;29156;11798;17760;5781;11690;6264;5975;11921;30801;19447;
24771;19412;17459;19599;17532;14695;21894;7603;2043;30569;31292;10908;10852;1541;31015;2272;27844;23713;31841;18758;12182;24920;31467;19161;18829;29867;26004;17467;15245;25971;6941;30524;26106;24858;26522;17067;9014;13323;4891;1645;27493;28263;17292;3531;25972;16634;13786;29712;2393;9837;4696;14164;14236;11453;24672;28051;27158;29420;23869;20482;25081;12022;14920;4258;30480;20486;1618;11797;27720;4330;17986;14769;28016;3780;255;17363;6717;14339;17041;25205;17041;10130;23171;1539;14332;16463;22923;4203;22660;7359;4717;25204;13985;9984;8732;21328;652;27903;17186;18036;
6329;1259;28739;21415;22946;5609;6749;13657;11975;22793;30099;28983;24819;9848;8618;28412;9152;25336;12723;29066;31325;24974;22251;9785;22927;3450;13023;15983;10998;28780;5332;18289;5522;26869;9829;13432;12166;9532;19310;20232;32027;13810;14633;381;24839;19848;2199;12263;25072;32671;18466;4887;26924;5312;20608;18938;24267;17997;24794;5414;18135;30391;17966;28851;17370;14834;4594;76;8865;16934;9210;389;21312;1192;2971;14447;29526;11048;1041;2667;19858;9516;4126;15163;29302;28093;30964;95;20059;22879;13397;24222;24758;71;30201;1507;30873;6345;28720;8010;
6781;22032;1992;16763;29502;7953;32561;32567;31847;12737;23775;17456;13744;1670;4336;29726;6085;2028;7695;15;9289;29338;18840;26110;14107;29060;5884;20136;31960;19042;4712;15771;12961;11872;11937;1936;4894;791;14899;762;5314;14268;12234;9951;23889;31383;26080;3047;3744;25271;24984;947;20637;25061;20714;14959;15502;4822;28673;5803;3486;14245;24033;19302;14997;31872;9293;20588;23783;21153;30440;13539;2288;30591;28058;32;31614;31814;15925;5311;16528;24965;14681;18930;14173;6951;3733;12057;6040;4261;7118;11667;23539;28026;19429;31956;13794;21974;18580;7352;
28321;21398;921;18967;22904;3956;23319;8602;15166;10875;23865;25805;19228;19391;28440;5493;12435;13898;23263;23331;8896;31577;2349;26377;3295;7369;27066;18957;23567;13260;20286;28956;23124;28640;17038;15297;15074;514;4360;24822;15257;18462;6706;5690;32716;19659;8350;11491;2118;28469;8721;6582;27791;18266;31459;6837;14699;6778;22697;28472;6308;29640;16402;22079;9737;13670;10767;18183;5559;13712;31799;6107;3991;15384;24681;1837;25640;29714;16307;23269;32383;9680;25714;2553;14220;19729;1979;9278;28318;24437;19962;27774;2857;22324;30425;22730;19400;22032;17508;27921;
1662;29832;23914;9202;15937;4431;12070;22991;12729;13564;4638;28195;18245;24067;13900;3861;31295;18660;6780;25421;11649;2210;4853;1542;1831;887;9051;2404;14743;10182;12244;29448;23999;27985;18794;26339;17054;30380;6577;29767;22022;26354;12713;14660;2720;16310;16357;20529;24368;23356;29165;15241;27418;22249;1250;17401;5158;505;18784;31926;20864;9328;7848;25108;8195;12883;10495;18005;2998;16151;18257;190;29335;17754;3098;4849;25752;5841;15751;14454;17640;2178;8408;5275;4211;12083;5384;29310;28076;16418;16560;19304;27018;27126;22313;1884;1488;14838;14576;11248;
31890;24953;29519;27996;23797;28573;25402;21969;25910;21308;32632;30476;15854;14620;3587;23082;31380;6758;18608;8638;835;3930;13586;4641;19389;14912;13212;29705;31665;24226;2567;1373;27705;30904;27891;27720;7847;26916;19665;24717;4225;2272;27136;32538;4298;14708;29750;31711;31363;17772;14626;9696;30834;9481;9808;29065;13858;31543;8780;32066;8747;24255;266;17476;9651;17342;6021;29611;30005;6486;12967;5580;24194;28579;30057;1992;14341;14832;25147;28002;21834;299;5030;5901;9410;6807;26672;3657;23232;14017;9600;15408;19912;23733;22210;24140;26633;9585;27213;15788;
21032;19354;21123;23607;15167;25454;11769;3136;25126;20218;15065;9818;17393;17037;6532;20845;5049;28012;8827;4361;24480;6855;21375;3579;1807;24300;6135;19742;26178;9403;28819;18548;23303;12122;15919;7797;1730;25642;13306;19367;29109;28921;13527;8815;29566;8825;8195;29991;1249;32496;20728;9840;24264;31026;22162;5066;2696;20429;9585;3682;18278;27779;18846;22058;26970;22525;23409;19247;5395;5565;15282;18728;32058;31829;23294;24906;1275;24022;4204;26212;27586;5260;17265;32551;26178;18408;27905;12997;18620;32190;13303;9151;9854;19377;10423;27895;2730;15595;25618;21773;
11832;16401;3434;19432;20286;12661;3094;26259;3439;21902;26631;19787;28642;22438;7596;20438;30742;8403;26900;5142;26162;6952;19539;4829;4753;13612;21798;22275;125;14731;26074;12982;3643;20236;1385;24338;26185;13507;31463;14833;5603;3720;14364;5637;27851;21928;22387;20772;2634;16858;12563;9442;15218;15988;19275;25957;3751;16350;10803;8821;16478;3399;17040;24275;25891;21144;5113;20940;29921;3750;11832;26381;7006;12716;9715;28857;29189;32760;15500;16313;1768;3300;16197;5716;21765;25096;25000;10495;4552;9902;5926;8566;29650;23430;12286;22539;22265;32412;15712;14142;
24976;11142;210;32143;3816;3042;27348;20880;17174;11264;27839;23614;19447;2011;8691;23953;29554;25678;5169;28498;1789;18564;8006;27181;30819;11185;14314;8455;31684;11007;6631;26258;18141;23500;8574;4382;21897;3602;21510;28850;22408;4902;23510;27483;11136;23718;31589;13252;2881;1964;15280;19975;19789;10312;23004;22211;24472;26926;14365;16495;24460;21419;21974;31469;29520;21470;4866;14690;18506;19748;17106;19014;23267;21204;20887;13751;27530;22829;483;5651;17659;29324;1259;24261;14273;27874;29232;1375;28409;25446;25183;16618;602;6279;12661;21369;26994;11301;11302;4613;
13362;512;11392;7796;11437;27761;27084;2043;17949;28504;32693;17830;32039;12117;28844;16181;3424;24891;10122;22570;8207;19905;15479;12576;22581;15739;267;4958;24522;24841;6068;15020;23114;2447;6744;29030;24688;17765;5179;13006;26945;13583;21282;18342;17485;11375;21433;4351;2354;29753;19762;30028;8289;16296;8239;9146;18725;10863;11490;8644;16609;21235;21618;22273;28569;25783;10657;2881;15795;10007;5293;2777;30463;25658;28275;25915;24310;15426;22234;31178;23103;14533;19055;18156;20856;13441;15181;12128;12594;27467;12608;10706;11069;17993;13610;3756;7463;14433;2981;30768;
16383;16113;745;26820;1374;23233;22513;11148;17833;5430;30425;9022;9104;26056;6795;31538;18650;2997;3994;28345;24677;12279;7790;6832;29032;25460;24738;3413;32764;19830;1450;2137;5851;7770;19129;10550;7783;6796;10721;27586;9454;20915;1149;15108;31788;22056;19660;1095;20497;2221;29406;110;6853;19548;6324;10119;6634;14045;20899;675;10529;4316;28921;20452;9679;15034;11235;11479;16417;18819;4750;15108;23885;28705;9357;29380;28443;2255;1147;6227;25765;21200;3809;1830;6234;14432;22617;18303;24393;12523;22260;8766;7581;4989;15066;9978;1123;28026;14896;22608;
23700;12687;21567;29307;847;21224;20434;37;31590;8355;30943;12669;14364;30085;24938;10634;1325;4076;10663;13759;12303;9733;4959;9167;22136;2623;25748;10691;32288;29696;23912;5193;22984;16534;17723;12111;24443;16496;21268;7376;5140;25742;30018;3566;12288;24630;15427;4674;325;4841;27876;29040;11971;20117;32170;17150;16570;19980;881;14438;4749;28597;20819;19817;4550;2177;20427;21159;28249;25377;20250;1645;8237;16247;22762;12238;26072;26186;17714;28661;8363;9533;5721;15801;12782;18178;24734;16242;15724;23499;16567;30475;30003;26113;9656;29785;21141;16185;29239;427;
24690;18788;14510;32419;31418;16453;5920;23876;10029;16169;30208;30027;27493;20178;11854;8643;17431;4020;23299;23764;8598;21604;22959;19932;3480;16461;15969;32193;24125;16037;16071;9605;6733;26015;22678;19226;29377;6626;14124;8312;30086;1595;7285;22766;23933;15246;20747;26805;9158;3347;24481;25291;13886;31934;8097;26878;30534;19455;21268;25159;27335;1196;23491;27482;13427;3644;19355;13691;19277;9013;21590;18323;1643;15079;23128;21891;26362;15195;11991;8632;17284;1927;13631;7424;14446;15811;30677;14492;453;14977;28570;7830;8762;13112;882;17493;31594;32161;645;2926;
15203;22310;7654;25789;17252;16536;9587;10677;27621;16928;3068;8180;18903;11128;30375;23322;22829;9306;23442;28892;12443;8505;29627;13140;8862;4144;1053;26011;28604;21048;16924;7834;28173;21661;22307;19997;18938;24243;18316;6185;17477;26565;16576;31376;4426;2382;4767;28866;15748;24939;22562;2534;15186;31121;4926;9514;32251;1403;16396;18519;17904;3687;9000;17576;594;24194;22359;7644;27572;16545;24172;26506;15394;26673;14700;3253;10338;5489;19440;13728;32377;18911;3787;16355;3442;8431;21997;31935;14938;8451;11655;10671;26255;6296;4720;22335;2875;23485;2504;12833;
11803;30154;23515;25214;4997;9038;30279;30090;20905;10313;14690;1371;10519;22172;13526;4859;18049;22717;6030;18108;20930;5295;22230;2763;28192;15154;20669;13320;4046;22327;28094;11541;19125;29078;1440;22445;32373;7427;2971;6200;934;32319;17852;16284;15971;9355;5003;18261;14857;18018;2026;5064;12860;13927;23104;12500;11563;9373;29399;15531;2837;32726;5763;29920;12045;2926;30085;6593;9466;32056;8622;7142;26849;14265;12232;18442;13159;29844;2097;25882;28561;29510;10953;30860;15823;19;27150;9458;10297;26432;24966;22223;27672;10371;11102;13225;31912;32440;6480;32607;
8988;4053;29898;27581;24547;22816;2636;1614;28970;11168;1041;14449;8866;19665;22515;3503;19075;3996;19593;13388;6097;31109;22930;27676;5598;18471;26518;22424;2320;27357;13002;25393;2276;17603;21813;14053;31539;19165;15377;26127;21684;21141;3188;20867;17091;9323;15151;28634;8800;9960;23542;28683;26747;13779;27586;27196;24431;31144;6772;4823;24012;21318;22459;9183;23129;12264;10039;28805;345;22870;32735;22262;12046;5725;15008;1144;29564;12156;21574;16309;879;11232;1696;11606;15039;23187;31967;17108;5075;31728;10048;23435;14436;8026;29163;9233;3971;2349;25370;20421;
27870;13557;25725;19627;17727;18398;15326;26999;3157;1900;30465;8679;8119;10348;20174;1366;25382;2603;17841;27535;29202;12773;1346;27615;2656;6784;16161;19054;5227;11386;5412;20430;27721;29217;19637;16085;20559;23554;20853;23720;6359;10659;19238;16153;7488;19061;19143;21811;27191;19204;21248;24082;11573;8817;16321;16889;31049;29730;20775;414;18712;6584;23967;12232;25122;2369;28493;10524;32071;27567;20655;32308;22665;30602;19581;17394;5651;25569;9428;15892;3195;1926;1428;6152;27716;30843;30215;8193;24231;16295;3523;14410;402;29901;28881;29403;25842;22207;22286;2858;
27950;13263;8914;12867;16115;13959;19152;24859;6199;27290;6973;9505;14968;3609;4661;6935;19013;746;23386;3104;18432;29815;11966;24858;1506;1443;5891;24621;16191;6914;25280;26788;13580;5449;17703;8444;29598;4099;27109;19259;9652;30854;74;13188;6328;4390;426;27879;22082;13480;14083;20605;30430;28154;16863;29365;4623;14369;11388;745;28564;31346;17707;18741;24041;5381;18678;13960;21009;4455;8581;15099;13459;19343;14915;22114;32707;10003;12476;5921;4930;9372;25673;31554;24776;27544;10480;26564;22049;7214;8582;10805;10358;32119;1302;14467;25806;23531;21383;8975;
27092;11289;15736;27907;11995;17820;17263;16102;31775;19018;20531;10093;30798;3502;21110;24212;12103;4281;6583;16110;30241;26036;31335;26937;20591;4217;32075;17974;15042;14051;7713;23224;32368;13699;23942;8698;29332;27796;10775;25141;20054;22833;25815;12146;28781;20166;1233;4253;16354;25797;7678;31452;2582;27802;20328;5919;518;992;23696;1527;17614;5845;30221;5547;1900;26379;30071;7817;20935;27233;4227;31098;27376;5682;18287;17625;23207;27340;4769;27525;9249;21284;5003;8757;7688;11464;19665;20236;3012;3092;9646;3950;23545;4265;15508;20497;12368;24091;19730;11095;
4731;3306;11515;475;31347;10164;9413;329;2564;2216;10031;3444;8588;11070;11302;16290;12800;17957;13034;28714;28719;16765;12141;32322;19787;23879;26364;18962;22693;7194;32;5389;28344;17943;18887;15488;22889;6175;32159;619;17805;29507;451;22673;12716;8315;28057;25035;14852;31899;22010;7585;26065;8324;9364;29211;22988;22935;32397;2005;5106;1648;32361;11346;5254;11216;17710;11922;6233;21978;9926;27111;18505;6531;30116;29444;520;19012;12715;6999;7711;14353;7755;16025;22322;2447;1005;3747;13957;1666;8337;20867;10687;26244;2997;17871;9710;30717;4473;8505;
31692;13135;18690;23908;16705;3665;27164;18166;29736;9215;9763;751;14934;1136;2083;32313;25304;16648;8254;31615;3197;2286;32334;13123;5525;27072;16332;14891;14583;2182;13553;8604;31817;26341;24858;1674;21371;2198;23153;655;7573;3350;19658;13114;24243;4510;9163;19369;23373;28501;8272;25690;30908;10693;23821;32062;1786;8587;1654;26127;22442;24403;18907;228;18008;2820;16344;4867;5633;25400;21996;6134;18390;18671;31592;19169;20285;13188;5515;23058;18201;8416;32491;30938;3147;21997;5654;17307;24953;845;8058;10787;13;8781;32386;21560;14977;7700;2562;13428;
5083;7457;32725;15700;28787;32500;23493;27787;17404;25098;5546;8348;24770;17935;2774;27815;19505;7760;5809;24195;15511;26735;7841;27406;9259;7002;5421;29889;27981;637;14433;8328;19471;22839;3956;27856;18677;14987;27560;16097;26873;14617;28786;23150;5842;13132;26331;30570;12662;14292;24614;27166;25566;3671;27571;4473;10761;14435;25635;32679;10051;32424;6077;4325;12711;24164;20496;25747;14051;27422;31962;27786;24123;30871;1577;1713;3025;8446;2496;21707;10531;31587;1980;18067;22229;5742;17016;2571;27569;2897;21933;22033;25836;15611;18654;17203;11178;6030;8435;9924;
21445;25620;13604;9263;14282;1134;19224;26764;5701;11148;15950;17521;5183;26084;14013;6155;18692;1564;12983;17773;14122;18954;26643;7463;22222;19423;16523;31003;5409;5023;30051;31116;27940;23765;3660;6264;32175;25732;18311;1832;16568;21344;9037;2565;18386;6206;10863;18093;8692;18122;8250;14406;20092;20088;11677;15891;24947;7613;18318;30788;15635;1406;21673;26387;1158;28873;22042;12;11249;17603;6078;11692;18865;31969;11141;27950;3301;22363;13339;32418;32044;9694;17095;23359;26544;5762;19603;26106;7523;2299;31405;2648;26248;17427;23053;15744;20342;8024;11864;5524;
12952;29969;27652;27457;9145;28791;7614;14741;8318;3106;14600;12305;10804;21698;9767;11008;11468;17423;32572;1543;22308;18435;19121;31996;18569;19014;13526;3835;14201;19434;3276;6071;30125;26968;2211;4879;30039;23178;5311;16098;13224;17275;12928;3875;11413;26844;10786;10288;15323;7433;5089;21343;3904;31035;31841;8666;3612;14079;10318;12718;23065;15847;15167;18718;19767;14719;17889;15421;6419;19330;32593;20668;27496;11854;11721;5120;15318;23446;639;22391;9954;2903;27850;18221;31295;7949;10375;20122;22092;19750;3003;16319;2269;8375;22394;28785;1342;8558;4103;16884;
7541;14280;8252;18123;24776;8579;19500;31439;17279;2647;14088;16767;29675;7393;63;7831;167;8160;15337;23780;13342;29603;19046;5974;18765;962;21314;22615;24011;269;26460;17243;17670;30658;3656;31928;8399;5635;17137;17337;25369;13958;9091;29421;7421;911;22664;23237;16130;17947;30545;10846;11932;13662;25495;23196;21746;23152;29794;20344;2788;23620;24618;9115;1613;18393;13372;21035;11397;10420;23392;13029;28203;1421;30649;31852;4129;5449;5100;16608;1495;16424;28549;6323;16589;16704;27286;28600;6483;31786;21664;10365;13460;23291;8887;2523;3026;18549;20706;10955;
30963;6783;29377;20603;27709;211;14194;29346;12126;19447;25780;23056;22959;8302;3405;3465;22969;27183;1706;211;14329;9302;25030;14862;30432;18714;27469;24900;13342;32255;30464;28225;28448;20556;31323;26789;6359;5568;14965;28215;20668;17793;4393;29564;29457;23893;3443;29321;23657;10004;29468;31765;1642;29278;23962;24274;25042;5769;2610;22782;4536;20701;3423;2100;27669;21252;30583;2953;25474;5564;11404;3028;15939;17359;29584;7757;16005;20805;189;13658;8164;4824;32564;5029;3632;27048;24037;30066;31089;22320;25518;25648;27432;3449;20167;26701;16600;20365;861;3407;
28613;13871;3453;27681;13820;11465;31284;12202;23699;15014;19445;18340;28466;27745;3642;15788;3283;29086;19566;24725;13765;17143;28683;14850;15095;25658;18944;564;12915;5841;19285;1568;5417;4225;12561;13253;27118;2648;10076;16572;8644;15328;10209;7953;2396;5785;6006;13393;29657;21926;26367;1764;727;13767;15247;21917;12204;27015;25041;19856;31213;7607;4263;21028;24373;8730;16144;2921;33;2658;4431;11947;5791;23387;8522;13639;8553;6247;9776;30141;26828;17706;16222;21255;16558;12166;26244;30249;11215;5578;19715;17930;17487;32038;10394;4482;3441;19555;13122;8116;
4766;32464;25174;6814;30637;896;6391;2030;24161;7346;22959;17431;17715;21393;15188;13221;17234;21534;9520;7885;17897;17770;5726;27465;12960;29192;31863;10339;4965;21698;23919;8527;12140;23947;22713;27069;13684;693;17330;6319;23373;29284;25916;9608;5783;30787;5289;7014;21196;27509;16348;5810;18561;14543;7338;16630;23016;23876;2438;16110;6298;25760;24926;17633;22675;16506;18112;17713;29822;2915;10817;27954;10036;3172;4127;25656;7807;3752;22821;244;11043;24949;4815;26880;12831;5217;4783;20152;17200;17346;24847;16716;30871;2406;14040;17171;1052;25988;4787;6690;
3411;13299;10605;3870;17694;410;13728;3662;21107;22056;27280;24308;31839;17925;3667;25822;13643;24712;32565;8248;27519;20074;10330;24484;17124;13434;10661;22669;7182;11923;14041;6583;3193;30411;29182;3099;11283;3310;17671;30195;23547;29227;32433;13329;27273;19724;13998;7540;14478;2476;15619;17693;17373;18980;6319;3615;15114;15174;22925;17910;32369;8590;16763;14617;12922;12885;2236;30163;18204;3400;16795;12622;6304;27161;8017;753;3496;20084;9257;27115;22127;24629;31458;20752;12626;10200;32597;1253;22672;22320;14936;20470;32078;26716;21729;12656;29662;10488;18031;25067;
30016;1424;17061;6792;6633;10586;10808;21052;29124;17956;780;25963;23927;6283;15258;23481;3303;31854;15765;16413;18174;9634;5069;16183;24236;20711;10067;32739;31019;283;22494;27150;2440;7342;29549;20424;9567;32598;20782;11419;5862;21508;5023;28443;20524;19222;22003;191;9123;206;18615;32751;26077;10243;437;24670;23699;19734;793;26010;7915;17704;15826;11234;19194;7562;4923;13111;13448;8053;6651;8373;28948;15356;10794;10788;25880;29758;29877;24523;13967;4576;10755;18564;18611;17339;29656;1046;9483;29393;18042;26558;30117;25478;19731;18703;29857;30477;30039;27389;
29935;8480;24166;16692;26712;26100;12020;32174;1731;29804;5799;7300;31409;12429;32448;25092;14091;16946;11774;32517;23069;31744;25535;20343;16866;11933;11881;26430;13698;15389;264;24897;18457;32701;19513;9405;22714;24020;7750;5344;21428;4102;3730;24211;6419;443;30776;22679;11370;20687;18415;10707;4560;18060;24881;10732;31785;23765;24220;12311;12455;9123;12696;17451;17296;6838;25914;26107;4673;21380;2152;24290;7795;28534;830;20895;11965;20051;23473;31843;22618;252;11634;24873;22061;21595;22805;18502;20738;2198;11891;20801;32023;2184;5709;1508;12507;13681;32562;9107;
22773;6892;4514;3805;28040;7970;28531;9553;19637;830;628;24979;7778;18465;7761;1455;9530;19286;31158;16300;8437;12360;17079;31845;9690;27058;21104;23700;3458;30552;17384;48;25822;11253;29244;7161;31612;3956;8697;3409;30725;12642;22985;24653;5643;32676;11858;31756;28929;30053;1371;26951;139;13907;5168;26410;10745;27147;7496;16994;2829;27601;12582;8824;25093;8837;30333;16733;14037;5330;15767;16710;10677;3497;25335;5305;2779;25838;17726;11496;8074;16497;21067;25151;14411;24863;28582;19257;31867;20602;16927;30071;3845;582;6322;13587;28785;16005;32430;32306;
16926;26534;14615;31960;20171;28922;13128;24321;31836;6503;7900;1261;2779;15968;19151;3003;17598;23316;30177;26169;1128;2022;8251;30715;13042;3614;8277;26282;9258;25566;32535;5535;29660;9303;24383;32688;18513;22588;29698;25418;7702;8823;19190;29889;254;9500;27951;2787;22122;12955;7080;31187;7368;7993;10981;4117;17498;18113;16855;27109;1337;6774;0;3789;22169;19277;20184;3446;27470;25689;25198;2495;22416;27015;11602;28940;17403;20107;19379;18656;20953;23066;10693;19375;5284;18778;26981;18413;17607;18327;19200;30059;4005;3639;7601;13539;10460;16624;31401;28114;
203;23096;20436;32389;17490;15357;32186;29303;2520;14487;3235;29402;20371;10235;15614;9588;12035;23857;30467;28076;27072;4104;23960;17381;13174;3848;2161;5898;23854;19880;10620;27754;17871;8897;8572;12743;13284;19267;18419;30121;31903;1319;27206;31224;7198;22180;17948;21706;8942;21926;775;4986;7374;892;28518;5114;21685;4304;1162;2154;6678;7645;30231;22761;27490;19164;20653;22443;10703;11455;27592;31563;14936;31266;13029;4963;14340;1151;2535;11099;7020;20897;20664;3966;31607;26971;18995;10323;19305;11129;27202;8234;14876;16887;20291;1781;5772;881;27313;26713;
23962;23003;7424;2053;21769;370;18632;14403;22477;13298;8486;32460;14213;5130;14176;31713;22342;27917;3015;18327;25498;6890;9698;14707;19400;11870;30664;20022;24662;8552;4302;8186;15053;12286;25442;9342;21180;10494;8759;9663;25599;19303;30883;10440;2625;969;8773;14026;13760;7674;9706;15471;23888;16139;14257;29548;4515;15226;1646;2646;21959;7593;30797;32438;24816;28815;6840;23903;11640;8878;18810;23807;31012;5445;20772;1781;6825;11206;4271;25186;20591;28554;24164;21891;27796;7108;13305;12606;564;9652;26109;6906;30696;5405;27254;18612;9100;16632;29384;17231;
21318;17514;23768;9004;26563;16372;16242;31483;25540;15082;5608;25809;5338;14630;20220;25978;14701;22781;17152;6672;18435;3442;21820;25548;15295;18602;17552;1565;2600;10912;28507;27383;9773;2074;3739;366;13413;24028;11349;27267;21659;1051;22839;26686;9353;13876;25980;17149;24548;17054;8464;6411;16793;30493;26356;19572;2647;7481;30693;792;20557;6895;26680;27903;31797;2982;9481;17644;6033;25957;21652;16181;20532;32322;5603;23249;21765;1566;25514;18611;28672;18575;7791;23894;381;19230;493;16538;16565;7091;2491;20430;25986;25421;2345;26126;8038;4342;31339;32463;
32207;12535;18681;26296;11673;17480;6965;28340;12245;11338;24398;21829;28105;32440;8037;23067;20023;21979;24815;12261;12259;28926;4955;16487;27983;14626;20980;30412;19913;32243;32008;1086;1959;32506;28234;21173;14290;5395;19573;6668;29313;4130;16946;19290;20807;7426;7228;18047;8784;18366;4802;3581;7400;28164;16909;27914;16188;13782;5730;17379;14693;23683;12074;28258;2466;29142;32080;30931;11749;21389;8427;5892;3730;32012;18973;4507;1667;32595;8506;7596;11343;13614;31277;21131;16588;1963;22296;12767;26322;22225;32315;30200;2114;23183;10007;6755;3143;4083;723;21179;
17116;1693;9182;25537;10639;8818;2262;4783;28036;9621;20137;7882;20156;5779;19962;31031;18583;22237;10182;12047;9112;32124;1351;14774;21609;18944;3864;10600;19487;17337;24475;24084;7614;22826;29848;17006;7424;5051;25638;15680;23122;13230;22735;19712;8224;18516;6383;424;21842;6273;7517;18626;26903;28477;31565;16322;11233;8380;9589;153;14769;23441;18543;7303;22932;6686;18015;14641;30317;18511;5589;1011;5366;29064;2037;28535;27394;2779;14805;28551;31749;11647;13606;10015;24277;21885;1047;15559;4274;30893;15478;18719;31109;2529;17944;5052;1381;15456;24700;4658;
30559;7062;11179;23922;22903;19209;14434;4439;11754;655;25459;19067;17846;6847;105;13903;24668;15781;5995;26987;30949;4026;14947;28706;25635;25874;13663;19802;9273;22232;7735;23450;5470;19704;1904;17509;22493;20507;23136;455;7008;14296;7315;7725;12143;2344;9326;9850;32052;6427;274;598;20097;18378;6531;9929;1556;26509;18186;22282;11545;9326;28375;26513;31216;32733;24299;14195;13361;13477;29237;21487;6637;5918;16379;31300;10807;17828;23164;27590;30947;15689;24788;18481;28558;9927;26655;25149;8159;28601;32737;17011;2827;1034;21926;19518;671;15277;15333;14661;
1658;20622;6186;24312;17432;28873;31860;29289;6935;16667;28636;15966;19187;25493;10872;32676;11797;22168;18559;23462;9740;16381;14510;9534;7450;30868;27114;25546;16626;27600;31782;20611;23232;8128;30855;15882;26730;31041;21702;7748;23317;4211;17879;6760;7916;10601;9672;29014;20508;9509;28907;4139;16675;32451;7735;6418;13899;10484;22252;19549;31345;24494;20854;2004;12555;16930;21396;20556;2410;18671;8121;6524;14140;27797;20915;16397;21588;4140;28298;27120;4014;1110;11179;16628;19885;13938;12613;15256;7592;24594;23540;26653;10405;19119;16797;28128;32100;31644;32153;14567;
23968;23609;2069;954;28817;12905;7352;13172;32437;32070;29831;14873;6864;2579;22278;29482;23602;21873;18080;11895;3640;3286;19529;23861;30997;17468;9826;5456;10194;13334;24285;24323;20372;5000;3233;165;15390;25303;17456;15558;26006;14879;31623;13946;5004;28740;25926;28661;12600;11818;1808;5976;14083;16937;3893;5579;19786;18363;11662;5324;3166;30584;29609;28102;32207;13125;38;14310;17130;8904;31073;26666;1152;29727;6994;14267;4073;5329;23729;17532;17737;30468;28509;8163;15122;14065;8190;16392;15050;13462;22761;1787;31503;30122;19525;21595;15064;25558;2412;21796;
8701;15138;404;1481;2810;15534;16303;6787;6640;31138;22416;16872;17644;19047;20558;30143;12652;17944;3565;19987;2847;20019;32315;2694;14317;661;3321;17896;3383;12709;9019;2056;27232;6351;13842;10698;23692;2356;10343;16250;12199;17567;1066;32096;4266;9915;20141;19093;9497;28292;31818;30229;15312;15356;18252;16916;31488;5663;28173;14742;12149;3352;7259;1082;8474;19637;1056;11350;4286;13081;26946;2889;17176;16305;9417;20493;15625;28265;25408;21516;5410;21279;8797;12853;32358;2391;12772;21582;28753;19505;15304;27276;4121;19097;6035;353;16179;3006;27913;10645;
29465;30661;27144;26264;14923;22718;4019;22295;4755;26583;23248;19405;29838;15055;19309;16540;14440;9646;4042;27612;14311;25780;22131;22515;20907;8847;2989;15141;12724;11985;1555;430;804;30880;26241;15886;28486;8623;12081;29605;3536;15726;22052;28543;10853;4222;22212;9073;862;25704;1735;14181;26058;17294;12886;17650;19123;12642;17263;28976;22948;13013;30856;22730;29799;15123;28277;596;12307;20589;395;19167;24391;32150;18950;203;4528;25363;14248;8413;11473;31981;4259;27025;515;28841;22457;14514;1466;30585;23970;26407;3083;14516;430;5904;11883;10372;26027;10258;
16058;16095;6409;17902;27520;6840;32572;17753;31094;25974;30050;17160;13896;2725;31526;14602;2201;6123;25316;32346;16711;22846;19726;25781;4593;1365;29390;26793;19639;3676;1004;10223;20801;27372;7155;4602;19203;27450;4751;1744;9407;28303;11066;22553;21835;3320;26647;24693;27028;2366;1054;9491;28643;7960;22650;13696;10335;416;12591;15804;7892;7684;21760;32403;4530;30334;17552;8234;19033;10630;29895;4825;19091;31046;2167;29240;29538;26446;19776;7805;2301;14473;32689;5;14357;30063;6831;10544;92;14973;13851;19058;10312;27874;14511;11431;7700;10108;24873;9639;
27145;29698;27308;15131;5627;9347;20579;26511;11798;24847;29799;13768;16091;15796;11747;9815;29797;27820;630;4974;16113;24788;3800;1779;8349;29792;25281;14035;2160;26573;21510;7065;24219;19736;3333;21823;9726;13102;23108;21059;22254;9635;31573;27902;22326;21670;31485;29490;13147;31029;21141;19426;32037;18829;23727;12134;29530;4581;23293;9662;22221;17755;4975;16167;4247;6959;18588;15084;3493;3119;4451;4223;29555;17522;21458;3784;4630;23881;26438;1469;14208;29555;8660;11827;18432;28048;21736;17395;16392;1752;32044;1553;819;29197;10668;4473;7302;10414;24119;18891;
21495;14958;29960;17513;15659;12517;17318;27086;9092;23428;1800;16673;30555;6094;23293;6665;8330;27077;16587;2244;23086;30883;30998;26739;31659;17355;13572;22456;21232;9215;25247;25475;29692;27859;6267;21545;8608;16994;25752;20663;13191;30527;649;19589;7541;1711;15574;29454;31692;32533;32160;1534;18772;28845;21123;24973;8763;13437;26561;6924;14427;8073;16028;28093;23740;30279;8963;27112;16986;13394;9329;6699;24104;31842;5651;4882;2132;17532;23081;8424;17101;4710;31918;1996;18691;23646;24891;2567;19694;25099;2089;10396;1361;4532;12022;21025;28992;19888;20457;29646;
29920;9758;17657;8404;13166;23254;4588;17391;19074;14751;6588;3903;21141;11426;17214;7764;18625;3358;20741;32392;17865;3678;28805;4497;9817;21736;17524;32342;2191;3576;28278;9218;17081;6956;23544;17239;14177;9857;23132;21062;10887;12926;13911;11708;31789;31407;27288;7614;27673;14421;8619;24504;19158;8028;3868;11026;15356;10125;25567;25605;28081;30213;25071;28845;26992;31462;21302;25695;25097;5964;26541;30012;8937;24451;16068;28678;1180;19831;8196;7731;2704;30571;9971;21056;3612;7918;26168;3656;6848;11275;17919;30933;24495;26817;8607;5110;23178;4275;26746;27282;
8047;2335;17957;10235;25138;21780;5578;19910;9450;6624;9418;31707;12208;18376;2214;32456;13731;15101;3103;6235;19248;26827;30620;13935;4496;27922;14541;3078;15249;3066;11662;16536;20378;31715;5646;10667;19177;2971;29232;17060;2592;30932;20017;22237;6912;2773;17036;4599;23412;17775;11034;27250;2513;18483;22910;6778;10844;11746;18112;6916;26125;37;2104;21786;18066;4990;2990;32115;29591;24447;24255;20039;21829;10042;1410;4961;16392;1528;9324;15478;3478;13358;369;27061;18221;6316;8300;9887;17691;31256;32449;18201;26500;25755;12865;6848;19552;6106;28494;27260;
9923;4392;14911;29784;7009;1529;18438;22929;18001;25242;21007;13036;19985;8480;24940;16205;10187;3231;21808;24710;28886;17564;10264;23149;384;5316;14705;2097;7435;29918;7477;31726;25333;17662;14200;15486;25981;6651;9986;5523;2402;11812;17214;11778;4846;18991;12627;22626;1075;14962;21648;20950;12437;9302;7693;25383;10632;20488;32655;6166;26779;14961;1453;240;23222;873;23857;12898;12447;3111;18369;30607;6339;23036;17343;27232;17972;4418;27501;26139;26862;7311;20309;2104;31582;21550;20456;13168;2341;14799;14949;18710;21273;7293;11516;3242;29836;14545;1588;26028;
28114;10597;25482;29614;14333;15244;29530;10413;17899;31808;7683;23969;5763;4444;19015;5459;15419;13068;16624;24943;32221;22913;29625;7642;29836;29417;11115;30277;19202;13726;24903;27139;539;25245;18340;16919;24215;3131;17881;11666;25627;13587;27485;30748;378;23363;7725;3792;21043;17368;2158;18253;6459;6790;2388;7433;22780;14749;11586;22761;11421;11832;28979;22287;18052;19639;21848;24308;14361;26992;770;16822;26317;2466;2499;12979;21084;8362;30672;3670;4174;11642;20906;817;8388;19526;11518;20812;113;4224;29385;5053;7143;15111;3263;18553;2068;8348;494;2666;
9228;21653;18079;12738;2057;27605;17277;20110;26031;27643;22521;12686;15765;15066;23532;30532;3586;8746;25726;18763;24308;15228;20552;18922;20327;22644;24245;24041;2003;15154;22190;18595;13815;13073;118;20061;30165;29076;30418;20694;19454;11165;4974;6687;5391;23264;31356;18861;3708;13208;2462;6061;23692;8824;11782;25239;12709;26341;26075;15110;31434;7522;28895;25031;13666;20044;29776;27696;21051;21703;5644;691;18894;12792;21240;28083;17861;8309;5281;25749;954;31737;18980;21275;21826;20829;2124;2285;24874;10947;29947;1913;2560;27669;459;25085;7637;21422;14836;25570;
13122;29526;10097;29004;22441;13684;4958;21999;29373;17023;9637;30244;837;23222;10201;5692;6429;30737;28514;11284;12413;19575;13019;28393;21117;28721;20152;6510;7897;21663;15660;4636;8946;20265;17738;28106;8726;20601;9578;125;13057;7143;15566;28801;22180;4917;30853;32697;27685;27261;1936;32563;9766;22631;6724;8447;25930;5791;12527;7234;7157;18055;15806;22406;8020;3625;7646;3412;2462;367;11746;7941;4505;11158;32101;2517;31583;19680;26096;12857;1634;8329;2334;31091;31918;16125;31229;20835;18286;28744;5560;17056;11442;718;20339;6343;6767;31292;29559;10515;
8903;10942;9615;26414;3467;5235;7857;15431;8959;4894;28129;21605;5085;13854;16467;22011;8860;21664;29904;14268;29169;12819;32346;10416;7319;18140;23059;16008;31308;331;7259;24111;13852;4814;22841;4769;6625;7525;27644;17920;13067;21846;25122;4325;13469;27426;3448;5108;14968;20919;387;4019;20956;13543;31;11932;27436;13337;6502;13680;6385;13631;723;3535;16418;25608;27047;24326;7587;12630;17548;10536;17675;26354;26745;5728;31914;9087;25813;30341;6859;21164;27359;6383;18486;30126;17485;30857;19449;20462;7475;28200;17512;19454;9511;23835;29027;11474;19363;3588;
29655;24365;7083;11238;9863;32601;31407;6014;29709;26395;20146;1239;19995;22502;20396;5913;10759;5455;2093;28321;9863;961;18756;23895;16057;8050;5535;13628;11878;24469;18419;25923;27527;22994;30879;22626;22792;14835;26252;19176;5837;25056;26455;2577;4851;17869;8882;20952;16472;22706;7431;15628;5725;7419;21855;31654;15850;11649;31363;17242;4019;21178;31584;11884;18362;30764;30384;31941;4629;5672;19927;27462;21746;25524;24331;5468;23512;25801;10936;5333;18480;10431;26659;21490;27395;19717;19789;17853;27653;6165;3610;30876;25043;16551;22194;14119;16249;13605;17704;11063;
15159;30560;9818;14143;4741;24705;31256;31200;20308;24898;648;12215;29335;4702;25288;26490;10242;10565;4310;15427;26385;9493;7853;2603;9549;18374;7857;20763;32203;12196;10061;14815;29173;9475;14811;29052;10124;28718;4292;20164;18414;19360;6376;30247;25749;18039;6720;28620;1249;11045;21441;25569;16663;15977;3716;28975;3753;27262;27685;20977;8632;10898;29801;17126;2007;19065;9763;24741;24594;20131;3928;28465;21551;6219;12449;16333;14131;6642;12241;10513;27944;12300;7640;17726;30;29177;21479;27343;1648;3894;11221;4944;15944;3285;6082;9331;613;30506;23802;20321;
31772;23496;30235;31310;13981;8108;24699;26704;30584;1463;22724;4977;96;31074;19169;27907;7726;29101;31006;30771;10537;88;7818;29409;23172;24918;4256;175;6952;7807;9255;3160;12212;7045;22871;21316;26050;7721;4925;20313;9837;9902;24161;29459;4624;11406;2725;27607;2383;4973;7280;24196;18268;27723;22796;21068;29043;22269;29261;15810;16295;6110;5492;27187;8929;13762;24914;8506;3110;13355;1969;22671;14616;15808;7663;20512;10688;21242;24812;22115;9098;20769;28711;9962;26001;25975;17443;5944;29213;16563;25616;1491;4458;7856;7847;16282;29100;30311;19030;20313;
2127;26139;20637;27547;6275;12243;2232;30399;760;23053;9598;17742;17126;18609;14985;7820;15441;25156;7319;11085;16267;5470;8496;18186;26106;21086;393;26420;11291;19804;25769;3272;27847;7263;21706;29732;8630;1488;9218;30489;3393;4911;1058;21825;12652;15365;21983;22163;14371;15642;29487;31796;12484;28647;30966;13200;18142;13902;21474;16298;22073;20105;5267;19632;22;9057;20224;25043;9655;27808;2326;9558;27682;13256;31906;9956;11555;4357;12400;9254;31120;13409;11444;31637;4304;3895;20138;16781;29086;12778;32634;11171;26635;12758;21086;17977;15554;11143;19974;10320;
27024;13609;25916;6557;30500;21824;25284;24286;26643;20890;19590;8302;21791;27265;495;7959;7864;22069;6548;11048;22467;4249;16920;4552;19867;21292;10832;29834;20821;18747;13478;16194;9801;21589;31163;12310;14797;29952;24145;9688;2116;11178;16487;10387;21336;26082;32677;24675;3459;19400;25851;28298;7892;450;11654;23745;26352;12913;15539;5836;8279;29924;14758;8785;2280;25355;7133;2282;29608;29806;27408;10361;10175;28958;13916;23996;12483;4332;1697;15649;1081;6874;20521;19931;8281;6351;10122;31541;2066;29583;15821;12326;16462;2793;26575;20774;12919;7731;13544;2113;
6202;6387;22731;5994;21643;6111;27821;9489;24041;14856;19370;14072;7651;4690;3684;20290;27099;19751;27117;24525;30986;24172;30183;1985;31684;19380;7657;20329;14333;26292;16933;22082;20237;3064;19272;10066;4272;14804;13730;10171;32593;5020;22407;21392;27016;9495;26357;15591;15585;31282;630;304;30175;24306;16712;10437;20800;23468;3772;9410;8835;16760;21724;24342;29608;23267;14928;4314;21047;5348;30595;21218;28035;13330;1793;7314;27184;27155;13604;9459;3827;24408;21231;23046;11929;1287;4154;25177;29515;17209;16655;23767;28432;22374;4693;21220;5523;30493;29099;4266;
807;2809;11415;22445;13576;5584;2784;8102;5859;7213;26680;22926;2457;8193;4382;26873;18241;1173;26371;18341;18540;28355;4012;1875;3756;30054;13271;9685;30807;13839;4385;26473;392;8698;25383;11077;5735;5952;26604;28275;23210;6733;891;28895;2652;17301;18125;12463;22493;13699;24044;12242;27435;11954;10585;14300;26207;3168;1707;4113;4987;20768;3194;22975;8034;974;15739;1746;1576;31432;30444;7842;5260;26459;7731;17679;8899;13692;20930;14288;27768;5049;8509;13832;10768;14191;4319;1562;20274;12604;27674;3519;4743;26039;11133;12374;8894;32351;29147;26491;
11476;26322;25770;18906;6034;10816;25513;29765;6231;17694;25542;2309;1303;16159;28990;14702;1956;8544;7430;3511;5676;7394;22890;24328;21763;30014;2548;14291;17827;916;19087;3688;26354;26053;12780;3524;10947;11746;4901;24746;25758;9700;672;13046;5572;31645;8759;23853;14958;26862;30869;28248;31830;11323;22499;2067;28280;25884;6053;16609;13850;10581;9694;194;17674;26121;13179;3080;2343;24874;32750;12390;13602;28468;2074;18506;1670;12571;7279;2156;11510;28289;8790;19367;14006;24621;1231;20745;9838;32441;6232;8230;5674;10634;30226;1969;2980;14854;4639;27213;
25030;22272;4430;19872;27499;7287;8698;24489;13158;27521;23599;26196;32197;30338;27919;19788;28247;23969;4468;17937;30827;28541;9175;11850;31707;25115;16753;12380;13129;6180;19103;21051;22441;17997;17035;26241;7423;3350;21001;5053;27754;23223;29119;26125;32610;10583;32649;7919;16446;28032;17180;14164;5113;18640;9705;18422;28981;21745;8772;19436;26752;6859;11717;29051;471;2551;8942;27952;4968;1143;28175;811;30108;21157;359;15038;14421;4970;21644;28727;15733;31920;29453;14585;23711;26;24149;19922;29761;10226;18130;28552;3026;16483;24663;31157;27480;8424;21951;6101;
19502;10756;8148;20638;1796;19252;17263;23440;25383;9506;15072;29900;27395;7195;3727;9001;27110;28355;24804;9349;30470;9479;29029;29785;12742;27476;23326;8336;4917;11782;4678;24730;30935;2340;25887;8892;19625;24650;1054;938;28255;13030;21836;25687;16880;167;5868;4620;1876;21043;5470;13496;24460;14873;30787;30599;8932;25094;27362;8117;27765;30779;9163;1445;32493;4414;4025;9261;26259;20944;9149;12852;31877;29984;6809;31360;12100;830;8554;26057;13427;19410;14219;27410;2012;30990;17845;23097;23476;20193;12395;13516;24096;27246;27029;2334;30712;5564;17771;922;
26826;943;5780;10840;25634;2103;21903;30446;5128;8391;22355;17033;9419;24841;22322;14396;15869;6096;22531;16791;3263;16462;8320;8572;17215;4999;22253;12590;12670;19973;32763;29611;23383;32205;25835;29500;12221;27795;9462;7498;17732;31274;30189;4211;16354;31550;22557;4317;17399;28741;16757;5834;6796;10419;1003;11117;27352;9837;29467;2045;11529;21889;3377;11015;14913;27668;11018;22536;7646;1692;31638;13627;3070;21583;20097;31664;8514;26586;29202;28062;20435;87;10323;1786;7587;24185;30578;7240;6134;31242;22887;23474;8224;11160;3799;25687;30096;7787;6456;26597;
8461;7866;8247;2666;9536;6174;18006;29799;6259;22598;12506;19239;2968;27117;18148;846;25229;7177;27614;16821;414;2373;14616;15989;29772;13234;31411;24130;29004;2233;29631;30203;24531;24917;11680;27774;16913;21119;22198;11969;10491;25065;29757;10783;5454;29422;27505;16623;27089;32713;9718;27995;21210;29446;21880;1648;18195;13623;6799;23409;1406;17128;4837;6513;13495;24277;4762;12064;1914;13402;3303;8934;2660;32298;28674;3886;32510;1348;30786;14597;26615;3107;16004;29923;10929;31285;1485;19912;27136;23439;3121;8843;32302;2271;25331;11631;11842;2978;4589;10744;
3713;4759;2610;3325;10294;2675;11251;765;20143;11990;25503;10423;17800;10110;8782;12788;7212;1467;13664;29352;25240;13858;16737;32313;7010;14982;25648;20767;3834;16420;16993;14509;25649;26142;991;27950;8695;18475;982;4660;32361;8588;14288;4397;7947;7234;4638;567;11857;8318;25465;5942;27237;14425;32745;15651;4388;23493;10982;26535;19817;14531;3773;15080;2447;19415;17206;1955;19249;23737;10100;19835;31796;13134;4892;14224;17672;6358;8890;18260;23594;31079;9056;8602;28398;14746;24976;12784;1915;5252;24411;6191;5143;5608;13771;5200;29605;1194;9599;25729;
11115;20871;6805;18808;10777;24068;10189;9480;15367;12196;15594;26354;5311;25438;7260;15357;4539;30030;21533;13129;6768;12459;15833;19936;16779;23545;19025;11406;2938;30080;7169;20467;32302;5116;13568;7894;24095;16278;15401;9916;15505;22291;7544;19129;15126;21836;2486;21639;10325;2782;6489;7125;23049;8226;5798;14305;26701;29536;13080;28489;11798;10047;11269;23071;13057;30080;8831;27195;25167;6636;10873;19925;13101;27019;21802;24659;9785;27159;15031;7519;15427;32176;18188;19005;19024;30417;19978;18779;20197;10371;10984;19498;11394;18129;28371;22317;28012;11131;25304;19536;
29871;21231;24836;28538;16484;9588;18634;6501;8496;24745;4772;3246;2829;13614;18173;8488;25421;27809;23631;14710;28636;11212;16521;14041;19397;9500;4531;24390;1271;20309;18900;27068;18250;29829;25108;9428;14525;11575;12574;27546;27393;7144;2248;23707;1596;31935;22262;1855;4359;23928;19899;857;31160;4514;22210;9981;17639;14090;21997;20114;1323;24183;32571;27431;37;11415;17391;19211;9408;1850;6895;20631;14006;8894;10346;2895;21335;970;2237;26410;13190;18752;17048;26157;20228;21100;9308;6206;17649;5506;4296;17720;11663;14919;32469;32059;14666;19726;12510;838;
16629;7654;26372;17927;11095;8210;4305;23281;19430;23993;16924;12176;7890;21471;28460;25881;1605;19092;13344;2630;27882;32107;11149;10080;29100;10286;6250;20637;192;19408;26409;12973;32229;16291;18983;19856;25578;25291;30022;20906;32113;499;15576;21273;6900;17727;7104;18246;27141;14977;25811;186;20954;20399;9093;7476;30984;20885;28609;6648;22671;17095;14616;617;23;7898;19742;27866;28537;24019;7441;14754;10625;19424;1724;18542;25587;2374;9371;6108;30923;18075;26944;837;31945;4405;2549;4825;7981;17378;31907;4594;14016;28633;3315;24482;8211;20977;19634;11662;
20747;10257;25466;8448;17821;31464;399;2615;10711;12254;31239;9730;25888;30538;18478;7565;27328;27365;1064;14458;29603;28799;2776;30003;1369;13552;23809;31615;27234;21330;31147;7508;32681;31853;14281;23021;31566;12915;25368;5915;4264;27886;8266;1248;5515;14582;23652;24378;3270;10663;19301;573;14832;11474;14888;1124;8805;6131;14219;19241;8075;355;22737;19923;26202;14799;7493;31376;10267;31209;13600;29123;12399;6237;12205;2975;9364;23559;21675;23541;18404;15971;11507;10314;27038;12869;32347;1069;24553;17098;16089;1992;13334;7822;17132;21684;25638;25375;11063;23826;
23948;15538;21871;8407;5428;11797;21624;21863;24771;5349;13259;11110;29985;15873;2587;9930;11829;7742;7992;15669;1007;861;10547;11907;20620;20794;25795;19358;19477;8005;3303;8090;24873;18998;30157;12030;16125;19965;20211;16735;19617;31736;20620;26932;24965;24937;22565;15845;26427;29223;14472;31781;18558;19348;16609;130;20852;9166;16159;20538;25904;14634;413;9297;11387;21982;7170;10976;8660;15357;29542;29360;7861;3497;21942;13575;19992;1412;8281;29122;10298;4967;14867;4516;23455;12631;25642;750;18262;1204;9928;1072;27262;8116;23713;4446;27913;30480;8661;10022;
9664;24573;10776;20609;16775;10846;16912;12937;28643;11064;32766;2698;14521;19302;26529;21083;24409;28302;1368;32495;30394;18003;17542;3367;2823;26060;1338;20714;1115;10549;13584;14968;9930;17893;28498;1531;21408;5760;26723;2400;28653;30574;10334;5220;5185;18316;22778;5874;27060;24865;10929;428;22569;7955;5409;5320;27092;16987;30386;4381;2042;19382;22393;32637;29944;7581;21340;582;10119;31352;28535;25908;27454;13071;24255;24441;27225;6465;31205;15376;1208;2808;28286;23630;6187;10588;26976;18618;7660;4167;16463;17438;16749;8697;24281;5342;21588;15118;31358;30857;
17348;25261;21012;30126;29407;19201;31850;32753;7817;13805;2604;8797;11886;4603;32518;9212;5958;25494;26124;23205;12888;20090;1370;8214;11836;21352;29943;7491;31974;5662;7424;24557;25312;16262;24322;28277;3031;20526;28327;19955;18521;30456;7573;11907;22749;16403;7827;12767;27140;12329;1005;51;9758;8154;32026;7980;32752;27498;6045;16210;6837;19126;1833;29593;29538;25965;14600;1842;12078;30588;14014;26023;13138;6602;7145;18727;27149;806;9067;8991;22764;21886;4043;29450;27720;19281;29401;32649;7184;22886;6289;9654;19913;6335;6466;12981;6098;3273;22256;31629;
18925;6613;27126;10038;24315;16331;16623;24308;15367;27933;30679;22755;24710;32251;10862;28882;27613;15302;17885;17236;7204;28870;7580;32533;10794;25631;18323;24683;9913;20993;896;2861;15643;13344;12696;14024;32476;28260;7281;24719;7378;13281;6687;30803;12635;14345;18590;15156;32742;32;26992;12470;19893;26865;8326;32280;14305;13504;6756;993;10910;13695;23937;31163;24000;26437;19180;31876;31358;3835;4661;17059;20086;12633;7307;27288;12274;30225;13090;6103;30570;19273;25816;20951;12874;23887;28439;22886;29428;13960;11773;26687;25097;7082;22458;3806;29925;30763;1850;9363;
28008;28410;23045;32214;1788;25452;9571;23770;29907;3705;1731;20581;5489;29736;21341;29918;32619;19784;11031;19368;19310;14689;12965;7342;16258;19690;14581;5695;16272;20412;19402;7965;10018;16327;32679;3792;28779;27652;28398;16448;19591;15274;13385;12931;4356;30117;25673;11252;7840;7236;19021;4997;9556;12594;27814;29782;27026;30119;7160;24454;28364;31455;4579;8265;11061;5836;25315;30266;10443;4360;18293;18931;14229;7181;124;4059;5417;28328;23266;19776;11634;4523;5762;29606;22704;13795;13382;1630;15040;9801;28556;15962;10142;10876;26319;8255;12584;28015;14211;14524;
16933;15455;4416;29467;27269;12809;1059;15893;16618;8729;3698;29419;32104;22757;11646;12978;12681;859;30158;11758;16789;21304;30329;2659;784;13180;27604;23336;9347;8474;1357;24317;17024;31731;17047;30942;19936;25605;11272;5849;10063;30432;27199;31516;5131;346;265;6994;28648;31108;12678;2608;16536;21725;18311;8010;3625;3781;22075;20780;9423;29492;10251;30118;9188;427;26050;23655;32301;31851;14577;30669;20319;30694;28050;2044;10977;32371;22251;31790;18388;7237;31669;32330;11857;26526;19838;23735;18929;22848;28492;18034;1427;2341;20355;3422;21593;9071;6408;25308;
19444;10658;16295;17052;13346;21521;11186;32691;12148;10134;18667;10221;24917;4998;31908;12644;13640;11236;18213;9809;11121;21461;5198;17187;20055;27732;32638;15054;13800;23335;3763;5478;15294;32274;10482;23788;17568;24138;19433;3176;17228;14380;17619;30007;22643;11055;28828;3751;13318;9752;18245;25537;7088;25453;13963;4966;15012;2603;4035;5790;7832;18107;3337;16684;1553;28707;12697;12390;25570;3450;2429;7235;15343;20382;3177;16054;15671;21289;10211;17722;15634;16032;13478;174;30646;4334;23369;18276;14848;13329;11292;15733;22642;10260;28243;30551;6008;23101;27238;10929;
26863;31879;13239;24941;8935;29010;13686;25359;5032;8026;1729;18502;5876;16870;18960;27841;4236;2370;7121;13124;28662;8046;21583;20475;8572;25880;8408;3342;4216;31432;14367;15733;7887;27227;11743;21006;13756;1202;10689;17645;21455;18347;1408;20211;15413;24656;5707;7074;11065;7503;9579;28463;13323;26027;23589;29401;11200;1968;9954;7034;17819;29740;21389;24156;17547;14812;28477;10317;26100;21797;10004;19190;27058;10244;12391;21608;23388;11848;31774;1272;197;16895;14686;22349;4553;1070;27494;20151;7494;15813;5815;32706;16232;19665;18808;1804;3370;29172;792;25171;
22809;4626;16181;24530;13659;16462;10173;6094;22257;9269;12883;9324;15929;4152;11508;3013;18615;23648;32218;4156;4116;22845;6816;23312;14951;28448;31400;13613;8116;15754;2234;16968;26802;20195;22509;29226;2770;13423;8139;7244;17788;7807;17328;31141;1180;17636;26995;28864;19549;13225;25416;26641;4660;20482;28901;4745;10017;10623;7140;27240;5938;27525;13161;20051;8776;767;11012;29862;12829;19537;24793;10507;29062;23949;3838;2124;26870;16618;27684;11877;17476;13170;16250;2782;9646;15354;27598;20311;10781;11863;13813;11365;683;28367;19054;20636;18274;2510;17986;24045;
26438;29658;18222;18739;22934;1481;18180;22536;29776;2354;17999;12509;3059;26913;2614;12618;16520;23311;29091;32418;7139;5137;9636;1227;25895;24143;10513;22348;19848;8888;2927;10408;23125;15092;17172;19435;12341;8090;29324;29826;9137;18084;7484;10319;13042;17952;3909;6141;19660;3880;31915;20881;2300;21779;7095;322;13742;29933;16025;13451;24131;28965;12370;21374;12112;21894;22737;17499;23530;5992;27740;28001;26657;17960;10802;2276;31946;8149;28271;32672;10370;24108;6959;15693;12783;20423;7414;13172;24393;4497;3664;32384;22297;31869;16052;24856;32321;7032;8366;2476;
30525;15772;25406;22094;9896;30886;14971;2756;24834;12202;7035;11483;9648;29189;28535;31486;2884;18068;555;12550;16639;14115;12156;3924;18836;12328;5213;22557;21295;2226;18163;14086;20662;18076;23031;18161;14415;29446;12125;10774;2850;4869;24115;26709;2656;6298;12235;1994;15748;24545;30748;5027;11737;3211;19814;1326;31548;23438;25365;17206;11811;15643;3048;11152;27358;19153;10066;23281;27165;28208;32289;9987;23219;19280;21085;32439;4249;17363;9843;9436;9526;9752;32658;30961;27869;23729;10070;16951;26008;12824;12452;12555;804;31901;17365;2675;31804;18083;30230;12791;
32027;18188;12302;1458;25404;15858;26562;16552;26212;2456;12726;22362;21218;1952;27989;664;14613;5758;4243;27799;13872;19244;22225;13379;14906;12063;22273;15062;28505;6779;17674;28586;9807;32387;25198;3659;27717;13395;25130;721;11720;9169;17374;26733;2833;22241;27181;22081;16777;19672;28775;28277;20108;8756;869;25479;12141;24714;16821;26594;25275;2751;26360;15283;3779;14715;18055;19704;29014;23515;22877;7641;31949;28774;25393;25916;17993;19011;29410;7572;10560;13993;16920;30201;17461;5782;14377;22910;12998;16580;5177;191;10476;16345;678;16825;21375;16605;8611;4575;
8696;17906;14626;28266;23931;28991;10744;7920;12565;31790;22587;1592;1858;11991;5359;30029;24754;27580;19170;13521;2124;9142;29397;14484;18548;17967;4828;12645;1417;402;19720;28968;25010;26624;16706;21801;19931;19525;18042;10928;11258;27402;16130;16854;26263;13387;3124;8854;8587;18700;25947;6183;26632;328;5585;1673;31705;3627;26212;15967;10731;3201;13822;17148;18445;7021;1414;14016;16372;19294;31489;24997;19330;31039;8189;1557;17992;27118;24367;30719;14409;14832;1371;10793;32256;30051;18804;9672;12709;27699;8197;8270;14765;5777;24015;9091;8336;7585;28083;31703;
6606;23667;7635;24822;22580;27957;18421;3230;6491;5799;22824;13229;2675;11727;31913;5503;27198;16365;28167;5494;3167;6321;13958;4826;8661;30892;22977;29412;27331;4101;13716;4373;13682;4461;6457;2508;20120;29012;22449;4888;18139;9565;22886;22475;12689;30736;28942;2256;16586;17616;30674;6334;25232;12300;29872;21932;17261;12217;21278;21832;23086;30719;27888;26403;24807;8242;27515;335;24375;5125;17403;23340;10701;9466;21298;10879;31531;20509;23634;14020;2474;3058;28445;14022;16063;12972;31051;11372;29564;23711;1836;13014;22106;16120;30606;29352;24117;25260;9953;12454;
28312;18350;21913;10882;4411;18533;19924;13809;26826;20829;3133;22020;16616;16701;28720;15030;24436;1273;14111;24258;31499;17480;18228;14263;31438;12889;3383;11341;25445;22209;29107;17658;5444;25273;10580;19137;16428;26246;25748;18507;12277;31544;8854;8504;22156;13463;11090;13239;14136;28507;29939;14420;5921;20379;30845;21522;5906;904;14771;4282;6782;7771;1592;12146;8129;8076;12276;2449;28073;31301;18105;29618;14901;12566;5415;22280;11932;23018;25805;29937;27793;7738;19856;2253;30918;2944;5201;15376;11951;18415;23754;8342;8584;32609;12985;9527;3737;7313;11841;14492;
17593;8842;14221;3664;9489;14943;11702;14874;8482;18717;29927;5515;23050;8702;12223;9171;17666;10463;10230;26585;31020;30964;10820;24714;2700;25531;22910;8048;5715;23598;15619;11655;25700;8765;3670;12877;16913;17019;2572;4377;31269;15896;18409;28845;3624;28431;24134;24846;5342;31904;21685;5012;25105;29697;10728;22845;23440;22865;28879;23366;8056;17613;18689;16893;24498;24646;13917;15825;5821;22739;7153;9899;31150;6339;24091;9601;19317;24021;28653;7208;30049;32684;20438;16233;2279;31357;14207;5976;3743;4619;756;23009;18063;8405;4868;21412;15788;26509;12010;21251;
23710;28877;10541;18808;21444;23814;19396;5932;2168;10937;20350;13510;26516;20201;25249;12161;16692;12752;721;11138;4542;25553;11828;24680;23584;7854;12244;17444;31065;26363;2885;22539;315;25042;19335;19497;12399;13001;14637;27865;28601;30241;15295;3731;24701;11072;27230;27652;4739;9057;4006;10852;18167;18571;9433;30724;25780;20671;2105;31014;450;12662;29365;30482;9756;26443;28872;1382;11191;26100;25247;4526;24513;17526;18298;4404;18726;31129;22612;16666;14425;15514;13766;11429;1105;24097;11561;28124;6354;11634;22779;23634;14829;15847;8323;7744;8394;8350;23224;20438;
21925;26223;6240;13523;27415;32289;22901;10324;32407;17117;12748;16105;8768;20194;8441;20206;5077;26235;8557;21273;25858;3886;13025;23375;30948;10039;25592;32700;31436;4405;7967;2594;12864;18466;16056;18801;22595;28552;11385;17305;20951;13298;4110;14748;29631;4001;20742;12775;13193;18305;28652;31970;27084;13404;31412;26566;2479;11340;8282;4527;29098;8310;10181;5874;14737;17141;19953;1712;8654;18709;20301;22187;2029;7618;8290;18777;1119;6208;6582;31287;5495;2844;6896;1120;31673;16226;26940;30558;11092;12304;19697;3648;30445;6603;12914;23788;22430;13009;21074;26551;
30271;7983;9403;22835;23012;30004;9232;19016;24486;26149;8913;20615;24487;24370;14527;18106;9040;13993;2881;960;4317;14698;29959;29592;12316;11419;20717;18107;27761;6044;27682;11183;14366;27197;25481;18137;29889;21295;28767;23699;17694;23225;26655;24958;11295;5548;29602;25881;7449;1177;16779;2707;24913;29505;14306;990;30399;27725;26879;17157;19474;5440;20394;21951;32244;1705;5760;8004;31118;29853;28313;25695;10319;15204;14695;24005;2281;9331;2529;17573;22941;30618;16609;3456;14265;11391;18635;17723;22623;20555;13424;17523;16007;29603;17714;11536;4679;13530;7272;26141;
32083;14949;7172;2519;12480;12687;14963;31235;30733;9582;19908;3717;32099;16917;4621;4655;8988;22539;28426;471;5763;13308;16648;16812;32730;7855;10497;15562;29602;6456;10249;8971;2326;10607;2536;14624;14841;19104;25353;28385;28561;22148;9619;12258;24820;31344;4565;8775;9858;3277;1511;18393;9907;22216;28814;13657;16403;9802;27489;21524;21642;15403;16426;25015;6625;27299;23951;8805;21378;30721;32498;30983;22911;6559;2965;23011;4310;6933;28930;19313;14580;1453;31914;26985;12919;23575;30924;7713;9016;15966;4248;1558;7049;2587;16277;12744;8379;19177;20544;14796;
16612;3864;11766;22812;5086;29862;3603;433;19859;618;13404;8020;17784;8595;22170;31921;5976;19281;25480;32429;16723;16082;12527;10745;25382;21360;21776;9959;685;15145;12098;14205;31142;18767;25564;21449;28855;4480;20309;24691;2995;29401;13482;13209;11033;25447;11008;23510;26333;4062;3723;23972;9835;9102;30894;23269;31210;19602;868;22716;6333;20555;23518;6049;10576;17421;26734;12725;13841;15895;1443;29522;29628;4809;7862;8679;15580;29201;9508;9475;26255;31015;11165;17839;21129;3194;10269;30721;25179;3562;8537;25326;12277;17207;19292;6752;12138;185;22386;16264;
7668;27730;31557;31606;25144;27810;29510;2023;16843;6265;1102;14942;4084;14994;16517;17782;14772;15742;4996;9334;21251;5086;22966;25894;2397;28885;1796;17377;8061;25789;8369;19948;22121;12825;3714;32262;26542;28363;1827;1856;29933;17800;7110;16911;4246;27528;9997;28576;17396;7810;9002;18283;13930;16087;11077;779;23036;23054;11293;23629;16656;14720;2035;12679;374;18772;12708;17451;18599;27566;789;17819;1354;3108;21203;9791;18941;1906;3323;23254;19793;15214;21336;3081;11030;21310;26828;25670;19162;9160;27633;28619;4012;11370;9471;17153;13606;4075;27377;23308;
32170;6578;25571;27808;5611;9014;9407;5398;20911;28086;29720;8639;9684;17450;13398;24952;913;31097;14612;13438;30975;5868;3014;20100;15064;20195;25503;24323;31614;1991;21682;5074;13119;4927;31319;10742;15831;26023;8400;187;28982;25022;12844;25348;4484;3230;27244;31455;18019;15858;5861;9052;30068;8291;25829;3232;9756;5715;921;26165;21128;22222;7470;932;18926;22205;27447;12102;2070;21085;27215;8023;9754;2800;28927;16716;18538;3251;11746;20326;11794;4367;20742;25736;17728;20755;25750;582;26880;23586;6326;15678;11339;18153;1711;939;22080;18068;12108;12855;
29617;3138;14468;27409;8673;29878;11864;25408;30348;24655;19199;6711;10536;18234;2625;12201;24939;24038;3105;19358;20237;23992;2750;19655;28367;17921;26491;12558;8380;10541;4958;27762;29615;23101;22198;8722;18965;3703;15361;29575;15348;18267;8716;23159;23085;6362;14684;16487;14078;8131;28877;18641;22474;15486;5497;375;29725;26108;10715;27894;9707;10478;14389;7070;28440;10037;9262;18049;14397;11162;16320;8394;11434;9664;10065;21329;6055;8790;10528;22124;9984;5009;15331;7687;14016;32218;18607;19447;2620;23748;19479;23691;5715;21568;4760;356;16629;532;5173;7815;
14818;905;13150;7601;20660;868;25366;3051;27680;25624;30805;13661;1657;23098;10923;13159;21365;2869;2087;8430;29492;1087;24695;26868;22142;7564;27472;25452;14413;7617;11793;13388;20619;12715;25763;8419;9244;3121;29091;20333;5663;17031;6595;9445;7793;14501;3693;13594;18803;12792;2986;30981;25870;23127;3395;16218;32500;23352;24358;2909;6184;20772;3338;22007;12736;13672;30038;25865;5866;4110;831;11520;2093;1547;21553;28842;11249;6074;19569;4936;26690;9097;24320;20708;2513;243;3266;20708;23611;18350;24287;18144;6030;5925;24682;5553;18186;29224;23361;10442;
3364;738;23604;30668;26833;23308;17001;26708;24576;1121;24062;535;13160;30034;25073;10546;32645;15866;11581;21179;28381;340;12102;26524;24968;3756;27511;18849;11759;12115;24618;11983;24276;31895;21704;18168;4755;20978;21297;24460;24487;12162;20574;31154;25199;8377;18501;1687;22578;31574;20732;15878;27490;2708;26914;17210;5405;31393;1403;3056;14329;6225;8666;15808;22529;14612;22852;30124;5115;24358;18770;11770;17389;28165;17623;13887;24799;808;6595;29117;6625;18158;28231;20462;14928;18901;31034;13153;17750;16876;6588;15045;27312;15499;4633;8260;14516;6209;27120;8978;
12178;23310;15252;12101;6618;14546;28850;14311;20030;24070;12852;30537;16026;21162;3942;2459;30769;2430;8279;5562;31033;28533;10115;30793;32667;3943;30382;9475;13556;7686;6931;12879;23519;531;5310;17173;25206;11474;7479;17105;32278;22203;16736;10214;13411;29810;21152;12340;30092;30713;29505;19436;11217;12837;16919;10915;25666;26702;26979;7846;29897;29259;5366;19086;17258;29853;5018;19732;4810;2795;10157;24358;30702;30383;19215;6202;23878;9774;27199;19682;14058;10157;23232;15264;19491;23778;4290;31740;14893;681;22526;25557;5179;24824;5090;22261;17596;14101;19182;13544;
5085;14342;350;22797;30543;11082;9993;24813;3914;1478;7305;11468;29906;3842;5020;20094;15673;26261;20170;23164;22245;32222;1096;20279;9043;23029;26653;1708;29276;12769;8579;26169;17079;15628;12176;16559;27584;17908;277;7848;5239;21794;17351;24859;7116;2144;11932;29229;22042;27175;19320;30794;17393;23895;1033;16245;9752;28970;30191;19676;4818;12651;21025;20656;28769;18147;19340;27187;30921;31765;22781;29203;10966;31275;20032;16118;19552;21039;4234;6230;25038;9854;27156;19343;16089;2170;16649;5942;5267;24192;13730;24749;8359;26138;27535;26612;25058;9845;666;28098;
30194;26389;647;32725;1134;32455;15934;24454;23319;3799;29228;13984;8030;32388;8678;3698;14630;19121;30991;15651;23242;32221;13181;15686;19042;25685;20631;9134;20546;20648;5633;10116;28356;1116;9596;28822;18248;4319;10759;8178;20600;17600;24650;18100;16849;31007;32309;16156;22623;21347;15845;7140;22727;20267;4039;8656;29323;9350;14335;32646;26762;24166;23307;14240;8902;13650;15779;28928;3434;604;15332;8547;26892;24147;15278;17977;28719;16697;7755;8117;30220;13815;30033;8736;25234;30288;32457;4466;12203;788;11408;31523;19393;3222;15102;575;1409;16223;6854;12729;
25822;18724;12829;18689;5465;10742;14623;14040;17792;9657;13678;13924;8117;27095;22812;17023;16433;15158;18635;21333;19529;16487;3346;6702;3823;15392;13091;12168;15995;19436;24747;26473;20396;32545;24314;16371;31209;23058;24932;7737;20685;6535;2791;19793;5859;19050;30478;29611;11694;2499;18964;29344;18157;231;3149;25678;15132;29163;21698;11172;10558;26719;1819;19129;17370;25145;10435;29538;28484;1296;4422;1539;5405;13195;31230;29349;20765;5912;12526;12361;23312;29153;29422;15996;21023;19708;12553;25900;19793;22241;17699;9914;21842;1570;23006;6224;11122;21590;2495;5237;
496;9558;31117;31711;2425;11949;29178;30856;30700;29513;15494;30468;27744;10103;18335;18961;21608;4366;22029;11376;13974;14313;15757;5363;1597;31387;30908;4312;25723;23391;4151;6229;29303;6478;7937;4468;6376;27093;30245;29985;26839;26213;9116;19073;31141;620;24688;27782;26703;7557;10786;19905;23537;1515;2890;11895;13193;32564;22397;30966;16638;8508;24179;14377;13665;9055;23145;23659;8818;26603;7621;17049;13670;23508;17401;12651;3815;32426;27049;16644;23645;9929;12304;24775;5740;21968;4000;28525;2237;12628;15848;6484;1794;29653;10939;28954;29492;27120;22671;30315;
31007;20439;5155;32535;8993;8959;20325;13928;11311;15384;9106;9906;13080;17730;16031;299;13070;24702;16344;6141;25954;4706;18375;16026;28815;17682;16215;1104;2170;30571;6713;32029;25592;27777;6279;3268;11153;28492;19367;26656;17796;32414;25203;16569;8970;30040;150;20117;29407;734;9529;11345;23807;1992;25824;14704;11181;10971;31374;30450;1466;14903;29744;4648;7684;11473;32312;4552;31805;22564;4745;22845;17134;11812;3731;30272;5819;6004;29887;27820;2792;15832;23821;29838;14108;23277;22779;24188;23141;24344;20138;4649;12157;1212;3900;23350;22092;9136;11392;30794;
30381;22768;20945;8292;117;22162;9275;29296;11442;28668;28128;793;9264;13909;6298;31967;28482;14649;15330;1641;4798;16305;16881;25372;32330;3426;26660;492;12246;2052;7845;28274;12394;20758;2888;22591;20002;10192;13235;9329;14199;10074;4802;15748;23487;13627;7466;5482;13559;13332;31068;3549;24257;20110;28332;15092;7849;28305;20402;13300;16812;13495;25584;26217;29435;1024;5302;8054;28668;30151;24899;16234;15762;18932;24109;19347;17054;10100;17411;21079;27590;16614;20784;21888;15477;12695;802;11992;28962;9905;27308;8950;5846;10415;8105;5719;15336;6420;6115;6321;
7691;14429;25907;14979;31116;18484;7913;24817;24020;7654;31341;3023;11060;14615;22311;16892;7650;12981;16797;6129;2622;6186;12763;1177;11866;1750;2328;30820;15546;7100;4758;27287;1112;2939;3018;20710;23019;30337;30653;13636;9833;19835;16818;24058;16075;23055;29449;15350;26896;16334;99;4966;12932;2404;29191;4742;31554;5650;27525;19126;23288;31583;22169;16336;17130;12042;13649;440;314;3394;24434;1077;2406;3865;12057;10495;9746;17719;24734;12313;30728;27339;10685;608;26237;9416;19448;2661;25750;16717;9783;3960;12330;2916;2482;18181;28106;1776;22032;4132;
17918;10465;8400;3435;26578;24490;27625;4358;5265;32757;12205;3850;6353;27029;15347;2567;22191;30908;13429;11741;17756;5998;11383;3280;2521;821;9642;13022;3326;6935;30287;847;12993;18885;23199;5263;5813;24597;13675;32313;29137;29618;17408;19828;3443;5650;18765;4994;26532;30633;29768;17046;27806;19293;1421;19686;27020;32313;30792;14850;7312;5989;12886;9828;1546;21590;32679;24904;24344;21826;23783;7358;22873;28119;21853;25597;3063;28204;30739;19450;12772;30712;10295;4665;7523;13314;19649;7651;1227;31704;9046;5914;3207;19396;14956;2185;12898;4348;22192;16191;
32258;10265;18340;23741;6833;8138;28557;20301;15972;5066;652;9366;501;13327;16651;27246;3764;19525;12634;4591;17694;24442;7322;2253;16620;11291;21211;31974;24144;11295;31361;32283;9339;25986;28396;29279;14690;7925;29272;4109;17090;19668;14081;21119;22625;19032;907;7388;27544;13070;30370;32561;18446;28807;11742;20932;4550;20561;21481;6821;25692;13863;23011;29061;30603;15973;24581;21963;27891;25791;4485;10981;11033;817;30650;20188;27056;15673;2177;32556;21271;11077;29663;32722;24354;23143;29928;14502;19229;29776;10719;15595;21262;9084;14238;28965;4155;1962;15416;17194;
8428;20111;21726;10364;32114;17611;15103;22230;7784;29468;15539;27397;22585;7122;5210;29177;4067;11395;25472;2076;11514;30719;21765;739;27887;19590;10874;22690;31634;14905;14541;15012;29910;7631;6185;5499;13268;17289;2840;27541;4883;13928;24811;15888;519;3997;22363;30671;5079;23105;16240;3790;27492;24390;27042;20402;10374;28078;7487;1957;15000;29434;7948;96;15416;30694;2863;649;15432;21843;1612;21056;6200;13701;2543;23029;19336;13710;20522;30588;22664;15114;8831;8035;11875;21005;4095;19075;12379;10074;20148;25045;16982;29398;19517;7303;32410;26172;12728;1103;
30933;29713;24293;5120;12896;731;8327;9307;9156;24718;9742;6951;32638;2631;31348;4228;4607;7228;1125;24188;25335;32243;20898;20187;31699;7859;12711;23360;30596;22073;25484;13173;16259;15787;23337;32252;6674;5330;24957;1770;28100;1923;5201;20729;24127;26462;2328;15576;9793;11708;5914;15045;21217;23010;3281;14942;17432;32635;21651;19636;5759;6469;19570;11426;23130;29706;21857;8541;15318;17874;23960;28491;143;17751;27193;19225;32341;21945;25651;776;28464;6771;11366;21127;18081;1934;15113;5127;27691;16916;20041;17675;32530;25800;27699;4222;1891;32020;15316;21322;
14388;21571;31135;20262;10029;22768;2831;32687;7496;15550;30093;17851;25812;6730;15507;23786;14528;14174;27410;20350;14614;14184;19473;23660;2246;21034;5783;946;30885;25266;4300;11500;25525;25229;28251;7202;8359;9528;28186;10469;11422;26583;31469;27546;29494;2345;21480;21781;22469;32188;32691;25706;25569;21597;3891;28415;16162;24275;29542;12006;21544;21197;27279;2922;18144;30488;18580;20456;8196;12565;7844;17633;20961;1643;1564;24396;31325;26361;4780;31281;1592;21263;12214;20083;6546;12765;27894;7406;25006;27691;32360;16065;13301;8011;29542;4077;7742;31820;26897;26656;
19532;10097;15347;5579;26264;11233;31971;3962;20049;22432;11560;20325;23202;5054;1505;3394;31539;3279;20132;19038;25586;16283;1893;25580;9747;15894;27033;8093;23125;16530;1180;26225;16520;22323;31056;8652;30796;20387;6408;28364;14107;8968;27556;7130;8074;51;24829;9343;7627;17946;12675;8057;28023;649;12836;21263;11402;18708;8048;25505;8112;30288;9211;20611;3007;13123;7683;13068;18564;19736;26707;29673;28866;13591;10855;27319;21368;15573;29649;7122;2659;25256;9948;2151;22980;16990;30318;17617;15715;32303;31539;18722;18132;13295;9207;12287;12537;21129;1364;22450;
19656;25512;19598;6522;11086;7607;22971;2853;10484;21004;17703;32481;15874;2912;21494;13648;14433;28803;8203;30170;17061;16205;30505;327;23627;29656;13656;4749;10046;28652;7819;25062;11936;14011;31615;24102;2760;4303;32230;4172;1671;11328;12229;23895;10672;3370;29211;6747;19671;25182;20163;9939;6744;4696;8603;313;8348;5234;23782;2516;22935;27223;27887;26578;19349;19897;32496;17558;10039;26183;12081;20819;1720;7129;25204;19162;12917;22766;20113;28592;3757;20825;30302;7268;5765;8503;7377;543;2127;22564;29545;11133;9995;17583;1993;17307;13614;5131;13479;21362;
3235;6663;6628;26979;30736;21823;24572;24338;12634;916;19105;12664;10603;23259;24227;7988;32051;14802;7955;290;15340;25944;9640;4399;25251;9693;6753;4972;12532;22807;20076;5473;15125;19446;32327;14243;23830;28891;32549;13737;29542;17925;23443;8155;31898;75;9051;31724;2154;19985;29353;16234;6140;18037;29804;22675;21350;22729;25599;14699;14446;20550;21001;6411;9875;16382;12450;24380;27730;27411;27319;28228;14754;32039;2735;16128;7105;10003;13390;819;26162;29660;30170;16926;11527;27107;13437;9041;13404;19547;14315;23488;31012;4352;6468;28953;14120;24070;6460;18261;
4172;9296;8569;11406;14612;10723;30013;22288;20072;6298;21828;2482;14484;25883;6896;21095;16275;8713;3747;5904;13453;4988;32108;25748;21662;5806;20967;13363;18649;12791;13406;6935;26509;24827;30260;6188;6854;28962;19588;29746;4119;584;7685;26641;5527;32694;26673;32108;18474;9553;32678;23928;30466;25874;12236;527;24677;16566;32184;32000;11184;27575;4688;18858;17564;18810;4016;23753;31680;7114;21965;26255;4183;30085;31320;31479;1860;17813;30694;5206;29523;3618;22605;9266;4802;7174;24145;9816;26112;21122;29312;27177;9140;24367;22362;1589;11777;27191;26805;10763;
27912;5828;27232;16974;12975;26553;10759;8972;2977;23713;30806;11340;8599;23268;15713;7398;4821;14145;11332;1944;25335;29560;23046;7765;26861;1095;15300;18400;24133;13208;20491;13210;29608;29433;30597;24473;3752;12876;16600;17657;5305;3776;11211;7799;26492;28160;10155;32059;30276;22954;20717;8182;2259;12034;12820;16429;10084;30440;3029;18901;17391;31239;26745;12575;2216;25936;32388;23189;28616;4775;9876;18790;2193;18907;26763;2046;3468;3548;25584;32474;12310;18984;6035;11675;15642;29831;19568;31321;32544;30456;10198;2873;391;30187;10441;24130;6414;18096;5284;4972;
21914;10800;5891;7418;16691;8155;6367;18954;4175;25825;4859;24427;10067;29605;24447;12974;6487;5999;20195;31616;1065;26720;1039;20279;28053;17324;23489;31402;1508;5123;25390;11846;29603;32336;8684;12382;3238;18086;15119;2499;8268;375;10643;24725;14083;25864;7162;30040;27407;20257;13109;30282;16008;21257;10440;7412;4770;25522;8234;18944;9266;28208;10090;4938;12653;30831;11032;30778;11506;6182;24931;12368;8715;22023;28799;18432;11823;20793;21578;32705;13260;14087;18222;8545;10820;25306;12873;16283;12085;14948;26827;5099;15614;6687;12960;28321;10879;26102;27216;27957;
22560;4673;12835;27354;11796;14583;1160;24405;20447;3871;9143;8208;10517;20104;11414;14186;14181;26554;20697;18002;13783;4140;31854;9236;3410;184;27160;12402;11873;30795;27482;3063;14390;22241;26518;10888;4336;25777;22134;29756;21273;6564;14731;26734;13427;30988;22836;30480;18932;21907;18626;1089;19727;4465;30169;18978;17973;12003;18201;3302;16540;17624;3582;21801;27455;11245;20485;9347;19238;30619;11025;22620;25319;4015;22796;12034;29549;32251;5841;8952;14840;17484;29258;4242;20325;20124;17365;22974;3248;21896;22253;31781;6327;17668;1542;19827;832;31565;19896;20978;
4414;29727;6944;24926;7760;13353;22916;3573;14219;2238;821;461;21369;28621;14778;18026;19297;15379;10538;10896;31177;18831;15066;14934;8762;22070;23352;32124;1603;21225;22263;28670;19392;16548;4973;26857;6237;28152;9785;25454;1621;10427;4136;24117;22144;14334;8026;17652;908;12863;15520;6207;6794;992;10281;18338;31917;14808;26974;29165;28239;25769;30218;32719;5941;10130;21694;19622;22548;18437;15988;20886;6484;20827;882;1752;30483;8391;14193;28501;28269;28040;26879;628;28667;8547;26658;26672;31641;5457;24638;15213;10605;1653;18744;18060;17445;22352;29660;28221;
22655;28984;13692;16020;24079;23046;30426;20064;23869;21008;10825;27832;13965;3671;27918;19670;28451;25345;22540;9257;9862;29193;17313;28325;6564;12853;715;19806;22294;25160;22927;13141;2214;15481;12955;21649;30222;32293;22570;2930;9475;6081;13352;10307;14962;6418;23446;24334;266;11680;26929;18356;14586;15720;27470;9276;5372;1489;26889;24940;2194;16097;17054;1430;19343;8369;28951;437;14042;23838;26920;6329;24175;25026;9559;20766;3238;30243;7007;9411;696;2601;8407;25338;8831;18646;783;30939;25981;17201;22075;5087;17696;18307;16339;21162;30788;14534;16441;30759;
10746;31323;16285;21722;3464;17403;25118;23154;29617;29168;26417;3486;17718;9605;6215;18978;1692;18875;2730;3370;18736;20541;14504;14814;11593;14998;13812;3126;22989;17314;841;11792;3318;15682;17744;8832;10838;30292;25284;31591;27161;15587;19924;3399;3467;20634;31945;5461;15578;22911;21992;1488;29212;14046;4762;27794;5523;14978;24010;10213;12080;9259;12687;23959;20823;28989;14347;26705;8418;21686;13203;12068;7784;27490;12815;7013;5311;82;4004;8379;20671;30090;3217;2934;1609;9466;31319;2338;1672;19888;17437;8028;11127;24907;22098;1253;7332;17843;10644;4341;
20787;24327;29905;13522;29477;30167;19116;13216;2011;19860;9762;3195;469;32580;10861;19139;8128;27770;6696;12471;15536;24198;18869;28742;30122;9705;4316;26145;18533;19980;32692;2837;3921;14641;23239;3992;32473;14505;8817;21922;2021;30023;10633;15550;17316;15382;32579;29792;19592;839;12373;18553;10386;15213;9049;7241;10447;16621;5235;1908;25123;431;29747;18777;9029;11034;11709;1695;3083;29760;6183;1296;10728;22613;5922;22955;15795;21862;11997;15604;3753;839;3878;31119;28342;5838;22995;10509;21488;9534;10336;13062;11108;15366;5337;17000;18710;8364;18938;9486;
6467;19716;24214;18837;30441;31653;53;20331;19338;22685;12545;23848;23596;10852;7395;12578;26532;1807;18921;8251;31252;27078;10219;30462;6579;15480;17262;28907;12492;10701;8136;14862;22794;19293;31877;11991;27634;2079;2570;20005;31921;14116;20856;4516;7960;23173;21459;8281;8165;1690;9316;3963;4676;18796;603;9605;22165;9837;13753;21385;32368;31335;13165;22727;12774;23475;19645;17534;31242;19115;28136;18946;5297;18017;12298;6927;13685;6546;16959;15453;22528;29653;28171;2164;1927;8984;15098;21698;16276;333;30083;27883;18953;27233;7474;22624;15970;20078;32263;7731;
1594;13361;31001;31530;2832;16318;16510;15890;29004;4466;2671;15957;1149;4394;32680;8399;14565;31154;26894;24286;26167;14465;24724;17336;8095;30115;2399;21506;19715;22518;4905;21406;27017;22937;3299;24004;2905;16546;19102;17236;6308;4111;25259;9066;19941;1280;1537;29235;31078;29731;14304;25088;4102;7023;10420;25241;32571;15381;14396;10964;24659;4275;25323;102;28927;29643;7823;12792;29969;19061;27184;30590;25989;1872;5435;11460;4286;22974;480;6729;4115;23889;26296;16465;13962;23936;21419;22582;23779;415;32273;32767;11993;29966;6167;17459;23972;24496;14180;31728;
23490;17054;3837;11063;1527;3357;102;24458;23955;32206;18443;15033;14323;9253;18654;8185;1866;5660;15168;14134;8354;11817;17189;15018;8989;25965;12659;17071;25729;7726;29868;977;1779;29319;31949;13096;7171;23390;5750;1253;30953;17303;330;31018;8206;23431;17817;27423;25551;16556;3389;5698;9853;19867;961;1534;23464;9785;457;9088;11933;21550;1965;21958;29229;1943;19304;26616;15792;20475;23985;10748;23370;24961;10855;32581;27501;14944;22578;20459;24991;15510;19304;4097;15998;4061;20525;20771;11009;24539;12255;4686;22784;19097;13745;16884;19703;4918;26261;9808;
29959;27869;28768;8184;12605;29172;5160;31409;12567;7062;4081;16518;19012;19780;19337;17180;11436;18647;19633;20288;6064;7865;13949;16066;29875;28245;22526;23686;31449;2764;3614;20184;16398;22506;31946;31744;23371;29528;25431;7446;31764;32275;4126;29464;6982;6684;14186;21050;10511;28786;12693;30589;23614;21309;25709;23683;1725;20556;23516;32162;4955;18369;21961;17975;4303;23307;17721;5949;28154;18453;4282;7198;19309;1213;4097;25032;1579;11912;3282;25604;24496;8852;19232;1283;26418;20942;23670;9018;2086;9572;17045;16753;25094;1918;9567;29974;19794;25641;8179;3798;
12757;13971;26906;12655;4649;30334;23266;19135;28797;31215;7560;8993;28822;7974;31131;30458;23316;21203;5471;20111;26103;18055;8560;2074;26209;27497;14503;18460;20381;1322;30529;17396;9057;26939;3390;6833;14160;15933;20488;12325;29635;20409;3925;15930;28617;18961;12622;4234;3693;29366;23025;7721;311;12444;8628;30149;21493;30955;8043;12274;26042;29688;18795;23487;29480;28275;29168;6541;5611;27362;25276;22561;23942;26445;23553;26615;25938;11067;31361;22745;3011;12766;18676;21937;12014;1163;170;29340;4680;6509;15729;8511;20913;2681;10425;16222;1457;14500;24566;29610;
32001;12116;6726;19675;12109;23573;20820;22271;19768;28302;29052;6930;4513;29875;21808;15566;14372;1852;3994;10948;15588;6741;19074;5292;18824;18071;15219;7162;29572;7735;29721;29362;12186;25213;4590;23676;7840;11640;4374;17915;6019;25585;18054;26203;4748;925;17772;7977;23010;8598;13259;3688;9041;11532;21094;1761;30537;19000;15328;25274;2346;22930;7969;25674;25790;32580;30972;6444;5383;16094;4366;29586;10300;32587;15849;3548;13582;2820;13426;19562;17711;24707;26247;20910;18709;26363;13541;30853;30972;23366;30793;18631;18218;2335;9686;6684;18294;9361;4791;22802;
12299;22447;6917;8813;22378;22662;12267;10431;21422;6992;4360;6200;7956;29931;13588;27838;26042;16777;9671;28224;24743;25512;21238;18248;25100;12101;8448;27088;30409;5452;13928;13911;16691;9044;19651;6452;28949;11145;2261;4649;31989;10473;7671;23099;152;13236;16571;7105;25800;6685;11475;28860;13396;28998;16943;7014;16985;12907;32102;11534;1472;14430;20311;3874;19976;12595;6160;8846;13637;22588;18671;26948;29545;3128;29190;28188;30403;5575;16068;24287;26053;12833;9682;3230;28170;13832;20540;17993;1176;23803;31697;16765;31586;6317;23756;1436;4113;29877;17076;3363;
22531;25223;1152;4408;11668;419;30719;13187;669;14348;30839;31295;15419;12028;16525;21137;31698;2006;7012;3352;31057;23900;12553;2245;21175;25890;29199;32749;29910;17730;26230;11164;342;29266;25554;12589;22014;10643;28328;3607;6447;23403;19228;30218;28593;6678;201;22331;16307;24728;22001;30972;9484;17910;1494;26767;31431;28837;13927;10300;7647;24131;28959;21665;19783;21381;9003;13386;19245;2161;26827;25985;9088;25805;10234;7783;15280;24791;15953;13124;4021;24118;17961;22300;16466;3377;14080;19075;22171;12831;25886;27825;24757;24350;9335;25305;19421;30216;4820;18871;
8107;1699;19758;9577;32408;23832;5210;895;4031;21671;9452;853;13792;17048;18005;14497;14250;3445;21838;7240;15674;17526;19834;32630;18143;19261;5702;13549;288;28099;5909;25757;6656;28819;22170;15733;31616;28982;10628;31098;3942;10990;13409;26646;28733;29607;17596;29362;11165;1322;17801;20359;31148;26260;21188;22192;3557;2566;12372;11652;25880;29343;10293;15396;13490;30375;5078;8528;24383;29197;5312;6271;4653;32020;16505;1582;28883;31561;17320;7800;28850;5816;16505;23015;19194;31583;27715;11402;10064;26339;12393;13127;25550;24706;21118;19315;7755;11593;26540;18592;
25309;21639;5974;15542;9117;18561;28924;1606;23978;1895;22879;6426;3953;18567;21222;13585;25643;2497;9537;32554;14502;4411;10316;12510;23881;14166;13878;20915;14675;3296;2274;12046;13155;12683;1677;1608;829;28317;16818;5381;20683;27114;12330;961;17506;1279;23960;24236;27719;15521;7428;4280;7026;7286;32198;5360;9617;6913;1958;21003;7248;29140;577;21569;29144;17920;19375;22877;9365;13521;610;25364;22589;6328;1617;17301;14;6793;5462;22625;32343;25318;1749;26461;23865;32763;27295;21029;1199;21357;3862;5028;4556;7308;12945;15330;13124;29392;25602;24092;
12078;17539;22230;9498;30216;11707;11804;445;26364;15243;746;10200;10593;28538;10748;19776;16261;5940;31903;24359;13994;19584;10445;8613;6222;12658;19610;28056;176;15586;24783;174;32399;11037;14036;5056;8245;26329;3539;11106;20916;32367;794;22200;28784;31044;25025;20619;14301;8584;5517;13979;27530;5668;17685;19255;25183;14573;22307;29964;22307;19742;26461;28987;8768;23045;28197;27566;16587;9724;8125;29099;19647;23963;18095;29353;19081;15148;7532;17251;28618;16991;27443;22316;18264;25664;26676;9090;22150;8037;11510;25061;10149;28780;12534;9194;24010;9893;7313;28043;
13778;28939;29219;18881;6308;14201;21105;3413;8886;5146;24644;15346;17619;290;1879;17280;25115;3771;10867;429;3915;13634;31961;18380;22334;6068;2784;20707;10420;19043;13791;24063;20819;29166;10061;27851;10731;20079;32551;15457;22526;1782;16786;5216;18560;18743;18370;575;18395;4479;14362;225;23350;12013;18837;15977;16119;22494;22116;29775;11910;25257;473;1460;22868;30349;30083;22514;10525;18663;31131;6520;15722;15016;27806;27349;16473;27143;24124;7698;30880;3187;20849;69;15568;9420;27122;24931;11223;27090;2250;20054;20169;28894;7237;12623;2016;28880;9997;19550;
29377;12616;17043;16960;6656;31257;8368;8568;9703;5882;20621;9633;26739;17279;19136;8962;27296;4936;2231;20579;24294;10873;11098;25375;7428;23145;29932;12667;2812;30367;6706;20278;5983;30202;11992;22625;10442;13359;12560;24177;9905;26489;30844;11155;32603;7819;3150;20543;20270;23242;9390;12048;3373;6841;23388;31443;24767;26804;20374;23262;1202;16866;16700;10659;23423;26981;26418;388;6352;31699;1286;3049;9279;22250;978;18064;6497;10623;4708;13093;2307;16312;4253;9491;24499;24443;18967;8601;5507;18726;17418;1568;2825;12417;8817;26828;14250;16881;26728;26449;
3353;2030;6105;22536;13338;17590;29783;4418;1676;5187;27978;15068;27302;27259;29517;24083;29569;16808;15572;10138;27350;3367;15890;4074;10250;17508;22554;24026;22631;6662;836;14191;7341;13158;30930;13557;8137;29766;8147;10830;2788;12992;16712;6795;31391;26492;18310;2489;22941;11814;3291;8445;17475;10783;32116;22756;22971;9075;4222;7668;7743;28684;23692;9095;21140;32037;19257;22745;25812;3329;12302;13407;24177;31964;18086;18778;29559;10018;23567;23469;5905;13791;10100;26091;14671;31094;5625;17845;4646;6039;3559;579;7609;9835;27913;24896;11734;2065;18006;15835;
13508;6734;8911;22043;11580;3712;18859;626;17333;32212;21426;2966;9445;3513;3559;4748;5508;14485;28521;16133;14163;3766;9883;10222;8029;907;387;10819;8572;6932;13680;8740;29984;2967;18912;14890;5964;10133;10912;17659;3553;9212;9525;21788;28703;3742;21883;1799;22633;2274;17804;12670;9032;6841;17635;28702;8115;12756;15042;15415;5262;8469;30672;2011;16240;13379;19207;3893;12457;11265;24013;21532;10372;13825;7009;30696;22985;13685;10105;26501;13702;28614;10282;3526;9231;29065;26375;32763;20292;16303;3469;22725;25106;10491;191;13609;24893;19386;8205;2020;
348;9134;27514;14078;7717;13387;21758;14242;14058;8998;16681;7213;5220;22186;31498;18565;31664;27916;8015;16556;4759;8066;17069;17813;22802;26032;22403;13366;23565;28003;5818;23262;1388;14978;28655;14537;11596;834;17620;23538;20619;7320;29651;20776;4234;2804;30197;23140;24625;2860;5123;24410;564;10166;30443;19534;15509;11803;5988;21289;25963;6312;20693;17100;11489;16487;7027;26788;18561;27470;12714;12414;25523;2741;9407;30365;31104;15886;9395;16394;31644;28112;32618;19756;27300;4788;6925;15000;17316;32036;28588;9258;26332;12528;17448;32341;23492;10564;12880;6583;
5709;6359;13898;1265;8554;31332;19765;16565;21199;1374;26380;31265;27640;23264;12237;16203;19566;32483;29659;25117;6470;29107;9121;32099;32234;32164;14969;20514;27164;3328;3276;25387;28983;7237;16762;11505;11960;7309;31356;10136;21502;23118;28872;3406;17230;15427;1908;11998;23578;28330;6687;6274;23683;20144;2701;30969;31772;10794;20881;32474;9201;10117;5936;8232;26568;27136;5635;38;9382;17944;19933;26477;26773;6724;18862;571;1957;8163;31911;22798;561;18547;31391;14194;8291;31491;4022;29975;26362;17899;31544;21798;18763;22714;20932;28629;15494;23152;19117;23098;
4155;28654;31904;92;12317;1706;19847;26000;13061;14247;6574;16131;23354;22181;22052;7315;27631;405;12901;5091;30733;17487;32053;8622;3635;9351;20687;13659;26107;10749;19007;6866;29312;14069;20493;13967;32285;17639;11291;18420;13175;22903;31952;9700;14269;18343;16758;10637;14894;4428;1505;15237;7388;31935;29010;14105;6832;13012;15515;6114;3759;30992;21379;9625;16507;23574;9579;4651;23069;24163;26930;15888;27393;32571;22615;5849;7234;11747;9565;17417;31273;32017;12660;5670;30448;10913;17749;27664;2763;20361;20846;657;5417;19471;31039;25140;25398;17466;28164;24411;
32677;16518;23700;24716;12206;18139;29321;24332;16722;32704;16033;21935;3814;15309;28772;4590;23503;27998;15111;6970;28299;27279;24465;9360;3057;2916;8764;15438;14265;30791;12062;11845;24126;15544;12808;19471;19331;29248;9647;4002;4980;6054;7689;19494;20335;26726;4602;24836;21763;18527;26672;9024;18936;6092;19276;28936;14735;885;2370;9101;3850;9511;514;21265;6511;2145;26968;8513;31882;26448;24592;32198;13105;13309;10335;6423;1740;16838;31102;31121;8212;8971;13976;26313;5402;3881;3302;7969;6283;25772;15641;2969;11827;7104;5112;26088;2241;15593;22090;1228;
29898;12276;9206;17054;29968;30510;5737;12841;29699;10963;7736;5564;11912;18633;25606;19582;15354;11406;12457;10754;22382;17264;8328;27675;20028;20732;9799;17138;14267;22456;8359;8021;23115;31253;1959;15186;24985;26527;29936;4357;18974;10871;2927;13230;9705;26883;580;16134;7839;28644;22235;20692;22720;6184;27224;16571;7211;24001;3641;2646;26085;14902;17462;7559;18198;6041;13676;2315;13652;28601;9403;13138;12324;27544;24685;5518;24510;5920;30488;11531;4369;32017;13253;5822;13063;16190;9553;2336;14602;32505;13588;8253;1735;10700;4289;12295;18738;32362;27533;4337;
24778;24036;23188;6841;16670;15648;20600;16773;27024;19080;31819;2354;23385;7167;4015;17129;12493;31001;12347;18675;14816;5515;6177;11470;16874;20448;10766;2944;25255;18542;31826;31787;2178;25737;8001;19682;3091;4598;8921;443;1254;24226;8101;18981;14718;14484;18144;24700;20633;27169;15838;2011;10166;9823;18600;7218;29397;14812;2023;26776;2430;13199;19971;14306;1284;6670;20363;21364;5131;258;13016;25687;10056;4824;17133;27276;23432;25274;18850;16032;17652;6846;21762;20865;32659;23133;27633;7824;10512;22822;30226;1015;10174;8627;23271;30013;25305;30941;7226;15384;
20495;17708;28604;15234;31294;2705;7149;26894;25984;20056;7227;28797;29797;30552;20590;13708;12927;32365;15171;10257;10276;808;5207;7750;7023;6340;12615;10597;25224;24412;2582;6261;11045;15708;23759;7523;23377;19766;13419;18516;28525;21334;22260;19770;31092;20567;24299;18341;9603;887;1000;28893;26520;29000;22144;31789;13977;17065;29547;3457;30873;4085;29158;32308;1112;27770;4439;25635;23560;17965;27184;3846;1367;28059;9749;28672;8873;23075;833;8052;12709;32355;10022;29979;4852;16624;1107;26195;16197;27978;22427;7866;19861;12559;116;1788;11949;31086;14493;11753;
16876;17631;28420;18379;10054;15633;18918;14326;29325;11556;5176;22688;9199;10265;6726;29939;2497;29575;14746;10593;28539;2703;10271;7736;15875;19729;13958;20598;28974;12064;4585;23774;1668;31924;18606;331;18755;1439;5807;18501;8103;17859;15511;4818;15721;23937;26255;29838;24453;28277;26139;5630;30017;12384;17214;4386;23147;21093;26853;31817;1762;31865;28803;5929;22360;1301;20728;20015;21333;12077;29879;2068;5247;1126;31528;29105;13082;8068;10571;15380;23499;31521;19871;211;29345;6309;6978;16544;26453;4978;16473;12318;7889;29791;15282;18164;5616;22888;13736;17695;
8581;17828;24647;8844;28574;11639;8881;7398;11786;4872;5056;22445;31256;18165;2029;17032;32162;8518;13937;14812;23882;18080;14762;5533;23556;19899;28351;6756;22485;22806;30855;194;986;30954;27047;1749;907;26972;23035;16408;19265;246;27448;6015;27126;25432;207;14276;8268;19499;12052;19963;26833;1623;9631;23149;21890;25462;6386;931;26254;18312;28509;8129;15964;7400;13599;26646;22222;17535;7118;2800;7112;22071;2297;4021;3820;17842;30731;16687;22696;16189;13170;4648;27251;20735;10497;12343;5715;13430;23955;14553;16291;19493;17394;17603;2323;10630;31479;15735;
9200;12102;14066;12566;9382;9137;23115;6261;131;18284;362;17266;6333;17506;1493;24457;30391;2304;15512;19618;7552;25509;29674;13357;5276;29268;29709;5745;4104;15021;1910;16929;22904;32283;20014;27185;24291;7758;24696;19943;2625;9708;1204;10037;18068;18819;31875;21318;22053;29891;11564;26967;24080;14314;10047;13256;19202;10623;20856;16243;29506;4163;15077;30012;6638;26981;22603;29161;14216;7925;12487;4149;11185;667;15793;22815;15411;24713;453;20104;1349;16046;7045;17405;16139;7212;22233;14802;31837;17677;505;28272;18121;3633;2444;6639;15323;3467;8210;2024;
3995;8846;29823;900;6232;25313;15400;18905;18340;16218;5091;30327;13472;29994;31850;7741;7034;8021;30209;3186;30259;31846;32601;22033;4774;15456;31667;14179;18886;27383;17480;28627;15399;18944;26857;4095;14272;12327;25571;28171;10991;16352;17701;13370;18621;2720;6309;15807;16996;29772;3071;13776;14862;27378;5983;11517;21216;18103;11682;6336;567;26128;14264;29013;1585;23093;24397;25035;9584;14291;27816;15964;7194;24577;15315;13562;23076;21878;3324;27690;30417;29177;13339;1045;32117;4120;27605;11740;30591;32029;20384;19757;22454;18238;16681;22548;10947;15380;15603;26899;
12528;11087;25152;14196;17711;16807;12852;27102;13662;4118;19000;30503;28617;4932;7581;2409;10737;20291;29313;5976;25740;21372;9719;10194;28876;15081;31586;29624;23268;31877;31522;23037;24009;8193;9331;23036;17461;10937;30353;2063;23282;22758;5409;12381;22613;30485;3020;7155;23817;28632;29997;11287;29197;25019;2285;16344;10240;20857;21804;6122;15261;19568;10019;11441;25474;3923;26376;10908;11061;1311;27442;2228;32616;12880;1662;28021;20348;24660;22001;21980;26693;7488;4511;12993;27661;25538;25803;28775;3035;32598;4431;7250;26101;189;25151;7512;11683;22188;12745;12795;
54;24257;1631;10486;2889;698;2841;2070;26695;13801;26452;5451;20781;26339;14752;30207;4753;14713;14809;22694;24292;7401;18067;23703;26356;4693;25019;11290;23476;14195;24700;31938;15680;27015;21088;27133;6940;5262;25528;24041;10684;700;16189;31849;20810;16425;13047;17529;6563;26312;7262;23486;6051;26264;24512;14433;16290;7710;28386;7454;16702;22290;8938;7064;20571;31577;28028;4336;32617;5683;9508;20629;3814;30134;28916;29022;22051;123;5998;28886;10570;5015;13476;8407;24736;31948;7069;4954;25864;25857;26363;30861;26057;16112;31963;8998;7056;3615;2557;9975;
15545;6673;14373;17859;1738;25021;9152;7761;320;25407;21707;20926;23951;3022;16113;4887;6244;25582;3315;21800;16429;19430;15181;2702;1243;23669;17943;11284;29926;16321;28201;31036;2962;5776;22914;10011;29810;15802;4843;29034;10282;2015;11479;16859;18040;16213;2958;25001;20854;1124;6794;26995;11801;23478;28961;25418;3582;265;10853;21257;9830;21031;29769;6372;22655;26136;6661;25156;12005;9366;3515;7379;21608;29121;13658;8146;26640;16916;32451;32691;21086;10904;32554;16356;32725;16727;8639;22249;9401;25108;10638;14509;28183;11065;2724;23322;17413;18193;24180;26855;
299;21815;30585;5809;17282;2127;22556;20046;14940;19443;4311;9310;5541;1776;18843;19490;31336;19891;31343;32146;8340;6398;5979;425;32257;21728;13188;22788;8878;23523;24472;12459;10829;12935;18284;6447;26369;5871;21220;13301;10598;14555;19988;19153;18898;11734;23716;1494;22234;30129;15481;13165;3352;9007;7057;22181;31788;32002;1327;28618;32001;10998;10809;13113;23890;17261;2270;8818;25708;19723;14203;15215;5429;2226;22208;12853;20845;6065;28431;26792;16948;21048;15652;6307;10700;25104;12795;25672;673;30088;10734;16533;3974;7859;7967;28216;16706;13008;23317;29861;
5451;15882;27562;21349;20945;24418;24356;23985;17150;8425;2978;29759;23933;8242;26042;4444;27193;6919;10848;23355;8039;13403;24585;12429;19142;1408;29457;25425;28965;20378;29018;5614;1831;24916;10551;28287;10051;1233;12168;5230;26894;2534;4390;11332;15805;16518;13185;17855;30181;30589;10375;28710;21638;21345;31176;26841;21320;4550;11992;6188;31748;3250;4853;20597;31622;4689;32234;868;20882;25833;9267;24979;16932;30479;12898;6238;27644;14364;14274;8693;10330;1243;9273;23471;6151;4228;23923;22178;404;23022;12092;5744;25830;256;6958;12899;26611;4201;19341;3261;
198;3984;11631;5193;201;28878;30240;17462;25923;12252;6084;22053;4384;13447;26942;23169;21489;19883;1361;11023;25139;22622;9477;27590;8916;26476;31053;3552;30195;32516;18406;2353;22760;14512;20354;16312;2948;25482;14118;16244;6809;29870;3281;22136;29629;23531;5982;11586;26188;4286;32683;23369;13740;27520;5371;10709;8405;7902;12441;30995;784;25994;31935;31593;29182;14384;8885;15111;31965;8108;9277;7615;28935;30586;25647;23318;18363;13421;8801;6299;8480;932;28361;8311;28807;21947;22502;26182;15857;10814;22619;20005;8401;12131;18398;27148;22547;2552;21328;8543;
9052;22938;16429;30399;16788;19752;32551;24614;14498;23415;21006;25907;19062;29767;2291;30658;15181;15734;6797;15040;19760;12404;7132;11070;5310;11255;23307;24515;2860;19952;8603;20967;394;10685;25022;26141;22856;11936;21249;9681;9720;21104;16942;24499;7253;21646;6257;8786;29317;11547;23993;17644;5531;31848;14945;29316;22624;3758;15376;27446;32595;18432;25054;28616;19950;3197;13240;2945;31019;30922;26885;12350;9031;32448;25225;22722;17606;14945;31626;9550;9911;4881;30258;9841;21049;32003;1845;18978;6462;28401;17588;7948;7311;24592;31840;25129;29457;25155;13538;2706;
22086;11406;24187;18326;30742;10702;30439;9481;26064;24488;9352;18910;7276;16832;3264;1273;12819;17707;27039;7230;14561;18470;8894;4590;16105;8712;28010;21555;3961;28533;14341;2809;6560;28373;25770;30720;8174;260;5904;7471;5499;8779;6577;7468;19498;28560;7723;2601;22575;3017;23782;5889;19663;31159;22519;24195;13927;15824;17732;13581;30128;23677;25577;14430;24641;2181;16603;4517;19030;5577;11979;7645;24015;1075;30030;28765;25212;14057;31546;25515;23447;11206;28755;11410;7826;18186;14887;9076;18196;1872;10294;14305;11326;13761;13142;16999;15154;26248;19542;10412;
23254;23941;32226;1979;15573;11078;26022;22684;16359;5683;18615;17191;18259;9224;18222;4889;11186;22409;29462;872;10485;30321;20104;21460;28073;27563;29972;23743;12154;6596;29795;5438;26870;12705;6171;16240;9364;24941;11523;12047;30965;28630;32616;24132;6761;6009;6335;17600;9653;13978;139;9480;2068;10009;1153;17424;10363;21153;19434;16140;13857;22307;14922;29571;16447;20355;25919;11685;31508;5265;8619;4318;22061;2618;27669;28331;18403;19712;12365;32685;29221;21415;13391;13052;1144;22833;10858;1981;32571;8973;11938;9463;15408;30604;13138;9122;24632;22676;8470;16129;
6750;22168;11751;24370;21527;4039;12168;12804;14024;12164;27938;17928;10889;535;13355;23531;12841;28834;13451;25090;18546;31062;26626;20007;8878;30694;2244;18884;31850;21052;23399;25645;20601;23916;20479;16179;9020;3814;16008;27126;16929;19951;17028;24058;7274;31058;31204;21117;6448;30034;11052;23048;3751;21988;5843;32325;16035;31003;30696;19984;31835;9700;30716;4560;24429;755;6715;6664;10275;31229;25052;23593;14581;23336;14268;20907;18767;21696;21317;19803;13716;4907;10901;15095;4194;7455;11740;31992;22808;16402;20998;23727;31637;8434;11931;16531;32067;17687;13027;7386;
31573;10102;13901;21062;24140;11799;26641;28482;26304;5065;25109;1837;30557;6676;25358;5110;16428;5999;29671;5609;12051;13747;31846;26056;18848;29904;2829;27934;21506;17854;21566;14544;26968;20919;11427;6645;26927;16804;717;18663;24133;6613;7195;16026;17043;32244;6366;14381;17547;28988;954;6335;29087;26342;28752;7556;27138;14052;27929;6168;434;19154;19605;8979;29366;5930;2470;1245;1188;13495;19254;13508;19815;11852;19232;13899;28479;22197;9294;16069;30729;15086;19487;22819;17857;1171;15115;31755;5189;24728;2185;17962;6236;15930;32304;21706;19446;31285;26141;26791;
20406;19000;6294;19710;1453;31894;3308;13544;18793;24638;29094;742;26926;26861;4059;11965;17539;25506;32224;15748;13296;20307;25892;32763;7687;11742;24407;2846;23969;24898;11986;7930;23914;26895;22067;28608;3232;5147;21319;1304;4375;31351;302;9143;23169;21409;26041;30004;31468;31995;28183;25111;26764;17532;24241;21044;3259;19366;31314;18231;17470;5816;9355;1407;13514;7204;854;16176;7110;26691;25593;30083;31315;10568;26413;1121;17034;14195;14464;3121;27140;28039;21752;11758;1440;25981;9465;19836;21120;28026;28008;20028;20565;18687;23569;32222;20701;4703;13126;8566;
8362;20599;22729;22738;11556;5273;19437;19467;19409;13513;18167;22363;1748;30252;4042;10542;4788;15293;15300;1660;20831;3394;27363;10581;1647;2687;15916;28094;8363;7849;3405;16571;15569;2077;8065;1453;17811;2130;27572;26078;21727;20492;9192;15963;14947;31699;4055;8194;19281;13476;31449;5595;24415;18662;14601;9644;7955;20895;1955;16071;1853;14312;19633;2855;17861;11935;31207;22203;21414;29787;5835;258;28731;29093;13849;11480;25018;1893;23141;8848;7934;8602;3586;6210;18057;25166;12835;21606;1737;30922;18752;24226;23450;30982;16571;13025;17677;18275;32196;10917;
23399;27804;12666;4254;25709;26106;14418;4731;19935;17864;2237;1280;12611;14343;29957;11865;17635;16227;17528;2734;24089;15973;26569;16119;26826;8425;19635;11794;30769;14803;5343;25618;21726;10494;13320;19419;11262;23925;14685;25324;17372;2022;18471;24443;22952;4435;939;31943;3192;27147;29266;25002;31116;17625;7175;21869;28118;4731;26593;14049;20665;20821;32002;27051;11282;1383;10943;11744;30069;27773;7169;5586;31929;17061;23018;3625;9142;10982;25020;11317;17229;4143;20983;13954;25001;4750;29378;7085;7621;21666;7564;19319;29742;15699;18419;9752;16651;448;13797;30166;
9050;2937;5893;9941;9596;3823;4944;12593;20212;26153;2816;26954;876;952;3504;10847;21240;4588;19650;3935;8095;4680;3326;11771;15384;4404;23419;2048;26577;16882;2499;9956;19510;5843;13618;5534;24367;10667;23967;11451;20202;2178;20287;25775;23260;14988;25541;8809;15874;4444;24270;12842;3693;6740;27005;25750;13821;17504;29026;524;26733;3556;28321;2099;14991;20210;21840;26069;16089;29633;13856;10481;19233;15194;21056;21259;19365;20117;9854;18375;18254;17220;12720;2486;31030;24494;31314;14704;9063;12863;6000;2787;32486;20861;16583;9450;27888;22590;10791;7970;
19843;29208;11803;4601;7968;3098;3020;27911;19408;32185;15395;1954;18277;15885;8750;8108;25346;31038;6853;15024;31197;6713;12141;7469;23364;7335;28796;19506;5598;15135;14974;19755;2100;19866;27352;6139;23151;27688;18347;28491;17763;10722;7931;4897;19149;31776;24849;436;17113;8684;14877;14975;25320;8118;28448;14228;8591;9033;521;4403;7139;25597;24862;32667;24564;21294;9630;12064;16535;12526;9637;6782;5737;22775;23887;24429;4624;23523;29472;16757;964;14496;23460;20228;15375;18974;24658;23742;27088;15690;3510;19220;6534;9024;19664;18968;14795;29628;11191;3983;
18719;5074;6529;13128;4327;13536;6503;9645;4533;8128;12581;29848;1226;16450;5792;21096;5850;1241;24779;4947;16399;26260;16331;5374;23888;11600;90;17482;28354;17453;24169;13681;8079;12862;27401;595;31463;2949;2443;25354;29253;28190;18406;13508;6388;24506;5722;25298;14545;8015;8787;26108;9298;16142;22672;19992;27079;6806;21124;2523;19424;32103;13053;24814;9072;3481;13827;21572;3696;20174;30723;22700;4167;20837;14381;8098;1865;25072;6682;25195;7037;19688;10930;25441;2723;2720;11341;6539;30069;26488;28184;14960;4654;31827;12987;5677;26697;2891;27192;31174;
31115;5283;17174;3002;31811;14332;22208;22234;2769;13772;29992;30554;27749;9485;21423;7721;23305;12594;9033;24190;27362;29791;20956;31156;30386;16857;31466;7511;13730;29884;19312;18303;24127;5868;23822;17756;31426;29773;19559;19;21140;28215;3787;3016;3345;8996;19220;11516;29069;16044;14797;18458;26772;1460;20634;28492;8822;29410;15571;659;1795;30548;29043;5655;21140;13201;19505;4796;1099;15551;5612;17653;411;16919;25164;19933;4874;9879;4775;10884;7733;25334;33;17798;16661;17373;4376;18147;12930;22612;15807;5642;3061;9339;18440;16951;24722;27770;10952;17663;
17766;11194;1046;21290;12013;3158;32499;12224;18391;29388;49;13670;9483;29177;6797;2539;31469;15172;3615;12319;14300;24345;22260;27620;10239;29081;3833;11399;1602;26511;10010;29008;7835;16294;15276;23639;26002;19418;2056;26522;10496;12077;15737;28749;15895;25499;16729;3185;20642;23631;5750;24232;14222;6167;30139;23624;29354;14358;23052;14766;13739;28345;881;28885;9331;23276;13687;5671;9363;9101;13523;28562;26638;26400;18505;479;5472;21445;16588;2111;12478;31592;19687;2599;10912;14392;7003;862;14205;13658;4362;21077;21717;28638;5651;24758;8053;17394;15935;14911;
24311;23125;20636;1489;27272;2575;29287;5316;19182;608;31023;31870;15817;20726;10296;28228;32280;6242;23838;16719;30208;2765;28602;25379;15817;31975;18761;8732;3114;9505;30411;1610;31686;23324;15018;11391;18934;27489;24988;22437;29385;21330;24266;11349;20041;31073;29490;19110;4864;13695;25674;14915;25019;15831;1510;23745;16014;19389;7003;23087;6936;3297;21477;15342;22024;13513;26182;10691;21472;17022;4016;32042;5370;20101;31205;7917;27848;29968;19613;25334;15967;12406;28200;22113;25143;14305;14164;13270;6444;13894;7825;29206;12489;28059;7763;8403;15558;6724;23224;1989;
2511;10958;19051;15354;11656;8159;26312;8046;22477;10349;10049;32475;18750;20015;19456;16850;4859;18001;15309;24843;940;14956;31027;5882;26053;7605;29406;32418;29448;25205;13128;5294;8523;9145;13205;20158;11387;5962;21947;15615;481;23519;18917;27134;28836;30610;25370;27838;17295;6801;7961;24840;10261;31254;25992;14850;1682;22425;16974;8963;12244;2116;7998;25254;986;4263;16629;29725;30171;10413;2821;19144;4491;15310;20307;29702;26009;14727;11453;2892;30588;18951;16640;13428;9327;15148;12761;4183;5050;14765;20843;24477;7732;10905;25057;18388;20230;14592;15444;28352;
25009;27631;24303;24562;24915;22690;9809;28828;19750;17654;13874;5540;26185;19997;21834;24567;2755;26517;16494;4896;16837;18011;14589;2585;23855;3164;21114;24161;21590;18476;17274;1358;15364;7418;15809;22437;32705;9924;4520;14184;16465;28359;8386;18415;31614;1082;25534;27706;24856;3387;1935;32646;31033;25610;26059;31774;32717;5237;23633;1140;6482;19859;18479;624;17629;7093;10179;20744;12126;32410;10272;9233;19492;12258;8626;8789;22180;11717;18470;26085;8566;24069;4484;22193;22176;23841;6302;4949;3351;19916;32430;23606;22403;15517;4155;13518;12355;27656;12604;12100;
26289;7309;21632;5696;29095;9519;589;26877;19266;28712;12872;23968;14821;12251;31892;24008;10881;24586;26174;12646;20;26441;19673;19407;31856;27827;13669;28431;9790;13787;630;6528;20546;8454;21906;29084;9697;3991;8154;9232;24800;21706;9708;26641;3182;31909;31497;7667;31077;32556;14195;15352;18381;13269;28185;32102;10658;6459;9590;2012;17110;17686;22455;31461;19098;4203;15900;7630;20954;21504;27552;8117;21254;18707;31452;7651;28440;25163;21289;25692;31699;12527;18693;7347;18248;10838;7608;24355;13471;24991;8759;23004;5652;2466;328;667;26688;21285;29927;1661;
21146;31572;27368;27669;4413;7787;23775;7100;11244;8886;24381;16936;7763;20411;11195;16705;21903;26038;11004;9007;9969;18757;16749;17336;9215;5989;25457;9161;28604;13725;13499;6994;31018;12921;14074;23895;16140;2618;19388;581;240;9164;3468;3202;365;6648;17502;6983;15786;9435;31022;16306;15903;14231;27875;10263;25760;9800;30329;5528;23447;26682;3167;20469;2705;19033;32030;2981;13308;9704;6972;30245;8238;28534;24672;23696;31146;12814;19382;8304;16031;19119;32661;28371;27570;30715;25184;28066;17405;4659;18090;21295;23128;32611;24221;7181;16343;14298;32412;21284;
31636;28381;29479;8196;12206;13213;28159;3962;3985;7782;20107;19041;2936;24088;18811;11963;21809;14811;13227;32513;8736;23311;29770;7095;20103;29570;25147;31554;17925;5094;4283;21502;21852;18050;20293;11404;18807;16935;24754;18025;32683;18790;11685;5829;19261;2560;30246;16786;21540;4254;18061;19163;21265;9410;13218;29271;20141;8446;8706;27966;15905;7012;7365;29275;13532;29245;32605;19555;31632;4350;30401;26245;14974;375;7628;1858;6388;7502;14559;11647;30228;29612;21710;17368;7894;14134;19706;7736;9553;18495;31930;30118;15670;12091;8192;22114;16797;7031;10041;13361;
18436;14856;628;6389;25748;30978;10183;8576;935;2794;22766;15530;31880;15981;27702;24737;16761;32337;7322;10881;20731;3501;9515;7205;19529;21589;11189;27708;22310;20377;16031;7327;9432;31535;27155;19170;22133;18029;10335;28456;3677;27067;12699;32060;23816;12361;28300;7134;27394;2557;4809;26203;1075;31152;8732;27745;26724;13209;25899;25616;1279;9;4440;16980;31766;13913;10213;11635;7335;25633;20572;32226;12319;29867;12846;16733;16668;27816;4506;29750;16247;3617;13264;25838;9602;30896;20055;30210;654;6639;1452;12807;3761;561;16172;26105;11206;29040;18995;13777;
30644;12423;9350;24405;21492;2721;24046;7988;1613;31474;24358;27730;22242;25253;6135;32097;20335;23317;22690;19633;32720;30783;23166;3657;27587;3960;15330;19510;1518;22107;29509;7459;23588;28166;32164;10538;22756;11910;19493;28906;15906;18063;13561;2778;15690;880;27526;19164;20611;21831;17350;2070;14641;25457;17642;29949;18365;17733;20292;15794;20632;13058;22883;24722;29309;17157;2176;29961;4599;1856;10265;21670;11812;7911;17627;23157;29368;4204;28357;11401;11076;32686;26251;17368;31673;5230;14904;9804;552;9474;5400;1814;17867;31053;18133;16710;5961;14830;17888;24728;
17974;24504;12562;11409;20441;14178;5268;27083;27443;19840;30204;17806;5692;22194;27576;8095;2160;26652;17328;9821;11914;5142;32039;30985;5008;16164;6626;17510;23311;16680;2701;3458;12456;9942;14938;7891;20683;10089;32235;19333;3779;8852;26994;32019;31731;15036;21015;16149;5215;24420;32410;15705;5230;23529;19257;26676;23534;15983;17620;13082;600;11035;32591;8557;85;28547;11064;5523;4738;27234;11945;5707;14704;7057;17776;32321;31472;28722;27758;18912;18573;7982;7229;30567;12121;10723;5910;11583;13549;21782;19953;6796;1451;11823;8429;17922;22598;28837;32499;16121;
10885;24503;10390;25796;15171;26717;6718;14399;26043;8062;24966;27560;16898;28771;25058;9392;11989;3948;19589;9425;10389;1281;20354;19425;4496;25804;16433;10472;20354;1317;17620;3375;25180;19150;16762;21913;22595;23777;3108;24118;17116;21766;11303;21526;4551;16361;10449;22875;30313;492;11087;12178;13551;29721;30670;23620;1679;19802;481;31687;28945;11244;8227;13914;14223;21265;8989;2930;18553;28933;21354;26446;19675;308;6936;14033;15587;7850;24146;28049;7582;23243;18236;12844;19458;27716;2335;9435;31025;19009;24262;29769;15356;2017;18472;13477;23462;998;19271;11509;
14315;16562;15447;3758;29249;30831;20771;19330;15454;16781;941;32122;28666;22385;2068;5444;21462;23403;22971;17102;12797;8681;9128;19476;9034;24555;2090;17974;13354;19639;3007;25805;18083;3022;10036;21375;21910;29470;17678;19921;32065;377;11817;26941;27911;6470;10655;17797;9844;21367;21483;5958;11644;32443;29007;16592;3587;7924;16243;27957;23203;235;2638;24992;2217;13890;2121;30952;19808;3499;16802;32101;24723;23384;1807;21763;18509;9651;15269;13204;4579;2638;30199;18283;7220;28445;15490;5158;22320;21475;24905;28619;7319;22506;16572;22039;1539;18423;26590;1554;
25641;18557;26023;7655;15196;28689;19367;10483;26963;26142;8685;21532;22571;23002;21031;15460;25263;25976;19979;3005;19928;12704;29941;22560;31632;27932;31953;30937;15035;27860;25147;17957;22648;2044;9189;30462;22180;1164;19769;4406;27553;10224;5184;8131;12117;16385;3779;9050;6517;14389;17072;28991;13571;3858;5566;29787;11541;16361;24660;1167;5849;29888;10152;18504;7382;5264;17188;21587;28532;433;28941;32243;7871;7314;7782;4913;16744;24237;26130;28020;3340;8634;2874;4689;17337;26403;29422;22180;6831;13241;24847;14304;32355;21413;31852;24483;22474;6817;24107;1422;
14035;29800;12395;9043;1590;22890;8231;12047;11372;31685;9821;20443;15870;16497;27760;16541;9475;22714;20428;21797;25060;4084;18632;21877;18787;8554;14544;9055;25564;10903;25539;24150;20938;3481;6298;31102;22924;22498;19787;30725;618;305;12780;17334;24787;5824;32540;20939;30696;9919;927;2563;21567;2;13640;9205;17376;6647;18716;28324;20372;14554;5812;13907;22880;8748;19171;15515;1100;30049;11673;30394;18792;31961;32519;1582;24081;2833;12292;8067;20337;14363;31152;21353;30533;4939;6231;28169;11747;7476;11672;24729;23931;7634;3526;26926;23197;11017;31886;27858;
9723;29518;7386;14295;31601;8357;6134;6251;21058;26571;16369;1900;12965;6068;12615;21373;1152;15672;14268;601;15219;12041;31371;23655;1048;5608;13248;22159;22153;17688;30435;20045;4643;30483;19158;19459;1674;17021;6912;16276;3565;23382;17324;27438;7308;29811;15787;28775;26999;21807;11585;13196;5272;30558;22591;2357;28147;16770;18284;25117;16941;12610;5929;26929;20555;2583;15189;18407;19645;23625;14959;1233;5531;30746;9210;12402;31790;8512;17958;21584;18354;5785;26284;22602;21850;16923;762;21036;31125;9482;23440;29569;1680;21613;20138;2473;7164;6594;17951;17451;
9233;3057;15497;13644;8659;13439;7590;16608;13460;5380;1534;28000;29882;8415;9670;19261;3522;32552;19205;26228;14725;10470;22261;30307;186;14210;8876;16346;25789;30588;5883;23926;22159;4957;31639;25130;7965;27373;16758;2591;7365;27301;19580;28094;31254;30567;87;27403;16855;17005;5288;14644;29771;6528;29795;23145;436;1898;11384;24559;19990;22701;11699;13424;8765;22645;26080;24726;11777;22988;29748;32216;32713;24845;31976;19347;5454;411;24615;6748;27042;17362;22570;405;9328;10046;17058;4926;20101;5387;6486;526;12175;22205;24077;28098;14629;25890;32174;18870;
8968;9092;28326;4530;7337;23330;3722;16646;14315;2786;765;16345;28969;24384;8661;15038;30843;26250;9337;6280;8245;21839;10893;608;5297;28437;20434;12820;16719;26442;22855;31410;1721;20093;15765;16214;9836;24526;3241;19520;1908;17059;31395;17961;14454;5277;4591;9175;21236;20427;20657;26096;9165;24861;13671;268;15619;795;32458;11789;21697;12502;8948;5299;5533;17695;16840;1131;17434;6648;5775;12136;23921;15432;11487;7157;5009;2003;23745;16394;19044;16232;21010;31517;31316;30044;9002;25146;7182;22584;15036;4694;389;14255;6397;31969;16442;21971;12297;25242;
4284;22664;24450;28839;18282;28472;21370;13285;19072;200;19091;22141;10578;30155;1892;23480;14546;29430;28959;19988;22872;6100;10097;5015;18851;5563;3498;23651;11035;13055;4382;24459;7000;3685;11979;23077;1768;14043;31804;1184;6477;27494;14253;29272;28230;5979;9071;3944;26704;24274;12430;12479;20587;20312;15538;27255;8993;2276;26435;8290;11973;29453;16848;1253;26361;21113;24498;31241;4466;21145;2284;2255;12288;22419;5206;25284;19400;11392;11515;8662;1492;25048;1727;14950;4303;28714;17989;21406;30729;29457;8207;31237;22466;4195;29415;24656;27300;24491;24958;8828;
4241;26074;12116;16153;12959;31033;25815;15081;10337;8610;32463;8873;617;18672;11513;24367;24074;20404;25586;4021;9827;23082;18007;24181;26264;26987;10539;886;4451;5347;14201;27045;25036;30726;31034;10791;14644;10303;16760;20974;7832;18217;18356;9610;17172;1282;28806;22338;12198;10077;2435;25444;53;26646;31843;1753;20434;16523;15716;1020;14909;29961;30953;10669;5803;29829;17511;20640;20422;24717;22145;17147;31990;20862;2674;16929;8415;10998;12972;7880;12587;5260;32446;5970;19337;27327;30843;28762;15349;15405;23641;31629;14395;9990;20759;187;29878;10943;17059;15661;
30302;16907;25658;27962;17922;22791;7633;5141;26833;29620;26804;30185;16927;6315;24429;30760;16998;21516;1255;23584;1931;26296;1747;1999;21091;30144;32587;20728;30070;19997;31157;32374;8451;4257;16107;29649;12356;23085;11417;15119;23538;15397;7142;24780;30220;6433;6998;22157;4821;14821;32750;20306;17180;11924;4506;19050;17343;20512;22221;16523;18034;30213;17255;10018;14269;13367;20187;15848;9796;13656;13713;23222;12107;1327;27017;10138;5241;24406;30274;1834;24284;22066;23514;4888;13102;26152;9590;26887;15191;18702;16100;14749;18738;7648;19839;19930;5780;14517;4179;30376;
18059;12017;2946;6835;3043;29627;743;22138;6383;6322;2040;25255;15494;1755;7921;13467;20555;17374;16175;3406;23601;6003;13017;27222;4927;9495;6598;3397;3473;19971;5019;3384;25504;28510;21812;9901;3779;20658;11590;15765;13045;22173;15426;17835;13784;19913;25468;1283;18170;25117;12172;25830;15703;5685;16884;17629;28192;20240;32260;1036;24763;18441;31995;13505;1035;777;3439;11853;18673;2298;16879;28947;17939;3711;21222;4318;18652;20706;22466;6520;30660;16206;6998;8568;27089;17470;3965;32603;22365;17205;9217;21718;18459;7856;1211;25707;25173;23128;763;25915;
16247;11645;11818;18715;27089;6592;24493;10473;26521;23055;15885;19233;30511;15831;31573;30891;24741;17524;21180;5111;127;3309;2436;9804;28599;28126;30498;22365;27909;18869;22687;798;27485;29473;29502;25045;27064;13768;19039;30324;30743;22329;27811;14118;3525;9249;7249;9256;5341;24001;22265;16602;20237;7071;87;8982;30617;30076;13433;3264;18083;2439;1316;17310;14761;13008;9845;7018;17743;1023;20164;26150;21599;23110;19917;16048;14350;7316;7954;24982;28033;31500;31611;2091;23695;17077;11840;31195;29641;6515;12552;18363;17847;13878;21331;26212;2917;26993;28949;6658;
12318;2510;31907;26792;19064;6432;24531;1767;9873;13720;30815;29342;17815;11069;13195;12307;30350;14742;3336;23875;27725;25001;29975;3959;29898;20522;25074;12056;13720;14316;4199;17860;4526;12443;14278;29345;7274;28077;13565;30962;15830;24982;28930;7400;27689;8507;1649;17082;7825;7082;27255;1016;23855;31240;7406;12060;4707;15306;9161;25954;331;25385;21939;19161;1414;17871;14323;31930;62;21975;29587;16889;5733;30452;9665;10779;9278;13296;3957;3655;2592;26713;26708;10399;13943;12919;22741;13777;4363;16768;24482;21736;11141;21519;9793;6505;23343;31443;2291;923;
8187;29572;21980;21286;31943;12316;1893;26591;9439;24131;32223;9443;8899;779;31849;2531;23595;32477;27923;30398;5961;3508;12355;19797;25934;6024;31576;26011;5679;25870;2702;2027;6569;3230;10785;24991;29059;11124;23222;10206;6419;16156;5366;23733;1539;13096;28796;27241;9813;30500;12785;2316;32677;12492;1141;8783;21422;24188;25153;10135;28176;32231;28811;3667;32593;2828;21162;26252;10529;27494;14459;16317;8162;6499;11267;20454;1383;9240;25174;4316;24828;22323;5047;18403;22695;7985;7936;11134;4014;32209;31813;7046;20057;8904;17076;8058;22265;31926;17855;7958;
3113;22105;3454;2343;19540;21504;11854;23709;9848;25923;17343;18402;19497;32498;4781;21098;25816;12619;5804;17548;9813;28272;32426;16784;22163;5400;23759;18441;6828;4996;3496;3173;14116;14005;6789;25026;9586;31196;6943;9475;8892;27154;23166;24099;7139;29257;17178;3018;6847;9090;22081;19742;6316;19777;12984;24028;23109;31294;28325;6311;14447;9566;18604;29600;31386;15073;29785;11062;9795;14813;1470;3904;26557;2539;16477;9801;30770;22816;19784;6954;9445;5695;7302;10463;23481;23340;30137;30867;24823;23460;31742;9725;4684;11308;10517;24047;23313;30023;962;19244;
15823;26348;5490;17787;5891;55;25378;30457;32030;32607;28029;27571;25040;3560;31812;16244;22662;32026;14579;24028;9778;9905;23714;2226;32330;17878;29993;6267;4371;23630;1415;11084;20255;30706;1413;13788;1556;27743;1174;10973;15024;21742;29698;11405;25610;29415;23619;31880;27675;15345;431;7648;6524;11469;15448;23919;18033;13380;1841;13420;2343;19038;2674;14653;12602;2005;9533;4748;15994;20937;14977;8349;13551;28085;17695;20703;29211;4514;30539;20417;26494;17563;26933;3270;24160;9056;6889;17628;10442;23903;19828;1770;25558;32223;30537;26280;12072;21887;22499;20915;
32189;6111;28331;15073;25572;413;22811;4049;1673;6787;23588;11463;4025;26622;7373;17079;19555;9170;19486;25504;22364;19213;19004;10524;30118;6457;1237;10548;2034;17366;5310;11640;13667;2568;24283;24656;13205;27788;15424;25741;20446;8688;28053;2883;7636;6916;23999;7131;28431;11148;30653;25188;30768;11063;5071;30762;18209;8917;16350;31370;28319;22980;26392;9220;2806;22443;7387;31634;1036;11883;3796;3640;12449;8275;25192;26333;16085;30356;338;14425;1515;7156;6542;28111;9548;20422;21622;5437;5327;1305;2348;22609;2615;16944;28215;30591;22526;5170;3697;31568;
10577;27427;1312;4093;16219;29203;17763;16188;5062;14229;28880;31834;1151;14963;347;13962;27834;11936;19065;25981;20279;3694;5510;17458;30147;19457;23908;11792;10753;14084;28006;21042;27498;27290;26476;12546;18067;22424;30031;6153;12718;16113;10623;4101;4692;12402;21226;28988;20610;25007;18464;4625;6881;28989;28085;17365;16458;27169;31719;4575;17033;7049;18305;30431;1633;6330;4608;31855;17617;30026;9459;30955;8598;4495;15528;24451;2801;2903;1540;22158;18090;9945;13235;2081;20565;17388;28290;24801;27860;13175;9480;12565;5917;297;32396;25600;10814;1386;29987;16749;
27806;21393;23321;28043;24709;22615;20370;6907;32222;15499;26225;9000;14652;24584;1913;30935;31772;229;18610;10495;29290;25323;18447;24026;20806;2892;18509;6204;31495;25745;5406;4900;9344;24277;29319;1424;24451;24625;7047;13974;11940;6519;5113;6065;1599;4899;20923;22873;24253;1678;272;11734;15378;22373;26691;11861;20106;16730;11918;5692;4294;3609;2617;18619;1793;26494;6662;21667;921;6661;28109;27260;5322;23426;612;30930;32700;27154;13505;25295;27840;5969;28771;1295;10454;5069;7406;31919;8308;3771;3861;25767;30594;32233;188;32090;25257;8692;21598;29292;
9677;6843;10157;13012;23512;8211;31097;3890;27578;12989;26323;4706;20142;22933;17266;18513;3006;16139;4438;26383;3209;17111;7082;3622;12100;21481;14575;4139;14847;9887;30807;31378;4905;6971;15983;20422;25431;26772;5377;10106;1089;24332;12857;10553;24845;22465;31494;5445;11217;9224;1219;20382;3155;4375;23063;8545;11283;21505;1818;9299;17291;29160;12473;3262;3253;30829;15195;17788;16078;6764;17605;4689;30554;1255;30010;11390;13416;63;27623;3474;17431;12714;19071;23684;19801;4321;9251;12543;22007;26137;21380;8445;27093;25653;31819;19607;18296;13114;15289;23579;
13765;32515;19594;9312;26379;24118;8736;25942;3396;9590;16093;22241;920;31450;18897;30696;12579;15774;10133;21417;2296;5657;6774;12623;19302;16879;11734;25030;27770;28808;28880;8142;17348;17345;17435;13902;26974;18657;16177;24811;25643;32206;28848;6874;3421;13953;32256;20466;19770;30391;26166;9222;5407;5097;27704;17521;15045;13183;27682;30706;6339;31041;8169;24763;6228;31246;5951;9412;2139;18128;26294;28773;26020;9135;21031;1828;30829;16261;30293;22220;27429;32658;13774;16575;15987;13170;27922;3468;15994;17739;12791;16068;23900;14923;8780;13066;5884;5970;1469;20586;
16905;32235;18166;10476;29240;5505;2060;19816;20432;5328;22040;17051;2156;32665;16421;19579;15612;27802;21836;968;4366;26557;19997;27108;16204;17552;25921;28388;22341;29941;9054;7655;2160;14363;8763;25510;7789;13740;2853;9037;4751;22856;21649;3466;22168;563;770;28131;15555;23370;28973;25164;8456;28476;25435;12537;14235;19702;27152;12401;9398;20575;22506;30180;16792;25414;20171;15806;13006;19096;10299;17020;13233;21463;15623;30142;15152;30407;20526;20382;24015;16235;8446;10305;4336;5167;26747;20395;13137;11367;17920;22488;32471;19192;24361;17672;18314;4437;14063;6234;
11232;32430;21;26780;6718;28516;28356;32098;20412;12479;19826;8277;13353;31971;22792;6350;14159;29440;10307;1444;4983;24522;8794;2370;6448;27177;18658;31740;26701;30769;22767;6307;14893;24660;1917;22358;8511;15062;23822;27292;25028;26498;29844;4784;18391;7068;8592;15132;7851;3094;16764;5769;11541;2054;15463;11478;23370;5976;30943;3943;26089;29120;18195;10176;16956;25075;1849;21586;6075;26903;3886;18324;29393;13944;4956;23894;5347;18300;5857;23123;1423;17369;9966;18949;18737;27141;25964;28349;24748;8175;9958;30706;30311;31724;10147;29401;23701;23028;7186;10551;
16570;20750;8300;25204;14442;7433;19348;15088;2900;20589;26946;1434;24192;25265;8032;27582;9429;28334;692;16158;30942;13652;24256;12869;17358;14492;13542;27416;21953;701;14032;9134;21316;28067;16399;19809;7192;32413;4866;27173;3891;10838;23802;4121;20488;5382;17819;19292;28936;8937;3462;21026;10089;27889;53;16135;27686;28088;15653;17827;11847;31416;7227;5470;31330;23998;12641;24197;15202;8860;13168;11678;30855;27934;19026;4345;13486;27456;2152;15496;21203;14238;4905;8176;9172;16428;16140;8928;375;1319;8872;31650;6831;17484;25882;21488;21787;25671;19368;12296;
26576;13422;19108;19459;4952;21679;7570;25442;6906;22983;10893;5866;25404;437;13542;25778;22951;3183;8975;26234;2506;3283;23479;19006;898;17888;32311;14603;30328;26662;31277;8210;9962;17275;19046;4091;8111;16624;22274;9851;17781;14596;17106;13865;12110;31255;10245;8333;26731;4897;2052;5754;32550;13987;29338;12958;1350;18910;10328;8792;25983;29764;15416;20681;12857;17196;30848;18478;20883;13769;2793;15725;10918;17757;15361;31213;14350;15786;13774;6059;9127;31145;7604;17291;20372;22655;1432;31212;28806;32429;30790;29054;7482;14215;9488;10328;30532;2791;28344;18245;
20748;23330;24977;20319;29974;7995;21728;17888;29318;3415;15240;21044;4835;18801;26599;595;23835;27727;18171;10573;18887;30389;22217;3110;3249;1240;23551;20709;6035;22037;6872;25576;14882;31971;5952;18298;843;19207;8249;424;18365;19975;10877;7248;29095;28640;15972;27514;32195;4091;32009;3563;18835;10334;168;23544;5867;21280;7243;14489;26799;17439;16038;30910;7390;2805;31807;21734;26575;12583;1234;6381;5307;2208;2035;1573;12156;15966;19701;7081;31636;1388;523;14574;23665;28176;1709;20123;4848;15685;13629;4507;29727;22635;28651;25712;32071;6462;29910;27338;
26922;7685;15731;31576;10889;27147;27955;25566;28649;27219;4960;13192;5271;12936;17480;32638;8938;1587;19870;21944;19400;561;2589;21012;30571;31331;6254;2469;21349;24487;31052;16462;482;16903;22758;7312;20014;17201;1925;19873;2679;3367;25966;22462;31443;8504;17930;31425;29061;4911;3652;26358;124;1226;4659;13355;25628;30062;30201;20230;2881;14872;5611;20636;24705;12695;14834;29758;14514;2297;6192;8086;2732;9283;27367;12532;21584;32613;7575;2018;20682;7020;21863;31742;25618;19450;22726;13833;24505;30963;6738;7995;1250;10362;27385;23257;26511;25884;5982;32266;
5918;21578;29822;31207;12307;4365;8083;27601;15127;7925;30009;18439;32065;2387;975;4727;7573;679;32032;6613;17354;6236;27458;26859;5201;20147;11455;25136;11666;14590;31731;14747;2681;25102;1461;16569;28209;6382;21306;14590;15663;30162;2869;8281;26483;11082;20035;11274;18442;30651;12935;26040;7640;19216;8849;7870;404;29869;9093;11719;32020;28068;18041;10906;10187;4908;18718;7223;27792;25935;10659;19746;23712;7650;12758;14847;13287;13242;15757;20063;29307;7709;16452;25562;12138;27767;19975;14174;2229;1614;11155;18630;21660;10104;10680;22702;30748;27788;20481;30854;
1719;918;6807;24806;3955;21775;20323;545;15141;14604;11891;797;8175;3253;415;8802;28168;15353;20332;11632;22971;4992;13616;598;26291;28385;11383;20352;30837;5910;16294;1489;19502;25901;29150;12530;16303;32063;24099;10729;2486;13734;20926;22509;18287;32363;26079;29560;826;23806;23687;32671;6319;20522;17573;28063;6623;12359;10624;7864;6621;24498;20820;14398;126;24442;20288;32237;19292;7260;27743;9853;24609;2034;11318;24182;21506;21031;28750;27974;19593;22254;32545;12432;23960;5172;29243;25032;2219;15378;20377;23037;16733;14152;21077;18421;6958;11239;9861;3199;
1155;23629;7264;12549;13038;29270;5794;11361;9392;2769;14386;27121;23420;5425;5378;18158;13438;23429;27191;31225;412;18091;8587;6391;18428;12992;9199;12575;18374;26586;16244;9553;12587;2810;9323;18090;10918;6972;15819;23381;3201;20305;26836;1956;30108;26415;20466;19807;7530;17927;27876;5468;1852;26744;30237;30543;31426;2818;15211;13284;26062;5309;13782;5387;2908;6731;20171;10387;9168;3339;8826;2299;21118;27279;16764;10373;5231;81;13753;21131;3170;6049;20105;22294;20498;7650;30745;5293;6839;7414;8721;21611;2255;6135;31091;11349;16670;8232;31174;23530;
12020;13867;6517;22267;12718;19316;5490;29372;25983;30717;8222;26908;26993;14395;30573;9810;18086;18258;9797;5304;23780;27013;29992;23261;30801;15088;19987;16341;29818;22137;6054;10708;4250;26884;19332;27388;22810;1254;19453;20594;19028;18844;15595;10167;4252;13246;25561;11830;2433;10542;21355;7961;27216;5525;26106;21345;12250;11024;19326;10294;15223;6950;11953;8059;16715;23550;13681;28326;27592;19918;24678;28623;22644;21655;3558;10502;20973;14864;9237;24042;27434;27615;9809;24440;24579;27151;14797;3616;24308;31167;23931;16926;8222;28695;22832;3591;28046;10625;10243;4002;
194;277;25078;17146;22889;23636;26840;2993;29035;7962;23657;26775;29225;7118;6592;1403;20230;21468;18922;8002;26918;7269;17364;28214;8310;31541;17770;2720;30188;20469;18433;32664;8976;7585;29682;28;19131;2109;30600;29280;10014;23236;17693;17765;22791;10594;31871;17613;15456;25570;921;24302;26104;27754;4687;4389;11911;1638;13737;28268;28396;12738;3636;29743;20920;18012;19877;8540;24048;25529;14272;954;7951;2295;10872;12155;3659;26882;29016;21780;8473;20235;26657;26956;8435;10038;12469;5011;12377;32659;51;22166;8470;5456;18276;10000;32708;16941;14934;25827;
30866;24111;31558;27239;31045;27033;27843;9730;13437;4888;28433;29177;27194;28222;3276;7813;6558;28209;23245;25130;32757;30885;3922;9284;2290;9479;5208;21987;5179;31739;6476;19672;13353;19209;26595;21776;18888;24723;71;27681;8742;17419;16499;23331;30922;15971;6880;8897;898;18116;8289;28047;27490;10114;24907;31903;22281;28496;27098;16975;27174;688;24016;8036;24123;25006;30559;30301;6305;30158;27977;2305;25037;31811;1094;21563;8657;24673;20390;24103;17957;6741;25911;10861;13480;26132;2153;18638;28642;26257;4272;12796;20620;2355;3882;26287;30802;15750;30594;1269;
25047;21809;20500;18377;12794;8232;11602;9448;11864;6434;31846;31968;32017;13902;24857;4458;4560;12865;10995;13817;27653;24883;9635;28307;2677;26220;18594;28896;14325;24057;2580;15233;5490;20131;22767;14242;1333;30754;606;6355;23397;20877;1640;28435;30670;19477;8141;7982;11488;11763;816;13642;6139;6559;6523;17852;20202;5443;14720;20512;1709;9839;9436;22696;6011;22030;19489;11188;519;12441;7732;32675;23043;5770;26355;26857;14818;28948;283;21602;9187;7953;24425;31719;29771;11836;12544;2334;18673;13472;9483;23190;512;24144;4515;7955;16377;857;499;15142;
759;23029;28570;11521;20279;6401;11088;25226;31447;7857;14541;13742;2270;28547;8679;760;13693;8561;1274;3682;6037;1899;25228;10859;31608;12548;28209;21865;23284;4716;26285;16673;5774;26782;14681;30869;21515;11738;29896;6173;9781;12886;20137;19385;25051;11569;16623;1958;17434;22952;560;12079;19931;29836;23883;7622;30877;11763;11342;18003;10357;25391;31383;23756;32594;13564;4665;15878;30086;19965;30881;2507;23426;28010;7801;9004;10465;2563;18124;2840;15529;8520;26987;18734;29389;1771;5264;22224;13046;18566;4546;16505;23682;31114;20984;29008;13261;31607;25857;23805;
13488;5715;35;31675;28232;30037;22531;19630;19449;23521;20932;21112;28594;9913;20339;15879;370;28017;7075;15280;6155;22563;14420;5762;7974;32101;5402;9684;24199;23672;28795;14625;1682;18370;26776;30230;26126;21374;32528;23784;11562;7347;5153;26347;25021;31842;7440;29537;26834;31492;6603;30351;18788;6196;3534;7959;3174;15016;67;25985;24071;23653;18285;14875;21555;18227;9030;17667;32349;30031;27495;27778;8828;27233;21545;5531;19283;6317;3850;21220;3062;9869;19026;30101;7306;10271;21494;13535;13388;8507;25532;24447;17621;25512;20640;19346;31388;7567;13686;30891;
9916;11311;18642;6179;30199;1747;27685;28592;6395;22017;13864;19001;16869;2805;31870;27369;6916;2894;8341;13955;6879;17670;9165;1781;22905;16039;18140;23855;19155;30652;14449;25909;691;11654;5911;115;26020;22513;19036;19026;27454;29382;30515;19208;21927;26402;5016;19636;602;10535;23922;1706;14375;24049;14525;4875;5755;7628;14568;25242;2530;9892;22908;8906;27082;4797;10751;18972;9098;26532;28952;16039;5795;4453;2804;19192;1605;7678;1767;21789;17429;19732;18519;3069;30765;18405;11990;32491;10852;5502;2446;21370;28880;7981;23010;3474;26506;22842;10578;7619;
21937;25554;30367;10714;9138;14404;32304;17330;1734;13936;25013;589;1468;9851;29450;12579;15096;712;9822;2490;30652;7716;28564;11127;11430;31297;3817;17844;15226;25190;4312;10259;5666;7780;1339;11537;20211;20940;12722;13022;32306;23391;17224;5740;8407;18630;17236;25797;21648;12932;21406;13987;5385;5160;30147;27194;24171;29895;25051;12121;22819;29609;12376;6577;29412;3395;23345;11636;2287;11365;23105;6691;1938;23477;24298;6049;8942;11100;29437;6539;3326;7935;32478;19660;19669;14321;31459;4971;6951;28583;20478;29352;26635;13932;11164;10056;28159;19029;19148;21549;
30253;31352;164;32553;12781;10841;31712;20500;19850;10661;4045;17948;8265;13347;1126;22365;7591;11751;12732;11954;27619;28617;27291;31690;17340;14357;31338;2430;32124;4996;14931;3681;28469;21099;420;27545;75;24115;30069;19950;5682;777;31628;25889;15993;470;21629;9599;14856;32370;8469;18357;19878;7701;22265;31462;31678;27150;26763;31995;2914;19127;9229;3387;144;11944;3593;27931;27060;12843;15088;25431;9839;23280;27649;30017;2967;15362;29548;19033;2175;5626;9144;28191;12664;18291;20066;25637;21399;8637;5575;17000;30137;30166;5699;17888;27333;28053;10907;5462;
22833;1321;20376;9846;23496;14530;27381;31013;8106;14990;31100;7445;9108;17639;26731;13718;31841;23755;7708;28591;17105;6284;30181;7789;3722;16072;13118;29051;8796;20892;12321;31219;11721;23061;19127;29044;18373;2023;22064;30581;1722;31074;4850;14552;22991;16289;29175;13762;1898;29445;10096;6571;29939;27618;20655;22961;7132;29559;12611;3378;20446;292;19301;13465;14981;22487;22419;25208;12270;6088;24442;31448;16592;6246;25;31949;11705;7824;5924;2637;8090;17161;24486;8769;18822;7462;16875;16605;22455;1482;23197;23085;20434;1684;32045;25329;18027;18775;13684;23467;
3532;7115;3227;4598;16882;23426;5432;3097;21977;24093;697;21212;1530;10687;20486;3483;21521;4546;14690;9368;28707;2985;3474;23957;12992;20566;6722;9891;3206;7550;14244;821;3814;11097;14170;20344;29227;10910;14998;19943;15543;24238;13184;13082;28560;10255;5592;9182;23580;4893;31452;22923;1833;16124;15468;24722;15664;12497;19308;9558;15323;26418;17770;17213;5316;16859;3456;18950;11648;4514;27772;27997;220;25773;31807;21164;1382;25314;25187;28981;23856;20127;7713;14430;13008;32171;28017;28747;26539;24173;3442;2226;30580;23900;23053;18923;13551;16055;4309;7239;
17403;16502;15154;22947;29903;6272;959;23869;25732;8990;31472;17862;1748;21936;3832;7608;32033;18847;15082;24041;24248;29586;12574;32353;22104;23269;1238;2408;14574;25943;5921;25828;31139;2818;19200;17890;7960;1681;17608;627;7664;21933;14535;13753;15504;7608;3370;27201;25634;18622;21278;16019;736;28328;23350;14344;25487;24243;26893;14300;7753;23841;18988;18052;1664;26927;21550;10562;14912;8006;3618;30198;14004;2933;2352;6455;5612;31;11392;674;23005;17649;30807;27506;26794;12823;1155;27474;7714;2992;15866;20335;5769;12671;10174;26576;5787;30435;8963;16106;
13518;14089;660;28527;10200;31072;28019;3176;24177;14925;21695;20355;17498;11297;219;430;22686;1096;31181;20964;31000;10434;20196;3655;1845;20952;414;29552;18939;29703;6088;1539;12618;1601;6375;10886;24162;30805;31447;28531;5542;28075;16818;15755;32160;4148;22260;25198;20292;4001;23516;10601;23417;8403;31509;30351;2517;4499;32149;6155;13480;17540;9926;16820;1597;10581;7139;26338;15196;1339;23205;26240;28435;8095;800;15715;21431;10004;30951;13018;32037;25227;8055;13191;8269;714;13779;20077;27634;10266;5483;2121;24235;28736;22594;31014;15918;8367;10832;26668;
5069;16636;18982;22969;21057;14738;31952;17331;2215;19111;30975;23580;18120;28527;3432;13798;5789;399;1639;8201;12051;12500;5864;31444;17419;8997;18567;30592;6053;20662;14070;30219;12478;28799;6815;30020;23223;2285;26251;18722;21112;30935;32131;2905;17589;3251;17013;31279;368;29706;2073;14732;2240;11049;9171;10833;21712;11546;10204;19435;1322;466;2205;23592;20278;31916;12635;10569;22525;16150;19481;19032;23347;21386;16570;12732;17269;29889;12135;19978;6095;21795;27184;11550;25217;31361;12790;21867;29955;518;14984;18831;11590;24683;14860;27178;8253;29291;1953;10737;
19868;29047;3394;18430;16608;8362;4333;1130;17295;17919;6405;798;1217;17346;28662;20710;23007;26180;2839;16072;31915;14803;22740;1939;27264;31977;14860;29626;18651;676;10936;28515;29467;6518;24014;18108;5509;18974;20581;31886;31115;727;6169;28436;26446;719;28849;16141;16481;6618;19711;11536;14288;4200;28424;24864;19297;19381;19301;20608;25113;575;15337;13768;13314;5245;17796;20281;24364;24014;30055;22350;19954;4528;6505;27539;21118;31026;22442;21946;7056;9388;26998;27372;26234;26029;32108;30045;4720;9525;1247;23587;30974;27172;28796;32072;12250;9203;8237;28190;
6108;3490;2622;5586;23883;15601;23999;22084;19802;12755;9257;14102;9458;31264;9796;18180;15538;15754;6215;10099;13877;17874;20801;30284;3731;22332;4537;2570;14890;27968;7569;13330;11678;12162;11569;32067;30750;13060;31201;4303;21225;23450;26997;18761;18961;29087;7472;5119;25215;16359;26595;7817;24888;19956;28501;674;6111;2669;31975;25655;23162;31179;16760;13758;633;15702;4231;5833;8948;1616;22167;219;21044;18800;20184;13946;11381;18066;15363;10373;29674;14508;10374;17864;29186;16900;29153;26830;32234;26784;9040;22518;19539;14078;25514;3017;27765;21766;31369;12171;
5715;11581;12459;4112;11841;29243;3992;27858;8612;6239;17541;24384;250;6081;10873;19544;31514;2664;16302;5239;7612;31422;2618;30064;32571;30272;12270;21212;13722;14458;17791;22706;16070;563;6371;11288;15898;28901;31486;7800;13096;27248;19582;5845;3511;28942;20996;9568;17160;29578;4996;30022;18526;28077;19182;4301;5820;27898;9742;11167;7153;19867;24497;26469;15570;17306;29705;18072;19655;1108;29778;16788;7817;9259;15798;12783;4649;31868;5998;2056;17493;11729;31787;32483;17111;4695;4788;16948;27230;13458;6608;15033;20865;7759;19302;29901;25857;5082;31459;21819;
6478;3954;29404;4176;21837;4346;22005;5940;31321;5617;1793;28538;11656;19876;23658;10485;17967;23970;8915;26061;1448;19057;13053;10451;31826;22655;7911;24082;16346;31067;14906;20902;22201;6437;483;2258;31998;24644;9986;12620;9806;15702;16643;6875;24873;19309;27402;28452;32622;26744;20629;7105;10274;4095;27997;8852;13933;19988;1149;17499;2533;24198;4821;14724;11280;19543;16561;27970;28451;9584;5798;28384;27152;5780;31165;3414;30144;915;13012;20762;3997;28608;1344;18488;17748;19108;6327;22693;3545;29940;14958;3280;13227;4545;14718;3707;13401;30703;25228;17353;
14661;22504;24233;17048;3496;27025;31095;3600;13782;13950;4749;21116;3012;21602;15901;4953;1223;9161;22740;32685;1182;26377;4866;24731;25011;17781;14075;22067;32414;3797;11965;22159;7403;21267;3283;8987;19741;8759;7289;10292;8178;2197;15616;31477;31977;6981;3188;26957;16898;10452;9597;20565;4293;25145;29827;11489;27781;4107;26645;6742;3558;10225;140;13243;3997;22105;747;2834;22647;20589;21258;10984;26269;578;14580;22059;24598;27987;5517;31292;3213;19247;19064;1861;7253;18542;22839;8909;24746;27625;32148;26761;22842;32299;18240;11637;15076;1314;30395;31012;
21439;10266;8563;10580;28766;4077;24880;29638;9810;6003;4783;14925;10225;24640;26509;25892;1366;8079;20328;14212;32425;14201;31808;21110;19361;28779;1571;23015;31814;26326;29193;28666;22268;296;8189;31394;22461;508;25725;26479;13478;2701;20772;25000;2997;8561;28806;11931;7633;4484;31068;9265;15114;13602;15585;28101;17443;409;21627;4918;25933;26333;21150;30267;28214;22398;31469;14839;27458;3288;17827;18638;25624;23434;12850;27766;25441;11305;11562;11345;11212;27701;3419;26106;15958;2891;27710;21534;5576;22685;23953;30605;15233;21664;19010;5776;6517;19204;29326;18046;
11638;18665;23402;13194;435;17232;11042;6879;3710;463;14656;10991;26962;8586;21935;15879;25876;17502;2848;8999;1945;16479;24749;26898;30825;25477;24252;24481;19650;8098;23335;17244;21728;12951;20634;18251;20092;7880;17724;28938;8339;1997;1169;31516;1128;18283;12447;12673;16332;20162;28239;31883;21661;10183;12567;3565;18829;10997;27094;25621;28708;15680;7423;6076;19465;10827;9210;10171;32637;28378;7623;14112;24872;1930;21221;29057;7960;6080;4210;2448;4871;31967;16019;1520;11228;8638;13846;20551;4213;9817;6486;14997;24484;12230;13407;28356;12663;29803;10323;31872;
15805;22639;26125;31048;19397;11886;15363;26309;20329;28785;31601;21339;22347;1309;30900;26879;12383;25898;27379;24136;25258;13591;28421;32200;27465;10012;12687;14236;22452;14689;1133;28994;9796;9325;25428;1963;4083;3553;11189;14225;8036;21350;3044;24587;14627;484;28025;21343;31021;19701;24311;10775;2483;6809;16555;19543;22299;30507;14551;9581;17736;1427;13072;13738;18971;16318;28389;30320;4409;6987;25025;17549;3343;26247;28691;17607;6420;29084;16811;30392;4430;22533;13671;27101;792;32325;14352;18665;23330;6105;639;12127;13497;18795;772;32095;11849;15176;30216;7616;
26400;12308;29168;29280;2676;29629;27205;23224;2984;13997;28178;2228;30667;10564;9614;6081;98;27525;21243;6695;9063;9487;23246;4249;5265;22863;5904;10;19414;19445;31236;6595;23855;2468;17418;10675;32155;26862;20675;16134;22886;6015;16246;17145;8107;1944;31411;29164;26392;20928;25398;27320;20465;24246;8717;18500;1879;28073;26110;31059;4043;19115;4131;19104;29422;18788;5079;22317;16522;22531;3542;21208;32470;15994;22175;25391;28662;24043;5149;31365;20674;1117;3719;26950;29896;10420;19589;6535;25492;8928;14996;10465;23343;13396;25003;21632;23525;29882;28959;27511;
8523;30437;8132;15190;11393;14855;10325;11007;17333;15140;25877;30645;2792;15046;20151;18550;6645;2803;25211;2955;13263;31068;13211;21085;778;10711;11237;8074;32669;29967;16297;23352;25062;8058;6357;25002;18158;31884;32095;24593;27119;21035;29923;29604;5907;4194;29070;16114;15231;12633;58;26999;13968;21893;17370;15726;20580;28700;16409;22503;31133;6092;14142;7961;14433;20396;8019;29433;26277;23667;29318;19468;9644;31208;24271;15481;10954;1177;6355;1890;18798;27600;22025;17012;24160;32707;12827;13757;70;28683;911;28094;6509;3671;25510;13250;20166;10594;28036;24686;
22575;5154;30866;15512;11764;11587;21025;25693;12182;31443;14928;24685;10187;11839;10287;27050;20933;9342;6436;2802;17335;13964;28558;5432;25238;28186;9385;6618;17181;29316;20914;24366;7187;16899;21579;862;11728;2852;4640;16759;17150;14968;8139;3260;11933;4237;20213;30272;27465;21534;26558;4276;16320;29831;4447;18045;3231;12411;11790;22026;10092;5369;11811;26724;26329;26748;7800;30214;17479;22131;30229;28144;13962;28400;26381;21239;10732;20132;13987;17247;14708;779;24753;7851;3432;32484;2635;15796;784;13028;1951;28921;445;7851;31007;14646;8458;28151;17379;28216;
1122;30232;26952;18415;4034;10148;478;32197;22976;18539;24449;28718;32461;2477;6853;4224;14775;20107;3992;31494;25970;14012;3362;30543;19479;16769;15600;21196;26413;7387;1362;18843;29992;29947;27393;29085;2095;22522;13829;23502;29218;458;24022;24534;12764;9325;194;17883;17845;100;27278;17050;1867;24939;28256;31158;29827;21347;6109;31311;2506;9104;30606;27095;4513;516;3720;20769;3416;22363;7500;16315;6937;8873;23020;14718;32041;29617;20847;8803;9835;21848;30839;7321;28710;15449;12065;3284;23815;20025;15405;14567;3434;5246;863;13461;18645;28700;31524;4260;
16581;24880;9593;52;28846;30448;4105;26703;16189;31714;8085;3521;17632;12877;10905;21802;23432;13550;10029;18769;23470;20459;28713;23483;10900;26125;25996;4989;32205;13865;27679;7758;30719;5343;4181;30688;744;28295;20598;7025;2719;9577;20988;29597;32284;8236;1598;31862;14587;7314;587;19414;14973;6754;3609;29684;19920;29349;11999;29750;1936;28436;12479;11334;15501;30162;29608;1384;21967;7511;32635;17931;9687;15532;9068;17309;9000;19422;9388;26276;11270;10413;16453;13579;14206;4996;1093;22201;6054;30894;17438;18537;12582;22982;11341;12469;19447;27503;14650;2931;
24939;15174;5471;8005;2926;29205;8877;29036;30987;1610;13099;11229;3122;29351;13537;10647;1208;17722;21748;7475;23711;6800;24082;1469;14744;22822;22032;26050;6086;16672;7890;28842;4549;9277;7788;8776;27115;23051;12934;29872;14541;17495;29445;10313;25861;30696;2024;21027;18483;23917;5743;9354;9538;24243;2435;9691;21485;29723;14674;18838;17793;9804;13882;8117;18148;22565;15080;3644;9174;27893;2497;18706;3959;7919;14720;31759;30217;6616;13601;23382;7160;11779;29439;3557;11799;12159;10041;9834;10029;21903;30041;7768;11952;11866;25912;1851;21712;31460;7964;26185;
20408;1853;13092;28217;7696;21241;28646;2904;12998;7647;3158;30169;3598;11494;10474;15980;26535;23389;27643;2323;20064;19561;15727;27185;24796;20660;26005;6628;914;21604;4944;29077;14359;26954;3448;26574;31136;16732;4989;32331;17091;11622;12621;22099;8317;29692;2680;24393;30329;5299;24722;21374;22671;19345;22746;30537;7564;26817;17688;20058;3889;20619;29644;15179;23422;14212;19332;15736;11056;28418;13710;16657;392;21971;7119;13677;18766;16687;32243;23969;13078;29162;25031;3922;18626;27118;8930;21447;23112;13801;25995;8002;10165;32579;12503;4753;27762;31315;29714;31456;
12230;1234;31584;977;32413;2192;6052;20431;29320;30309;32161;27295;10756;28011;8288;18999;5631;25194;2769;20948;16536;23444;31924;2887;28967;5235;20154;2703;20861;7711;25064;12205;30829;20404;7741;15028;32139;6915;17556;26144;31283;6536;6092;31592;7117;26013;8485;5591;11088;5100;5101;1943;11781;24874;5213;5391;910;26627;26046;31343;9510;29520;17359;28552;27178;16528;27499;7650;30169;18070;5735;15624;12888;21631;28346;18727;31992;7399;15584;2007;26556;349;21888;20281;13334;12819;2636;17218;27378;30170;8744;32086;13813;11854;7311;21017;24071;27726;17459;10626;
4879;10416;21732;7473;24829;30002;14515;20738;30222;14771;8279;14818;7755;20899;31440;18145;6228;7608;4170;8329;10075;24034;17475;29294;1651;26498;17136;29447;8459;3031;7645;7612;13493;17080;7125;21312;16429;28041;16385;21537;25494;18024;19539;18846;5638;20391;17190;20664;21573;22399;11294;15244;11474;25602;8278;31967;19751;6994;25018;29179;29758;31761;433;32442;28244;31256;23296;12256;32237;21356;25323;22445;22040;12653;5532;22707;2548;27217;457;4838;5491;30417;14226;9970;25438;28706;7848;977;29850;10791;30644;29340;3241;15845;3319;5281;1907;6199;22061;1975;
15431;24771;5048;9422;4637;19756;9466;3274;10526;13450;7683;30610;15718;30487;24684;31075;9992;3626;15234;12907;6994;22634;22440;7315;4947;30267;28918;27548;31643;19069;9510;13165;4418;29558;22705;18603;4140;20492;30517;3979;5770;25912;4890;11492;24996;14263;10357;19849;18391;28163;1836;30677;5081;20097;10332;7047;9541;28156;29431;21456;31315;8786;13234;4011;1766;3437;19486;5229;31949;21621;23828;3741;26946;22340;28759;9477;19383;31771;25973;16905;2515;25491;9710;1848;25783;6358;25752;7969;21381;4622;27714;24936;26403;5406;16792;32025;6972;21649;7239;7483;
14472;22735;31585;15273;11342;2455;22786;5661;31015;27561;16692;31118;9476;26307;20496;22460;18546;10191;23334;23305;8989;29531;18975;27786;22931;31817;25249;24670;16459;4808;2931;15422;22502;16259;19170;19542;24244;7960;1123;31315;7034;4555;14713;6846;17779;4988;20953;9352;11668;20438;11981;1766;3348;18122;3542;4447;7468;5435;32405;8738;23580;13819;28651;3742;9070;20215;6240;31309;29566;24238;15809;4048;6202;24040;8205;20545;2855;10660;2963;27845;13989;18770;22100;24160;32371;25922;19630;12302;12661;349;20796;12047;18613;20499;13304;30082;6057;12692;1186;821;
20916;13123;25702;22716;2286;9063;6841;18624;2600;3364;29060;29594;14891;12459;7300;8480;22593;19373;12272;27839;18935;17941;27229;30667;21536;5878;21984;5650;25885;30146;1138;10423;21596;11198;27544;6974;15135;6578;9027;14051;19071;17893;3060;16432;17072;1608;8229;4814;28550;6898;29925;12188;20024;19660;11714;28926;16485;25742;26603;22904;28756;3562;24726;12411;19072;31494;23200;24958;12372;23600;1907;20817;18483;32718;30509;7598;3771;11923;21503;31506;3403;6137;27858;9418;22978;25323;21297;4945;17290;14017;4195;27865;20950;20594;13783;25640;30503;30725;19654;31141;
7701;27209;26899;21171;29516;2758;25462;6973;4309;29171;32473;9618;28311;11178;32002;15476;15389;14808;26227;23403;1945;12153;2446;16736;22057;30660;29949;4454;4442;7586;29009;30171;28139;10085;15849;31152;12243;23223;5398;3077;28548;31952;15228;25081;17522;25325;7868;10944;30927;26365;18256;18934;10905;5277;8630;3122;32215;8774;25296;2527;17440;2757;2955;11335;15708;23276;20415;2289;21967;1928;25686;1837;1363;24467;30897;1005;13284;28330;24391;26582;18274;25537;10639;25495;16019;20501;15137;18042;32104;21090;6168;9016;11905;598;29370;14098;24050;12358;15451;18205;
12616;19745;15742;26590;24775;3746;31038;25366;22006;9161;24556;12255;4958;3467;5370;12536;18830;28617;19479;11614;15714;28287;412;14108;25477;27454;4647;29795;21813;14044;30085;32477;582;2922;8406;19775;17514;25190;21483;23326;14255;31538;22003;771;31817;9669;25943;16065;17810;9633;24290;16902;23119;16644;24613;9009;27189;20579;26906;1635;23724;25108;16647;32473;31954;17995;8869;6777;9923;5959;29570;19370;23064;4557;2724;9577;21933;20950;19055;7578;8360;18309;4553;18843;9398;30811;18555;18719;15768;24750;2778;21306;25055;2391;14504;6584;18675;9644;27445;30387;
12890;19886;5833;6245;12855;10371;23366;7994;10001;6950;18442;25129;15574;20317;5907;19781;8480;9963;9062;3727;19638;28423;7857;1295;1622;26638;18991;9763;690;30069;14028;19734;17848;2561;20618;10484;10518;9274;14627;15517;11262;28445;13808;9497;28710;23313;13577;6699;2068;17180;11694;23849;31384;29271;24549;2570;8090;7583;14181;32449;14869;9614;21939;19658;29540;13481;1931;26882;7101;3547;10625;3515;21499;7971;16360;784;1184;11401;17907;16758;17946;10070;30746;8852;7749;1412;7615;5205;14130;11636;5650;571;29479;18911;11314;26870;486;6671;30357;18485;
23346;4687;17833;26300;17040;24736;26043;7350;14411;10669;14361;6221;31674;4609;26483;20601;709;26488;15239;6677;2726;32499;20478;4920;9709;6736;12944;22722;27591;27290;11375;14901;11391;636;15075;24519;20293;19708;31537;5813;15663;23654;3522;14297;32125;9605;13441;23679;26401;31513;12421;21877;2943;23942;8944;6241;15985;29386;29975;5975;24462;15025;3043;13995;18604;21324;19063;21764;1443;24991;10258;6578;14676;29338;23863;32066;21482;26699;27660;16463;32352;18257;2049;17563;24388;30868;8369;31838;7354;21299;5133;25565;16323;702;19383;14655;23743;7590;18860;26268;
9521;32753;26662;21080;18115;15922;20673;2479;15242;17593;28380;31120;28554;30471;24898;10671;24445;25477;12042;11734;5328;24437;17339;16763;8943;7976;30388;16792;2498;7793;8651;30903;8567;27995;2869;29004;29571;13591;9894;16968;9443;2360;29112;2539;21928;22819;28561;2778;6578;5568;1984;8049;28348;24438;19561;30554;21401;20567;27554;21343;25788;13975;20508;13180;8702;21315;13574;11065;16796;28975;12590;20535;13439;26673;32106;30472;16321;24716;31286;12867;20332;27311;14494;18392;26245;16160;2655;4258;20553;15027;23881;30267;30390;27391;26087;788;589;16146;23906;14533;
10007;12388;22179;8353;17126;30730;28344;19086;12509;9260;23673;11796;30258;8633;9067;8627;11315;3673;28132;23674;19335;26276;21104;13781;15543;25745;2164;6055;20973;8753;20497;22168;3579;21661;4427;25777;23710;13101;30315;4646;8196;24298;1441;20594;14221;24134;32238;11177;25551;267;31553;28170;11228;16530;9697;8660;10183;28725;28938;25948;21604;20998;11483;17755;21584;25538;28528;4492;16945;30720;6475;24439;30783;28590;30968;12167;28932;10174;20976;26723;9567;28445;19135;7291;3023;6373;1634;19937;7406;32467;27891;9307;316;2043;26504;18870;19486;1978;4952;24669;
26663;2285;12319;18474;6293;22880;19908;9595;13343;27018;32057;24201;31982;21623;2212;757;14825;9221;30396;20900;30005;9555;23925;20685;1020;24951;18399;11344;15214;3695;13131;20042;30470;3162;26545;26086;21519;17129;12110;20598;18022;29456;12689;6338;27265;20737;30008;159;14512;31322;19895;18628;32163;7325;14297;10970;15405;24546;27049;14802;23623;27080;6547;7291;19288;3249;16583;22100;29108;30511;23774;4767;8546;30649;29888;9654;25122;10403;25797;14498;16046;6221;13850;21226;30529;16794;1383;13993;15702;26787;15534;17123;23730;12205;9335;20505;30116;30809;4138;15131;
11404;25883;10684;4638;29338;3821;8333;6158;19416;17221;16273;4646;13931;24132;11951;5053;5910;5424;25446;15459;20223;17700;1206;7212;24246;6662;17982;12876;14963;8634;32418;14820;13215;8085;32047;14620;7062;13333;25282;1650;940;11471;485;14418;15982;4264;2620;13030;1578;15432;800;18479;27825;8908;22921;7765;30811;1723;1329;20539;4684;16188;2294;31831;10742;23942;21120;13761;12767;18071;15653;2953;22948;5417;15369;6734;10559;22498;28554;23564;24965;32715;10715;10806;17906;4867;9966;9733;13225;30645;31640;31503;10679;27463;32752;12315;9880;31188;14584;31284;
32508;2525;1407;17916;4555;20539;4677;27459;32102;16472;22881;16088;14896;19615;12512;30367;15949;2865;11439;5092;3753;4826;22459;18415;24892;9283;2134;1753;13453;29545;21469;15518;117;9549;26007;22642;25638;21998;15585;8793;30059;14964;5768;3826;5426;13230;1399;1427;27975;25790;32402;19611;31586;8723;23521;4100;19812;19608;6897;13880;21214;27947;23159;30502;26579;9297;23351;27028;31935;16936;2084;31415;32727;6813;18889;1025;27539;27102;10471;29498;7786;23827;1120;14546;24540;4937;24147;28790;14006;10926;1161;30689;29842;11780;6160;26613;6813;30288;14373;9226;
31645;21714;21592;29574;16178;6458;27114;22957;10843;18457;12410;8123;20797;5526;31200;17712;5664;30818;18778;19052;6587;26862;26086;2427;177;8411;27630;4402;12891;28338;8746;13947;29896;29141;5571;20461;2562;21173;16820;20384;12947;19270;17782;12095;14664;5040;28380;25182;27701;1864;6972;17166;9977;5566;13263;11439;21060;21655;18778;14598;31894;17630;4878;21392;28745;8471;21677;5909;27345;18293;28655;10623;22851;5197;9508;2541;15892;16585;18202;1284;9251;6625;26177;17285;17146;9095;14093;10021;14417;31778;14236;27033;31444;5182;22681;12784;27175;3714;11616;5157;
8230;23522;26467;12021;26481;26646;8396;23534;31528;27210;14948;9673;29683;11799;20659;30969;1606;26802;3177;17028;30179;28259;20988;28946;25248;23609;5267;3139;21098;2557;20515;22086;7306;22628;28375;11176;6695;12168;7606;5481;16396;16793;21632;16725;1452;26064;5336;21649;15715;8101;9384;19573;16895;9794;18370;24985;7551;55;15555;8499;3355;1903;317;12448;1668;26979;8469;28480;8812;30605;5417;27271;4169;23584;30006;22609;30550;1782;250;2934;26843;26314;17557;5791;18351;17063;23605;4440;18683;18336;6898;13158;29248;7874;6391;14938;14492;8007;27875;19814;
9545;28940;5231;21360;9062;13126;20560;28517;23290;31600;30559;5840;15670;16520;1271;30379;9722;1658;26270;6772;13979;24029;19688;2436;19940;3037;921;20125;16730;28280;5386;7618;15300;28910;15566;3147;25835;9330;28052;3896;13983;20774;28239;13254;8954;4934;21141;17984;28649;22691;21061;23320;27623;21076;17517;28214;24588;11944;16747;3216;25415;12127;12370;15355;29416;28697;17295;5440;29793;28942;10444;17523;1101;14848;28692;25472;14001;10606;28216;25351;11394;17419;7794;30058;8808;6254;18249;12324;23746;2827;26292;22364;5354;7778;10626;1977;19386;2934;29177;12921;
9551;16001;12734;8125;12812;3046;6901;27431;18658;12647;27816;11943;22223;30616;24173;20370;18341;1939;28483;8693;27661;18670;7102;22056;203;23530;16228;25766;15172;1005;9558;27675;32573;5683;3123;13759;8677;16576;8505;21475;24086;15769;13997;3785;24024;17971;14717;5049;32039;23340;10789;6737;10742;13369;7375;29725;1395;27744;1214;14952;10893;15975;20204;3665;15795;25996;4082;7969;10719;30326;18729;27355;11988;17516;2319;27925;9380;9925;27372;12295;6260;12959;14773;29666;9859;15572;14896;24675;13673;14378;24665;29863;30365;17354;29701;10561;20538;32244;26821;30858;
5123;28400;27917;16696;10148;8264;29845;14130;571;13364;16896;22179;8982;4438;13244;3405;26046;30375;22569;3617;22325;2994;3325;780;28797;16640;11751;4371;23129;5331;5746;25250;7768;4119;31533;11297;26894;3989;24073;24265;16805;11626;8706;32182;23189;24247;513;18749;24495;6555;28417;13439;25952;5982;6513;22846;23860;1775;10714;24048;13209;17297;27842;530;31462;25553;30160;17599;18331;13499;32305;22913;8682;30029;569;24423;12407;26156;25166;3672;93;406;2818;20134;3697;28568;26751;28390;30154;2689;10536;27648;26497;1942;4989;32642;20405;6151;29503;26682;
19410;5666;25045;8451;22035;4807;28143;31199;19014;22300;26217;18246;10192;11905;19570;7102;13552;3271;12525;16300;26440;25756;279;23402;13721;16970;1643;1945;14030;32418;7619;14265;12860;7730;27071;13047;1320;12479;1130;3909;393;17647;29723;25264;10768;17477;26522;7918;28518;19282;32132;19255;21173;21034;6897;4183;4457;14614;5459;19200;15928;3464;13218;6244;27487;6996;19126;4355;18991;7708;30964;9666;25545;9996;17708;21310;20262;2760;9410;8031;2138;27555;11532;5424;19737;13330;29692;13038;8826;5472;25599;32351;26619;24227;1828;13156;7109;16366;3457;16594;
13362;19912;4819;1918;12941;22749;26468;3991;21273;28148;24626;10297;32340;4641;29261;9534;24444;3900;7553;12120;17491;25745;27189;23133;10784;12249;32403;30177;7158;8810;3817;19466;17976;22186;11599;17056;25437;6601;15499;4708;26097;32176;2609;2211;988;18228;21519;1802;1767;3216;15559;13756;1660;6162;29630;7074;28333;25364;5173;4354;30841;15662;32694;16468;30538;29610;14258;10577;8129;3384;31336;23116;11190;28131;9992;21445;32635;30532;11545;19004;13409;30966;2840;14915;11390;1354;8290;727;5037;32315;22100;31216;29141;28324;25776;12119;12911;944;13634;20920;
17730;14994;10948;27128;15473;5751;20224;24776;3000;29369;11316;635;19699;17750;21946;29972;11744;26016;25576;21668;27429;11062;26422;27091;31893;31026;5790;11964;22191;2468;15689;5630;25959;3392;11111;18447;9258;29523;11871;19156;30492;28156;21544;18287;10660;1688;32246;25177;13866;22142;1562;22960;15135;14317;32035;24018;16702;834;16970;22570;14098;11374;31501;5194;17849;21672;11801;32570;25319;9311;1389;28944;17454;371;31677;13505;6012;30116;30996;16951;9445;22859;8894;24228;15778;5704;25189;5909;7258;5947;26746;18762;6817;14071;11735;11973;24511;17459;14498;7713;
27826;28035;10356;30373;10614;10631;19898;27161;22403;28514;20572;6360;3480;21358;10653;13351;8375;23599;30019;6853;7792;9093;24055;9156;15459;6181;10478;2966;24833;29513;9417;14187;10642;13991;32698;17083;4476;18080;18665;2846;7874;29883;8470;11876;14283;3665;24191;12002;1637;17290;10244;12810;3081;31368;19337;3391;19297;25313;21404;5351;11015;23891;8279;25025;30096;2995;1928;120;6857;7463;16400;16249;5696;10901;7305;3842;7942;14171;22828;10108;1204;10817;241;27147;23980;21163;11767;12131;27297;19988;10535;30941;21338;25015;11541;14282;8370;7311;20518;7943;
6116;21890;23032;13010;23301;23002;2046;2779;29394;24564;1387;31390;9644;4668;6738;5105;16353;18009;22027;14297;12589;13476;14552;10658;9089;17375;8392;22575;28418;15652;32220;20878;3925;31771;4457;5327;32282;28528;15549;13847;5814;32132;8965;2288;26454;8547;8815;17635;4913;21495;26763;22601;10765;5499;9719;23902;6404;11057;9531;26007;6280;25944;18674;3894;15269;345;13611;6427;1158;31809;10254;26845;8763;26995;17859;14105;15289;8607;23439;22026;27682;24046;24128;18010;21575;4991;10188;3640;25964;8983;14389;1707;18763;12564;32175;4902;2907;14755;26629;30556;
26449;13619;19257;16213;24807;24874;21867;28098;2269;214;7163;25742;4926;10918;1010;15285;8933;30106;2462;31321;28223;6904;11133;26131;8531;24641;31837;23687;8447;23907;8384;27451;4996;29488;15237;6569;21061;1551;3525;6546;10443;20721;19964;20886;1293;25735;31337;30210;31982;9907;10935;9193;19720;26172;9436;12918;13480;22213;14658;11904;21273;2304;10788;13407;27174;13087;8764;7166;10714;23947;32411;11058;27018;18393;28632;16970;29206;6650;13932;14056;15723;13745;32349;20751;20300;15434;7706;7804;2899;7306;15526;4154;11314;15586;8953;5745;16447;5607;15524;11903;
20272;20743;2995;5961;3362;16244;5079;8147;16097;15717;197;17423;13155;21886;3033;3059;30357;14476;25855;24782;8539;23926;8915;19676;27345;23921;32263;22808;24280;24690;23557;32081;24014;11753;27862;22144;18844;13740;24643;5977;1014;9521;30266;26400;8670;23809;28275;8894;30826;23145;6994;13332;26312;26995;7184;29583;383;13077;534;18429;759;31655;26025;30879;9532;9626;11724;25983;18687;19560;3938;6659;3550;3015;1940;28099;16357;18210;21874;10136;15956;1353;14045;22261;16290;13416;27812;22395;5827;27190;18925;12999;23975;29806;21207;21647;10499;19843;11869;17645;
10579;18832;28542;23802;23840;3981;31130;10655;14462;13001;1056;28840;26074;148;358;3098;1010;22076;27864;4039;1317;4924;17493;27935;5101;31663;12502;2377;8362;7947;8785;31091;31905;5899;25309;22886;9796;13037;25878;28765;10932;25310;20931;6167;16516;30643;6326;6699;32704;2777;2292;30620;23341;8847;13334;20141;16083;26194;8431;21238;30649;30617;4463;3000;18672;17091;24519;19566;20946;23630;14030;7076;10636;15945;10660;31756;21466;31244;28309;19407;29458;12838;16704;11809;23396;28823;12280;13080;27488;11584;22634;12734;19896;6295;22400;2149;2120;32415;28806;14138;
31827;22040;12172;2333;15376;20466;2827;16048;22885;31496;18635;28590;4594;20491;10755;5759;31825;14780;8899;31241;6812;27999;8335;27080;30256;10092;9292;33;10417;8327;13153;24307;30287;20146;25622;6768;23879;18114;2367;17963;16044;21007;16671;22641;1127;3184;27527;22493;26749;7783;19262;1831;16784;26520;22181;829;30889;11648;31643;1941;3124;8803;23199;19649;17484;22662;15668;13636;31801;30111;19338;15524;9527;14986;17754;23744;26233;13117;16914;23908;32366;8958;15410;16923;18755;212;27638;19012;4265;6203;13621;14184;2264;8731;11401;19915;7892;27131;30640;17217;
31727;21362;3378;4163;25231;21471;5956;22338;18481;13402;32237;22075;20654;12267;23655;5772;3773;16889;26056;20230;11706;14597;31970;11331;26790;24984;871;29498;29294;23929;9297;12816;13168;31524;7552;29490;59;8568;19621;9888;11670;9136;864;13708;9669;4500;26277;29731;25351;22512;23908;26027;29539;17734;21097;1742;27044;18112;19841;4661;24483;29032;10206;29529;28100;11163;24508;23446;15299;2747;20293;11650;3761;14629;19122;12924;30777;30819;27060;20104;2856;5026;18;9818;14637;22118;2451;27568;15836;23420;3358;17381;15097;18481;15136;31939;27124;18369;19246;922;
1712;23314;23788;21134;22408;20642;24621;18485;30356;30910;18523;7522;16424;27126;3866;27963;2718;27085;18984;914;2902;19893;22663;25970;3322;26682;27359;18423;23303;22141;27422;26979;1673;16868;1889;111;26662;27152;25623;13791;861;2831;14691;23641;12048;29651;24515;23159;10048;24803;4080;31515;27673;28497;23045;6147;4654;15340;6114;21149;26629;694;24275;20252;5334;21145;13421;9675;5264;10581;2745;32417;13597;3005;18325;2838;30951;28195;23382;21046;667;273;10930;756;28205;13882;20446;16576;15132;4527;30451;7772;11255;6998;22934;15083;16160;1177;7640;13643;
9424;22107;7259;27044;22107;15152;20919;11585;12981;14797;32539;31903;17461;29629;15928;20420;5018;15446;3162;2258;11340;7148;4312;12508;13796;4932;8879;30456;18157;13131;20842;9622;21740;23816;30021;528;26015;15824;2705;19074;25987;23481;23642;17883;18328;18001;16968;6708;21096;16271;30147;23905;15942;28937;16986;5062;2260;360;5478;4460;8648;7705;12522;29013;21743;19782;1470;5900;5490;7173;30957;28287;3672;31951;6235;24081;7244;27187;683;7916;5280;8651;1631;28564;32147;2928;15425;21698;7119;8362;8450;23663;31030;26730;29218;5935;18654;23292;21007;15296;
19546;16951;30609;10467;7740;27127;27749;14698;1495;13517;7977;7827;14410;26868;19576;13460;10938;18823;853;1399;23006;20466;18637;28200;10945;6567;7896;6605;18627;24082;29313;18261;9441;206;13638;3412;31287;5145;9666;4110;31683;24453;2953;24017;3948;16113;27220;25993;14915;28088;28766;15246;8712;4648;9229;8384;18416;7478;5333;32726;24741;21103;4954;21747;28047;3122;13524;13178;31570;4125;9656;24100;10648;1989;3989;9552;24592;29098;5691;32666;21687;7786;12323;4270;18262;3636;24075;4703;5707;17024;1505;21491;4237;22525;29922;17345;10475;31947;19715;14079;
28308;5867;24976;25557;28380;12020;18195;16821;25661;29447;6775;17391;22172;26116;17261;8832;4302;3838;13839;9515;3931;15597;30659;9420;19586;12963;27491;14056;3453;20226;10395;14216;5382;1387;25234;9544;24345;14969;8652;939;18940;22768;21839;14257;20605;13040;32516;4780;14715;879;32609;32591;24743;9190;17477;1288;31884;19017;24355;5520;1485;25405;18019;22720;9134;23686;17925;27302;16854;29630;25480;16344;13140;23885;14602;9224;1759;22421;2992;1753;28770;32365;8520;2801;27576;29393;6445;2895;31923;10967;19563;2783;12388;32229;31012;16972;17302;16674;15667;16406;
4764;2090;9230;20196;13901;24070;19441;5659;29260;2651;26169;10415;22669;14049;5902;30266;17940;2327;30788;21067;7424;1078;17283;1536;24521;18275;26534;8151;4550;31784;3426;30145;242;2341;20264;3448;23791;23811;10316;24339;16203;26026;24422;9688;2307;1972;28665;13137;14661;10785;14162;30882;8570;10828;26803;14873;6788;19485;3249;8455;8004;31361;4059;8142;28768;27671;9372;23612;9539;45;31843;5143;20069;26602;7168;12281;3276;28620;20306;30814;17107;32086;31;8444;16938;5378;29763;7763;6942;31869;14093;31108;28954;19731;12774;5734;30830;2664;14387;8151;
336;4458;2685;3664;13344;29571;5327;31933;25329;4627;27744;16267;5188;3613;20594;29186;11030;24641;12922;28117;20510;11498;2433;24823;80;10440;29898;30129;25765;8577;29109;16626;22302;32419;10467;27366;14599;20190;5787;17865;32377;13680;4717;18174;4898;19424;31253;5723;31816;19439;930;10184;23564;5580;31447;4872;14828;26247;28113;7638;13452;21192;3306;11316;182;22977;16862;2816;22943;9313;16940;18632;18028;17610;8383;4319;22772;2566;8910;15536;18888;15349;23553;3923;5489;21386;21973;20318;32504;823;17985;13054;7084;9126;6554;21062;19487;22698;21428;5062;
18034;629;3146;18272;5586;20235;2719;25431;13123;32759;17510;6057;7068;14396;17375;11167;1747;26254;14660;22946;9339;8130;15203;7504;395;32132;31628;10191;31585;21832;28845;28257;25607;23427;15804;1849;15284;1818;22357;18574;9110;18714;11429;24045;28110;27819;22406;18387;28349;13119;6123;31099;29566;271;7807;2293;435;11720;27273;9592;17541;19841;16147;18425;19174;1521;29515;20988;31513;17375;8745;3755;24437;25817;32082;18981;12390;10537;18237;29464;16308;517;14484;31378;10504;4102;21725;26132;27564;26076;29273;18409;20882;25407;31020;4533;18328;15400;7615;30033;
2826;66;6755;18390;20584;13979;11319;6904;18282;24992;22347;150;8258;32584;13829;11406;30241;22927;22468;26838;17148;15142;29380;4041;16528;23657;27970;190;23204;7313;480;17119;5774;23339;842;19001;5112;1481;794;4879;2788;11767;24569;1908;27374;15216;32519;25369;32721;3730;13438;2403;16173;10000;8082;448;9096;8935;32155;3644;14482;10643;14453;4175;15533;6018;13351;12281;31660;32201;8132;30993;18139;18966;19855;25307;11840;10981;22114;30168;24353;1015;3153;994;19399;1792;138;9848;129;17569;8319;30550;18923;18837;11848;14152;4207;7215;6210;22337;
3341;11780;29693;6055;15192;5605;8277;12786;11457;9744;21214;16501;8472;12966;5254;22651;2128;7264;29045;2710;20867;29566;24632;15668;11061;18177;9247;5491;6365;29722;12003;25143;418;2530;17804;15737;7266;5451;27794;22498;23800;26967;24387;8856;18111;14216;5732;19288;18514;3223;8731;16069;1174;1385;23309;9471;11515;20542;11971;3192;20734;20012;2898;14083;18163;26828;11835;15662;4609;28723;23184;31698;26990;5411;14936;32744;17692;21379;28469;25758;4948;24845;5700;22443;31683;29767;17221;14303;21442;30644;14076;510;10203;32075;21718;32718;32392;1576;7120;28015;
14397;29314;9877;2283;12457;11741;30438;16398;1338;27520;4159;28792;9439;1834;9656;28144;3345;24065;24361;17147;22548;13259;31121;24493;122;30816;18105;10944;32234;351;20500;10467;7967;3105;8426;11860;17715;7147;31669;20145;25630;2152;32460;32524;27770;20566;31806;7741;649;1151;2305;22396;9848;24299;1868;4911;12773;23124;12353;27136;20128;24026;24783;20019;19118;20728;11735;24374;28052;11191;909;7034;13010;22305;21538;25730;3501;29177;6560;2362;6705;19881;12053;19081;24439;14204;17651;3625;1828;25101;29879;13239;11826;768;14281;16390;13043;30959;17827;21177;
9298;3495;7478;6673;13917;10389;15753;14595;24576;1403;20900;21390;1555;17255;21420;13643;22424;24550;27471;17990;16189;29301;2915;16908;3625;15416;4809;25861;17396;24559;29848;1028;6135;22053;11127;16925;10183;29098;31819;22711;28412;2116;19475;9697;27703;5026;3343;29930;5987;24209;1832;13611;3386;4723;32652;4904;5131;14572;921;10200;23995;1502;23292;12864;11019;32152;25882;3911;13336;19274;26031;25541;31272;23484;1204;11485;26275;4160;1415;10893;23392;7654;31046;22659;6178;27886;28795;26930;6499;3203;28671;30502;21584;3750;11544;24724;29716;24680;21733;310;
31833;29276;25340;15957;29964;17740;19281;6440;865;12075;31578;15196;5144;27723;30320;12788;31486;20688;4473;19027;11190;11877;4548;17815;28601;16941;13108;22057;15772;16124;22945;7058;5522;18376;29051;4241;1841;28250;17328;8042;17529;2633;16592;20608;26130;31785;1904;18214;17621;12544;10700;179;3214;31225;30384;2516;27648;3165;18840;7719;1578;15806;9750;26117;2249;20598;8820;18079;3102;25680;26010;30796;8177;24452;15411;22305;10710;25577;2316;8643;30895;9318;5308;6777;12658;11945;138;16005;31021;32028;24715;1973;71;25877;16651;27701;21256;13646;6958;4263;
4955;6292;31959;24693;32723;4291;26569;102;27629;7665;11277;20336;3477;26090;16787;27086;17387;28637;25884;25170;15174;18516;31830;9723;4729;8553;1353;15818;25942;17207;5363;25298;24689;24720;10543;6287;16935;9198;20956;16760;27870;2219;30010;25047;28301;21620;13207;1241;8576;17659;11820;30689;19029;17900;13634;20514;22347;17187;8601;28269;9404;27420;23817;30023;27367;30122;24170;25919;14579;17132;7346;21375;8497;26237;15709;28320;31394;29420;530;17859;23481;6508;14723;1501;12897;29132;14229;8530;7490;32425;6337;5574;27200;16866;21689;17455;24133;30028;25679;3887;
10817;15271;32403;13218;12655;24017;12604;3955;1241;26682;22602;19123;14366;15512;14569;5868;29555;27612;17303;30898;26344;27748;16777;20348;749;114;29003;4018;6676;24797;22184;25351;20504;6;16841;8969;31263;30990;20897;25078;21564;32582;30088;30162;12344;25063;12837;14774;402;30724;11666;31083;27332;2236;18107;15160;12232;948;15367;23543;12763;7621;9531;12654;22657;9713;17563;9949;3017;9884;29522;2004;9170;9976;11539;27975;29070;8386;32513;228;17606;32300;24012;2724;4958;13338;10013;31905;9691;19600;21045;28967;27938;30059;5073;20237;25986;26448;31056;2118;
10997;14563;16151;9907;8867;29241;26165;6971;23976;29839;19779;798;6423;2620;20622;22406;32575;13028;13689;15200;3629;32751;25884;23401;18290;5433;14897;5260;3366;8715;26161;21611;20524;26187;12730;26684;29624;6127;7220;11734;2575;15543;7860;23307;20110;19484;5664;20281;238;11652;6293;8988;1478;26295;14853;27366;28753;3734;1061;24210;22898;22539;9606;23669;10229;18748;7169;31254;11800;29444;24153;5951;16458;15523;18716;10068;10546;6068;21194;9444;7923;12384;19257;25470;7599;28114;10808;13254;19274;22250;12659;3527;18544;12086;26007;13707;4825;24606;8886;3561;
23755;606;20460;3487;32225;7098;30275;2721;24844;25836;16084;20400;5079;11234;7215;12333;23279;9766;8957;3632;28642;18334;21988;1749;19495;29045;26795;14550;9567;3417;16031;22879;32474;26855;10293;2845;29789;25955;9200;11161;8738;20397;9861;2756;20001;29808;11838;16594;13966;17565;9628;5708;10659;7704;22848;12897;19103;3249;1291;894;10255;5973;15493;5662;1868;28037;12923;19938;2373;2312;9197;13540;3198;6109;27175;21833;28761;17012;30765;20757;7573;8734;18268;11331;30740;31681;30543;32022;7649;4816;9472;30378;6001;10362;15663;462;23849;31522;19976;22550;
22049;23056;7168;21803;13352;8550;32256;29286;20744;12885;17605;8349;28939;15248;12679;29757;3773;26113;16344;22425;5108;14780;18128;14210;9230;20273;13671;24088;23418;8357;28194;28639;10362;4067;1522;16150;8486;29742;27225;26948;31413;17531;13006;29459;1528;12765;8547;22113;21799;17985;5797;13973;28384;23387;31939;12079;12909;32224;28147;28836;20806;4342;6674;8040;470;17897;12170;10572;20354;15391;19321;1290;11240;23886;13584;4126;9572;18924;26681;32472;26329;27111;13180;4784;25774;30103;27939;2777;23318;2801;924;793;405;8957;27936;13527;6080;31626;14994;20086;
12100;18720;20906;21729;22313;17718;4690;17255;3160;27813;27472;24010;4955;605;8742;26770;8037;10838;21046;15271;27282;12490;26410;25375;9071;20898;5779;16981;21437;5166;7376;27963;9330;3864;16690;11249;8961;10395;25950;23702;27611;9968;9202;10078;24118;9481;17003;14564;15629;16258;31302;30402;24936;3541;23909;25184;25053;15309;22965;7689;21335;22333;8206;18500;1814;9713;29274;8545;27127;6117;7418;12114;26870;10677;8037;21436;32497;19285;18450;2126;20399;7938;18329;13650;29728;9336;32533;22145;23526;9318;3532;25116;26645;28703;25106;9784;9015;18834;20842;4186;
14996;1916;31727;4931;7344;18908;32498;7949;24852;21160;15077;24439;23889;22206;12407;13438;2883;23325;14593;6445;9363;29269;7713;27829;6015;28220;21668;20928;14558;23011;24234;6147;22366;20424;6404;25618;5137;77;30689;2425;9256;31849;30378;19208;24574;6302;16170;30062;17240;31787;19442;2058;17131;12418;2556;24573;6942;17660;15758;6532;31762;23244;11873;7045;14047;11570;24323;359;20513;27121;21370;22311;7092;28162;11050;23464;17851;14986;4601;15691;27879;13834;19632;1216;12790;3541;25764;8732;24697;19400;13975;20523;5339;29749;26841;16903;927;16416;3250;20201;
17897;18350;28421;4160;20288;12506;23597;9728;28818;13930;23339;5437;3192;6945;9219;29944;24764;23863;21859;23865;2329;15878;11654;19550;8001;29190;19032;30386;7205;3323;13531;13377;24176;32365;15305;235;31316;12889;24955;17080;13962;10790;24841;19051;23188;8666;3763;16986;12870;5518;6015;32636;27268;15136;25636;26820;11085;17447;8999;26797;4857;31788;15940;7447;30398;5911;16143;14673;3193;17383;26331;20087;25003;22438;32219;28158;17346;9372;7559;23181;32155;20932;31297;15118;3652;18044;28729;1030;15622;32384;22414;2849;11939;23065;25526;30994;24540;16018;4639;3481;
10550;6892;27670;27109;12286;9427;8169;21789;26763;25040;13640;12090;3523;20671;24817;1559;12769;18308;15245;203;19573;22778;24532;5430;27051;22316;13304;15322;24273;17864;25153;5612;10260;20688;17652;14763;21386;7059;18810;6385;7542;31708;3774;13832;8647;30057;17111;6846;18145;2462;999;17852;17824;12155;18499;531;29338;1996;4564;23832;11429;8607;28861;11890;5274;25339;6461;26225;29272;27087;4311;5794;27403;31017;14001;26784;27822;18088;11067;30508;29390;15412;23312;15744;2193;492;12577;4321;11256;25696;13328;22644;30305;27393;4826;30546;11856;13014;25785;7390;
9838;24944;8265;28503;3538;17439;3561;17577;5504;28518;14692;23945;3887;29357;9937;22208;26960;29750;20151;17607;11339;18770;9589;11669;23820;24277;12769;21685;26814;1479;30512;3483;32214;30812;13846;2104;30292;11046;18733;19404;14149;16010;8347;21500;10637;9329;8432;1060;12259;20031;26957;25838;15901;30473;17611;24612;30126;24067;19226;28354;27501;1335;29801;27984;31384;18557;9350;2670;18712;24743;28999;945;24838;9980;10280;9389;879;11496;22325;15443;6228;31729;23851;31870;24565;4589;17626;30664;18768;28018;28621;12706;4580;16015;21549;29860;4794;4025;20963;25377;
24230;31496;25341;30207;5579;16292;11091;24005;4701;19322;11114;31222;21163;3379;6808;23198;17500;8806;11369;42;21752;13836;17730;19836;27563;9013;25156;24639;12358;12282;14451;17272;17287;29875;20248;12382;19610;17258;6500;20844;32735;9103;21333;15284;750;13804;9694;4726;20953;5340;22082;2289;2481;1208;1217;13945;15435;2195;15990;28874;12611;12071;26240;8348;14402;11278;14944;17528;28797;4406;30114;5577;10622;15503;22720;1078;16679;19974;5955;31535;8948;14775;28971;9670;19584;19038;31633;9409;31563;10255;23691;27373;26554;14120;32336;13237;12639;25475;32156;18418;
24699;11248;22358;1285;8385;482;6513;23076;6493;20840;6928;12273;1589;17759;32749;28241;30319;7143;2811;5243;21555;7955;1098;5967;6578;5605;13867;31210;22375;16761;17814;21623;28572;14976;27080;15687;11057;17136;18224;18469;2969;24570;29068;4067;32293;20541;22864;32313;21637;12857;10311;17872;9868;28422;20860;17049;307;15685;22619;13411;1761;20568;4884;1965;25833;1998;27712;8376;16980;13089;26567;23777;3042;15780;28417;15918;16715;22199;10267;29991;10186;27197;23741;15591;1500;32080;13289;15730;19526;17203;17191;26697;20565;32391;15071;828;31593;706;12806;21888;
5045;27102;21756;11009;576;21070;31669;8697;14895;14646;27416;30402;9543;17627;17828;16873;14766;4953;28505;23683;7409;24980;26838;24260;30795;7792;26047;27853;25125;15941;8801;17862;217;25229;15513;18733;19131;10720;5105;26221;1882;15395;29965;10931;30211;26364;5190;24829;15751;24200;7060;30836;2366;30289;20401;9467;30540;26234;4219;28168;15395;28989;14491;8114;8010;31896;8292;21004;13660;29762;18429;31410;31571;2020;27843;15521;14086;6534;3561;27212;16625;28743;9313;28140;6965;850;4608;3095;31199;28941;3037;13460;8301;30356;1018;21870;14479;31589;22054;25671;
1578;1373;15393;4591;7330;10467;19714;23605;31065;18787;3030;29181;10099;15870;18826;7571;20701;11903;24075;10559;24717;15505;31915;29210;6667;19760;10183;7455;18992;1630;1958;8837;29997;21783;10405;9037;9680;3974;25745;15639;16899;1913;31573;20537;2198;8467;7893;27666;7230;16832;30233;21916;16349;11118;23470;23617;10243;6139;23369;28912;1461;10473;12974;13167;11886;32601;22992;27123;1380;4151;22074;5870;2572;2226;23981;8488;12256;22255;3083;16913;25440;11006;12403;11862;24663;1037;30126;11442;15711;7643;27082;3847;20647;21104;10500;16813;20980;17420;12268;25865;
24038;25437;6339;9570;15997;9716;18472;17649;7387;250;19700;3127;76;31775;30562;5268;16003;28884;27507;8468;16679;18874;12944;31116;17550;22106;4209;31718;29640;1814;7999;22457;1503;9567;30453;10269;16477;23593;25612;24509;783;9372;29015;15149;16649;27405;18732;11646;2794;44;12740;31504;3681;10879;10468;30376;12016;27663;25277;5314;7152;20577;12306;18729;2006;22183;3992;25284;25780;19512;28322;22963;18947;11070;23805;17307;26527;20910;14361;25149;10771;9342;4458;78;29719;29458;21518;4226;4439;12023;28080;17131;18038;19411;32428;1153;8787;23452;21876;7426;
29835;15113;14642;24316;3391;25158;18351;7719;10775;11756;27251;24569;13446;13360;10030;31349;13648;31323;20310;5444;8522;7802;21266;16646;25441;18774;15191;6378;18398;31910;3920;8828;11497;4484;10500;24511;7243;31518;15667;18300;12920;8622;6784;6105;30412;27052;25558;14125;2325;15169;18948;5907;18514;7680;2218;19902;22202;15569;10841;22924;7936;26157;22518;17117;16086;23697;14175;4133;31408;2860;7505;16448;7882;29403;5770;16134;29036;25432;3114;2080;6765;21679;1887;27674;9206;29937;22593;11192;30856;15915;9211;23950;576;10393;7724;20939;20314;19736;29069;26710;
24565;3034;7123;3356;277;2909;16599;20136;22766;9118;14580;17140;2144;2442;24240;11902;1470;20149;24479;8607;5331;2382;5253;24;39;14419;9403;9966;30590;14337;30932;9337;14242;23183;16511;14007;24418;31003;4015;998;5595;4325;22266;16721;26102;16571;15167;15466;29490;15028;4236;31257;27556;32289;31807;24660;23356;28097;619;7664;17481;5684;637;17590;8511;14514;26399;18874;13240;28157;3420;24552;17594;30100;9989;24800;14904;1322;7252;14340;9691;11350;12496;974;12546;8332;28528;24936;2567;1356;8707;5750;14020;1177;22479;3382;28757;19373;16249;22220;
27680;16363;22565;10199;13843;21;15837;840;45;1471;5431;1908;2880;31492;23090;4456;3317;6263;5730;10876;14096;8028;16973;29739;17397;17433;22036;1569;11371;7399;19798;29334;27297;26829;8785;25819;28271;17103;1098;3634;9949;5475;19759;21731;17641;25124;31356;31116;7045;12746;11611;9913;16608;16474;30223;7860;21734;14746;28306;31647;4362;6600;26749;13759;1347;1675;12841;25627;9812;13354;14100;27462;4433;11004;32646;3705;10335;288;21364;5860;27835;23661;1188;1350;14846;20652;9234;444;18079;28165;9875;32214;3513;5048;15544;15600;1550;23310;25077;14016;
19021;11918;26370;2091;5776;24947;31618;26205;16169;23390;31459;18456;1182;11337;133;14668;26866;7356;1822;3305;27174;3651;5981;24817;17920;16415;18893;10449;11019;19516;8189;12785;31455;28771;30942;22154;418;30641;9324;21176;18127;22600;23184;28624;23350;22852;6469;31219;18501;21745;11771;13283;1157;27451;28216;15638;4455;14437;25477;7689;9793;25598;28296;28375;3220;7185;9582;19466;4496;20637;29068;3505;12506;17220;12357;29875;23692;16199;23342;16994;1662;3506;31600;28243;20164;31188;27758;28270;31607;31218;12712;17729;7609;20541;25567;19097;2035;14336;31099;25172;
31073;29470;28201;5489;8913;19388;3528;16745;26791;24123;26246;20930;1573;16233;9798;14305;30185;21240;26438;5408;17335;26159;12286;19232;11129;25311;10827;26209;10628;11929;21964;5903;24605;2590;14732;11295;30268;1303;22754;17563;21392;23046;28566;11066;24002;18045;14661;4148;6910;13198;18439;5460;23984;17026;11854;24655;23947;4557;18;10068;25040;20034;28459;27620;24781;25732;1790;22500;14500;26301;19291;28913;25933;31378;16038;5619;22494;25430;4917;31477;21258;31869;3066;5940;28904;14420;20578;14709;13814;30448;14204;13980;21854;18788;20062;26235;2680;30008;7621;25320;
11151;19478;29435;15634;23016;11205;12286;7445;29440;14940;26334;32715;10006;12975;17511;1765;22761;21774;3584;3899;10947;20527;14035;353;23734;13928;20526;4219;24614;21281;22825;23378;17544;29834;12682;9127;24936;32137;13285;4039;25009;21495;15112;10847;5161;32523;5782;5266;9531;2582;13041;7753;9721;32625;30813;14538;1121;4020;9571;30605;22751;14633;10356;4938;11540;897;15567;9047;8150;9157;20133;305;2680;7311;27258;2649;2891;11897;15310;13409;6500;11478;24317;10054;1440;2720;2660;20992;3302;13234;21189;11608;24492;1591;3820;8442;17085;99;7827;16075;
11577;30305;6276;18556;2013;25740;9213;13152;29060;12769;344;7802;11502;30388;1515;28379;7105;7075;3886;1579;27341;25801;12571;18309;21396;15668;9179;24200;5898;22168;13470;31914;5529;28996;15819;208;10344;24662;27225;15644;8157;7723;18556;20230;2913;1306;28549;15791;11875;98;15619;21105;18079;18784;27951;24507;1952;1286;4743;27164;28547;21896;12472;26525;22783;13400;32449;2388;28322;10325;5206;17206;25437;11328;1666;1581;5187;22895;14225;24683;30606;10949;24109;30717;31971;27617;1991;5027;17111;10390;6713;9695;17841;12443;6313;3660;27505;900;12208;1329;
4370;14577;19643;25942;32013;14598;17586;18454;23326;22811;19928;10166;9546;12468;20723;31733;7713;15027;21932;1252;16449;5836;3640;14328;18203;32570;17976;862;13562;18096;14558;23438;31297;29331;4690;18211;8691;17766;8276;23786;10105;19846;30242;26681;22944;19479;1948;10114;28386;2110;32678;22823;12006;25232;21966;2704;21834;15563;26415;23932;4511;2500;5780;14228;18613;6561;14305;4166;31513;30280;19119;20688;29917;25624;18487;31387;10903;23254;2161;1995;26540;2794;637;14868;12751;17099;27713;19407;1476;18616;32084;14157;20842;31913;22810;2155;20216;22149;25649;27750;
9607;5269;2316;29681;29393;11833;12254;15237;8760;24281;28090;28153;13578;23839;12024;21842;24579;4707;24794;28124;8723;26215;24176;12154;14434;29509;9400;314;5010;13733;4618;2860;12868;3379;13491;23157;1245;8529;27873;2975;16010;32264;26047;28467;14209;32069;10720;23690;17546;20546;22241;9952;10174;15682;13386;26794;32399;25985;12726;6441;20745;10091;4148;8256;9816;28940;15084;23683;17033;5832;4870;20368;29077;588;12999;25762;923;19908;27645;1379;24173;8014;1438;28930;18510;22703;31916;2438;20474;28486;19547;2914;30183;62;374;25417;31435;29959;7423;5699;
30558;19462;2582;28673;8545;22923;11035;27501;25055;5380;16919;2438;8371;18033;14424;2667;26954;10264;2396;15541;19626;20602;21745;22282;9395;30853;23705;4080;7333;29195;28723;26590;8931;25203;3544;22937;10231;5551;14596;25790;20181;32110;19702;9882;29284;12434;20057;30018;9274;32484;35;12512;2215;27910;16318;16204;13302;11434;27750;26076;27887;25858;24018;30076;30881;24439;11798;32001;21342;27806;23240;30138;31494;5480;353;7752;11913;27801;15079;30640;18087;5243;23241;6319;3066;19667;5387;19278;11831;7444;20386;10421;16561;28371;8994;10052;24606;11387;20118;20192;
26014;14402;8879;1931;19193;20315;10274;13880;9256;11629;1355;7133;21016;1093;26390;10953;21162;7112;28959;17976;20990;11819;31000;8229;24817;21606;4460;10591;29924;5861;10017;18399;5312;30337;14083;18265;22326;432;24063;14353;5708;18936;18637;12272;31765;19882;18130;8663;19647;10700;1092;16179;4564;10327;12175;6098;2745;32419;3575;27637;1659;20511;17279;25766;2762;18757;21002;9803;27718;26317;5057;29052;15354;15649;13492;17938;11814;21522;28612;15488;24130;27337;4800;2407;5183;14336;3534;24420;28432;31346;4621;9005;6249;28047;888;9692;26055;30325;16910;22922;
2736;7452;3632;13344;16444;9680;3146;13418;1492;24293;11189;15725;24378;30374;29916;15355;13257;28046;670;19076;13055;30907;10996;18223;25144;26783;6868;4137;14268;26617;26965;23101;26364;9987;26131;21926;16921;18157;9941;5409;21670;6539;6253;27462;7087;2379;5856;12823;32506;15721;20679;12506;28556;20070;31221;5156;20335;7862;4442;11319;1715;11193;15911;25997;27059;27372;2099;12213;21658;1889;28574;18014;8229;4972;10164;4274;21418;672;30996;2789;14425;32761;3857;28173;12738;29787;13400;2612;32663;20795;17107;1707;19635;29596;19150;31906;12124;13118;13657;8182;
32453;29202;26093;27210;8663;16368;8018;31833;15153;26252;12223;10634;22126;29095;10308;25030;31398;1922;9061;28038;17975;9624;24328;12336;30661;5516;11665;25763;2175;11873;587;2064;15268;13801;7434;26381;18246;30336;6414;228;31311;23802;25387;13617;961;13017;23335;28588;16194;18627;9316;17987;10967;9524;27070;15724;27120;2929;6327;9913;31141;28349;22482;19884;31295;9678;15420;26318;12794;29314;689;29947;11529;12751;20382;6400;7899;18424;14979;32616;26781;7431;10396;24722;26880;15735;15040;18183;31036;29489;21129;4107;15189;27322;29365;23154;7580;14506;32460;22453;
14202;21344;7683;13125;25449;21748;17761;1055;14915;6509;11552;31905;21439;3380;13654;19612;28728;16329;32213;27050;28593;3765;13647;12738;14871;31936;25534;7177;31941;2403;13314;27627;24910;7296;204;6763;8566;23121;10428;27063;7297;29599;28102;22272;20913;17972;25562;24200;25610;24978;12996;17917;2904;17381;12113;24837;5747;25399;4019;1050;25282;22243;16166;6552;27902;13644;5332;3348;24376;31182;29174;240;16414;1781;2877;556;10106;6381;24944;11903;7163;15418;11606;167;32312;7337;17110;14077;9458;16519;12125;2124;3737;1040;6016;6883;19474;26922;6115;29161;
2232;3924;11609;17649;21409;26585;26700;30158;3618;31305;28512;6313;9109;19753;5459;16977;28249;18154;1576;4305;28187;6936;20356;8776;13140;6100;18520;28149;9235;26500;7104;13202;32253;6857;31531;29923;14738;3762;15293;11662;12978;815;25329;15661;14943;30152;26243;14242;30148;5262;9101;4010;11894;23890;20720;20406;30715;15638;28917;21750;20105;17345;1588;16566;4879;16407;4021;5101;2170;22503;4182;10515;13873;28806;9580;52;21473;31613;28845;4419;8832;31615;22862;6320;22156;21918;26728;4668;30612;17086;17568;22029;22778;30025;4359;3069;4087;18212;13119;26936;
2783;994;17632;27654;11687;9016;13337;2533;6052;1969;22427;987;30357;5539;31154;21770;2788;13922;7861;28549;16681;7091;2721;15202;1264;22404;18945;3089;12476;7130;16913;32748;16204;14090;3106;32270;8732;8236;8256;18025;24879;10189;4883;18451;26636;8420;27395;12769;9223;5639;20639;28983;22465;24287;7744;4894;18418;10714;4841;15255;9574;19999;11378;10032;22598;31175;27878;27348;4249;4170;3881;26087;16394;19767;28382;6803;24812;32553;10119;24668;11899;28406;12014;9467;12901;18217;28357;12137;19337;4019;8585;6458;4606;4573;30380;29228;15447;14465;16882;16896;
27173;16506;14876;23688;30654;19801;2756;15362;16189;13913;15752;21924;27338;8086;15978;7288;15388;13177;32631;9834;27963;4215;32679;10144;3723;16123;14597;14345;1542;17312;14863;5945;5065;8612;28256;25204;32722;24986;23180;28936;21768;28766;20300;19168;19835;27214;22491;27991;21486;9911;26527;21066;16019;6030;2828;28017;10005;20833;8134;5103;987;20364;22533;551;26252;18608;3390;29650;974;10081;9728;590;26708;31519;4892;15673;32535;30088;10248;12607;19683;18379;21125;20784;1302;29792;30080;30038;23461;26871;27446;25861;14431;29870;29340;7795;12150;28294;3070;20682;
25403;8216;2278;15484;13097;18564;21311;28119;23589;19371;12218;1497;28164;24990;32625;1349;14926;23125;17611;19958;8257;18853;28575;20084;23065;12140;13468;3013;12175;28687;29672;32134;12704;12582;29447;28730;25487;28277;28159;25057;29997;23327;17337;3277;29272;25366;16811;5297;3010;24790;21172;2555;23796;23379;5447;14179;21394;24623;7372;28100;7136;20017;25155;16939;13957;9203;10283;29230;7055;9946;21922;25216;3768;30283;3277;27586;2279;24348;122;27035;23290;841;19716;16394;28099;10729;22647;19195;17232;19296;32245;27673;7536;11733;2137;10980;28018;9703;16409;6915;
28976;20379;4209;31963;8525;21401;1982;19552;21690;3225;14120;12843;15743;8472;13699;2766;8888;25935;18807;30820;31709;6501;32479;12908;20807;22500;11120;2007;1520;18538;9883;18271;28283;27297;14516;539;22900;3440;1363;23632;27864;18035;29947;24715;31960;32169;25081;2284;16346;24941;3215;29381;961;22184;6738;28772;18542;14660;9425;27948;25478;228;7031;22507;4470;7634;31923;1895;6069;8760;10837;19770;23625;2964;23868;10976;5773;16486;31790;23823;32049;5675;23047;12614;5506;29583;7958;22953;2028;25311;25028;13068;7613;10429;12918;12622;19499;13079;7861;26088;
28825;29786;28557;21701;8726;32482;10034;2901;15399;29878;490;11741;1734;8050;32294;28433;8106;17540;12274;9700;2249;2459;25488;30111;28;32093;21344;15408;1186;6233;29956;15045;11431;19004;8640;11418;12614;26439;7719;16399;21293;2560;17652;9726;31904;15656;22838;11083;17601;494;17328;4285;14350;1634;16255;5388;2603;8236;14845;25915;5346;24446;27110;26407;18536;20039;25017;4705;28897;12202;8545;19257;29991;21422;27413;29723;29383;21303;24445;10527;23373;18485;9494;23003;30402;22043;7895;13692;28530;5779;30229;7445;19187;15983;31652;4150;29794;3811;9279;18369;
15344;26354;9257;29433;28573;2343;28181;19164;28996;27013;6468;28595;28120;6080;29421;17639;6637;6574;16097;16150;6010;18936;27503;22630;26845;3861;15493;7961;5407;32377;12825;4706;24954;16393;11719;16759;17432;17875;7100;24808;29726;11260;8914;18991;15081;21753;8188;6536;27287;5634;28901;24067;7626;1988;20948;4055;9384;20311;21203;16633;17191;29551;10256;15341;9351;4566;22915;1245;10272;2330;5585;28904;27485;27267;11377;18364;13577;18503;29453;9063;9673;13313;6699;618;20970;352;13580;16399;10333;8476;30932;26365;19200;10287;30444;4618;15392;22337;22181;20304;
1339;13924;21022;14723;15114;6401;31335;15234;702;7698;1766;12843;31883;146;13306;24692;14179;19506;29919;27063;4612;19022;31954;17998;11572;15135;25461;26208;21323;12082;26740;30458;30963;5401;6761;32098;15148;20320;25853;15528;32403;26307;19024;6525;5091;11421;19356;28744;1468;24996;17685;4471;29603;13524;16659;22547;7755;11945;1650;3736;2322;23697;26169;5635;21711;20641;3195;812;14283;18823;22651;9814;14093;5824;19;12549;1243;3339;599;28176;10365;7965;11637;16374;21316;28310;15328;22901;1739;26932;19629;25689;28797;17990;15165;2707;7767;30820;6684;5514;
28911;26462;21801;6070;28342;1650;16119;21610;23674;6850;3444;23025;16175;17925;2504;477;10990;10620;30592;19356;830;13607;30444;17740;4243;30522;26309;30416;3860;32715;2323;804;6817;11469;28494;29677;7189;29249;29124;25429;7112;29355;13882;30741;7513;31683;2518;26579;26794;15214;4669;29615;25643;16620;6648;4889;25692;7763;31772;16613;5261;15932;29482;7841;23784;16828;20276;25126;27058;31382;22337;16749;14286;21934;23027;20644;19075;18881;12647;1665;28287;7764;15965;23255;11803;7914;7833;13159;23264;3706;8841;4856;20554;28448;17959;16042;21453;29203;12577;19847;
13846;9175;567;22107;6547;10420;27109;12229;565;7526;22595;30351;4725;28694;16937;20027;6549;17801;16790;4062;22312;16024;5459;23346;6100;12768;17363;15846;3927;11706;25950;25912;5064;22126;22895;3526;7711;29859;27482;9633;13304;18458;10801;21668;7828;29340;30697;24324;4897;3889;5049;5671;12347;18835;9155;19386;29874;2530;502;31486;5006;2201;20531;7266;18768;24257;6062;22359;5755;26213;30616;1632;851;32581;9979;16744;20709;3022;19941;25177;15175;14922;31176;14314;12577;28245;12577;23225;9324;24208;27224;22681;22650;15001;27111;10797;20791;27962;19391;9910;
18350;20192;15335;27177;18383;23631;8807;24965;23407;17813;18020;29027;26256;26940;11404;27342;6371;4036;13493;16982;6283;31569;15040;15712;18980;8096;16068;2496;23044;5695;22633;29578;27328;8958;31121;11556;3314;23713;17470;23968;25658;19927;30640;26953;7555;8816;14541;10364;6792;13514;14790;186;30358;3980;1272;5114;18579;14231;28432;31300;17983;21050;29811;14715;11450;31653;1501;28539;4679;24993;2119;25188;1359;30334;3087;27444;7337;20556;32595;28316;23832;2126;24477;22540;6165;11947;11974;19217;10191;9831;12052;32480;11377;32146;10918;30771;11939;5567;18962;5459;
19283;12472;15948;8310;19637;13680;16842;23628;21640;16697;13541;16085;31644;22839;22915;20085;2705;20501;29171;21834;12257;13302;18200;24253;22305;22703;22986;13143;1411;21043;17273;18135;24480;29518;2579;19585;15476;9367;27432;26040;27050;10144;25165;7887;1306;6767;28350;11805;3985;20274;23623;10575;7376;19502;4964;9474;17623;2041;13479;29330;14947;13801;858;28716;10933;14028;25446;7979;19093;473;28275;29857;13463;6631;25681;6195;31901;25309;31382;1323;7325;27498;20361;16840;7844;32502;1087;8408;10267;5080;16900;16777;19018;27081;12029;16765;15386;27800;5643;21788;
24863;12064;17905;14894;16853;4728;27578;14505;22826;28009;27733;9671;23357;18469;387;7516;22886;53;7667;25959;26486;26804;23722;12263;9792;15035;32681;12016;22360;27164;16842;12029;24090;12883;32748;11144;20974;28601;32079;4568;1483;6395;18241;9755;10490;27851;31739;16052;25885;10197;30918;18902;7535;22261;13154;20818;13133;6567;17063;28845;29686;26815;23149;29046;5007;13658;16042;470;22890;29716;29146;14697;24967;26747;8868;24652;5979;17604;7354;11384;19921;29117;16641;26958;6287;4867;18674;15730;19066;7029;22848;733;15740;1512;10170;25902;18309;1565;14452;14913;
207;17904;30241;18691;16231;721;10692;29317;27625;8056;5512;29007;5002;32213;14059;8950;23388;13638;29730;4081;14542;30989;14521;9640;4978;17153;17787;22222;13316;5763;14225;5617;9383;28596;2798;24143;26225;13030;7146;16108;8234;12368;27692;7137;10833;4101;11982;6647;7264;14887;24508;26740;16210;3927;27229;23861;2401;1393;9078;5885;1812;31862;6731;6669;21881;24522;1287;6901;4527;26528;19549;27561;25000;3762;31344;16087;31277;4149;4336;13688;17955;524;2694;27302;4876;24380;2931;29101;26321;5792;1396;31332;25278;29150;21224;4030;22478;26777;3380;9372;
28713;13288;8807;25317;4587;13831;28186;28889;24359;2637;22939;8354;30508;20830;18250;15916;23814;3490;19778;28471;10056;9206;828;22955;23817;21665;26545;1067;9261;16521;8255;9452;9446;20135;6478;21192;18041;1464;18675;19598;10566;11829;6421;19101;515;20614;15566;3761;14920;25459;29971;9724;31312;16091;2200;4473;32766;9896;29422;18557;26398;514;3822;18831;18158;4803;16475;11641;18652;16683;24771;28831;7314;20438;29606;26256;27952;3050;26075;3035;15320;19861;23598;10788;17264;23735;21838;630;18851;3547;8935;29147;297;11116;32267;17450;24905;32550;15062;10529;
5788;4042;24402;32691;28947;26390;8600;27555;29499;29684;4408;26962;26304;23794;28635;21462;6705;22258;32039;4427;11266;21538;14819;22894;1751;7983;26204;19048;29440;14006;16391;16359;24895;31996;16999;8307;21202;4062;28465;5376;685;23819;25007;24255;13320;18032;12642;16186;18969;27380;26603;9888;3363;26470;3628;7261;16559;9139;5290;5614;28441;93;6965;12276;3663;30760;23500;32135;25046;2583;15547;25036;15886;32662;19974;10186;4278;25337;13834;19577;21170;14885;20834;12060;18188;22925;2568;7121;11066;25441;10684;25703;15519;18177;11178;31599;14164;21688;20807;17814;
12839;14759;32380;5426;31716;30719;8454;1050;24020;12148;10013;8123;26500;18926;18771;7016;10183;24705;11200;31986;30462;27807;6748;30585;13975;6540;25772;26753;10708;18963;7329;11080;19406;9848;15549;13912;18105;18093;31095;14168;28777;19656;16865;8487;28693;949;13192;24620;29020;22056;1435;10471;2181;12758;12112;5324;11275;10981;19844;338;26457;29601;2978;25927;10962;31856;5061;4198;23828;20488;18977;2347;4478;32735;22431;31974;2032;13539;18375;30223;22993;14444;15843;19673;30807;2415;1377;1545;24578;20980;378;5129;9578;20682;16401;11832;16187;2937;13278;12933;
12670;23672;22987;17724;32282;12704;19870;8991;32410;3809;4569;22969;2864;10548;3806;23023;4858;11728;3415;6360;2437;2465;12245;13007;19856;17654;12215;17606;27922;18298;24910;28637;27262;6245;17215;15155;26437;28403;7464;18427;22428;10006;29062;3027;9089;28263;18134;1362;22776;15715;3066;7904;21403;28884;7135;13259;32081;6029;9309;27543;3166;18522;29790;24469;25244;5175;30019;16055;29191;26816;21379;25506;19071;30441;6805;4357;13514;29167;18449;18473;32473;14991;6674;28106;23884;19061;7390;12582;1592;29687;15305;26963;26919;18947;22870;23765;10336;17494;12960;10096;
14185;29679;4600;12859;17099;23492;5328;29174;17685;16819;2264;24477;27939;3003;9318;24381;14752;32108;7707;2311;28106;27036;26564;2211;17269;11356;4222;1735;32339;299;4638;20743;17522;2409;3535;13295;24582;5902;15357;15183;20073;3995;4978;19670;16480;31569;27583;20706;28576;5281;7902;23959;28049;27621;28181;6191;20305;29517;11805;16528;23292;1820;32388;6948;6699;17940;4176;11493;30138;20014;16357;32183;16079;12687;1577;21755;18711;14264;1253;9313;31315;16125;12911;5373;29460;21048;26758;27294;13506;18110;23165;12635;26851;30354;13980;26990;11674;27353;30403;9542;
2926;2702;9296;19927;30797;8567;4931;309;3025;21336;22688;16225;18626;20326;21;22882;8155;22526;17629;22168;4049;29335;20964;17486;1681;21494;19756;9102;26569;23713;12911;26937;23723;14741;16646;17495;20718;32059;265;7851;16661;17561;9144;2954;15859;15557;17177;6382;18799;7328;17635;14023;28805;26304;25755;10385;18061;1966;10493;13611;9664;9298;18589;2279;22776;11435;16846;32222;4791;1732;10691;16006;21867;26083;30452;30342;12528;8707;19139;1480;31063;9092;32352;27088;23270;14114;30442;20813;28511;24100;1239;3566;14470;28373;21141;22647;9181;6456;9841;6932;
31666;9208;31673;13805;26971;30110;14109;29178;27841;15878;31323;5657;27931;21524;23324;21086;18172;7075;280;30122;31632;1982;28545;8575;25890;3347;32159;28690;5346;6308;17080;16546;15846;24256;31026;7689;20846;5682;7419;29585;12396;29624;18729;1032;5700;31159;6366;22295;8400;28716;3951;4303;6567;6374;19397;26501;25759;29683;2819;11232;14224;10328;15976;5936;32603;25861;14456;21505;5675;19975;13654;29937;12027;18944;17013;19902;6745;17364;18799;25251;18537;13478;16949;25061;11308;2563;20585;23465;25602;15452;20488;11272;19310;10682;5452;19301;23066;2221;25553;30974;
29723;1925;24822;29634;3957;27589;1414;13667;21218;17877;21144;25515;4559;3319;19891;27667;18856;14204;2102;32146;1109;9016;13815;21683;17413;25139;5931;3562;23594;16289;14726;29224;23492;4373;21667;29101;27875;10225;17829;16670;19815;30497;28191;19671;17675;16649;31281;30338;15522;25019;20980;20712;23200;2414;14872;19976;18651;31532;26572;4966;1939;9162;3038;26790;29104;7453;6436;29785;22092;29035;18970;15127;19313;13088;10700;5326;7716;15554;9207;3161;930;11559;24683;23893;28649;29670;28083;1072;13690;523;32504;5250;21086;29455;16675;18849;3687;16903;2882;1392;
20152;24347;28205;12663;17031;14650;26473;13881;19746;4108;15180;31937;20784;8744;14946;11903;16698;2952;30224;10066;6506;26681;10359;19942;9874;3927;21403;17984;15983;31289;23493;12951;19760;11241;8486;30310;23602;11479;23740;12223;30222;28366;17530;23266;3029;11558;15011;21518;16282;7484;3191;11159;14385;799;1041;57;25143;32396;20880;21420;16978;9245;3957;3448;15546;14013;26188;8203;30201;5471;5007;1033;12527;12528;22471;32227;19992;7817;4084;25003;20498;6634;32303;18727;2393;3108;1422;28708;22358;27285;23880;11020;3736;537;32537;11195;31841;639;21736;2191;
8548;24122;27048;14782;2509;21081;8572;237;26242;10938;15646;28414;19368;5754;11393;31785;14442;8367;29877;26190;19445;8538;11532;18825;19399;14999;22395;9992;24362;13847;6210;19993;9211;22224;4303;23431;176;29427;25056;17191;22426;27167;6377;6062;32614;19412;3253;1221;9450;16938;27983;12128;31263;5315;2851;28747;22121;22526;6497;7429;11295;7277;28578;21202;30535;12938;3790;30732;2465;22181;27965;26554;22504;22817;19996;31588;11348;5856;10259;26405;25187;22012;24356;7169;4057;23224;21975;9337;16133;18614;6548;12125;7751;9322;11856;15586;18639;2254;15724;8692;
3239;25943;11225;21965;20980;22568;23425;15815;1913;30855;7138;27502;14428;9613;3580;218;12077;11553;32622;12092;18980;24359;220;950;25770;24820;15251;30320;31259;21765;19056;28648;26059;10993;6654;14473;25671;11165;5086;1664;14813;5551;6508;7627;8798;24133;4511;13970;28194;27110;3633;7611;28749;20921;19456;17337;8785;2292;4789;11684;8372;30360;14243;31887;25876;22364;18418;32534;24936;31718;7676;310;24712;14145;26103;20066;20464;4492;21973;6610;22208;4847;7272;16671;24072;15060;19402;7437;28227;30547;17148;21671;1569;12525;23245;26258;20106;15998;23037;23707;
20447;21869;29859;23954;3203;18982;23244;4443;9370;13514;6757;2882;26384;20004;22619;11919;29661;6368;9472;16730;21384;10999;28593;8609;10218;11118;23990;20632;23093;22592;2153;18496;27189;10393;26266;20283;17109;24388;25907;16095;14308;8551;29464;28553;4377;25966;1105;16180;18005;20037;20587;26186;20777;18122;20507;3769;14232;29058;15909;24906;13342;16522;8060;32047;7921;18897;5803;3546;31878;11141;1651;29462;21847;5323;18358;12112;15076;18099;30356;4149;7671;8555;6867;17795;23085;4531;12164;23064;6834;29328;19939;17232;31820;14149;32640;31373;4251;29055;31644;21783;
9887;2000;21462;3623;31866;12382;21511;14142;15991;989;6506;699;30540;15546;9472;7341;21916;30361;27954;1510;27328;514;12985;9553;18119;8279;7355;901;5563;15370;24630;25753;8742;28940;30370;13370;24789;31113;10194;30716;27100;21202;27420;15342;731;11931;25529;11633;7807;1126;31854;22602;30027;22335;26220;14837;7064;938;32630;7996;14554;10714;25409;9;17446;2083;11296;19833;27121;22962;9953;26161;32539;3452;32241;9461;9516;26996;8135;15735;989;28161;25728;23404;15322;3503;14023;14309;30406;3365;17400;6365;14463;8023;30597;28430;21924;4604;17816;1546;
13141;7747;2298;31366;13370;12737;30771;27385;30407;17326;30195;5734;18622;2642;16560;23925;29685;9402;17809;22985;18521;3247;6795;32654;1843;25833;25546;32081;5034;30591;10322;19989;3209;30882;23014;12707;13123;24971;5160;32545;17461;30642;22275;1510;9258;21569;16454;28813;1828;32712;2193;24136;29786;30258;18293;9847;19325;9976;17111;31354;12095;17812;19861;22979;30998;32313;31085;3119;6717;25281;8218;5782;3581;9191;1983;23969;16682;27318;9865;27355;4848;26177;18832;2059;21200;24981;8959;9410;24549;30188;885;14896;19820;11555;17067;8507;12419;10350;6998;3795;
31537;8011;32335;10879;2215;19124;8433;29500;16069;4249;19138;26248;26848;909;9814;7610;12227;2752;6513;21908;21235;17965;26732;5147;1848;788;10458;24742;7768;21675;18283;16950;23590;9489;9488;30725;7355;21123;3935;8290;12292;11474;6202;16827;3709;26388;4267;27132;19259;20890;11027;22552;26416;28707;2180;25572;27051;16463;13675;6188;25118;17495;22898;13057;14116;9722;7844;80;26306;1467;5074;17081;7149;19017;3638;7837;15693;1087;20055;15225;22849;14861;27692;3955;4899;12342;20100;2355;30157;445;12710;3060;20316;7385;308;29147;31284;30704;2389;2183;
14148;4803;17170;15337;32139;6119;16385;25430;25306;12916;31009;25818;476;27649;1286;8912;341;9935;31030;26543;8359;2116;31442;17447;28058;26523;17017;4973;1884;5339;5993;6611;4807;3077;1511;29083;17379;26770;21730;14861;8364;11548;32467;15559;24853;13148;12775;32085;4172;22612;7008;26369;21312;14541;568;3308;30817;4612;29960;12382;13478;6817;3881;347;12757;26600;6425;19831;20991;13107;2080;4331;19529;5024;8499;7655;1779;7;17176;20010;21138;11567;7115;29393;27296;7233;19745;30316;24375;28028;17579;25943;19482;19243;19165;20552;245;212;3439;15652;
32486;4787;10500;6679;28475;26982;30218;26339;30590;26090;7393;2168;3759;29126;13631;31430;14288;24454;29907;21711;17831;12139;12584;21248;3007;3169;14541;23489;8368;5425;18355;12875;5536;17912;6870;19385;18186;5592;26399;31330;10942;7405;14217;25447;16169;22147;30340;29320;32727;21382;9879;16444;822;28985;3656;7680;9629;26667;23360;15599;25996;18280;171;8851;21814;12268;21726;24571;17724;25693;12860;16141;3260;249;8026;23070;4746;28621;16993;20928;31677;27943;9140;5339;9070;12367;979;28416;16316;3186;18560;20729;22547;7647;17696;1957;28847;22390;25187;21763;
3931;1116;26919;8076;32127;4596;29850;11206;27481;13835;20383;5142;22667;17747;16756;29397;26070;19987;3473;29351;29733;19228;10963;14600;13517;767;30169;24360;3859;26493;25263;27897;32495;2367;29097;2694;20751;29640;27538;23430;24607;1447;10502;14641;14152;6385;26909;15954;15862;4078;31562;22942;20703;6675;16514;23108;27713;17712;18336;10949;19306;12011;2312;11782;8574;27245;1418;29348;20341;28251;19594;12423;15203;7944;11614;17594;11516;18665;6136;8057;21335;8009;28869;22668;22514;4925;23508;24020;8951;5851;17211;28708;13501;8359;7351;25170;14482;846;12946;20109;
13496;28055;29642;13808;31661;9878;3951;15960;17071;23075;24397;627;384;2442;26059;10266;32615;29828;25363;12513;12663;3686;17779;14572;19987;21401;30979;6148;14770;4938;23177;6377;12512;354;20889;15082;21382;9401;22017;12724;30058;30086;25700;5992;22521;16411;9764;1264;12613;8143;20613;1170;9290;9787;32528;4805;3701;681;3382;8516;20071;15817;13110;20578;26614;23974;27201;21149;10612;1497;23515;11893;13876;26620;24708;21119;6731;6242;20888;12213;19348;6917;12916;19984;15351;15552;29914;3929;24810;3263;23703;5180;21559;2611;18018;30622;29184;23114;22024;21552;
6145;6750;20422;18500;27158;8813;8438;27616;16381;19401;23535;27921;8284;4112;11046;18050;27910;5215;32665;17485;9338;29891;32365;19217;23725;25584;29141;5445;23305;29494;16695;23244;28085;5808;13450;5833;27159;14783;1795;24500;29847;30646;3312;1454;30118;19671;28900;27409;24575;21375;19476;19276;11309;24989;7681;25582;11598;6760;26455;13312;8982;18514;27669;17816;11543;4919;24815;13739;831;26331;2033;28195;6050;7571;100;17969;1401;17218;19957;31973;29035;1159;23316;16892;16140;7733;31387;16633;16292;24836;11440;25207;15921;7558;10988;14269;3247;3164;32701;17555;
30358;1705;11528;6996;15525;8903;9747;32581;32222;2361;8355;293;12754;5601;353;18949;6174;6515;26498;2138;16694;20266;7079;13137;5217;23226;26114;6242;30469;25221;4027;26408;31013;6673;5010;12144;11048;20666;16837;1424;220;22692;23348;16634;26042;23028;26563;2320;26220;26176;19456;9274;5004;24643;25094;15670;431;3030;6561;4784;2722;23068;25522;17683;13299;17916;27861;13982;24243;21716;27458;12730;9339;3947;1009;18827;1453;1832;2818;10437;19708;15234;9051;17089;19503;29624;403;6864;22049;24770;22031;5583;6669;7047;8810;2555;17416;21328;32282;263;
1743;16509;3665;24684;29379;12151;13602;27649;15922;14309;15333;22219;25304;29731;31964;22038;13478;19695;20503;27332;21954;11622;16276;21734;11214;13104;18091;25993;14957;12023;8361;8914;1795;2333;27324;29262;27069;24238;7439;15747;28626;27283;7989;17611;13064;3849;31691;5218;19065;4946;30553;20413;14487;27050;3706;18205;31342;4477;7997;2917;7209;27095;16842;29736;30424;2076;5193;19463;31600;26361;32255;5946;12051;410;11706;10348;15506;12062;22384;30668;16177;21064;29987;28769;10922;12663;3847;10141;29812;2776;20199;13110;25156;14554;25285;4401;8661;31458;29377;22080;
3557;13889;11836;5709;17536;17251;13372;15191;29312;6984;23314;15997;30805;31032;6971;30552;19458;17587;8581;30094;15464;22440;19570;6308;31175;29927;6369;23060;1922;727;16875;32160;31522;24172;6156;7141;11422;23124;21379;15155;15322;15985;26107;27292;3949;23436;3946;4939;12455;1864;14906;29720;10451;5204;25255;31577;17337;6885;3432;29434;23399;9572;4497;13008;4401;5475;14776;19754;6135;21718;86;27049;29606;10112;27505;16978;20993;12459;19320;30434;24738;284;24943;10849;17467;16710;12363;7930;5410;19390;32160;17418;1293;19439;17785;27255;4634;13583;9607;4931;
27410;9554;895;3169;26862;2397;29373;20423;16794;5117;7469;22724;22522;24089;13163;25492;19755;17125;10281;19250;14091;19545;15058;31085;8187;17378;5484;7486;13283;15191;451;7001;15991;8750;31172;27906;24249;15088;5927;24866;5055;1258;9809;29594;1719;28198;24696;11991;13864;24985;4360;19366;26235;1438;10821;842;31673;16035;3378;18381;8342;18978;2226;22163;24239;1492;21486;22837;3088;14113;2038;2188;12793;26330;23723;1547;20706;9514;11484;24402;9660;18890;1455;28673;21626;1141;17731;5578;7120;20892;3219;27339;30266;10074;2206;31258;19521;28330;22213;8865;
7162;7384;2164;7212;14799;309;2564;21184;3713;6927;28896;3119;30318;3040;29927;3049;9744;31174;6418;10517;14279;30259;18263;2784;18136;15590;25549;32533;15285;24346;6928;7919;11647;12029;28647;13867;31945;32611;19492;8288;2975;3004;6348;4243;14022;7235;8568;30470;29766;14969;18171;31058;15142;2514;17733;12469;6263;6318;4232;8877;5524;15754;3481;10182;21415;21624;10648;13488;111;28876;5331;14740;2113;22297;9448;2984;10573;21340;8746;3330;19491;16246;1094;1706;17782;19936;25127;26866;25887;27802;6422;26122;30308;21604;28454;6863;5499;6193;13519;14820;
32330;18649;10713;27908;14449;270;10619;24726;17546;28049;25029;11650;11951;9637;6715;5444;10813;26565;19907;17471;6872;3730;7105;3667;11952;21007;21632;22961;28162;10512;9428;11246;25569;24304;9469;3415;17462;12675;20175;13957;13062;2891;7952;15409;4339;11759;26146;11593;28934;24808;3041;22338;7083;30846;19151;9393;17149;18675;9839;18965;19524;23038;8430;13559;21180;28283;29704;28982;18329;13408;20778;30876;21319;12531;27860;8372;23542;15674;22850;6880;21846;9907;29771;15014;15775;18502;27785;30283;27605;12152;8634;21923;4938;8673;25702;17191;8292;5856;22723;29512;
21152;31117;213;22019;14295;18159;12761;18102;27841;23664;30948;28210;18103;2701;13000;2833;19133;16338;23351;5194;5567;24582;22315;27138;6683;7075;16004;2213;22112;23433;26867;29238;26965;5362;16920;16867;10046;6569;10471;7645;5210;14455;24144;31590;26800;16862;18207;26924;268;17674;1313;21461;24900;6405;11144;30939;11199;1578;4752;31642;12856;9180;3683;20647;960;15992;3386;29540;7170;22919;24774;6609;6091;8761;14030;23205;4810;26127;1305;31134;4756;25047;27790;19989;8938;31965;22426;30677;1855;17504;22482;22061;9589;15171;1754;30020;3560;20997;28293;26029;
17581;6899;15421;12859;12316;3740;17318;26647;20619;29830;5246;25871;9565;17439;10184;24625;25404;4598;26665;24729;24482;23851;6546;5767;21918;20773;25631;19125;26581;20354;1599;22503;967;22100;29206;25283;2643;5770;23071;17379;24957;20140;28950;22569;21360;15820;24853;11090;24255;17081;15869;12494;23536;31605;30487;32463;7227;30953;3067;16289;25999;23256;2225;19769;28630;26642;3351;11024;18298;30442;25474;21042;14632;14825;27304;913;10964;17604;22206;5280;1533;23948;3549;27165;5938;28197;9130;5422;1749;10745;14390;18096;20255;15341;15907;3276;21348;4245;27657;3787;
31896;4259;23831;15147;32531;24486;9470;7154;11665;29425;23306;17730;32125;5336;24722;4654;8303;10275;26259;9164;22259;16316;30360;22155;24716;24235;733;8647;11512;29764;16819;5531;12982;26783;22566;27383;3782;19785;6110;23026;20912;1593;21571;10849;7623;32518;4837;12968;31407;16471;6938;14544;541;31130;10473;27098;18910;21241;18214;23379;12059;7049;5343;19241;26331;10181;31223;4541;30665;29756;3857;31289;312;24710;15535;29988;29540;5756;21915;22836;7418;29097;12423;9827;12763;31483;1264;32580;12061;19646;3912;19608;16467;29387;16467;16157;2575;6909;31698;9126;
32165;10725;10847;15728;6705;1983;8856;6836;16091;14756;11647;6009;29273;6913;10785;684;17334;19271;5238;6514;10322;9188;29577;19645;31531;19059;29400;1310;346;13103;11006;22746;6113;10158;23951;26687;28323;9676;10308;21560;29876;10981;29528;800;22995;16199;7985;10196;18741;21990;13635;16140;16773;21586;8242;30443;11816;22247;12086;13524;9669;1347;26820;11648;29189;2814;28779;17229;17559;2197;1020;7897;15736;4262;21485;13776;9841;1379;15103;13314;2017;27201;6431;31417;31420;32240;21898;10825;23508;12432;19509;27112;17495;18978;10860;25024;27545;21820;32441;6979;
22036;8705;7;15295;30126;30033;20487;19762;7994;14397;15571;2399;31040;15294;17874;23329;18433;25766;26587;2560;15030;21462;29853;17410;7705;24242;31038;31171;6182;27602;30786;16584;20771;2042;31407;12305;11742;18253;15470;27373;32566;18109;30709;19987;19164;25030;5411;29421;4443;28764;16235;32055;13654;8482;10037;26313;26641;17372;29313;15793;16180;6183;8398;2181;22475;29800;26170;17656;10896;22786;16874;13482;30061;17356;21420;27717;24125;22466;13531;22725;13011;11514;22660;12055;27197;23770;14022;31206;19273;7817;18303;14770;23625;1955;4133;19234;20;17713;18673;1947;
25677;24792;23875;21521;9448;26192;19266;4637;18665;32024;9922;10064;31855;19048;17260;3784;11250;12136;18968;10496;25801;14239;15742;15852;7919;19374;12814;25926;21510;31806;15644;18723;1948;31031;24384;30409;9390;2354;28157;12740;21610;5426;16544;32055;12857;7310;9323;20337;253;9522;23539;9152;17815;31752;11719;24202;27309;22960;18002;14233;20906;16247;28931;7863;29958;8327;27819;20091;32711;11099;24358;354;32328;18294;11325;32033;3129;6997;13259;26682;9191;11938;15135;7630;29373;31914;1442;29618;22283;2833;24761;9925;27399;22724;9965;24960;16658;14640;32330;4302;
13628;28594;22020;31518;30729;8014;26465;19895;13942;25251;15826;5196;823;8222;2659;20177;25923;28271;18006;6541;12178;7481;26891;7023;1573;13838;13604;11941;13384;2458;24806;30571;14356;7454;7649;23841;10039;3105;17363;6561;20728;12898;8906;21199;16757;12816;16521;29298;2607;10813;1325;12354;29641;12689;6928;577;32013;26939;1518;26447;19248;15405;13638;16377;28503;7817;5635;10643;9561;24918;26460;3974;28615;28280;22265;26346;13610;223;10327;18520;17035;11518;27501;23545;22329;19839;1680;19427;7622;10293;6036;12454;13907;24402;28724;11297;13837;730;12723;9883;
16376;22103;19396;25103;6892;7887;25256;22470;26845;3315;24726;5163;25439;6041;13919;1244;16744;23148;3922;27901;10840;19682;31837;29649;23096;25967;23158;395;23359;31993;30777;24161;30875;1675;16083;18403;20078;28493;25118;28811;6934;15028;23565;7573;13745;12022;14155;22288;19936;9665;27935;24118;22732;21804;23187;24057;20327;9454;4309;2526;8693;25549;1245;7950;1226;29018;25168;31659;31317;12252;1445;16480;15965;21130;24966;12348;30347;23549;21369;17088;19497;24804;11199;7222;21289;25338;27772;24645;25193;22581;1049;4803;16693;12864;1767;31434;19982;31276;11269;15374;
681;21603;4483;6765;31035;221;3015;7112;22260;11158;1072;31762;16329;8511;11002;10150;14199;15411;98;12254;5061;7598;30986;28129;25609;1849;16798;18364;29165;26729;26040;19381;16243;29897;24065;5595;9783;22037;18842;13282;31733;20137;22202;31534;24650;24632;7832;1326;6079;19137;30859;17899;6147;30655;2159;28897;10616;9633;3148;8205;16881;26489;11570;28999;31931;19704;22375;3538;21466;18074;24005;20530;32404;6686;27741;31805;6452;31545;3680;15733;31240;7307;19264;24469;22444;19666;7954;30058;9354;29790;21047;25060;17314;1733;29755;30573;31367;15575;32253;8569;
17578;10964;24336;19551;27611;1757;31330;32615;2573;13225;22043;23844;22618;25465;712;32260;28487;26446;32185;22821;23624;32345;4775;12138;12423;14771;155;11471;27873;18510;26122;13305;28465;16172;14405;2066;17618;12750;18961;18643;1631;12016;9617;29922;8381;30067;15725;26207;12124;30107;14637;32185;19385;29306;24806;28359;30248;22444;27673;25620;31696;5957;14296;27770;32247;9224;10282;26354;32384;23514;14513;24746;5553;30326;138;6488;13626;19553;11637;8655;7283;2593;14902;18639;25062;9130;25659;18978;13837;7193;9342;29668;17245;30116;12205;13859;20355;24017;16777;20648;
493;27111;14220;4883;29580;30626;16078;25390;27608;1579;6441;32123;28437;6983;15771;9231;469;2255;22509;12195;17855;9824;27538;14057;21390;21331;7634;16412;30301;21744;27432;12507;11297;25822;19432;28727;3959;990;3108;28427;3744;25786;23249;2700;5065;887;21542;32032;656;15570;2885;20852;11973;31211;22301;3016;12397;17467;26255;32142;14605;21963;24527;30516;20005;31144;3854;19518;3322;20626;26710;23959;23448;19956;24757;7721;11032;281;25245;17835;12063;32412;24971;9658;11943;32288;20711;21804;20994;66;555;9633;4635;4300;11848;5978;11520;31019;11846;16207;
17309;30500;10026;21371;1226;19394;11548;20859;2441;13971;8649;29527;18056;12564;20999;26272;14062;32361;5815;31163;9300;25425;31984;13180;12304;6746;14682;2295;442;22609;27351;9618;16105;29949;28777;31071;12350;3085;22096;425;14244;10830;7794;32717;31701;23329;26624;4683;27937;10797;14935;25629;1899;27985;30500;26184;30068;27356;14284;18352;31068;12289;6667;7984;15973;11141;16347;31722;30715;24763;1687;20444;29169;18098;14688;26805;30222;10157;17088;27366;10952;5331;8589;763;20303;16936;9488;16684;30925;24252;13415;21295;13548;15651;9512;4177;13722;24612;25927;3013;
27145;16309;31802;8508;10489;23080;10074;12214;20537;26015;5517;30359;32107;13765;1570;18685;17417;10688;20220;2897;1189;13921;3571;12060;18805;24734;2423;8476;19470;15427;1142;23960;2160;17124;2432;7920;323;5910;28970;23160;6496;2015;10160;32646;9875;26730;30174;11466;8607;4095;20784;20446;6019;5683;30520;25374;16380;8028;22592;15802;23883;19784;5425;10762;18744;10287;5299;13857;21335;5093;29590;29348;21642;9556;21617;5085;7111;27690;21128;10507;6172;1231;7155;24060;25584;1690;30461;31454;5515;8772;14027;5715;30937;1181;25406;11715;5738;20861;6169;6134;
11198;19198;24423;1506;30912;30952;2839;1473;1680;25709;20970;15463;19333;15383;13199;18643;20595;29694;26636;1540;15145;13886;24159;7950;25150;14248;3685;10604;19982;17592;8700;14744;19199;6855;14692;9689;28937;24962;20204;27484;17525;22683;32202;27015;21476;3519;12362;26506;30612;11975;31019;6199;5599;19506;7237;4115;4356;8147;2672;25005;16938;11207;21666;21550;9634;17834;23127;26674;7277;25098;14134;7894;26366;13340;13297;14098;15680;30126;15981;21834;10203;27485;11555;18719;32436;30984;20934;25995;12466;23173;7973;7981;14536;21650;26196;25825;25648;29198;28422;26260;
19956;8553;28478;15959;13235;18009;9767;12209;1954;5070;7743;28986;25553;16937;23227;13413;17072;30120;29736;24478;8401;26917;26702;11925;27631;12545;8537;11481;25392;10843;30779;16040;19623;27269;13900;11270;9245;17080;23091;25100;10001;11270;9226;24195;25085;12177;11453;31153;8923;7931;3251;627;29928;12573;21937;24716;2472;22268;25595;12605;13098;23800;19132;4630;21389;11335;24487;3595;26051;16546;10719;24778;917;9790;14356;1100;3303;5118;8687;15530;21566;30183;14513;5683;29823;31700;11031;2491;13306;107;8320;15157;6310;23631;3921;1669;4526;31127;21145;20111;
23085;15232;17137;17044;31030;3678;22183;3518;792;13273;3355;9465;32736;8021;10600;9989;6943;30386;71;713;237;2870;23857;22507;3117;24263;17092;17821;10771;2398;2664;7098;5860;4792;10034;8721;22525;5199;4105;27137;5911;14216;5383;24134;17097;25646;9249;1298;6222;13087;16651;10335;31369;31045;13398;22660;14918;32456;13788;32007;13251;13954;5725;26547;25967;2484;11370;7658;25585;3063;2178;19516;20332;11125;13436;6200;11778;12632;548;17537;20375;9859;11561;23333;7895;28800;21559;21035;890;15034;3424;24171;14790;32749;6592;26787;17238;18394;31841;22726;
21787;27967;30812;11159;26272;6;14913;1655;18066;6077;12473;15739;22655;10822;22634;32706;24542;15056;32539;7686;31824;29958;16921;8048;15141;2181;19417;6321;25122;22676;5342;31054;22401;21519;11229;17211;19258;2469;18720;24748;1409;19524;12584;3112;32400;31696;10902;32479;9126;17947;2892;22845;27984;29714;8399;31167;10983;5940;30703;13830;10074;11081;18347;10794;2861;80;847;4688;8130;185;22495;25215;22488;10196;6328;4271;16721;15498;24437;17699;17464;9291;25360;25849;21250;25159;19017;11008;28692;5857;32076;17097;11398;4960;14990;6657;1063;21992;29432;23549;
15041;426;12615;19351;7838;10071;4275;28473;21578;29146;1742;17207;3995;2886;1200;26210;24047;19981;13137;29914;26037;5748;20278;1315;16175;18499;26448;31611;19061;23745;801;10091;9918;3295;29728;24477;11995;27572;22111;4077;7940;1321;1131;28098;18391;21750;627;18079;29342;10701;9389;7413;23249;18644;29942;1852;24796;25945;7097;1345;23073;16578;20497;16322;8769;1730;4914;26168;20887;14803;15109;7924;15622;17376;4114;15725;8949;32577;675;13017;10647;19437;15142;27898;4720;1259;2516;5947;18197;27146;31120;29179;9011;20946;2578;13353;8146;14266;21828;11025;
17371;31388;9196;3189;32216;24421;13708;12000;19196;11281;16262;7223;20323;28375;26500;12945;17306;17824;15639;18248;23394;14782;30367;81;2481;987;30058;22472;17914;19503;21792;32207;13998;15095;2654;3225;25859;27938;21665;17090;24052;8525;1894;14306;25737;12529;28303;16225;6488;10715;21001;28045;15180;7133;23724;29417;26021;28356;27234;16840;28480;21641;396;12827;20249;11212;31649;6024;10766;26237;8472;32188;28134;18653;15497;32513;7569;5285;26895;26899;12977;29828;8176;9263;14426;15311;18816;4206;790;20085;21826;19793;10797;17713;7505;8093;9763;8707;6398;26985;
14465;10464;8891;26741;217;12457;21816;11965;25348;90;17355;2382;8878;3204;4629;18777;22549;10493;12003;9094;8717;725;13906;6538;14664;30349;16183;8700;18644;5764;6077;612;12261;30130;13648;3990;4309;2712;23482;18494;20841;15991;16268;32187;28758;31937;10176;32561;21507;22221;21148;31449;30353;4046;8666;2460;4889;9478;20997;6369;14388;9783;16678;9891;25537;29275;2208;966;3042;11412;28249;4267;14664;32102;28954;10242;5809;29732;29753;11231;6574;7336;20085;26896;10410;7495;16417;17583;25128;28933;5253;26611;26956;4612;29313;24139;23453;10307;8307;22958;
21513;4229;16219;4396;7978;20366;16701;28106;1223;17813;7879;31116;19102;13815;4148;17619;21600;30505;19824;13801;1278;24304;6525;30427;17699;16084;7445;30087;21249;1234;21649;10741;16209;21585;5385;5867;15253;11095;27837;14523;7585;26621;25267;22112;15449;16928;22946;26825;2492;3418;6671;3189;3618;22320;18358;12608;10433;13709;17963;31869;14710;22896;20673;4420;6083;14817;18859;13069;31508;27433;1121;30334;14406;30274;3910;29826;30825;17549;16519;13211;19653;29635;2630;15225;17436;9774;23032;1739;25903;8985;1803;18261;12931;23429;5324;12355;7013;10013;19337;15037;
32300;19820;27890;6331;8126;12110;1989;18971;15446;9380;11947;2033;5508;25164;5725;31262;8565;31825;24330;27428;16244;22622;3325;28216;5553;9337;29819;11161;31809;9709;7402;18209;6503;29832;24377;5401;4882;30215;17275;4434;31142;11727;25045;19569;20479;13534;19099;17291;21684;28160;14774;22002;28824;19014;6473;19790;28295;12724;6036;11247;24671;25658;21528;13665;21836;26342;26619;25921;17737;20823;19887;18512;21987;3957;27599;27590;23616;27487;18249;22249;16481;29605;8386;17117;9636;4536;310;1214;31885;25758;31199;24044;25029;13290;7001;9894;28259;3820;26627;1755;
23915;27685;17832;12604;10900;23805;12895;21654;3663;10681;16559;14175;31492;27047;7927;12687;32671;27547;11789;30897;13131;671;27430;29241;3709;2791;12534;24;21813;15107;5144;31630;30337;5464;24239;21055;1346;3537;28494;31114;11826;14290;32533;11286;20262;4206;4893;9645;5009;14553;7447;20814;14922;13600;3887;7549;26767;791;26423;27358;11849;7571;29953;18690;8081;16346;24588;30081;10100;32088;12387;20809;30707;404;24259;16437;15182;3170;12284;9954;27267;32345;24473;31422;27921;2439;24003;6241;26113;23140;9315;21537;21031;19717;26503;30944;23462;658;9479;10537;
1714;27386;22376;22140;7066;5861;20480;17125;29189;26091;31835;16595;379;25859;6878;9512;23336;28990;8874;8077;28893;29365;25284;27912;19800;17343;7282;6352;8645;6248;7400;16224;19589;31263;6691;1994;15661;11183;22294;18254;22994;2417;21252;811;18820;14783;2093;17589;18456;16811;32172;29608;26411;20977;12448;10940;24675;24619;6282;14969;23800;24644;19190;20045;22131;12847;606;26588;29878;6105;3147;9367;3389;18268;25277;400;10147;28021;29901;4492;11112;13368;25233;22874;6897;8706;12352;18020;32720;25776;13462;29572;27718;23822;18042;12313;13830;32402;28127;32089;
20028;22347;7144;30185;23246;21524;11855;21419;29922;5389;16903;2007;12448;26188;6432;6477;21049;12495;6124;15657;21544;30645;7520;23960;8888;13742;15036;747;12486;11953;3695;21226;18888;2541;17972;6763;17678;18433;3202;5411;32328;26991;25891;26555;14153;22862;15650;38;18186;28736;12779;20531;14834;9124;21422;5726;18260;13581;26372;10476;16442;30194;27093;30519;23393;29607;24441;13638;644;8075;10269;26016;1245;18308;26473;13666;21226;29352;15968;24208;10093;30269;23687;1193;16822;22244;11337;16254;5412;18961;7834;18499;4586;27582;23003;31975;27407;31841;20477;11681;
32185;15131;32746;26828;15786;12338;26144;14580;19211;31681;24735;2353;5480;31918;2566;9139;12285;25565;20473;32415;15152;1955;18629;19226;1886;2942;3143;31394;21722;12291;5130;11941;21811;24343;26287;17996;20918;18530;4754;32408;6964;8705;15274;22705;9990;24955;16561;14971;32077;247;15237;32105;23678;9388;24783;24470;13855;13464;738;2834;26827;15989;15334;10105;23420;13289;821;10699;24074;22781;12805;22135;29422;30416;15176;10681;26188;9869;6864;6694;22065;18586;16311;27014;4121;31762;30206;30689;26548;10870;4980;19677;27369;31647;27609;19271;5916;17911;20548;17135;
29612;20201;7618;21689;13760;28566;8000;23793;20804;29130;18091;22495;6958;14638;341;29851;24838;3263;11163;18979;6565;5246;26565;25259;4925;24425;23597;4404;17049;1451;7332;17760;6054;15120;17169;20869;31539;26043;31579;22272;23029;3355;1673;19660;24782;13595;31016;21587;20046;31129;14573;20611;32123;32282;32156;29477;3533;1468;22824;13418;19581;18284;2844;26823;17152;21080;9017;26883;3790;5799;14177;143;26215;26216;12468;5653;28568;713;29688;16979;19194;2442;26942;18730;30909;22193;9922;10482;31395;11902;17172;13329;22351;17313;4725;26828;25280;28075;21380;31581;
28697;9155;3866;17989;20643;3994;12146;5347;17428;19617;4749;31814;15890;10105;7124;13888;9459;29098;2304;12987;28103;15769;3639;21328;14744;5812;32119;1302;22512;2544;32056;11448;21148;4725;4685;6347;26288;16023;268;28254;3787;8457;18862;17362;668;25165;17401;24044;20389;1647;7708;17192;28479;15091;17114;6480;32223;16652;27370;334;30615;18447;23966;25919;7648;19494;9412;27848;27286;19785;14282;2989;13380;29290;25125;24223;26530;27888;26866;19030;31324;12391;13278;4320;31509;21110;32068;20793;25260;10001;19862;9499;2750;27887;17918;20759;28012;7743;32325;15077;
4702;14743;31219;6649;19719;5933;30904;5718;12331;7753;9738;18855;23199;28410;27664;22156;337;21513;28095;2610;23176;4395;27715;15398;20076;24954;7072;24683;4296;14886;10905;32714;2063;9576;465;2665;9629;18872;32304;14495;4928;28992;10888;28167;23031;9616;15480;21203;26105;13203;22673;5987;3065;11202;25016;5655;29609;12951;22475;18273;2941;13637;2440;15390;27057;22182;7594;4646;16013;10357;14164;5921;15336;1213;14771;3485;5611;7057;28384;18526;279;2302;5635;4085;20873;1854;7358;1685;8061;4398;1993;32289;5394;2307;20185;29833;18765;14136;12231;10839;
19551;13770;15598;1925;18731;7080;10965;17042;24579;31845;8462;32213;7858;4145;4701;20240;14784;6151;24605;25928;27377;21032;19680;16596;6415;4807;598;12725;11497;21766;11888;4133;14236;22561;31684;25458;19985;7401;26932;27405;15815;22389;17610;15838;32467;10516;19943;29659;1829;13957;17053;3545;25356;28267;23641;4002;14077;5115;32709;71;3728;25080;9196;17592;7371;23009;13472;2193;20899;4969;29720;10551;26816;8231;8158;22308;21889;22415;23785;24959;12352;7969;12037;24560;2263;736;32636;11954;16994;12806;30447;28906;23623;13302;11909;3383;19572;26994;31816;22666;
20200;11790;24267;25400;20085;11748;19472;7245;19140;17290;26538;16164;24473;29249;25631;16180;20824;20591;5008;9773;17097;30288;27548;6212;30744;17640;129;29386;19232;6460;15236;14596;13544;16321;20628;17207;4206;15381;14122;25602;31396;14573;10867;30704;29625;13391;29873;4942;9625;15361;2527;16954;29623;20033;13715;3837;14346;12982;24617;17051;20821;24487;12062;5032;26284;16235;1210;14172;1076;27168;8946;2282;29994;10144;30092;15118;32551;19889;18308;18405;25250;20092;26543;4866;17590;2881;158;29118;26149;16200;10181;3535;19358;5915;26588;22045;15163;18418;19078;29137;
13134;15215;9521;27054;15965;9099;11581;31652;18539;2769;5984;19618;22905;13514;17993;27821;22861;25272;19587;24879;16498;20614;17821;10641;23168;32256;19080;29195;32158;6208;1344;26811;23364;5992;10158;26869;20038;25751;18894;28891;18958;7189;29453;5421;20264;16337;21237;26466;2309;28174;27915;503;30968;28761;15352;12039;21125;14014;4072;23836;27867;4923;11312;22085;28063;18805;26675;28008;4331;18090;22406;5594;12951;5607;15698;6445;31927;25723;20218;24393;24420;10923;2558;31934;13760;19623;8480;31577;15412;18365;17605;4342;15356;16333;19101;14484;4070;253;30854;25007;
26198;18861;30382;10698;25742;28846;11512;21579;3884;15278;4002;29835;7156;31223;7972;32302;4304;14170;8027;12208;21525;7013;18918;2881;4616;18653;32721;20947;7073;20840;15984;13425;8847;4489;23438;12242;30331;2257;19656;17966;10129;596;32307;2896;12861;8539;31813;14061;6194;9816;29938;12596;2737;31;21525;19878;2568;32082;32530;10280;7769;12829;29625;22614;3484;26148;20078;28443;13031;7866;31623;29310;23277;6484;6134;19391;18886;19005;17704;23459;19950;13195;29741;10508;1167;10321;27672;24012;13059;20502;4009;1467;22932;32390;9769;17416;25479;13160;11158;29388;
6234;22224;27648;24805;12873;1430;28211;8705;15895;518;29078;9465;10250;7385;851;1121;6712;10853;28344;17757;4097;22544;3294;30901;17117;30218;14216;29228;21592;2364;25421;2574;22874;14715;9466;7433;10924;28674;9778;15933;7864;14879;19799;20374;4240;17452;7342;29786;22578;193;3261;4606;6155;20520;26104;21310;953;15377;23965;24941;1045;7047;31197;18441;23665;13091;316;13970;13598;9600;31034;5276;12082;18414;30771;7204;25991;12139;20100;28192;32519;2511;19183;21849;13863;5958;7745;11133;31154;22531;8753;5232;2760;16947;1932;996;15398;5168;12175;16681;
13992;5880;13460;23878;26379;25821;26098;20296;30968;2174;15134;10970;830;2037;534;9494;18784;12370;19711;23451;13903;13641;25356;4576;29816;31015;14499;22728;18177;4362;12987;21622;2128;22866;14729;5218;29134;11859;24155;12716;4330;7500;6340;10161;3424;8605;24313;6877;9403;16948;7547;448;32536;9033;20982;25699;16686;24651;19817;9692;32651;16922;24968;3104;30496;9590;32095;31257;12032;9656;32055;4088;26469;24511;12733;9677;31220;24878;25185;21588;3906;6101;20221;18;19862;21868;29879;6817;25841;15239;6696;3657;7243;9158;26302;2000;17440;22604;2398;4754;
12843;12403;12878;15060;10866;26046;25683;10837;22914;13584;24854;29478;17404;8219;13516;31932;20304;25370;9494;18244;18377;29379;1830;31030;1994;5751;16676;27437;9303;29373;31440;9718;17110;6126;16744;1766;31767;26930;8908;32369;28819;28586;992;7417;29169;28143;13874;25060;26063;18364;4317;241;17854;4583;4269;4556;24718;24214;17283;24032;16589;6575;763;16492;23690;2448;16973;19673;29278;18433;29553;12107;14254;18278;18311;31606;15402;14394;20085;23987;9881;25272;14802;25170;11993;18651;18179;18226;31009;9353;5283;2960;13962;5643;26409;12829;11982;5825;8388;26963;
5967;1044;28810;3592;23387;22187;31954;15428;14766;23010;3294;25168;23352;30584;30142;2575;18209;27527;20080;19601;22539;29882;12108;9190;5783;21690;160;3888;7466;13545;7319;15612;26865;17235;18527;12243;15394;7138;18570;4363;30085;20945;5301;9699;308;11618;28264;6864;18079;29140;24382;6417;14290;16271;25158;23177;26107;26275;15528;12238;16166;15728;18828;11390;22860;20390;15671;28114;28300;31089;9079;12149;28344;17133;7490;8854;18963;4064;8602;15164;22873;30632;17843;26585;1792;22898;20568;26403;7614;173;7307;12319;24651;28095;3948;8318;20072;5878;9564;25901;
15136;13761;23137;20776;6222;29728;29132;5775;7007;3673;24858;5627;8025;15597;25113;14354;26652;31434;28748;1369;10985;31682;13711;28746;32;26428;10750;1447;8782;11049;27412;30477;7782;31546;3600;13260;22863;20560;29085;1014;3743;31797;21169;22966;11431;9609;10422;19683;12719;16383;3304;29909;28290;21705;12542;5240;21038;12112;10508;19614;8965;16937;3240;18586;18663;22596;13132;6410;3268;26215;4091;12532;29020;4315;28711;14613;2377;14694;8659;11637;28224;10617;17653;31039;15764;11433;19486;1232;15867;12131;28764;27150;4757;13788;7264;17147;7978;16200;4828;18058;
436;26956;21551;10161;17693;26549;1860;27327;12617;9322;27063;9456;23639;7071;2874;23102;24868;18508;22584;28027;24337;13534;14264;22173;9991;1068;16515;4953;14776;1708;18825;1523;31527;12263;22913;13908;16234;42;14800;10589;5294;13951;12460;17019;28285;24283;9857;25467;5692;4249;14995;16032;1272;28967;2790;3827;2658;20224;13147;10971;25879;26842;18459;9453;12325;13600;20280;28421;18891;15778;32146;13206;6017;25484;15096;22846;19256;8084;12688;25758;3555;4728;27769;11368;13110;31144;18862;5049;23214;23615;17198;16042;8657;1080;21338;29986;19383;6111;30878;10222;
457;26501;7251;19475;4553;17272;24804;98;19731;28211;6960;12622;27938;32465;31536;12027;8533;18376;10202;27031;10739;5587;21061;18413;9326;23344;1037;19511;27876;6924;11513;31540;14571;10556;13275;14715;20366;4653;3768;4879;659;16158;9769;8499;19712;10892;2049;640;15069;14574;11568;6452;32314;2467;22248;973;21876;21545;18174;983;9909;9615;22418;18178;29882;4653;13810;18039;4313;12178;17596;12396;11842;27326;26947;4086;14981;3730;18484;10015;8020;3716;13690;12089;20874;27031;23390;29554;20845;14731;23795;31144;48;16976;30641;11646;28349;5569;26720;16815;
2481;8079;5944;15266;18087;11643;20294;23871;14009;18377;1297;24834;8772;28145;28798;15437;4588;2967;32241;23555;26848;14781;23221;3922;29791;8248;8350;5328;5244;2912;25836;32202;25118;2572;11891;23512;30282;10174;5881;27829;13989;5914;7136;14414;19252;24733;25093;21785;8551;27019;28903;18088;8278;26409;10508;10878;29258;4653;31136;10017;1919;11891;6496;20849;13864;15089;18102;31799;7092;24045;21285;9729;9040;24941;32232;31022;21933;21488;25046;4677;22019;8539;31369;139;12374;14390;1215;13524;23800;3864;15872;21145;7503;7776;18306;5963;5592;8742;12361;19431;
18796;14450;27282;29899;22978;12203;12402;13256;12598;6482;7099;4216;31176;29936;29983;6865;1384;1868;32408;7163;2929;12770;15623;18783;24435;24209;1307;11777;1333;21396;20340;15887;17914;947;6152;18618;11012;11962;19654;15428;343;26155;3962;28762;19135;18992;20209;27301;16404;4819;31581;20892;18621;14705;23034;412;2931;22124;15346;30778;31815;1825;7295;2520;3047;28698;27215;5494;23581;12164;44;10955;7576;21475;4316;22164;31471;11012;2630;2349;13539;32051;13271;19294;21477;2223;3108;13687;4824;20827;10705;23711;26391;6326;9137;10857;18874;4621;17454;21160;
9749;9968;3052;23429;4482;24546;18345;27598;12385;17748;15720;21393;27740;19669;13518;746;24560;9859;24268;25369;6952;32453;24702;17879;9644;2108;1363;24299;25083;25078;23663;31736;13813;11749;17741;28313;7324;27536;12201;23727;1307;27401;4765;27386;8968;27679;24330;30183;5094;15828;28985;19625;32238;29202;17858;8843;3087;31129;30125;10885;27443;15420;15832;4365;11460;333;5528;18479;12910;15446;6307;23008;1831;4617;18478;13456;18797;10618;26450;9726;2767;7564;30388;30800;18607;8873;4965;25955;25158;13495;15623;21600;12265;24903;18226;5520;8074;527;31254;4209;
31361;31642;9825;6153;14477;21566;12387;22906;1045;14159;22127;6359;21428;14482;13957;12342;15605;27636;22319;1286;25691;9596;14249;26531;11941;30079;11076;4392;5967;13587;1036;13189;20572;14021;20649;20433;3923;28559;12675;18145;11144;11268;2346;22553;29084;9678;3060;642;20551;3418;29416;31773;16981;23506;21978;13175;6639;332;28888;3966;4380;17217;22725;24979;17288;24384;25412;15840;30083;17891;17880;11756;19532;515;12361;29036;23440;8232;26185;16733;11310;10819;7255;18767;8253;2976;7140;19204;22608;28950;29364;8249;32248;31105;12680;3780;6027;19058;32250;8927;
18724;23844;31656;964;9963;6066;20628;30330;31895;1672;18635;750;11825;18967;23877;28485;5658;3278;8717;1393;1103;5445;24481;22274;17132;18619;23452;29503;17391;12738;5266;17270;23615;24377;30012;400;12269;12155;17109;31976;13241;23510;19139;8542;26584;22591;4986;29863;12276;23363;5278;32231;27765;8769;14951;19329;14591;17879;14410;2861;29755;12954;28374;26700;29915;6666;26844;9337;4056;28613;13266;7777;21502;18170;6009;15060;7851;9249;28862;25628;28116;5865;13278;5005;4936;12402;22990;6493;11577;10685;15578;5814;2040;20065;10380;24074;19712;32639;8399;11687;
9014;25335;9300;30859;9327;4828;28213;12665;19507;24870;31449;19532;17345;935;21527;27020;12114;15425;26782;24639;24738;20821;29332;6657;4781;27262;12669;30039;4790;9600;31583;8769;31374;30587;26915;11534;24595;11877;8767;11124;7671;9910;2962;16352;6595;2405;23951;26379;11035;9748;26014;17358;2115;15752;30399;23863;23522;20571;19825;732;26630;17909;27346;19311;23145;32696;11015;24979;13811;11387;6878;4846;30079;28730;20658;21888;19426;13323;19600;14131;9513;12884;9111;27571;19747;4924;31397;27775;24352;11615;5168;24385;25335;16070;30065;13915;15182;12822;26312;16322;
18709;17415;21340;5647;26708;7448;19458;10195;10791;13186;12640;18731;28678;2410;18770;917;19530;7002;17292;6146;19437;4850;29057;26413;3474;4571;13700;13354;18885;10493;27949;30018;12419;20466;23295;9982;16381;28858;21319;21890;30873;23472;12359;20508;4666;14268;20884;15133;5825;17099;10941;29672;1492;30332;9517;31560;26078;25884;22867;23047;26198;25301;25344;13244;30533;20258;21776;31716;31234;4742;4172;308;28480;9342;399;17198;17995;11700;2856;17907;12687;6773;7552;22616;9306;12645;17149;59;24035;626;8997;280;9610;16902;16647;12503;7265;25729;30934;3816;
18412;3558;216;20882;14885;10708;29054;23944;31427;16313;6357;23486;5564;22338;7453;24954;29449;278;12982;24238;23465;22467;26948;18053;20456;3320;21515;9788;4833;22262;4507;7731;3906;21057;30386;28996;31055;11163;24670;7763;21034;9778;29026;14374;12369;21017;16091;28535;29032;1781;12323;840;14649;30457;5622;2935;25081;28180;15571;20882;16844;4456;32421;11244;27020;13055;6051;3825;16582;3513;17013;18614;8966;32137;24472;6869;25173;2017;11267;9847;21247;18539;19211;24242;17562;5626;10116;29974;3139;29632;28713;29826;1067;8897;13118;32316;9299;26503;23923;23873;
6291;22552;8204;25562;30689;17957;575;18288;208;6532;8669;28321;32599;12001;26421;26004;16340;3760;12342;27785;13136;4197;14035;21684;10501;15848;13996;8011;16669;2883;5610;4830;31933;13982;5482;15079;3906;25710;19487;1442;21707;19433;29105;29726;4599;1981;15466;4244;24816;24321;22099;7929;28584;6764;11674;15311;29538;14789;9271;23872;30069;7578;25295;27245;23884;31029;21209;23812;23474;8396;1023;8464;6988;2040;199;10006;23143;1128;22130;23645;20981;10455;21541;32141;3537;19515;17734;30588;6731;4416;11049;19012;10976;500;14828;8857;7753;5060;7327;7513;
952;10151;17576;26981;1374;23193;18534;15280;23600;14923;5397;18837;12523;12825;30706;15726;3669;17468;17055;22882;18630;25409;3784;15486;32488;32697;25863;32263;6075;7731;19205;4879;25052;2407;31971;12871;14342;29876;21976;10772;20185;8909;11291;23781;4058;25775;9219;22467;9660;1238;15980;14122;7646;29360;9822;19991;17172;16978;489;17250;5546;21610;19027;6478;1190;14964;28534;21343;19534;11057;19043;11883;7658;6997;9035;7924;29899;20096;20128;2485;15500;29808;9591;27259;11416;9845;23857;23862;31980;22821;602;15696;22559;5712;6865;20285;11935;4919;13097;10324;
20285;30456;23376;18653;26860;25933;22126;7275;22981;8566;528;21612;28495;23924;14470;20734;31742;2424;12937;3076;26105;14235;11298;14969;4896;26575;20679;6149;22094;20502;12998;4302;16859;29938;20967;15761;870;9756;30028;26097;11473;13176;23709;32015;3724;28233;3170;19546;1815;19106;14768;16553;27586;13597;6408;3463;28344;28878;5244;6861;9787;4474;11539;28791;6449;26117;2927;5296;29920;26410;941;4143;20470;32367;4237;3270;7884;14679;2515;16952;15595;15577;6637;9548;12240;3345;14037;3359;1772;32054;8761;17086;31983;23500;13530;12020;15942;12058;31026;6753;
30946;5599;22873;13260;6460;8257;25641;20667;22678;13574;28065;7232;131;22278;3719;10261;1961;24288;18257;5099;27590;31981;19014;16128;27889;6002;12513;14320;3619;22810;8310;24269;32501;931;8727;28017;21163;23255;12729;23059;10354;15294;18579;18457;10470;13330;26311;31533;31959;11763;24644;147;8525;988;28907;698;15561;4310;23537;31505;22990;4331;6788;13851;10912;26078;23985;24006;14924;5145;26501;32249;12008;3047;32626;14188;284;4835;1525;5308;19682;25009;27510;13759;8073;18923;3696;17685;26368;30814;17617;27647;26193;10103;5284;14452;21356;22008;24557;10610;
550;21999;2004;21907;16513;18409;19206;24544;18478;22115;25433;12009;26960;17793;9903;6678;21123;11011;12060;312;6685;25204;20043;611;27828;4516;20509;16896;1248;20825;20628;31006;20545;20034;10480;15881;26052;30252;14359;15134;12579;1400;2618;18397;30635;2253;9142;6208;6722;9994;29496;30283;14504;18303;12069;14821;6653;26716;8761;29414;32388;14697;11118;31089;16038;20216;29983;22660;23354;281;10093;18125;25347;19212;6626;8640;20858;16124;18516;7910;19150;25066;3852;10104;22826;999;29224;4652;3894;26758;29758;12111;13280;21393;16450;23316;23388;19963;10922;2604;
4457;14102;19919;1174;30935;30214;17815;17081;1094;24438;20049;8368;11312;9097;19168;23525;17962;22547;30236;3809;24934;29450;17269;8034;19581;18743;13018;21166;10347;25905;7129;31784;11483;19084;13319;31265;422;31054;21666;29936;20886;17826;17269;5189;31343;22481;764;7866;32304;26733;28105;14251;6550;3280;8486;12104;9186;10181;31484;6376;7132;21124;12019;7073;1560;20964;14043;12565;120;27596;8779;18062;12018;12522;2439;29774;26003;3752;10151;16160;13252;15708;24566;6195;13517;24255;12953;3880;18839;24737;25713;27242;8118;30683;24130;6590;10662;18308;1812;14107;
27733;2152;7641;2491;17890;17589;22097;16242;4517;31736;15659;20543;19823;17224;10093;16417;9235;13761;12565;13099;293;18741;3840;2011;4609;23325;14348;27560;22543;2518;10618;7642;12358;11786;19094;21662;29679;2156;13209;30810;5804;30632;23502;10558;26040;19097;29428;17180;19568;701;27108;21369;16915;6887;28275;13796;17606;9780;24218;19078;1499;23360;30420;31483;11090;24474;16328;352;19104;26485;32552;9645;176;32160;12249;25925;19240;1976;17748;14540;1773;23196;15948;27705;14313;29473;19089;15660;32268;9991;2100;13185;23440;25132;7148;26661;12418;17408;10424;11816;
3966;12601;27334;21012;20410;11720;31124;25470;69;4875;30037;15578;8337;30276;9110;15764;16944;21322;16161;27228;30683;20350;32545;26561;13752;10497;6536;769;1757;9764;17582;15647;15376;6432;31802;3127;30672;19464;3398;18191;15258;26875;11710;28398;23141;12958;8969;19377;29807;8393;15340;3611;24635;13697;8619;27757;9434;7719;17521;27958;26987;29934;26353;21613;32222;13971;3406;26301;24829;16456;21304;30496;26540;27121;27993;29359;26991;4242;23023;24249;5678;9480;1210;32018;22837;4856;25112;2733;28031;5126;17775;19565;1844;17223;30411;24121;13936;1272;19400;30799;
26438;5744;18355;7898;8965;23123;1772;28614;30393;13577;31118;723;8949;3438;12626;4072;30928;17867;18097;20395;2094;16646;6473;19022;833;18453;28546;2219;31567;25528;14705;23444;23221;32360;31485;11620;16428;25226;8512;4570;8011;26857;18224;2088;19021;27491;11646;9030;18709;20451;27070;3212;8559;16271;4297;5248;29849;24130;24671;17901;5634;5692;11281;12085;32593;19480;4446;21991;17833;3839;14109;2196;29739;6428;7195;735;28605;13391;14596;6100;18442;22310;31111;22139;6602;3593;20661;23724;26180;1204;27818;19492;1041;17387;19824;5593;3362;30568;17184;3979;
28165;20505;5962;1948;31331;22152;26007;19233;10958;16795;26541;21049;26553;9597;14419;1694;1480;3804;20950;22649;22347;24149;19371;5499;30469;30764;6997;13865;12337;7233;23690;5495;10183;31295;25745;18073;11003;22039;9454;32022;18182;20653;8513;15134;3626;10448;31852;14877;11760;2160;24820;16784;15029;12811;18602;24600;21604;8809;26506;15052;2181;31369;15843;26324;5495;17883;5560;308;29433;28848;28518;30949;17392;750;8584;16170;5476;29448;12312;21025;3787;9517;7895;21912;30602;27328;17134;11811;13753;5641;22485;21099;10790;30250;23412;18121;3485;20308;30088;30484;
13159;9018;28233;25271;21777;24006;30794;20230;19311;14859;20896;29650;22751;29564;70;22074;26834;5979;11712;17861;26761;2676;26111;12206;7453;5898;15749;15487;6850;5906;8905;27617;16716;3743;24285;8883;25075;19102;2382;24409;29267;22467;29516;2135;28855;26051;19978;2334;23958;27332;4200;12581;28254;6929;24528;2364;23921;2323;93;4894;31597;381;4163;10053;26033;30662;4715;25858;1565;5852;3165;26828;16408;18967;15203;15577;28376;21099;9451;14315;6366;15331;1582;15981;31935;18250;26383;6590;23338;7211;21574;22989;8743;22269;1213;29926;23965;18327;28218;6603;
4375;29674;3391;26631;24263;13038;25647;639;8140;29661;30129;12362;20912;1440;15961;32706;32053;29318;29062;8155;31313;17468;32134;25524;13687;17402;6913;9324;23064;2810;27540;30007;1642;30510;27580;23985;27752;22578;15350;3698;1050;26752;1316;17378;13078;26339;31795;19278;3399;25646;18683;24124;4845;6445;21606;18428;4069;22748;16853;2432;43;29399;6079;28526;7581;6674;23451;20082;31489;9162;9473;23001;20554;12987;27660;18524;23575;8852;5890;15161;32381;18344;2871;7049;28934;22246;17710;25037;16377;2571;15362;31690;26844;21526;5124;17559;16952;14844;25766;17140;
4252;9118;5528;8669;27876;14584;5936;5983;24507;8091;31247;11691;22111;11357;10754;8809;21669;23887;20518;20558;2108;12271;8272;22257;8501;10143;5547;29914;5059;6230;25251;18396;10048;2454;6146;26534;30321;17822;18265;3732;17675;26848;9378;17611;20086;1461;27427;16772;29136;12368;2454;30376;24373;1776;22918;31390;10814;2650;26108;17504;26055;23175;1371;28117;11510;11162;19081;28763;15737;1813;4431;4002;1806;11595;10755;26305;21577;11033;26724;19331;28818;30673;6597;31746;28525;12151;9838;19064;30974;15664;25151;15185;16332;2551;20630;18821;965;914;24435;17700;
18050;4036;24026;51;5325;16325;12665;15798;2400;22511;3979;5902;27888;32698;15612;19333;5994;11754;6606;11816;30333;9479;31675;9685;23896;5134;7196;29588;437;12134;7433;13098;18966;22037;27074;18924;20814;5940;30285;14290;17220;11168;8801;32460;30452;14323;17283;5209;27062;27315;6767;4437;32707;19145;14265;5138;11765;18996;5044;2219;28878;28926;23955;19349;13500;13423;17870;23159;5019;20098;18376;1852;2940;10645;13998;24934;4773;13412;4514;18853;11481;12856;25369;25512;26073;23388;12161;23091;21802;25041;14120;10610;3865;11842;3929;25485;9981;26938;22216;9084;
9916;9365;2351;8733;8080;14645;13882;8579;14347;11510;8097;8849;23385;13539;659;6344;28102;10154;4187;4190;10879;29773;23102;31376;3741;28955;13474;5177;30047;5855;21878;6818;18871;31831;12749;17052;28937;9703;24268;9676;21295;32143;31175;6727;9152;1819;23463;10335;20626;9369;7055;4796;14717;32528;9407;9390;5474;26479;25528;15041;10348;17348;20128;14738;12182;23726;19689;26338;9582;7957;16942;22761;17432;9752;16477;28652;26773;8519;9499;3602;15174;27411;9828;372;16811;25474;4722;21619;15729;25384;18145;30798;31916;23122;8976;32244;32609;28804;31178;20758;
5703;14374;17958;10625;24270;19066;10155;9899;16481;24529;27064;18827;20200;14335;6691;16558;13970;26380;29473;14984;5329;23084;7270;12808;25254;10481;1933;26991;21534;1728;27577;1889;20765;26754;9341;2620;27482;12955;30713;1450;30123;800;2118;24178;8323;27716;29717;30868;16312;13076;27282;2964;7562;26213;13967;4374;32482;25098;1246;427;15575;4682;27134;21483;6006;2961;27387;29124;9667;19045;3471;6161;1787;12188;13197;21614;14620;3276;17791;5451;14503;21764;28814;64;19877;17849;31651;672;10728;7171;30668;20561;15507;10762;20449;17627;24285;24762;31591;23230;
15889;8639;22708;11529;9945;28077;29268;14120;5565;17022;13228;18174;12519;15938;20701;21812;3881;23058;26092;14288;28737;20806;4383;25353;19035;2280;3242;11353;20695;2920;2954;17365;22605;27792;23986;22458;15310;10683;8037;5704;10093;23106;30691;467;27646;17464;11079;19223;16414;10583;944;9676;4724;24633;21919;19322;20790;3532;9120;8335;19182;4864;9517;12207;3198;706;13519;28491;24673;13358;27014;1397;21301;17664;24427;32242;24950;8268;29588;9873;12941;23920;30520;1468;1289;2886;7699;8013;12332;15262;11276;31651;24233;25323;9750;9460;26284;24636;2644;3812;
25371;16750;21376;7255;29211;6048;19341;14212;15575;28648;29067;12364;11389;17476;30412;21705;28808;30932;5957;30761;14917;14662;20790;23485;20880;19089;16398;11853;26335;9446;7817;5551;18051;27107;13339;30359;20778;2827;12689;28337;23975;13427;16630;13549;26614;20413;19635;21531;12666;13130;16891;29623;13962;20908;21094;8966;7468;32090;30940;23138;288;5288;17845;9937;16673;10742;13854;13277;12647;31783;6847;10144;22384;21333;20891;1311;4864;5570;22327;2265;22631;10514;29438;13215;24578;29624;740;30629;28420;4783;10826;15322;7542;5994;26657;10613;15741;25101;22611;30672;
18396;27613;9310;10874;29113;5621;26434;30088;20388;20540;2206;15403;10709;11411;21270;23944;26037;12883;18935;17347;10401;1526;542;26973;6122;14612;534;18625;23072;22162;28032;27161;15760;32534;32696;870;10251;10685;6581;24272;13289;23825;26417;31546;7758;29749;24330;6938;27308;17507;8937;13704;24457;13977;545;32149;16515;10638;9178;29661;27025;12267;7278;13920;12171;32440;29203;653;10733;8212;21691;7584;18904;15914;3384;5934;25177;6752;26532;6654;1518;1233;7424;16155;23878;26622;27;5927;23369;15552;29109;24050;29272;31362;24549;3148;11990;22444;21688;15383;
23271;28258;22555;4768;3959;6511;10491;9519;22143;7548;4522;3036;17027;29318;23429;5797;8032;16783;9684;22718;8260;27283;9201;32296;12030;9917;1709;8069;16504;6875;5359;2091;21121;28176;14238;8823;30416;14536;31937;32355;3910;24561;21989;9819;8052;12393;5567;13901;22365;20146;28947;26880;15229;20205;1749;4006;3594;2310;13197;10164;23929;32044;13312;753;23620;23684;23308;13773;26091;2590;24276;16373;21817;10280;285;8996;4040;1377;5880;23612;27335;32465;13218;29333;19707;10680;31400;4501;12804;22980;23886;24705;29410;22406;18226;3218;30647;23335;32301;14668;
14030;8023;14714;19211;9437;8327;13338;16351;31367;23640;15990;2713;29477;9555;4935;9254;26822;24282;29619;18204;29044;13662;20152;2451;25018;9939;30670;18742;22627;28513;12488;7578;14211;11869;2812;17614;11964;22391;25507;15923;15034;17461;32643;1933;15872;31136;2507;12379;5863;30269;31294;14180;22243;7230;9875;26259;32521;3066;796;8452;26062;667;22183;22367;10770;4374;26018;5733;22365;16225;22658;25544;8040;28640;24933;23872;19679;5920;25845;19931;21349;7111;10896;11669;8409;29387;22439;16168;5079;19427;14948;16421;15234;25147;10128;24388;17537;17772;28595;27896;
14152;11947;12157;31303;27545;13888;32612;23001;21834;32059;18063;14159;3656;8034;13555;14550;16860;365;10428;24315;23853;20342;750;5825;10503;16299;12108;12784;12506;27974;25465;14769;6918;24511;22877;20312;22101;4671;2250;3969;16585;3929;9311;11102;11161;29941;23981;11343;24694;29836;13465;5555;3090;9115;22017;22783;12771;12369;19875;20493;3365;20107;3898;12726;798;28931;6889;13474;2725;8900;16605;21599;11493;5346;18479;27825;863;13415;32007;7977;22318;23696;27143;14073;17807;31034;16615;32519;3488;11671;13916;15936;27496;21285;21823;20015;9240;25825;3307;32718;
10128;10936;32487;17052;27429;14654;20421;16879;24994;6562;32585;27788;13452;11746;3022;6773;8875;9531;25830;17666;10181;5348;28993;1331;20909;2299;11216;19525;26237;8640;7209;2691;16415;4353;11822;14431;274;3029;11497;30145;1642;1165;25787;13215;15129;16616;12470;7118;12398;8326;30535;11032;8155;10143;23064;12686;14843;8693;7476;11551;26323;29191;2413;12906;23385;24712;19963;22481;10290;15;9573;22223;9664;30992;16805;22411;24924;21003;17287;6829;28640;2051;16722;30064;18793;2866;8362;21496;4699;29691;18357;13799;30117;1056;27005;22827;29766;18485;29077;1817;
19984;27989;21248;14272;26539;7955;15950;32631;20958;435;776;31417;22026;7323;8270;11315;11255;18692;18623;282;15571;30965;23961;28610;6008;27250;9505;25709;31214;6897;16454;28769;5169;3853;9089;28477;26676;17022;5887;5772;27429;21577;514;9115;19443;17204;1413;7048;782;20093;10783;20892;3950;20171;9513;10202;1238;7013;31011;15832;20314;20386;30036;462;20511;1185;22705;22509;14178;21305;7168;19442;16315;12851;10045;250;11939;1207;30269;21400;15925;27909;28817;25125;21553;14182;30893;28503;10822;29025;30282;21269;19345;305;24584;28042;2913;20855;2136;20601;
22845;25901;12697;4816;5672;26587;11649;639;20259;3597;3007;10378;244;23044;7134;21341;18726;6316;18029;7009;10321;10958;349;5580;14747;28295;25514;10685;895;23801;7230;15240;17869;12352;20498;8782;26866;9639;9110;7122;29306;12316;29523;12935;8915;12002;32718;18926;8276;31878;4272;17694;21373;27156;21285;31652;22657;31370;30594;28814;10753;29325;21034;32707;26907;4187;946;30102;26275;1;27715;17562;20912;24526;28224;19895;12123;26887;17449;28285;32707;4316;28096;18873;13397;13723;30826;32326;23370;11300;9943;16422;9328;16797;15333;2001;9006;1383;27842;19405;
29122;28496;15953;30847;6606;13834;20944;6721;26131;27100;25783;28085;380;10135;2019;19032;1886;30668;20979;7002;26878;11836;4339;23213;19540;23952;16184;16988;18446;13130;16266;10270;8408;20476;9353;14123;27611;28599;1865;31822;14979;30407;12608;30779;13190;13981;7522;11300;15650;32525;5258;21639;7334;20410;26908;17994;12083;15822;5608;8713;8132;25070;17490;20911;15980;25197;32176;1091;23775;28095;3060;7173;21556;14641;19851;17082;6121;22488;133;6212;31272;32199;18677;12149;1352;901;30363;19749;3735;15807;19904;7554;26199;32057;22370;21416;18694;19210;31889;26482;
30179;13577;28953;25999;3757;16003;12641;1496;9390;18735;6035;31712;5880;2659;19453;13773;9711;24711;5304;32103;24583;7371;18567;12143;19407;5397;26881;32050;29487;4669;10227;27742;13293;28285;23552;2323;31094;30755;10378;32317;17372;27785;23766;2082;8219;8007;20074;30007;30112;8615;12986;10552;19724;32346;15364;22135;29749;23913;32121;24949;9069;9326;23197;8879;2056;26371;1520;31418;22552;15227;21198;27794;21371;18384;24212;12848;22040;6877;21764;32602;24421;9677;21483;26303;13101;27092;12800;5443;30608;11805;11536;22424;29771;20995;17240;7694;22329;3971;15411;29356;
8730;16881;9205;5503;9620;1259;16150;13106;11639;16268;14483;27103;16965;28641;3985;4133;9202;19105;2115;29307;25064;792;9231;31427;13390;20325;25836;30243;31370;31973;24591;27920;772;10479;25542;16811;45;29122;13476;2129;20161;13243;9694;20077;29001;9932;4341;17297;25827;28713;28821;30918;13125;31812;8894;10784;26112;13564;5665;18069;16130;26641;26317;10766;23135;29148;11786;15807;7505;61;2437;29364;5757;468;7598;19117;13175;5492;5983;25388;28553;3540;28862;14028;24496;23944;32100;2260;16360;32560;447;12044;26025;11760;22964;11728;15282;544;29321;23138;
11013;17988;7171;30597;5427;6206;29899;71;17369;10946;30230;5406;29035;15115;25221;16182;20272;3788;7242;32266;11406;3690;9869;21298;9096;20328;22030;16507;28293;8995;29963;27709;19283;32191;24164;24553;3947;18785;21501;5346;20855;31134;5220;17294;19473;29492;29620;10412;24014;7160;31673;13544;19067;10000;22356;23212;8614;29026;3361;28218;28257;588;19800;19448;5186;1174;22257;14602;32174;19365;14348;12838;32599;14577;28047;7332;5380;5561;9745;3541;23441;13557;11255;7318;27702;29068;15068;28965;32012;23751;17463;1843;27340;12549;26423;22074;4058;23729;8178;21520;
3203;14706;29119;1469;25731;17313;4320;4746;5579;26112;20325;3418;3201;11689;20812;26685;6215;31300;19437;17987;18112;32381;21654;8078;18256;9398;626;27563;15396;11256;26543;17955;7283;4400;9695;16716;3075;6296;8607;23397;19438;2931;6519;18914;10406;32253;9218;3845;2359;12706;22863;3502;972;26478;11142;3956;7029;14021;13007;28916;2855;15444;28783;26729;16901;13639;19764;6782;29917;23228;22292;29024;26870;4472;529;27158;23561;16857;28768;19477;11661;27660;1481;32527;11575;19584;19025;29453;12994;9371;24599;20157;25324;31659;4220;22541;17857;27679;13446;19192;
4635;20727;31879;4768;21098;26489;23289;6302;18097;14630;5805;7830;10193;25068;18469;22030;12298;1693;17982;10880;3263;4000;17937;29101;7545;31719;12828;30261;9263;24608;31901;4197;19141;26160;28991;16720;8658;24797;18936;1057;31910;18378;2866;18863;20108;12201;27433;21074;27980;4780;18580;23030;23796;32060;29831;19053;2264;29422;21400;26634;3544;8115;6721;11371;31201;10575;10373;17302;9399;13580;18646;24392;1521;30127;22071;21641;11333;21931;3486;14212;14853;4501;3740;27030;2794;22232;20287;19877;26385;15018;1848;5811;26435;7486;22073;25778;28281;19771;10657;9114;
23711;32622;9563;24762;24217;28347;5123;2635;32644;14426;8779;19787;24382;18496;27038;1417;12840;27098;3587;29692;28202;20737;29507;12120;18680;12075;19790;739;27540;10462;4059;12165;32533;16235;335;17183;30374;728;29920;31262;15057;8222;28666;24400;6654;8085;16097;7670;8758;26540;15513;14874;18477;22493;20995;8995;32640;4064;28744;21670;10299;14111;2682;31103;30110;22635;21113;17697;12833;9709;15636;30506;1205;14687;4465;15675;6989;9340;1967;26374;24221;26036;15049;8360;4897;5413;29118;10042;2914;24007;1007;11170;20341;5862;23752;22447;24004;4566;25250;10598;
26897;28642;17640;6294;14263;5253;30073;15027;2099;2013;20814;22752;7908;23900;15453;11342;24847;29377;13501;13509;8486;6982;8458;23936;74;2843;24075;25662;2318;5908;20370;13974;26494;7327;30884;14731;25184;9720;24282;12128;31161;7840;15623;12206;20115;11275;18715;26035;14334;32408;4424;2285;10581;11975;13411;17383;19906;31399;31116;32084;32004;30605;2833;14170;28016;3083;22672;31024;18230;17952;25692;30443;31974;25005;34;27541;3379;4904;15565;22912;4598;27284;4518;9433;16502;25265;32448;15488;16102;28784;11923;17687;29487;9897;23271;31322;12016;16912;30964;15022;
23747;12646;28871;28924;4803;28140;25575;20671;11851;14365;18233;6236;23808;3228;21537;19891;14097;25964;5354;10483;20157;7007;4200;8626;22806;31697;22747;21053;21509;26261;535;9516;19855;2096;17122;314;12374;1093;17822;26452;14691;9297;27688;14064;31522;24217;2815;3232;4526;18784;24489;28391;27727;20060;18002;15691;20546;12907;29367;5547;30904;17795;12354;9171;30752;20199;28022;3918;16041;2465;5774;31611;27139;17708;865;19940;16998;32369;31881;11978;2262;1269;7108;30725;31397;80;2970;1547;11833;27105;27201;8014;11536;20160;21437;26059;28416;28148;22347;1759;
6852;1766;23552;7517;12212;27670;14510;31199;31956;11789;775;17753;2320;29331;23045;12788;20678;19489;12169;11801;31877;9625;21826;19915;29973;5685;20688;24123;30903;12733;15145;22422;5549;10494;12092;8482;11773;20087;3029;23433;26739;21333;3265;9589;13029;20642;32562;3676;14778;28857;5477;11166;30893;19709;7553;973;18639;21450;8131;17483;4043;19116;10200;29979;29806;16591;15754;7921;15463;1463;20639;6027;14155;30769;7166;26692;23260;16778;17428;743;29834;20734;13430;14529;5178;11123;200;10234;5191;25448;19677;4901;25286;19752;31;22293;28687;17219;18482;29426;
26233;3902;11988;22157;3940;19082;18184;27377;2429;19379;13683;2363;13373;29658;6150;21419;29875;28773;4317;9466;14212;17653;30823;2542;21552;12696;31432;31021;13718;18753;9339;15695;27579;19573;8764;17718;2759;7238;14373;20130;31568;22917;13335;7936;8155;1076;24411;16003;29600;12090;13193;26998;1678;7258;22185;11217;31375;21606;8857;23306;26125;4016;15279;25133;16309;706;31390;5167;14203;25423;11678;30848;8414;14697;29895;17887;21101;20723;15806;32626;7818;24410;8852;26646;18798;12672;12267;16372;8301;30201;22107;85;5755;30586;2836;2487;2544;23438;23492;30751;
6024;14731;31163;4530;7854;7621;77;895;23290;19713;31351;24736;14072;23597;27590;6017;15403;28750;24693;20863;17489;15033;18645;28853;20457;1414;9202;8210;9715;25666;15732;10671;8439;23780;707;1888;19784;7426;13167;24970;15498;3909;28878;28724;12914;25883;28903;29280;3789;26795;22670;12187;6340;11022;209;14291;3934;25276;11155;21865;9030;3652;27511;25991;15823;12097;17152;2740;14645;12681;16118;28069;28198;21159;4107;86;14976;7564;26558;30554;25949;20097;7296;28016;1101;13152;22805;25942;17890;23556;23358;7650;17778;12030;1429;27726;19480;13961;18616;4308;
8956;14785;10153;14714;23252;30223;23413;10032;11435;3304;23060;10520;22497;31159;17553;25125;8564;9239;107;3303;22653;25158;58;12709;1022;32726;32661;685;7642;7334;13876;21224;32549;30737;18002;23217;24990;31845;27221;16103;6778;7831;9649;3649;29284;26165;32010;10466;16065;12699;31129;17966;8248;2666;31696;3291;2674;7734;8513;29003;31006;12159;16828;19993;30265;4835;18359;27378;21900;3217;26611;26022;18806;8705;31837;12670;13547;13283;1587;8401;24253;29781;7015;11474;27162;3416;17224;28588;14423;2949;1631;1233;6123;24828;13719;17294;25791;5278;11426;2020;
32165;29052;5015;32147;13093;19086;25568;8567;4992;9897;13395;27927;14319;26795;4255;24700;30508;18425;24554;24127;8499;11563;7864;3558;10314;18181;28687;14449;23359;27561;18905;21295;5361;6668;16521;11478;1297;12199;13825;28883;30250;9839;28595;29919;13535;28422;22535;1235;31861;15155;28413;8381;3217;19600;11796;24883;19522;7042;25450;30183;7745;27246;18468;29308;19064;6442;22032;23960;8386;19634;8329;13883;14578;16157;13468;25423;29718;19407;17513;16768;8957;3055;8651;17229;30198;5916;19515;22367;6619;15451;5617;2330;9806;18260;9293;3955;16707;9663;20342;15873;
7103;281;9537;3158;11230;8347;4948;10127;18459;10092;31883;16938;1996;790;15770;5656;3308;7735;25844;19731;6941;11129;8684;17202;8173;7363;12058;22459;4185;6833;15361;16440;16272;4162;6638;4557;4857;7889;12323;29896;14198;3655;31541;13946;15339;3470;7091;11590;13562;22345;14344;8951;19985;3778;13731;14678;27559;26915;3413;31997;17090;30442;16122;6758;2493;8599;10331;26951;9800;12711;17235;16930;31920;28870;3889;21015;17505;15425;10590;24830;1449;7098;22848;15794;9406;12319;4957;17583;7683;3805;14276;13536;22407;23888;4009;18098;11214;16510;20047;14701;
4565;29958;6443;19140;1616;9043;23366;19627;6710;17429;26595;19816;19071;10482;12386;1517;1325;32120;4452;613;32649;21591;31536;14605;16815;5325;31061;837;2892;23649;23953;11495;30119;10452;4594;3543;30430;24149;22075;25051;10866;32244;27785;21165;774;8281;31030;26703;18788;2230;6654;21407;3265;25594;30816;18219;26690;2120;23367;21062;16831;18599;31722;29276;26054;12539;8689;20098;9443;15924;19161;20817;22046;26309;24729;5365;25286;1879;17286;21889;16237;1983;11124;23941;30260;19502;9246;8419;9801;18088;10440;31198;7341;15544;8994;15476;27195;5473;20848;5102;
6886;17239;22504;24245;29250;8048;347;31847;20806;18261;29464;16938;10576;21629;22542;2369;8297;32604;18224;3037;19146;727;26910;1077;7584;21500;8449;16856;32525;496;15542;10562;5999;21032;28720;20910;18404;27868;8215;13612;27150;11705;16309;9971;15635;27863;17939;1016;9192;21482;32351;20928;6352;5052;14225;16242;31263;3547;5967;15664;5188;18062;5133;7591;3334;13070;23160;30181;5134;14323;8725;12139;31910;27629;13605;132;9408;29364;12237;16085;19770;1090;14963;16436;18272;29759;17259;15806;7091;19901;31699;27939;3561;22309;7099;17477;8756;4721;12682;6914;
1991;3484;156;8013;3223;5975;13104;20356;32350;11262;25474;28413;7398;11978;16436;10467;388;17224;20466;21824;8162;23306;6230;5210;17410;19356;11273;13379;12672;185;25644;5292;18456;7871;18678;31994;20839;10593;28062;6300;23542;668;17275;3483;18292;21996;10346;24946;26179;17343;13424;8225;22583;24874;2720;31101;666;24539;12607;18634;18803;29263;13607;14987;28167;16453;7273;1177;13985;32626;27702;25715;17295;1142;17920;22485;13677;24591;24540;17292;2214;23692;23595;31880;18999;28549;17529;26419;2486;29642;11173;8449;11411;16281;15170;26696;1695;27412;12350;13907;
23498;23281;2753;16306;12081;25460;30040;20179;856;6042;10067;11479;28595;6296;18028;3230;12140;31107;2985;11300;3424;2897;12163;8209;20843;9472;24903;32139;4837;15381;19901;22095;5228;24904;30984;15104;3300;30078;28621;14270;445;10999;5015;32507;5748;9929;1658;13962;30045;22157;31223;6905;13727;20056;25888;27937;25216;17133;26108;24059;2019;29744;21037;27830;26638;7134;15056;27398;16049;13436;26533;7102;13604;11405;3440;8097;27633;23048;17311;9333;15762;16905;32044;2650;7804;2247;2245;29530;15964;7622;23595;28993;20128;30798;11992;17839;4665;30747;10212;26731;
6815;15958;9001;18426;22038;4804;20902;30833;21297;10558;14625;17543;23956;23393;22288;21742;22525;10886;27322;25060;30598;7668;10906;8965;17444;20821;26884;29027;628;18279;27659;20440;27319;21748;31905;19867;20762;14340;28928;30482;9020;12113;13897;18663;24298;9723;7531;22878;26157;18301;28487;11238;21638;4064;3090;25326;14712;11311;6650;17401;23623;16170;1804;16885;27904;24126;25173;456;18105;23221;20551;3373;10010;11051;7775;10174;32540;2369;14853;31313;16657;6037;3764;2184;20453;9201;3930;9380;29603;22978;28418;21914;30522;30924;19632;25449;21378;25629;22156;32170;
2938;7487;10307;12393;7636;32690;26795;6963;12211;20633;27302;7792;21683;30388;21832;29428;6186;28302;5948;24528;11181;20216;10595;622;24278;29109;25791;23773;17477;5239;28560;7785;10213;1547;1468;23151;14960;13264;8308;8559;5686;11117;16661;12387;282;25795;25420;10831;4061;26657;23166;4122;3743;9399;7783;27292;21154;2894;19201;23288;22866;16694;22439;1324;22658;32639;18810;2278;9209;29292;25860;31898;3117;11556;8987;7889;6734;1451;27912;12740;19846;27921;25577;13609;15744;6121;14164;29261;17959;2813;20285;3683;8368;24640;19738;5915;3546;22532;10308;15735;
30068;2669;27041;13019;7968;19750;19072;23651;26712;8530;15044;20600;7086;15814;4677;21158;19800;2421;29043;16808;24811;6699;5437;11205;7271;2943;8753;32096;27764;16899;10980;32202;15851;28349;30100;3674;4248;26331;17676;24512;10047;9122;10440;4502;30940;32424;6234;28728;18223;32323;24076;17622;32376;17985;5319;27591;17024;217;15667;9504;19672;21474;11808;21382;101;13891;25637;7488;22045;14763;29830;9104;1803;7298;10075;17476;6041;14367;31983;6536;10254;7995;8807;11262;11862;165;6564;2833;32002;8760;6250;16262;15247;2059;25281;19539;13291;7143;9371;12725;
6453;26878;3768;9853;11204;16345;15047;31658;24172;22163;6862;24125;24828;14661;30667;27465;13323;7873;17308;19018;10741;30083;16924;16823;31008;15588;19855;31195;17284;32401;14912;25056;14186;31804;7528;27437;11635;26001;31570;3826;26589;10860;8381;20992;22274;15689;11138;15071;1825;23036;1654;28186;7009;9378;23698;25822;31251;13527;18257;29123;3640;24873;15450;2026;16963;24269;32351;30792;6176;2449;5445;6465;628;26642;4485;3193;25383;16431;7890;5863;21280;20413;10748;16171;5967;32124;7700;9761;26353;5706;31953;19894;26383;27287;22066;16890;32584;24601;25445;22647;
27601;19393;18664;31170;12474;10221;17390;10575;21107;31455;18180;16265;30606;366;18932;2594;22470;29179;20713;18088;7233;27559;28373;11098;5394;26051;18192;29241;26626;13193;21058;6754;7312;28681;27266;21402;10550;26213;25279;18475;26094;19009;11615;14575;2037;21622;22055;8106;2767;6150;21339;19356;10891;9045;29222;11351;21320;16790;25147;16079;10744;28803;9405;20656;4708;24145;25181;3572;22129;995;27842;3252;21153;12094;28461;19262;19420;4669;4701;21609;21105;10629;6064;32293;22104;4028;12172;30294;20666;4342;3837;4579;9906;4720;2207;4617;10582;8833;11455;21494;
22257;17613;13501;7827;16787;20156;15796;673;16076;26667;5725;263;17588;1121;9265;27498;6190;26436;9166;13055;12398;2764;18588;6557;29625;30905;32688;30999;12652;27777;23025;5320;32064;20877;24953;10607;20428;29092;24126;12094;4172;26536;19953;557;27552;10880;4902;25748;7320;17493;8118;4089;2414;2561;7777;18470;23188;26308;24504;9343;28336;4153;3643;915;20454;13961;28094;23793;3669;1247;10769;25917;9188;1564;30943;14467;17726;16843;4823;32458;17435;9559;18442;16109;26306;3451;13204;21414;22731;1019;21119;14060;6442;1426;484;6015;2409;25643;10323;27841;
565;6484;3701;31943;4380;7407;10992;2224;17301;5162;25995;4917;9025;27826;5523;30082;18288;14372;16253;13892;8167;23493;21964;22276;23777;26738;310;2995;6227;11994;13314;4230;9332;25578;3252;4612;9085;27017;19436;23389;19629;3974;24972;16125;657;24782;21785;28001;7810;20707;3428;11817;5487;23945;15209;12143;23005;30915;27767;24408;7979;20221;1937;1000;25115;15755;14869;1307;23182;3410;6043;7473;14991;17861;28960;25417;24211;11284;10084;25649;21247;17055;31888;15741;21227;23729;10524;28374;9254;6763;14320;21909;29818;24830;28105;1681;7217;8990;16351;31284;
27095;3507;7621;16085;23362;27857;4752;9537;26576;23786;315;7067;16368;7234;74;10855;9700;4260;6318;18401;17349;21844;27625;30099;8903;25924;1394;23590;10174;13706;23387;22905;14561;21522;16945;13552;28878;24208;22564;28175;719;26041;11111;22855;13404;4275;8154;32527;4065;5322;22503;28983;13505;21860;9385;2681;26778;16439;16724;19538;19915;14777;24017;20240;25395;11736;15528;30763;12604;6380;26659;27352;18456;7402;17073;26332;29515;30426;30344;2462;18026;26763;2190;9601;26402;27269;4730;9072;14459;14911;26678;8891;19294;6290;11400;19233;14422;19566;6386;1326;
18067;15820;31959;3271;1076;15587;14302;4611;13254;18847;13212;23612;13063;28495;8301;9062;16112;2206;31138;5024;14579;32708;5346;12041;20866;24317;16586;469;15312;17722;14039;23712;20187;4887;25734;2305;14250;25614;20409;11363;8403;10218;6749;19728;29505;28798;26954;11663;5172;18326;12906;29232;17545;8494;13854;17637;1340;15842;10205;27475;9515;4518;18975;809;23581;695;377;22705;5890;5330;8969;2981;22909;21667;532;30275;22687;6016;238;2723;13046;25431;10522;6729;27078;4837;3763;15351;32662;2601;778;17348;24558;3865;23185;370;29792;6803;18936;14589;
2757;13718;7829;2416;28873;14002;22025;13820;26794;29629;22817;1355;23356;15304;24058;11026;27441;11601;13673;28646;19863;15547;1945;2896;2978;32507;17398;25635;4524;3219;18506;11021;12154;4292;806;877;28097;22783;5508;11876;23784;30878;14250;27695;16656;21713;25938;1972;16210;11483;5383;16474;28743;29310;32466;1566;31694;1715;13846;15332;8713;11935;6841;29706;21929;21699;25988;23363;19308;27251;21453;17827;8931;32137;13907;4598;3193;22106;26473;22358;4273;12777;27735;4349;23727;27739;17917;15447;14330;12203;13497;7515;1920;31391;29579;7452;475;5115;11895;30363;
30930;15860;14379;9696;23587;15847;17122;19785;22912;3147;8328;1313;15831;16613;19999;18804;31702;3898;20065;31266;31663;26442;6055;8499;6168;3707;6409;29546;27798;17620;6855;16157;22780;19051;32232;15684;24110;22817;7968;30927;14379;26252;24823;16445;22859;16949;8488;21866;10949;25604;7495;20392;13939;32504;2727;25618;7642;11291;25979;2077;613;16822;15163;8816;17137;10945;29770;15862;12942;21149;24789;29489;11396;30982;3326;31697;10645;579;8250;9349;14978;6047;19447;4369;3025;11293;3459;1697;22220;14696;18217;12380;25549;18697;29853;4669;441;7644;32410;7710;
5835;4549;29129;7958;11923;31647;7397;28421;10558;12661;23069;10861;28695;31477;1977;22148;21326;2081;29697;11655;29944;16456;16474;1360;25944;32053;32691;1067;21597;1702;5151;6118;31851;25088;4035;25383;10847;19008;7411;5378;1741;25653;12696;24267;1163;749;4565;31785;6260;4205;26090;364;7782;28324;26456;25633;3981;25762;26950;29155;28132;27654;16419;10612;2296;29365;19597;10764;32752;25810;11633;11504;9418;4842;23924;15687;9447;18542;16274;8745;6858;9831;24325;12026;27933;5733;26217;28150;7924;27064;4637;22796;30038;30947;8684;5360;5626;22350;3565;25196;
846;28475;679;14839;6589;6651;26745;17800;29234;2146;31290;11436;19928;3960;12060;26327;28453;11633;31702;2039;1046;23264;12034;15183;1468;31783;27843;24707;12535;1842;3500;32495;31874;12645;25821;829;12335;14802;12655;31543;372;9136;16147;17369;22823;29960;31221;23979;9862;19890;31207;23374;25466;27264;18619;7764;11805;26809;26608;22101;7033;24009;22930;30270;10131;5942;12379;5101;26280;5846;27422;26107;23478;8000;8038;21465;6206;25728;14170;19487;2376;13583;18147;21792;5545;12034;15377;3010;29057;21889;28347;1165;19207;6779;21350;17153;13449;12440;21864;15149;
28590;14703;7246;4477;32255;9210;16506;3284;6821;20294;13073;28378;372;17775;23828;9880;10025;8908;14796;4418;18160;32103;28780;15699;26922;24752;12530;25567;18284;12658;22606;3109;12747;3589;8134;3429;22871;32454;23449;25329;9189;2756;3298;1669;27922;1212;19136;17627;22660;9288;18100;16507;6515;16211;28746;5841;21352;14288;31740;23425;30789;29099;20819;24063;18310;25856;9295;27994;21190;8332;15881;3672;11141;20577;14487;22472;7720;7389;12848;26900;7745;30172;15248;12054;18449;7725;1438;27436;6988;2883;4685;12431;21275;27949;27840;19424;32615;29385;11441;18692;
17237;7732;18707;2866;23821;15748;32246;11082;23232;23482;18860;4201;8425;15858;17706;30394;9683;16605;23472;22671;1627;10865;9645;28080;22519;17375;27357;13554;23543;20422;4020;15372;30731;12454;29183;6567;6150;21399;30921;19892;23777;13115;23419;31746;15619;1777;25672;13584;31167;29259;12744;16672;3615;18627;15331;8588;31456;14761;8177;15453;5053;30816;30751;26138;12785;13514;16917;15838;28663;30721;6358;4013;21140;14664;17895;12552;791;16193;28083;3007;32480;8544;23342;19207;24607;32159;11961;24268;9182;13939;29766;18761;4418;19711;25788;27349;9741;11144;22173;16384;
11368;29738;8678;17886;24032;10185;31542;30883;14254;14666;2611;8304;25659;24834;16169;24685;24035;17518;11253;15384;12025;17957;25634;1757;29452;4620;10321;29158;32105;14793;24798;11316;18657;30074;11200;18671;5325;23718;433;24570;21327;11123;13968;7371;19674;26650;22787;12154;7412;31897;13664;21527;27706;6312;32718;25665;2981;28653;27047;9972;21773;10355;9761;21155;29931;3417;8750;30087;355;22983;29600;14390;642;12326;17297;11895;20420;4497;14338;10837;26329;27014;8386;17778;8104;482;27538;5278;24981;29452;9094;14760;15871;25712;32686;18292;5133;12591;17654;11342;
8619;17684;32587;5758;9679;17867;22015;1821;30721;23629;32623;1831;14618;12959;6115;13009;332;31164;24501;3868;12130;3024;9398;23978;15689;32422;23245;25296;15824;14948;10209;20974;26540;26742;26361;21499;20927;20168;26274;23652;17562;27448;26258;16407;17728;25419;6282;17114;15660;7198;10369;3810;25494;3744;4094;19105;19443;11263;14534;16607;15803;26208;12983;20236;14702;12755;244;3541;20185;4486;16962;26613;10390;1337;14514;4942;28882;27377;29825;8248;29522;10481;9788;4889;8376;13286;23591;15414;22275;17762;12000;16840;4950;22155;8512;4179;28922;13077;14210;9523;
6565;14445;2471;26487;2813;5431;21784;755;21848;7419;20878;31121;14278;1051;19759;24296;15697;6153;21498;29200;16259;18358;26212;2484;29225;4174;835;1640;23639;8738;2284;16189;25260;20966;12696;7315;18135;10780;12045;21807;16474;12496;10618;398;4750;13702;9634;31096;17384;15217;5692;12248;23162;21477;7322;202;16829;32015;15498;9718;15757;22756;1914;17693;3701;20567;735;19697;11053;30415;19927;5162;13153;16856;18956;28374;32692;26904;19420;11760;29445;646;5560;15669;28913;11990;8906;21299;7577;27191;1243;26531;19109;21825;22899;25592;13705;2601;6722;16952;
31494;21048;19646;3595;25588;20347;21774;31762;28480;28347;28711;2937;15665;13743;6453;26064;16367;16753;24124;28950;21829;2351;26623;18455;11686;14627;14625;3321;9326;14789;26762;18961;28011;14143;23308;21755;15260;15649;16454;26601;17720;14934;22217;25915;18674;343;15226;31056;30844;6302;18488;3740;27722;28510;17854;18427;1176;19057;29898;30021;23470;32145;12927;13859;11619;17612;15367;16161;22496;21042;21886;29956;22950;25553;22539;21085;28883;30179;27472;19294;16288;25925;28165;9197;6703;5675;20959;27639;24964;29459;28343;5639;4049;22519;4328;23575;23030;15815;18169;26278;
2632;14870;12924;27146;30865;10004;24629;11784;17241;1980;27519;13218;11876;31822;28908;27952;19068;23296;5164;15538;19057;16624;7472;11365;10589;12126;28814;5524;1580;2328;26408;10673;22620;1077;18697;4516;25090;25606;28559;5987;782;3914;21199;3523;20943;22177;1589;27278;7354;32580;26731;18133;14695;26098;2684;14727;17628;20014;4666;16451;14606;12711;7133;10859;31653;9208;24300;14970;18944;7825;6753;29079;9849;18677;3080;14698;10986;4391;30504;24622;25712;10334;32357;6919;7278;14336;21733;662;13013;25294;2738;15819;28067;26204;30815;20219;25002;28869;3567;14131;
22675;32412;2290;25547;22562;21798;22001;6718;11964;27846;8460;22073;10534;24504;23010;19953;21903;12546;11953;4282;30673;32680;17086;29654;4852;31264;9208;16778;11251;9733;17368;24183;10691;20496;30603;22824;30354;14403;17235;6120;17997;20071;29995;6358;9828;4793;21162;30779;15057;28385;24105;12570;19543;6947;30504;19465;3079;25561;23022;28736;12297;25377;17008;2800;19865;723;13940;214;5200;23222;15094;7695;20133;16115;30923;14382;19379;4809;5252;13964;5693;13187;15765;29919;7407;4007;14519;13326;12262;15985;27018;3396;30579;11135;8063;6980;18460;10958;10741;19964;
30692;2277;30626;7260;6349;27472;17717;2152;15514;5456;7993;10636;9689;25809;15165;12592;2593;7068;27698;7565;18841;18638;13844;3775;16313;26249;17613;29211;4437;32745;19030;30658;7127;29498;2079;1654;27084;9320;1969;8621;20642;13238;18066;30180;7087;3251;22888;32566;26742;24939;19042;32301;6182;26074;14036;11992;31332;24486;28705;30238;5450;24077;9182;31057;11952;11803;20276;21511;31402;24353;390;24613;4945;27492;12884;17468;7623;22802;11872;15385;16501;26490;24591;20375;20119;7291;30481;27576;19707;17981;13124;4596;13317;17696;22230;4561;4855;12786;939;180;
30831;13413;2046;25591;17458;7616;24138;16699;17959;7124;25707;2304;20135;6194;3584;3955;5108;6043;5653;1926;4358;11704;29695;13382;16782;22795;6022;17514;24373;23334;12362;3111;1060;24859;1119;4428;22218;4147;6715;7562;8921;19171;14802;19219;914;16891;2303;16232;835;9761;18214;2155;21518;3454;27672;20412;1515;25015;11830;22594;24048;27167;13274;31240;13009;17963;29682;4171;29347;27686;2542;3537;13797;37;221;11132;960;5950;22994;25886;11150;15093;20877;14479;22426;16631;10583;23293;15654;19211;30510;22660;3507;837;16674;20990;3452;26748;26623;19741;
29508;16127;9516;19127;30033;31108;8147;5984;10169;11873;23874;2622;4060;27903;4242;9753;4402;1931;3462;20658;5959;9454;25269;5206;8451;12032;24300;8114;4399;28920;1486;30697;26677;31272;14269;4324;19239;6375;4350;16362;31747;462;17431;15472;10038;30503;29564;9010;10846;1186;20075;12162;14420;9034;29973;7904;32362;22968;26622;29388;12017;11398;1702;1240;5375;29447;24937;8449;5487;25653;25252;6719;16680;28651;4889;3419;23715;14421;32149;17921;167;16292;30160;31254;14423;7686;18068;20299;16495;21461;2849;24307;19403;3086;14289;11282;28969;25350;5624;16310;
9775;1368;14094;24458;27568;15138;8976;4776;3883;13169;17955;26799;9620;9209;24955;14101;9047;4362;891;16575;13723;20927;19229;31695;16579;9337;31381;27070;10299;26507;7473;13738;17265;18999;17540;3313;9249;2522;8387;26110;4566;3939;30831;10595;24238;265;17204;28968;31069;7230;27666;21091;24692;27614;32442;25865;23268;11949;17467;32260;6589;512;4829;20358;10044;9402;21837;25500;18181;26234;3323;9478;11181;5907;21441;27206;9595;2621;8389;14071;11888;906;21664;10080;30596;7835;20672;14921;23347;1939;7690;27917;22840;6092;26308;24049;32665;10953;18355;26804;
25827;16236;15488;29032;6071;14697;11105;20864;10117;22267;21493;6953;10904;11990;9583;9950;25939;19036;16374;7990;30394;12307;9548;32513;11828;29271;23726;13716;28302;5708;3580;25953;16964;26391;22554;28875;1276;2382;26262;18744;18004;25260;2699;13415;18909;10762;23237;31748;18535;13194;7973;15225;22144;19734;2887;16392;5175;16137;3171;12054;2598;17707;11889;26314;22447;5091;23697;19671;5765;15784;169;32662;5998;3257;18000;7512;23624;9486;1259;5626;29514;654;5397;15034;6029;10114;5445;72;15051;3914;25002;10017;23654;14670;17242;15896;20908;24632;6828;13109;
25433;12641;2274;26307;25693;6280;23820;29861;9696;29642;18473;10217;27780;17358;7310;19616;19178;11329;7308;21484;1399;22658;7245;32346;25432;6302;31487;114;4291;19070;14132;21901;30336;25439;8841;13543;10921;11651;30854;23797;24238;3622;23750;10489;28315;26548;1112;9427;30110;27705;3684;4890;3012;29721;20498;6507;4355;11521;6055;1793;10621;13597;10994;27014;20227;30348;1254;25641;7128;22289;5768;31985;12984;4107;3852;21585;26649;17063;28474;31484;4273;7252;27671;23034;6456;8055;25794;24828;19311;25696;28572;28397;25697;26237;17067;10441;24553;12750;31553;12978;
7540;1177;2264;32577;16904;14687;16193;10522;31622;3342;21502;2755;2348;5496;19180;2230;11613;31748;5669;16820;27813;20644;27940;6493;15864;2311;7978;20734;4154;15;25825;8874;18693;2437;30015;4748;8358;28172;25006;27259;32616;25427;32106;5071;16406;21647;21546;17267;31675;3881;29698;11324;17068;10163;3720;11129;26312;11041;13622;9164;15103;28726;13583;31288;27665;7484;21893;27002;22168;13816;32411;8093;32329;17885;2631;22985;2679;31360;17690;29276;27608;16972;25122;5435;3980;17271;26128;3691;17243;16180;19862;26331;12095;13611;29459;17284;2082;23334;30578;15028;
24552;15629;12879;5031;14000;6420;27996;9304;12631;19507;28420;16790;6462;25303;6222;30042;2382;8663;6659;28504;27705;7081;1299;25556;12290;9686;14901;19639;21183;17067;31950;16610;11422;21297;11540;21954;6950;9568;28019;16165;29119;12944;14128;8524;21365;8752;8780;18753;23033;25786;25771;16235;11752;31462;19573;26719;29776;15647;14781;10233;13681;14131;23392;15020;8384;27726;13104;14614;21042;5929;9554;31191;31926;14975;5861;17828;7683;5569;24548;4503;8085;21002;5198;13257;2290;31573;26756;17955;10034;6638;13554;11121;19902;38;23793;27320;5208;8267;7404;21706;
13916;32471;962;10263;30533;5352;7020;9926;12402;14064;1248;21253;27691;21422;2869;17821;12767;8029;29191;21193;26543;32555;797;29000;27953;18668;8009;6065;21357;11024;22160;1031;22060;20690;19339;8589;31347;5811;26125;219;30282;25383;6407;5682;17857;30606;16296;12813;4405;19813;21960;26616;18640;21438;3974;22437;6479;8429;5168;3133;7688;27781;24676;26100;29739;25987;4981;16864;4936;14536;11280;21515;3857;23501;30752;26567;9826;28562;15342;31297;17278;20439;21645;25433;20892;8847;22901;177;2978;31634;366;5892;10288;26770;20144;23994;1760;31056;17992;26809;
17100;6159;14013;25725;20049;17993;20980;22635;31763;4514;7761;25442;6465;21786;799;9876;32027;6790;29746;21140;12721;12353;202;2735;6637;18207;18875;4736;14547;11426;8907;31167;32264;30065;25436;14938;15249;11269;10827;31943;10462;22438;6423;30360;5895;28566;19014;5968;14933;3724;1796;30581;11524;31331;14;15846;3911;21524;3534;28527;26765;994;15303;23707;11779;13780;9012;8649;4698;31336;22764;28034;714;24454;29321;266;30039;5555;26313;7989;27731;30087;19765;23932;21284;31073;16640;2896;6215;32601;27441;9135;10389;26486;30725;31988;12229;25122;31630;10995;
16947;730;2465;18245;21471;27434;1263;5089;8377;8665;26994;11244;27164;27233;5643;14035;11672;12449;22889;20886;14580;23766;17964;8807;16243;9160;4682;19059;21591;10049;1458;10752;28324;31427;15408;10936;23078;24698;16017;1092;14773;21104;14087;12061;32440;11264;17615;31135;31208;1933;13072;29536;26967;9332;5895;8895;10160;26942;6497;14528;24768;22043;28392;14103;28469;31628;17506;15490;18342;18783;8630;27484;5332;18912;2129;7792;26928;7502;20680;24587;10653;18828;3007;22357;5494;12825;27145;8160;4051;19522;28689;16258;3592;25494;30840;11872;20335;667;18943;9548;
17000;21439;17576;9809;15005;3729;27160;29579;23691;17713;17728;26684;25150;9733;30012;26653;7515;1454;24443;22770;23140;17723;19745;23137;2360;26780;30633;12292;20185;29017;18639;4541;25714;20868;20909;22090;26521;2796;15652;11289;32721;20115;16765;21597;32083;12386;21840;5217;21774;17180;11173;20764;7660;12433;15194;2311;29527;8724;21957;8235;24828;3374;4249;12926;15310;14484;1806;24687;3150;3415;13884;18880;28170;2139;30920;10900;2148;24586;26051;20169;1173;12873;5839;20359;9458;20139;6532;20249;24941;28901;4114;9980;11614;32643;17703;15414;19076;8921;14099;28137;
19782;18491;24106;21032;13887;25969;12905;13577;17658;4197;13405;3580;26618;16159;32065;24411;28158;17395;6759;13378;23683;23033;14297;12448;3977;21950;24127;26510;1690;20025;18435;27616;777;20993;4532;20218;23416;31933;18856;486;10396;219;8934;19619;12101;31109;20290;20415;11160;6352;17610;17448;24991;1591;29281;27967;5893;329;10154;28974;23066;7326;13352;2939;14877;9487;419;19934;21691;2342;11725;25424;23763;21716;26405;2405;32380;5474;4380;13275;17481;14762;29558;3699;25036;17031;30964;20735;1880;22410;16688;6589;8971;5103;2504;16867;13068;8143;12990;24699;
3346;27031;25119;28529;16166;5048;2787;18155;28073;27296;23317;25304;21144;30442;21812;9932;16911;32721;6360;5131;22540;4587;7832;9700;13174;24084;27436;18496;25182;1191;32207;7290;25476;8437;32231;113;24861;10479;27624;3036;2259;29990;22902;30686;9486;1270;27850;9435;23410;21245;13142;12937;13481;19922;1964;24138;20834;18676;3740;7097;28825;31233;3996;7042;11033;22057;11374;13432;2112;25569;15356;25313;20483;21724;19591;21012;15921;31799;4352;9287;31484;29940;15798;27810;31925;3241;6194;3992;14039;18041;15967;32118;14919;2628;26863;31548;10970;21531;11513;28077;
11800;30711;231;23202;14144;19882;2191;5283;21644;22805;27808;17592;25013;17052;16704;18045;17338;13271;16371;2677;4574;27786;22719;29344;20463;9176;24206;23888;7630;2483;21203;21048;44;31895;5232;1478;9874;18296;30168;9907;21156;31737;32368;10712;17574;15582;23356;2115;20799;3268;17079;9098;1149;29967;20482;17503;30234;6437;6465;26469;13054;2522;1347;19522;24580;27946;9313;31478;31233;20014;4264;13163;22275;10569;6458;31564;19670;2211;15601;15899;8397;17624;14406;13182;9406;15857;10865;32730;9551;8339;5586;17187;3440;2934;16272;2547;25385;10521;12928;21721;
406;4532;26952;10739;13360;2415;25540;25791;5965;28369;11176;14382;25067;28027;3175;5882;31913;18710;596;30266;2582;21642;9479;7732;17454;26992;4355;32114;21282;29643;5270;12824;344;26098;9216;15732;28851;10449;22743;5591;13588;23633;169;2723;30753;31765;32484;11942;2629;15463;1523;15526;1271;13170;27562;10813;25152;8881;7396;23784;11639;29863;29802;13658;12624;17105;30999;25878;18197;30681;18234;16956;11058;25100;10556;3491;31479;18958;9091;24361;16282;25036;30613;11335;10875;8115;25217;7401;26284;23072;6779;8828;9137;14103;20422;1352;15748;17463;13527;23552;
9693;19181;20919;8599;29359;13545;9897;23894;13814;5326;25101;4396;688;10030;11652;25157;17193;24501;22101;12253;17532;22180;21775;3159;6999;10881;30832;19593;17918;10765;14214;8539;12179;23159;28436;28560;30868;11727;3639;23011;10405;32189;30281;12630;11664;7795;4614;16327;19338;7648;26605;8388;25272;807;11241;7328;11761;8783;5169;14790;24262;22588;30061;30798;15039;17118;27162;27598;7656;18856;2351;10099;1676;2628;28673;12368;3649;32133;9060;27125;29732;26781;3091;12612;7270;28304;4690;6528;10504;21992;7377;32679;4066;22187;30420;26626;20970;1162;24977;23034;
14259;10587;21721;11821;14132;9161;13051;705;26315;7754;29670;18936;8578;12882;2957;9989;16528;19399;3984;3359;3619;24756;24600;21715;21852;20801;22530;15262;13211;995;18497;443;3838;4560;17021;6714;22052;6070;30464;8530;27959;32428;10707;3320;27689;20841;804;19376;4669;29107;16107;17828;4810;16923;32718;29683;7996;6120;18753;587;21083;2385;25841;11962;24784;27631;14179;23489;13028;6001;18392;2219;19340;16530;32629;9244;8355;72;25504;27885;18550;23358;20397;21815;8325;23941;29114;7086;20872;7815;3799;3889;21681;16700;21099;12447;24113;17568;11475;9963;
20733;14436;1355;14707;8146;10723;17170;17549;16246;23897;29129;23651;3650;10063;1308;4610;21725;31322;32677;3757;17482;32005;269;31095;5413;15372;32629;23313;11305;19659;12308;29664;26614;29685;25377;14418;31761;9353;22259;26483;32045;27394;18023;28603;681;6351;13954;5674;345;17410;18263;5016;17289;28492;3115;7238;8767;28201;11992;1464;25537;22872;25199;32455;25431;10126;26913;3570;26194;15979;12640;18933;16973;4013;20033;157;14515;5796;20261;16346;11138;18918;15000;29974;3918;21827;12409;5829;16008;12283;30556;3133;4608;25391;31020;18376;25257;5270;29461;18168;
22684;10609;23712;27963;11104;5569;18976;27823;14185;11191;20046;12600;3294;32620;7984;463;23456;13010;575;19485;24711;15851;17352;20040;14319;1848;15763;4877;14707;24693;12483;29711;16632;15235;30461;5742;2286;11174;20172;5532;31186;1776;18244;20588;4855;15357;3814;3180;20615;12257;10692;25461;12996;14431;21222;12160;19092;1628;3307;26811;28477;5266;9715;10717;365;28297;12989;20150;24445;25539;17677;24842;28406;31543;24913;18335;24405;15106;30595;27541;2571;6232;25425;18422;5064;9152;14204;6030;13049;17793;22654;5373;16272;7767;10863;266;28675;24683;22057;25402;
26519;13442;27051;14498;31198;32629;22459;1273;18302;7137;6864;31217;6197;23583;32558;10439;5658;26743;22611;29209;20006;19856;9618;10233;6642;20267;27134;5695;22210;21265;15241;25891;3523;30794;19821;2571;29073;11920;31179;15009;21756;25092;3730;5673;32524;3871;24995;30994;67;21226;28723;11978;27937;19314;3440;30167;8686;23670;25703;2596;29619;11364;20773;10648;29322;28036;21788;18157;8471;18290;10953;24256;17751;29905;15508;8932;13976;26942;760;28668;19657;4995;3555;16713;21748;4109;15712;5824;12041;24481;28019;352;30941;30282;6468;18882;27250;13974;14720;25842;
18297;11521;25085;11133;2581;8114;25245;1739;10978;18021;28532;2223;10806;16041;5165;8509;16039;4171;30377;26332;19661;22034;11498;9372;3145;24236;10800;8905;32261;23017;1889;24000;6078;26151;10926;7937;18624;4622;4724;11398;15345;9853;18272;595;31505;19651;14807;19023;22336;25875;3733;1618;15041;8498;7828;8319;18429;14195;11823;21972;27083;16869;8071;12031;14574;7627;9254;31603;23263;24396;12770;700;15822;11628;16132;24591;21987;6715;2474;15398;16329;19276;28266;22859;27757;1641;4664;9650;14851;30341;25482;18443;7755;15602;14010;23128;17938;8917;427;18172;
19963;32470;31407;31765;30847;8988;7848;26892;1331;26488;25198;31339;3401;9184;4977;2030;2394;12064;11168;26844;25699;13772;7305;8855;16397;32121;21953;25970;20017;26668;2694;19396;25499;19475;31395;3899;10254;29555;17044;10354;1929;22754;30443;3269;18633;29622;3826;32356;27919;10429;25234;8870;15651;13103;16243;21152;10137;6624;22885;23031;21587;1210;6655;6130;4423;1643;4997;14035;31874;11867;6927;28008;3949;30433;19944;32477;28496;25526;1589;27860;10004;25770;727;4023;11853;20629;18066;2381;24952;3217;29294;17804;20352;13158;8029;32175;136;20806;31519;29064;
6628;1979;11363;19222;872;11741;16943;24666;29158;16584;12929;18279;31474;14413;11319;28857;5608;5096;16428;15303;11825;13298;9636;14811;10945;21272;7658;4898;3812;13324;15159;16895;6203;22394;3798;6309;32257;20030;646;17637;13715;31700;24864;17988;24624;23824;21113;2641;17917;9999;20106;9014;588;21101;19406;19596;17693;26296;11500;12916;19941;6693;12694;12003;911;6530;28337;28989;19905;3180;4534;17446;4960;10690;29528;26005;598;28762;15719;9513;1171;22514;10228;15553;1617;3689;4534;5959;29085;5423;30636;31180;787;21242;4100;17114;23529;28090;3132;13317;
29999;208;18055;31172;22612;890;24178;25983;16621;29586;2247;3561;2994;6265;5809;18832;5833;29262;30754;14259;30536;10595;15730;19283;10229;4593;23625;3212;5456;6154;15294;1062;10963;10192;19392;1384;17784;26085;11189;18988;12156;19490;9314;5433;2402;32396;30987;20172;17468;27779;21467;20344;4390;4669;20870;19760;27155;28275;28716;7843;6092;90;25985;18632;22837;25045;8235;2745;4050;20969;30827;23492;5515;17265;21504;4031;8108;17427;16712;5533;21296;20338;19881;1087;28223;25253;6959;27020;10997;25577;31094;4036;16229;12946;1483;11537;7902;29512;5774;12640;
24685;27759;30170;9838;28322;1767;12137;22054;25751;18166;30129;11050;15407;20866;25171;32688;12700;20868;5558;20111;36;20921;31215;31385;23588;24219;11493;8236;20053;1167;21938;9476;21582;32352;26956;31315;27210;10220;8804;17684;25132;2333;12430;24732;11200;3355;25251;28530;29252;14784;20579;28256;13095;31565;18271;32202;12816;22619;32535;21823;28194;8724;22623;5454;31871;29858;11271;27547;27658;7144;27834;15666;5746;12400;8231;19226;620;165;29535;1326;15167;6723;28286;32552;16774;2059;2958;15359;31025;6075;13480;17267;14542;15421;27996;13797;24071;24607;11092;21101;
2923;15427;8755;8999;29553;1752;1731;17357;21689;3720;3408;30347;2966;5619;10063;31502;23754;861;17476;23519;23952;14499;6626;9711;7392;10100;14195;15987;29166;30141;26746;19185;5108;18021;10903;24475;24369;31291;15020;26589;27441;32045;32062;32050;22096;29626;17950;8251;27258;23722;17224;2066;32564;31484;3851;31708;15584;7200;11626;27293;9532;3686;30915;13649;1325;23479;16814;24376;13243;7299;9768;6257;16988;30458;25585;22218;629;7807;10802;28887;1054;26457;11875;28481;29222;17068;2156;2145;28502;13992;6666;31245;22778;9985;1397;13746;4766;415;30528;4771;
16150;9110;18304;31409;2753;2648;13872;17660;27406;9514;18132;13065;30526;23252;32605;17428;15980;6045;3661;21159;16075;30582;7195;12395;25136;24694;19417;13375;9168;8582;12052;28295;17226;26974;12540;30662;10472;10672;15556;3440;24353;15010;9036;28921;17763;21122;1022;15666;24592;9653;15606;9685;27079;17137;9829;21854;2532;32685;7479;23837;21578;2261;8435;27530;30304;27585;2275;15576;13657;11112;5238;31181;8633;13777;23266;30928;9236;19915;24077;5444;18201;15582;17582;4372;25296;24961;32687;13455;3360;28045;24279;8311;29588;26866;22693;1620;607;19625;2431;15118;
31901;18922;11788;22459;27099;4510;7390;23734;31962;12311;852;2801;22416;20735;27070;26508;20592;32654;17091;7590;7403;14080;2560;12915;1335;22343;13810;16270;1359;20989;278;10129;32571;9116;20046;30948;25233;27889;11399;29394;27964;16590;15769;24802;27004;31232;1134;16484;3374;11648;24167;25674;24142;3310;11259;2873;16570;19770;27810;7136;4408;26021;20977;31625;29115;15080;3590;13037;10978;2738;24870;21837;18114;11096;10917;23998;18661;29640;262;30405;10130;24512;5476;24611;27215;17469;26129;26354;4517;10293;1148;9201;11299;5512;29272;29725;15526;30261;23034;24449;
21975;20937;9731;25166;3828;32542;15424;19502;13780;7745;24526;10710;25125;28340;32386;27866;19961;21974;28039;17862;6017;10655;22857;25706;20503;5008;27794;4725;31874;8170;29427;23622;27254;19743;31334;15358;32603;12166;14385;31450;25679;32082;13582;15552;13166;5829;1160;27159;2641;24225;2984;27612;9684;30432;6865;28146;27421;13732;24297;7098;474;26225;28089;2788;25545;11162;29079;18565;1406;5113;14402;15465;31841;14563;10509;22186;17910;30811;26176;15233;5217;8070;7611;24925;17449;6496;19676;21810;24380;30124;31651;6420;20787;23601;13076;20740;12504;16419;13021;12810;
17125;26592;10809;26500;6671;7389;30740;25277;30787;6111;13936;18625;21808;32110;5383;29296;11781;32390;18226;13010;636;29073;2313;22442;8983;30610;32716;6222;13481;419;31106;26293;3353;19105;20447;22226;19811;6438;29291;4128;23775;23991;23521;32127;10694;319;30421;12094;21234;30652;13722;9081;7909;27449;24931;26789;25613;4860;25768;20073;17991;2816;5324;6319;28065;16294;16124;26876;6756;16807;31834;20988;14930;5709;4443;18786;25388;22499;23661;27631;22135;14954;6110;18383;29312;18573;29433;8492;13470;27863;18034;25854;12471;6948;26628;15904;8709;11861;24920;169;
31002;20040;3625;24441;2850;29192;26022;8210;18025;21056;29463;16554;4125;24566;16836;17534;12116;4981;16402;6760;26960;10123;24048;20916;13058;5365;27249;4400;7118;25112;29882;1154;21902;6898;13343;13246;32217;1359;15241;31032;3205;25920;31771;2455;2922;26057;23317;16939;31593;31194;24312;12673;2734;18816;14315;3636;49;32605;10077;4101;131;2646;2796;24366;4039;10123;3717;3572;29950;18572;18893;20604;25225;10698;19648;26335;2024;11595;24472;28032;28872;19874;31217;1950;21821;15647;13610;6181;16204;1347;15886;31946;10668;14966;2484;32598;31693;6140;20899;28994;
1818;6182;6970;9605;27004;23749;20048;15530;31007;31716;7959;30501;7544;1207;20294;487;14727;20686;2679;28976;2905;30094;25037;23973;9426;27106;10971;22434;25001;13358;17857;9425;32436;13445;3736;31740;13926;24347;32273;13087;1686;31485;15704;5058;897;14591;12607;18821;23571;14070;16536;7933;29538;17192;23010;31934;13180;29697;31785;24249;32098;26632;18215;13257;23124;16913;22191;23432;21071;13747;27980;13927;3029;14332;12837;31742;6380;10340;1571;19360;5481;1536;13398;11059;31342;1272;405;26686;19250;6203;24421;3908;32512;17265;17949;27985;19587;18738;31303;20434;
14912;2421;16712;30377;6244;9291;18756;27777;18368;13517;18492;14687;29202;14418;5753;9082;6022;30182;18478;29261;5500;31224;2649;26602;2700;31315;18154;25745;15303;13904;21543;26753;24384;10057;13135;26638;28620;5456;8829;9716;28165;25633;1488;2027;12949;11350;27593;6524;13745;29914;12532;12562;28643;8352;1739;27476;14349;25749;25047;28850;17067;22995;4888;14654;9816;23;4263;17086;2452;17525;12698;27903;24004;24650;24872;28780;19322;9331;3342;8926;13303;1212;21296;32438;27630;30619;12932;8234;5003;32287;17196;11484;12212;26659;14818;22961;26767;10439;15001;736;
4420;20257;15969;2633;23812;30511;4236;28681;25930;18192;9999;22859;25952;19572;23083;31072;20262;20050;16204;4371;7439;26329;11057;30774;1388;31144;8013;25985;29421;23105;9837;26781;26212;14011;25756;19067;9677;6840;24131;18410;23692;7831;14997;23145;4341;5867;1322;825;4881;22571;13034;19639;18591;25259;28205;30185;31322;2762;28193;31831;1658;29037;23915;30748;7293;24749;5137;32316;26151;24781;10391;32056;16840;6511;7272;18400;29117;21255;10104;17001;25913;11407;26408;26047;32326;22909;29802;3356;30982;31730;9509;16858;22591;28468;31963;31110;31510;5726;4233;31285;
16411;854;25038;22811;22918;2560;30032;18265;14016;5041;10332;8471;10022;18151;2508;29395;6665;22327;14894;26872;8185;4486;5922;23987;4419;30844;13828;30978;32184;1334;29131;5902;18864;24635;4145;26810;7247;9906;16917;636;775;4050;797;19820;28254;1689;7327;3738;27634;3009;20418;30885;16826;29680;27360;31625;20110;22063;20015;18105;21482;16029;9121;12654;3311;31076;19976;32062;13994;2541;21374;9968;28057;8784;18180;14735;1131;12047;30057;22461;14344;19203;22894;28490;25809;12182;6951;19205;8489;30003;7844;30418;24884;14331;26065;10749;2014;29882;18843;11214;
2336;12825;20052;26206;383;18965;5977;7080;26325;26543;15858;28899;13907;3301;3961;17424;17351;13538;30399;32719;3611;26226;5291;24950;15646;19128;19492;25956;11400;7203;17713;19859;10296;414;11103;30317;15807;10759;11108;28129;18210;15331;29697;181;4828;27984;15917;12830;19747;22586;8303;20878;3692;24274;12684;8909;13105;13372;15970;19531;24818;23944;5908;32693;23674;16100;14183;4294;5475;2320;20076;28256;2780;6930;26976;12763;28074;11306;17872;14493;9069;21000;3840;31722;3877;14141;2702;6910;17140;5616;30803;19289;32550;19154;10634;9051;8814;5204;4916;29456;
28530;21015;24507;8013;19338;22691;17365;13052;23237;11613;6827;6836;7470;16051;3387;16013;29005;27802;18682;28210;8176;30010;2494;21303;21803;6631;31452;23981;10909;4180;13197;24308;9973;5123;21143;18129;22197;11264;32041;14016;25142;30927;17670;24460;17644;7843;14821;23836;2540;8145;10776;1168;12715;15235;22125;22669;9481;9393;7506;6100;22926;9549;24892;6682;2803;446;11849;28436;11748;12432;25380;29649;4;14954;24873;21068;22834;22080;1993;8002;8715;5577;32560;2625;5039;13876;5670;21506;9416;26903;14131;32504;18377;10664;14599;28201;24180;29231;3608;26173;
1695;26043;6029;9428;9271;16916;8027;541;19589;11762;15790;20645;30384;14188;11658;28524;5508;5811;21682;16958;32369;2304;713;1088;16855;22475;11191;10442;22657;24638;8526;15988;19055;12009;4142;2164;13016;951;17381;16935;17775;21025;30299;16621;14566;4513;11886;26682;15024;29290;29145;9194;20492;19030;20058;23765;18495;20000;32276;7076;9248;27347;11058;19939;5850;21378;5837;24919;1006;5946;9999;10641;7799;21301;8345;17347;3506;21840;3875;27859;15037;17087;8546;32174;11167;5888;31791;479;3977;3853;18661;7264;24668;21718;779;11951;15722;32494;18739;30245;
25473;14469;13601;4996;26150;9622;32560;12495;3614;22369;28914;14686;307;25884;27415;22577;5940;31974;656;12421;62;252;30964;1189;8250;1327;5154;16131;17319;16534;6440;4487;4506;18304;28259;7975;24322;8620;10472;25528;18225;4285;2339;19971;11672;6888;10942;16412;3282;11760;27588;27119;14053;28244;20231;12828;27332;1735;23999;8453;25368;3040;19571;548;16959;18451;26397;12195;32661;992;2185;15398;14835;7754;8446;28396;4982;2443;4128;17942;31362;6;22037;29510;1030;1405;24551;1644;15105;2180;29481;15069;2373;14389;31966;6822;7547;25126;18326;27679;
29287;27800;23770;7619;23405;16625;5578;9278;14932;14957;7941;32456;16971;27920;29641;21938;27689;22751;5212;26430;32761;23887;31658;14004;22454;254;6191;12722;16211;24993;19479;16324;5630;24637;14500;28724;5286;23963;22737;14884;23995;6902;12085;729;14901;4854;2857;24154;10199;24290;10541;15930;7349;31761;12936;690;9204;1441;24623;8691;14289;13932;17640;22969;31972;18232;687;7972;17062;32046;28505;16580;27954;31886;27767;28402;11336;13216;30333;7783;9111;29166;12068;30983;26684;32688;26380;20734;30598;18824;27302;18958;2812;29807;5713;11559;28065;28143;30147;6713;
13942;19604;29355;3142;3137;5277;22164;25531;22157;13558;9229;27392;32754;20587;2823;2382;11670;10006;31870;6081;4084;13337;8540;3246;12508;21395;14490;28982;25275;1228;8360;21787;13597;7347;4111;13523;4720;31883;16725;1499;27403;8417;5664;23886;4463;7361;30111;25782;11212;21801;27174;4386;24263;4286;16920;20601;5498;12222;14346;8461;2748;8246;26149;18291;30627;25205;2252;5779;2888;12736;21631;32251;4042;9543;25344;21113;24726;23896;31668;1256;5605;4307;15179;15178;2438;3806;24228;23;6365;2265;13546;31701;18476;14485;32004;27881;11025;14016;12844;20909;
13904;5540;3037;30914;24275;5138;13555;27560;10735;31896;32270;26507;4841;1274;3895;22624;27065;16864;23750;2609;3853;717;25474;1205;12689;10832;28683;17700;28782;22142;30069;19017;1808;28063;14134;9945;26157;25384;19010;3587;24067;18666;12660;3656;15841;136;6448;28301;3304;8494;30279;24943;16403;25984;3098;726;4469;13777;7683;21453;23746;8854;20464;10385;9489;25370;31313;15591;10208;11379;30005;25267;8537;29876;7855;32455;9684;30308;8319;18425;13468;2095;14574;31864;26614;7388;2810;352;26207;32639;14771;8331;30998;8176;21221;22699;27610;891;19703;29589;
6645;11737;7187;22240;19577;5727;8840;17071;19914;32118;108;29387;22108;13899;1669;22005;14014;14536;20586;20346;25304;4034;18917;14087;17009;30580;9116;2751;27380;16428;31472;1931;9843;18756;14630;7089;27628;10324;28100;26537;11467;20646;10302;16684;7089;20202;5330;27789;20596;27947;24753;76;28007;21250;10591;9961;10715;30218;31580;13046;26085;28307;9220;14704;11106;1179;23220;9807;16441;2298;1326;32604;11744;20188;6975;18755;25122;22900;28063;17129;19743;4591;21528;27391;8340;6567;1770;984;5212;3226;10095;2423;21559;18458;15355;19949;31435;2502;8966;12258;
15848;31416;16781;8049;12304;31488;28853;25913;15159;16721;28338;24496;14535;8955;22247;10939;19175;6169;25934;25980;23293;20492;2331;2667;24945;27176;2716;3497;23221;9900;18532;13713;3458;9208;20392;24975;1636;31738;21481;13109;27768;21994;18899;19851;4980;16439;10598;7847;28393;26305;6995;26494;19141;31048;5545;30202;27932;22052;11184;17741;1320;19767;5397;30852;2958;3873;12360;25439;30690;7346;1059;5472;28526;19109;1228;6946;20783;11659;8156;27116;17185;517;21441;10630;9405;25910;22113;20555;2751;29048;3839;17792;10284;4942;26467;32228;18580;10907;14389;18056;
16276;19473;21675;12769;29088;14059;31076;23324;23039;21215;8851;29617;12823;19022;3423;20283;7659;5311;26762;24967;482;1419;30801;25323;26058;13017;12692;3801;2332;18637;4151;12467;3202;7421;11464;29409;21654;5669;21858;9250;2541;15387;11729;26399;23124;1029;6902;70;24409;11465;32109;13781;19982;16325;32622;30261;21513;2497;31217;14474;17839;8225;13590;19336;435;18015;1987;1672;11737;18361;6799;4315;12544;6439;20959;13150;3679;22416;9038;26702;1551;30269;23123;7518;7881;12686;4126;23559;31986;6636;23234;19488;10964;19198;30617;17582;13871;8992;29924;24317;
18160;3857;7859;16368;4928;15851;13061;2965;21696;20825;8495;14076;8979;24068;22658;11338;22430;20558;27176;29961;24203;2371;591;24258;6420;18380;31882;19918;13566;12838;6003;12905;7523;5011;2966;21512;26805;8784;2442;26349;26624;25030;25441;8184;15215;29956;25923;15040;4114;30061;8533;9698;27358;8622;13023;18841;9462;30964;15535;7311;32041;5723;9912;31475;25275;24745;24319;29644;23912;25148;8632;141;13990;23873;3243;23273;18475;28711;477;25832;5039;24147;7533;22331;2035;20758;17084;10701;5890;9436;1232;27290;438;5798;28155;30404;31871;26042;27319;18915;
4448;15768;23509;22429;25402;31793;5079;9080;13901;10324;17306;2795;25084;11369;6712;30139;4048;10593;7212;24709;27584;30189;30135;30102;10672;7662;19587;10243;1079;30253;21639;1271;6309;6221;11306;12103;17477;23294;17323;14668;26335;6771;21440;20721;11905;25877;10109;29195;20607;24697;15736;4841;21433;31375;1067;32556;20508;15133;13721;21721;18284;18796;5685;22445;31552;31298;6911;3761;25678;31247;15088;24590;12008;26475;28568;7969;24775;29120;10502;16594;3080;20548;14568;10786;13172;9515;30963;19716;17412;8474;12421;1902;18340;31454;32137;30895;13624;3934;17564;16643;
477;15822;27757;24421;22385;21542;26730;8612;5205;8147;22169;23225;30833;30380;13507;21336;9081;19495;28888;10437;18543;9933;22671;3561;14954;2539;11341;8869;13973;10123;22856;21862;3962;28322;7916;762;7553;18827;9086;18594;6323;8372;15359;15464;16324;30104;27475;32690;28753;10733;23714;24600;5222;18206;23807;31347;2371;23035;6215;5174;25440;14000;7500;7938;13230;14579;27955;6772;12832;21634;6683;18498;29034;2509;14592;26246;9;4847;10974;25689;6787;23779;281;17572;21232;8437;284;9011;20921;12918;2880;4107;5024;21684;26864;13566;18688;11562;17932;31100;
14934;9715;22922;6316;22017;21637;355;23995;19270;14491;21933;31349;22167;26483;30468;11282;8981;30522;7215;8786;25939;16069;8961;23756;4957;15745;10364;29314;24057;16301;27709;30650;20268;4806;788;30217;12800;24131;7410;10929;10117;29827;25096;32557;3350;12292;11053;28681;6109;12501;6528;22007;18842;3662;20815;17696;8863;20734;23608;30392;13599;18661;30350;28885;32169;5091;19455;24705;9456;26737;26483;23053;3789;30863;23094;29609;23175;253;24154;28210;14417;22702;30807;24651;14356;5242;23541;6063;30063;4883;6252;9414;17661;1338;20425;17526;18134;17971;32147;7227;
600;6262;4271;31866;28455;6823;23681;7442;3954;2248;9556;2101;32632;7598;19452;10102;7755;10417;23737;10018;13268;11176;1375;9172;14360;5397;14004;22084;8121;27292;29978;12640;20928;30650;7278;9886;10905;21683;6959;1168;12383;22988;26851;9145;23643;21179;15286;21919;7623;1628;16741;18977;31191;26277;24410;24331;27898;31964;15897;3560;29021;26119;9178;27671;20144;29605;25207;28961;5934;17563;23689;30538;30167;27249;26062;10854;12800;28350;719;22766;3086;19681;19391;23379;22399;13298;30373;1426;30250;9465;19646;22281;6343;16733;3868;23689;26801;23967;3732;30892;
32491;11335;31447;1641;19553;5407;11487;2533;22385;3232;28813;25484;29354;32682;4496;14689;20692;10104;12168;2706;6704;22994;7531;8528;26369;10628;20520;22237;17226;27408;8331;24039;8154;29088;25697;1812;21638;6206;8924;13278;6070;27463;26681;27553;3875;1565;31903;18162;24030;31005;587;9523;21397;19409;16106;24676;8466;28518;5190;29500;13828;13664;27685;17785;11266;7820;7022;4724;25293;5686;142;7672;12757;28061;24858;11092;21247;11172;19126;27311;27302;1226;31541;20636;20704;3932;5122;3055;2;2026;7358;3534;19558;14839;6442;22539;18795;24820;13896;1457;
32702;5488;21181;16860;22744;6793;26234;8398;25544;8102;3483;3904;22323;19048;14991;19446;29849;7389;21370;8086;12505;3063;16087;18106;17912;23101;9058;16964;4638;2753;24373;498;26593;82;31281;7474;13254;7410;6047;3639;6917;30091;11031;9036;30605;28125;29857;6760;21832;20667;2075;6915;21664;14455;25563;553;5698;23451;23189;13517;5154;4569;21630;27743;3007;9541;11185;12705;23976;17346;10194;31158;1599;9402;23794;6523;5053;14099;29107;795;15734;27486;4269;478;95;28241;2320;26690;25805;26487;25226;25677;20863;4134;26731;28193;4063;14002;28679;1233;
25989;480;24155;11635;26365;2205;12532;26743;26570;4592;3597;4407;11178;4398;8184;23502;15644;12909;16319;25902;3360;2874;13066;2413;16446;17295;323;29792;19657;19199;9209;8299;20069;28212;5762;14231;12999;24731;2277;2789;9148;3678;14839;5091;21101;19091;15555;13436;2017;11699;11567;10516;7875;14413;6109;24789;19046;3579;6480;12355;20230;23702;30800;4631;3921;17318;16271;27210;4901;20508;6796;32624;27548;24644;31160;7751;6214;1013;16856;7056;20917;11531;2730;10269;23871;17430;12491;11052;19967;30036;16088;5875;22301;18909;29139;27516;4943;24862;23753;23475;
26016;24200;28594;18622;22385;24457;26009;1932;6077;3516;24061;9393;32673;8541;9590;6769;16411;26623;29084;11546;7442;9089;5156;24984;22934;21822;26956;16963;14698;18820;1402;26107;15295;30536;26143;28023;29507;2071;10722;27354;8026;7248;5115;26503;27307;8081;24284;31799;29407;16751;8727;12105;32165;26218;20348;3417;32506;9503;2945;12307;21671;9152;25832;10057;23307;27074;12187;30788;16154;31189;1755;10072;12710;18457;15001;32699;24542;24719;11300;3480;21780;20942;24069;32350;10691;12279;15143;23390;9168;17386;22844;21141;11280;15034;14939;454;15627;26975;20974;30669;
12031;30891;20683;24623;1320;3456;31905;3317;8255;16703;5782;21179;31297;32387;5422;27396;20337;5648;13679;20688;22688;8198;10051;19313;31404;32091;22813;7066;3911;3463;9951;32441;11001;27777;28668;31878;1128;19691;22745;13020;24792;17033;15226;5065;10734;4344;2906;18913;4281;21149;12442;14039;25075;3035;7774;16462;28547;32393;10357;24300;13127;20899;23608;9136;3857;24895;24756;10118;19951;19139;8715;6425;19120;2390;19479;23785;24483;13972;22609;29597;930;17286;13041;6810;14415;15825;15191;23252;11678;29997;9130;31204;16020;5401;29631;348;11086;1742;13116;20567;
13380;12145;32509;27476;31439;24204;3510;32324;19177;191;26586;17633;12852;27315;22204;19778;2111;20560;20213;18604;19460;15408;23045;24236;31413;6995;17213;13922;17336;12564;3036;10784;15856;1883;27256;22836;574;12053;22943;3073;20295;25825;31167;7765;6776;28172;19011;25590;12872;16832;32255;15230;21949;21112;28366;17257;25906;2999;29817;25965;4183;22522;8923;11274;9593;17131;13123;5729;26116;3031;7450;24137;1094;15458;8646;25760;11893;6010;20429;14303;19188;29833;16702;26865;18898;23279;6477;8774;12180;29103;1341;13603;15668;5992;17539;4412;22889;13960;31784;23172;
7977;10684;22895;4420;13676;17579;18360;106;21556;21731;15780;26148;6858;12051;25978;2734;6986;7292;9417;14697;16225;15522;18255;20524;27222;12103;20762;22750;31815;6809;15341;24901;6838;25003;9189;1305;25156;7970;10076;24157;26043;14385;32270;20463;7762;7111;2938;24157;12589;518;28812;2810;11812;16376;24696;25905;11205;893;15593;17946;25756;2952;15707;27211;14770;12427;9669;24049;15955;20784;20604;28447;12564;30538;3924;6757;1557;18699;10248;9637;26244;6775;28636;23842;18786;13080;19072;9946;2442;7156;4152;24598;7407;2492;7994;14655;20773;14150;7255;1011;
12579;17469;9950;10072;30791;27672;958;11952;13978;10568;1002;9774;2646;6326;10754;14856;4773;12652;21295;19406;32684;9362;26447;29178;25544;31133;21586;5576;10775;15043;22755;9032;22075;17842;25163;32689;29018;5249;403;14840;18537;4839;15337;10657;24491;21419;14918;28630;16244;14939;7245;3766;32307;27969;29301;2799;11183;9107;9066;19343;401;9194;16561;11287;32035;1781;3723;29905;18007;4719;17181;11620;2059;16462;16589;32166;7563;17982;20463;4273;14680;12621;7073;11833;26920;27112;30195;32285;6957;13318;10060;10811;2202;32675;19721;21129;10596;7536;2918;1890;
5445;11209;5794;15901;30215;20455;22366;29668;28415;3927;11847;29379;7640;23978;6900;27904;6290;12911;18961;25259;3273;15198;20158;1397;25659;32470;2866;3782;4741;650;3236;15369;28717;19063;24171;25931;18149;17433;6244;25092;29454;29150;11412;12340;15996;27355;14350;4530;22649;701;23319;5057;3852;11779;23689;13541;11643;30315;7285;7413;9230;5034;6668;7024;23830;31840;4288;24596;25390;843;28838;8621;15553;21691;13855;10028;8396;26694;25783;26360;26853;15036;10573;12425;25725;25694;26485;5170;29026;24394;13850;32062;32135;4666;3944;12863;22024;29550;14312;12195;
26473;22503;8429;4232;21279;17110;18992;31186;32337;18772;26295;15226;32223;24147;18683;7208;932;6869;23113;773;12536;22108;8553;29642;29305;9121;7294;4382;18700;1416;29229;6430;9246;28756;15873;4157;12592;27415;31758;3662;17554;25965;22485;25055;16238;5482;25192;32201;5897;29137;29647;25861;24902;7303;15273;2241;2668;20807;17686;19635;6184;11414;29141;9646;7638;24314;12458;1651;17916;8295;29443;3785;5399;30714;9690;12496;18843;11242;12765;16530;32053;28091;18125;8667;27475;5812;30244;2123;230;2196;24826;32169;6502;1665;32041;8826;3351;6721;13744;23762;
29836;22956;27221;26987;17769;8289;4751;756;11373;4537;1954;5035;18607;30457;14860;9518;11303;19916;22048;654;17777;6896;7153;16550;5838;21807;28273;8363;24172;31889;24026;260;5095;12752;12621;20571;24335;25100;13241;14068;27628;23232;18431;27197;16383;23029;2132;24231;29899;28341;29926;19381;31636;15811;30146;13906;20071;32393;13301;30056;12890;17490;3569;25774;28437;26553;11059;14786;8081;9313;29475;12151;32;16103;27452;31600;23982;18197;16492;16878;2630;19033;32702;31718;31448;2677;16950;855;29241;3191;20476;14810;23915;5100;32446;32123;17695;24145;20303;24519;
30840;13002;3732;21286;21778;6679;32160;17003;20547;21187;17694;18090;9632;21918;14319;28489;20163;32366;10517;20570;10316;11490;22736;19240;26662;29127;15622;17680;18700;7294;10472;16531;3915;15534;6099;3241;19145;27702;8052;32343;31302;30054;19760;26755;29666;10606;29379;17928;14047;31510;9767;18950;2729;12720;30903;19067;3859;18507;10644;14616;8676;19754;22344;7757;15762;21877;29865;19111;13645;22829;1280;12891;29247;2917;25451;10019;5651;688;6528;25672;9908;17878;2355;8448;10071;4299;28154;7419;17083;26081;31023;23353;27311;16188;3509;32542;4310;29830;24286;32712;
23719;10469;30348;9632;695;21802;26263;1583;8507;16972;10607;29236;17864;2068;30211;2547;94;25625;2785;27599;10149;31983;13470;12571;12918;26012;4984;11566;19101;30027;25658;8885;31966;18245;20576;25422;10806;30492;2428;3410;7778;27945;13272;23537;28582;20281;25693;15749;3015;27012;13747;9248;5721;9183;14506;17511;31809;22322;17369;13988;24690;5931;26245;11798;17914;17460;708;14988;6978;31139;21217;18482;2705;11313;24067;20906;13267;3246;8202;30814;13209;755;26810;30485;7008;21783;13851;8901;16150;20198;3615;28072;31706;32142;7046;8338;23556;21404;4607;16002;
15461;18727;7568;18039;22224;19531;24887;18309;21976;5594;18642;31527;21980;13901;12860;22999;30529;28417;12729;24028;26111;11168;30100;26724;31327;12252;3334;31954;22275;19812;5722;18009;10278;13840;6223;7114;26661;15967;2750;30122;19774;9252;21116;2696;17560;11644;13442;1421;7812;13315;1099;2901;20483;28744;4478;253;28040;6526;6349;18814;17151;11636;15389;27961;11533;29895;17895;24531;6042;5974;15326;22594;17805;21750;1234;28456;17878;13927;9684;30560;14770;19079;23195;17623;20522;17350;3366;21918;6877;2522;28835;4413;8192;5044;17296;4681;19875;7602;32032;11833;
12854;4118;27104;12149;7755;10679;31642;30128;5022;17142;20601;28792;9554;15604;13679;10251;11645;28930;10196;18541;31719;13401;6736;25271;25103;17420;250;22706;16495;11578;26817;9892;30977;1416;7692;32618;27394;1998;9885;28359;23542;26897;4795;30204;29164;31154;27024;22169;8963;26340;13520;32658;15917;12387;28571;20629;28979;9828;23717;10139;28666;967;1940;27838;8452;30868;30121;4170;29497;14501;18851;12054;16616;25248;24288;20757;25609;21289;8134;30248;24517;14421;7009;25910;17208;31073;7757;29055;10613;18084;21207;10797;31434;26050;11359;10284;21318;3619;8705;28220;
12921;27043;31860;3909;22651;3467;15153;3818;29744;32705;21720;12384;1737;7227;22224;10113;8334;28345;10286;24604;23259;21684;29657;20368;13161;31633;32235;1177;11471;3867;26714;26985;22601;11312;10967;27643;11447;27578;16886;164;20201;6626;22928;13035;12057;28032;30310;14490;8121;21461;25350;15125;18800;9340;25587;19179;8287;20894;30464;12715;16040;26726;8701;5625;18481;30132;5269;9696;15269;8982;8567;15210;21692;8180;21172;12142;25533;11018;7528;20138;15937;20507;30877;9489;11577;11748;23404;4966;31794;22608;26213;25354;3544;10986;15410;19475;6585;8087;19830;8605;
30540;32133;7163;6245;6706;29791;14605;23444;9147;30659;801;25560;11692;28405;26299;17593;12864;3285;9870;25643;13676;25614;28388;20575;4967;2961;14400;10207;6250;26434;15682;18394;17845;26864;1996;13500;26578;23947;22883;28930;25117;6801;29400;13901;21380;8138;32551;17589;30860;309;9631;15455;28308;11586;1859;13650;15454;25409;11121;2438;17355;28187;8129;1342;230;30528;20272;29080;14884;1504;21630;11619;1515;32350;19412;18480;18768;13826;26538;21420;5157;28398;19688;24365;32307;20563;31307;20874;27076;12004;16139;5424;20325;14731;1211;19058;30441;24155;28784;29729;
16817;31687;7973;21085;27179;12817;350;24490;23705;26885;6668;9287;3348;24038;9393;21435;28368;19881;26308;26800;28833;3937;12375;13060;8894;13051;20471;3102;27078;30763;32212;9598;25344;12710;546;9624;24039;26770;6846;1763;3814;21562;25621;27949;24416;31239;18754;25905;32499;2476;16246;17003;6654;18848;20637;3883;22880;10193;14654;17129;3971;17047;7587;13016;13978;32230;6715;28861;9254;30921;13116;3074;5567;30475;26508;26886;31505;4919;27362;8888;8485;19652;19241;10852;8930;18057;1317;6605;17107;18807;19544;27515;4650;24454;2599;3414;2309;6896;22585;372;
29681;23966;31264;304;23212;13535;6715;22140;17456;7520;19930;24440;31724;17241;9380;28739;15445;4868;18230;1808;25245;11603;26893;1661;4034;5346;4518;27169;23243;10027;227;10596;30799;13817;12977;15508;31542;21791;17896;30773;4803;12393;19059;12952;27091;32211;15024;26543;2911;24569;9241;20255;28744;19663;17189;6295;6740;19602;5737;16992;24691;9470;11523;15926;20552;17602;13368;22615;18660;817;2140;5337;13013;2106;19698;30528;31071;28826;20501;26704;10505;592;15639;11808;22364;1361;25191;10864;14311;5246;3768;21308;646;31443;18783;6546;3812;28897;27133;12960;
18751;20094;21343;30481;25707;1211;21922;19610;27930;29718;31643;19919;8794;29425;18294;9276;14175;6211;8860;18609;25219;7822;1243;7645;23947;29457;5825;6430;15148;17726;21320;28056;13774;10862;27833;28037;23439;10708;30922;5579;15243;17583;10249;30676;30811;20164;3198;30106;25563;11020;13196;1025;2096;16554;5913;26474;16906;15391;10735;7813;20519;28865;865;28518;31769;28266;28209;19164;16456;8045;24241;31230;3898;718;5161;18950;8210;22194;27001;10851;25687;18196;6399;28937;2807;29882;30651;14604;13452;26727;27569;3949;15581;18003;8591;25140;15784;21976;17808;26046;
11935;12654;17312;25689;18096;13017;21185;11278;649;28577;20397;3774;29788;22979;10941;10353;16607;22694;27913;24554;28056;28240;6353;21887;25687;15578;26908;13351;20484;33;13470;6357;13978;20415;30687;1028;29812;15674;19098;2451;31944;8826;17507;13012;881;13441;5261;18144;29681;11862;20811;27949;22966;10306;16917;24162;7580;28479;10574;5993;15540;28846;20771;17094;23620;3656;24502;19496;24334;28247;13948;21054;24533;7206;24803;27340;13598;3254;22073;27902;25140;23474;4809;13820;6510;21669;19527;7102;13236;7275;17774;546;16704;3814;1255;17980;6050;9458;29549;29677;
263;30362;9519;31159;28858;11660;21109;20175;24811;31690;17287;16244;15792;27299;13259;21376;329;5602;28717;829;26024;10053;13507;11897;20273;9776;3505;2525;21694;28579;16203;30330;2278;27242;31098;30629;26751;19347;23137;15109;4705;32549;1088;26346;11373;2319;19096;8928;6606;29279;14992;3717;26239;5812;663;6807;3085;26102;32075;30801;29599;28228;25497;4856;22835;16942;27174;18353;29738;3877;19950;20373;2311;30767;5164;4103;18548;2272;377;17733;8070;21637;3127;15166;23873;5538;20016;2212;20831;24991;14715;65;18509;17598;5280;19598;2167;23120;507;27010;
13509;13609;5734;28840;14437;11345;17170;27508;8140;24572;5814;8151;759;2748;6636;2833;25847;29430;19159;32455;11436;4243;31754;5205;6865;15095;6821;27237;24888;29495;8129;24769;16215;7814;12559;18021;18436;17649;13499;11737;13437;10317;23703;23485;26795;18285;27765;933;3240;8600;16340;18216;24446;20025;21184;11060;10034;15577;20979;30628;25089;12619;30272;13589;7401;20518;12082;15605;4971;20345;24816;4060;31888;8121;14691;26144;10538;8446;24731;11940;22364;14447;2159;28656;24412;23035;8036;16263;7544;23115;10961;17268;15703;7412;3136;29223;19074;29424;13846;1151;
10786;15695;4983;20008;25100;10282;10084;28711;20730;4569;10022;6579;15387;29285;5104;19271;21967;22336;6080;20469;8619;18228;10630;24829;22980;8858;15496;10142;14634;21452;32517;4396;20402;25565;27672;10595;17145;18311;13536;28411;8357;30820;17630;22140;9710;11873;26014;28500;8286;19825;17818;24359;19412;23422;26203;10086;20943;4773;13793;26915;19945;25506;22341;6948;31650;31881;24221;26166;29023;10168;1056;7107;3251;5897;4747;31399;29660;28492;5315;13888;20625;10228;1723;29636;10235;4880;3480;12760;29697;8573;31507;20062;25032;14170;8223;7822;22906;9405;13004;19784;
13127;5796;19308;29608;15786;5167;15604;8156;30958;23564;19621;15922;11248;13874;3307;6261;13862;3538;24453;24442;17120;26506;25318;29430;16846;2013;20187;23442;18627;24032;1135;11074;17080;1589;21772;14290;4116;31293;17634;25538;31787;16266;19596;26963;11268;11155;24049;23522;27231;4012;12393;21365;29942;24885;6178;30356;12036;12817;27841;22106;23812;3418;17228;20683;19899;3154;32583;28008;5240;14237;32541;26625;14491;2222;26562;24011;32340;8064;21399;20658;11437;134;26766;29936;29899;28388;6542;31967;24176;14047;5913;22283;24005;31890;13100;4748;30295;25315;15462;23955;
3935;7862;5229;21058;23878;19041;1422;1473;1128;3423;7075;3470;22809;27720;1082;28436;24805;21760;14835;11648;31004;15151;32554;27088;18063;22770;27606;18732;21140;26577;4785;5498;31056;26096;410;19501;3381;15241;8503;3933;21449;21657;14302;11549;16297;730;5046;12553;3022;15346;8217;13342;7184;2026;27197;24271;18152;13281;22804;20820;27770;7426;7280;26182;32467;10163;5995;873;24431;14095;18950;27849;13822;14487;32272;19976;9319;6180;15178;28150;31758;12321;18120;16482;22611;2550;12698;18992;16987;711;15020;2988;16914;10335;2027;25886;112;25191;31401;10655;
24316;15324;9027;21546;10383;24768;6145;4854;16219;9231;13117;7427;27691;8692;31944;1523;13036;21053;17033;1052;20589;7949;9319;23771;17763;21456;5994;27435;4784;30836;9244;29814;2789;27863;25654;16299;23813;22651;888;8848;15500;17025;18393;31066;19119;26069;25824;15483;9446;5542;7762;10427;15528;17945;32269;11658;23669;3390;8500;5524;32282;12355;24716;7575;22065;4327;22566;28017;14567;3890;4671;10110;15362;13155;22884;544;14882;13355;30170;8095;6982;11544;23100;6196;1683;6484;870;27232;24913;26255;3986;17794;16183;13370;20673;25257;10216;4854;24157;24487;
21949;22604;27164;20583;20933;23198;23591;31360;4362;10589;31356;28425;30486;5501;8080;30384;25014;7718;17465;1030;8702;5549;24780;8221;1677;4802;27010;1365;23315;491;27169;23667;272;27441;1240;20467;1502;16408;22634;27040;23025;17877;4495;28257;3422;28604;11159;11350;13722;15864;9296;28451;24708;29822;10026;3724;14502;15940;29593;19267;16056;4269;699;28157;15462;25416;12347;23755;21588;4027;27253;6824;21342;28154;11738;25934;10020;189;20374;25935;7622;17968;23409;9312;21228;236;2291;15864;28170;3366;3020;32282;5602;5670;17267;25198;15690;16379;3596;12695;
11567;6510;17039;7361;28634;27188;5671;8057;370;12648;28888;4546;27074;26680;30053;8293;9021;23774;16497;8072;29503;14802;8932;27522;6038;3389;23440;19438;27969;25777;5141;3326;29815;20760;9473;17171;21996;26347;25916;27786;19791;3749;2212;26072;7447;14710;20980;25561;28543;20027;7146;26725;18639;25262;32169;25893;28382;5338;3676;164;27093;6355;3100;12713;565;20131;27156;9413;24604;29831;2530;8232;12228;18780;9281;22968;28492;13140;9445;29541;18875;16109;32167;4534;9026;2596;13538;16552;15041;28645;13085;6841;1165;1991;5098;26176;8817;19958;32269;7423;
7410;1904;18145;4603;16855;13941;25848;10636;19433;13112;30210;22448;14328;15579;23536;22692;27422;5786;13657;22454;3656;1351;13596;30805;17137;16630;7495;30058;5425;12025;24887;19179;20215;30735;13057;7596;4242;20184;17;21881;21111;31372;8465;7523;13374;31213;16653;15959;15597;21114;16340;2037;28793;24550;5025;15262;24202;14280;28154;11727;3711;30100;10201;4526;27826;714;14602;8931;7421;12141;16084;8617;22141;11959;21979;21797;11413;19467;19269;2038;26934;27691;26908;13069;23646;11947;25075;19135;17631;17318;8141;25112;13922;18863;31290;6259;8363;18442;6083;1351;
23583;6429;32392;5700;24451;22817;6184;5023;774;11549;11489;16042;29826;30229;6649;16039;16639;17534;18268;20446;6009;8182;8326;26861;10467;30514;5283;19040;18795;19512;25077;11393;14080;28878;12407;32625;10513;26418;16320;29048;3480;15115;11305;12186;5976;26272;3890;5227;354;6216;32546;14628;11230;27681;12782;7413;30216;28165;18268;22173;31097;30650;32360;1081;2728;16233;23015;27993;8880;10834;30826;2905;5716;14269;9061;27631;15936;6196;22929;8704;29841;17647;22670;14520;2968;11152;27085;23769;8667;16913;30381;12371;30557;5882;10212;31766;10272;12759;5153;13348;
28647;22505;16880;490;23360;2332;221;18640;2498;18745;24028;22799;26004;2397;14056;17602;29743;17834;12779;2881;9316;11068;6878;3754;15776;23134;27953;1984;21615;6398;3181;27641;26687;2399;28696;31186;3687;14606;18137;24422;20071;7191;21724;12095;4977;18552;4472;5996;22313;1494;18447;3795;27050;1391;16438;27849;31433;22096;12566;7904;18589;27080;1042;28928;5951;15388;10923;7098;21966;30076;2976;3288;5302;5942;19289;7737;12594;2346;29573;11996;23056;7038;15875;21050;20917;20627;1790;2521;4448;823;10845;15646;12723;15644;20570;25443;15471;20872;28016;5193;
19327;4175;31099;29263;6456;9471;8731;9124;26079;30298;31833;19770;22123;6665;31117;17436;12429;12430;9087;26881;6126;15739;25548;25121;12472;20449;23179;10055;19287;3852;2097;5160;32129;32621;20146;29939;19571;5080;3561;16681;19582;24304;24378;30895;22979;30943;13430;22306;20027;27978;24062;20842;22778;17795;15404;4498;23220;769;8174;25814;27520;7694;7860;20478;28124;23744;23949;15851;21233;5674;6028;31856;29721;13779;25457;31587;9631;4968;31877;499;26310;29357;4806;20027;21260;16313;26180;21272;14511;23395;12747;2104;30833;3064;10434;116;4760;26159;3155;14944;
1338;16990;7117;24352;24503;4589;25670;25469;12167;10507;13188;16184;10806;20641;12830;11933;14508;13444;26846;12892;18354;495;13674;16789;434;18992;29219;25138;21950;32161;21838;7033;28628;4826;19314;30433;1633;11813;20736;805;8451;23859;3897;3480;15507;15117;16461;1464;28771;4172;7872;16133;30916;17293;25618;1300;19148;11808;6815;13791;5462;10496;18116;22111;21321;26120;11075;21853;21278;26979;11497;28805;22428;14149;6510;28604;13798;2520;21916;10931;5304;9082;14003;3260;12526;4389;2829;2781;19270;28974;5630;16419;9062;4659;766;9273;9249;32335;5130;4153;
9462;18063;3911;1474;25817;8874;12265;27723;8759;14572;7763;14519;29748;8820;13183;13097;18743;32671;2977;20249;11944;12484;11271;18856;17912;1826;16452;560;2786;534;12941;16672;20209;27794;9059;24839;3651;28362;1139;3566;396;26672;23226;3819;4445;9635;27628;19955;3751;18403;23319;4592;21627;28233;30851;7955;14099;31157;18654;12652;25622;31687;1941;1464;6168;9810;10373;25722;19808;20237;7379;25421;18415;23436;24344;20600;8894;10607;2754;31939;16966;18138;695;22409;20549;3877;27451;4367;9408;32724;31507;14100;16452;22985;26602;32681;15218;25272;29173;13891;
20411;23260;21203;32527;23911;31464;5047;25733;4828;3649;3784;25408;6429;32106;8136;26637;27025;23743;18420;29762;12550;21351;18732;23633;25589;28292;31828;21660;26631;13484;26362;16523;30425;3485;21561;30684;7676;21036;29917;30267;65;6271;19143;10515;15411;4220;25492;20387;7140;1153;9849;8532;29165;21078;14705;11850;18352;28768;16795;11833;16608;21271;733;12666;22596;18106;8910;26718;22967;4417;4819;29890;15732;28819;25992;31203;18576;18681;4961;24180;5832;6098;29329;29934;29053;32393;26154;32296;6141;31173;2182;14887;23812;6367;21735;31543;15747;18841;5210;28474;
21663;3085;4577;4929;20733;8931;22992;1369;20285;5063;2168;10408;15812;3098;27651;20408;11711;32232;32159;24850;13668;2331;30175;10767;18299;1262;93;21483;9246;15780;21157;12059;18109;14969;10830;18656;30053;8153;30314;32541;21825;464;12321;1638;10337;15042;9880;5721;6330;6748;16920;12337;13422;202;620;13208;32590;14890;15498;13757;15773;11841;23414;20135;23575;14445;10340;20681;6450;15323;24093;7894;21412;18426;2979;5078;8741;24880;2584;12666;6262;16843;2524;2220;23970;10042;31478;4203;30596;32637;21685;24278;28553;2778;150;30854;13496;17874;27753;10785;
24303;12115;1968;8236;14191;16175;12360;12577;10906;8397;21067;3522;1788;1567;16180;19372;11657;9939;68;32303;5925;16334;10277;20829;21354;9942;26574;23393;25765;18062;27302;6163;7457;5800;15852;17097;25001;25686;18262;623;30024;32513;3832;7130;12883;7486;24680;7769;21673;3582;1824;16013;14650;2564;10787;21371;14022;14749;2788;10720;29671;17035;11107;8644;24146;29250;8089;19026;10074;22615;3606;28647;27062;25909;9193;20585;23683;24850;32704;27098;14221;20257;22608;5933;11466;4361;25079;28504;6951;24215;14240;6826;24199;26031;19176;4703;24841;9865;8063;32370;
20874;24602;21968;9650;9068;8399;18660;9240;15253;20353;17283;23384;28346;16550;4253;20918;13533;11204;27369;29467;13844;5420;4044;26728;5261;32740;31100;30986;6095;31717;1125;10959;7490;25734;972;5111;29170;25401;2482;5007;31120;2677;26107;25594;18106;7411;8399;15313;2171;21789;29761;28909;28950;16580;2350;20929;31231;1297;31592;10477;10539;7870;26900;7953;15241;29317;4433;28383;22737;16857;17947;8053;13436;22485;13678;14569;16403;626;19886;10021;21165;11260;16710;16117;27060;10439;28048;6494;26343;3358;10485;14642;28581;8060;15445;12001;20840;15103;2984;11922;
3984;13849;12774;19570;32354;8585;5157;21324;3920;29577;12289;26971;12922;29513;10561;30556;29046;30877;23224;1510;10060;21490;28264;1278;31173;29319;16622;12775;30694;4826;5146;3895;439;7520;21725;9008;23881;30072;30824;28748;7414;22178;13458;23578;15083;4588;6010;30793;3556;16302;17006;25090;31543;14711;19468;11132;2580;28743;3495;970;15371;29439;24557;4343;20174;14613;2758;12372;19257;1420;27775;4369;1423;30244;7207;23819;29447;4814;2873;25573;30855;29026;27260;31834;5807;16788;22056;4049;5913;21797;3402;1074;7903;30806;14441;30713;19038;11938;874;1161;
13882;10156;3761;31426;6563;119;31625;19925;21974;9429;6086;8279;7910;25890;27817;10133;8636;5169;13571;22824;19292;16775;32413;5833;5483;25543;31448;19558;31726;1902;17041;13429;85;21952;4423;13960;23992;2051;15232;5153;21088;6890;25704;22472;8841;22100;14012;14940;14438;32055;9446;29351;1382;14806;29802;9012;2230;6715;6272;23141;7943;12513;8194;22720;32657;11697;14985;4490;2648;815;6356;6551;19374;27638;11369;30816;22777;25698;2686;3926;27318;27788;30233;2934;22462;9851;21879;5406;21960;9368;5803;12831;9008;31843;18311;3603;32247;29029;25791;7409;
3082;19557;9292;19422;6343;13023;16143;13382;19389;4786;32183;1324;15539;30233;3300;5822;2284;21468;23692;23597;19882;12232;3743;10171;11249;8028;14566;29974;14733;1733;32305;11748;855;8717;17073;7327;1203;11919;32675;419;14429;18606;31278;32389;9830;20934;24975;19367;4985;29283;6259;27657;13667;3249;11684;21346;4306;13108;18408;12912;25693;30649;2343;23948;17605;9869;11467;385;20091;16876;25964;6814;4194;20924;15789;25098;5077;23420;97;9560;9708;5751;27635;15451;17915;12349;13572;4412;23900;13651;7253;28361;9327;29226;7144;2320;22750;24654;28514;29741;
10534;29664;31668;32096;31059;23878;23034;6755;25866;4897;2467;25338;8909;14463;3539;18635;11387;13139;31237;368;20758;1826;12789;22219;5065;18430;24765;20889;31786;14776;27454;29258;15292;28498;25025;27665;19640;32435;13534;5687;28173;7326;12702;1972;8357;13541;2268;4352;2538;21210;26097;2087;24457;28167;22672;6940;16501;28447;5614;7247;7984;308;21798;32129;8518;809;19165;27863;6170;11627;2081;18478;30436;16348;16535;23215;27131;19472;15318;6307;29520;28604;30222;19848;12347;4971;13293;28772;11387;371;3523;4697;26232;26920;13796;7034;26826;8783;32334;18909;
7423;17622;24971;9969;15257;26818;4825;26386;32087;8808;22921;26459;29110;3808;15269;15804;7862;1207;15317;3916;19937;15588;11907;8416;10890;2045;27198;21980;5459;25515;22364;4425;20722;1116;8932;11560;27700;10039;6315;31750;3393;16469;26812;2257;547;22830;23549;2282;14978;13137;15376;13435;3761;857;29304;30987;30703;22556;8957;14928;7654;549;17745;5444;23928;3941;499;22907;11451;12069;22100;11443;66;4671;17465;3245;5535;7054;4192;9019;18213;29859;21606;8347;19699;23225;26600;4099;3886;14315;25833;23165;28045;23717;19315;27637;8219;27993;2177;11920;
5432;22643;25629;20544;28897;26766;6854;1686;4402;18152;9748;17623;15401;531;30879;6225;23213;27886;12572;7919;25807;27092;2249;19468;25423;30227;268;28549;10850;2464;5206;13074;12722;7945;28238;470;11687;30634;28460;3636;19941;28708;32354;27109;17686;30987;28802;25671;32233;2015;1116;8952;8538;5182;15206;10404;21045;30039;4450;15899;16853;13218;22330;29095;562;8911;13615;8348;14619;22524;6194;16176;6335;20522;3730;21133;16754;23282;22488;20773;28846;7540;11248;23878;8536;16785;32137;3566;325;9562;15293;14816;24573;7879;22261;30967;31423;10157;3335;20411;
18885;1514;16546;14642;13000;17378;24556;761;17607;3376;7785;12178;24837;17301;1567;21248;30033;24628;9208;7569;11145;29954;21351;2300;12897;25208;27982;23467;865;5515;24096;30298;18989;25053;26435;8161;20745;19509;4024;17230;5788;22829;2045;21559;28916;13354;1330;19791;25035;17041;22396;32054;9;30520;16295;5526;6794;31259;18447;12395;30752;30801;9408;16290;22748;12350;24284;6886;7305;3593;20285;8119;12922;27728;11356;6076;13958;19739;12145;22874;24400;7951;5340;22149;8652;25317;31684;3542;11774;17690;26878;4574;10501;32743;28976;6843;18521;6515;20022;21992;
12881;21064;25540;26714;18408;22531;30541;22216;15296;4176;7972;18506;6759;4118;11490;22309;10202;4847;5895;25573;13895;1755;9700;7853;23063;53;26552;15052;7980;10726;12313;144;9063;1496;9877;12639;14958;4526;10394;29187;32428;9138;659;12102;29593;5134;17492;12479;7483;1600;13496;19947;12525;26312;10376;31104;17247;28963;16543;5885;6110;20989;21324;20102;29909;14755;1272;21231;8596;29367;21513;19991;29009;20775;7174;26487;32620;3423;21499;6394;248;24510;3103;17935;20342;28743;28340;18685;4323;28314;18479;27256;8438;26146;23193;30577;8099;8847;53;26930;
18659;14471;24931;21417;31159;1688;16836;3588;1642;17010;10399;18815;17943;26195;26755;2682;30572;4802;18990;14287;25261;14464;24238;13410;23804;7868;15558;14074;4311;6534;11667;21583;12258;1158;3183;28516;29159;21998;24086;1046;1307;23981;25352;32757;21411;1254;10542;7508;16982;8608;24767;29852;19653;12991;30821;14310;8824;6195;17564;19656;10619;7023;13915;14446;2586;23580;25847;4589;10216;29967;28484;28373;11270;28025;30717;32261;1185;19038;16742;17604;32189;21577;11311;12813;22321;25917;7580;31785;31731;21230;4323;31876;16022;18737;22486;32185;16145;10418;20161;12271;
24002;15845;1942;14184;24499;25663;12359;2391;10267;27045;14452;2802;11048;17957;31302;9929;32251;31716;27291;19542;10229;13143;5219;3541;6449;26550;25417;20566;27217;14254;407;16912;18814;11863;19795;2808;14506;6245;10414;27538;280;14754;10656;15879;31;30364;27852;3449;12587;18074;4009;14227;6404;469;5603;19556;30291;24549;15871;8301;23394;14970;2367;17656;5411;26700;31429;23212;884;17493;20986;29279;18081;13629;17457;28715;26154;18710;31112;9412;21703;14665;20751;4360;30122;27344;12333;2008;1796;16038;24895;8743;5578;18044;17793;14672;24249;12718;24114;23469;
16536;1653;28915;28517;9149;31582;19313;30597;31442;1275;27203;12115;16601;27608;1814;28639;6254;32432;20999;5082;28748;13537;23120;19883;20755;21790;27175;9152;14409;29796;23011;1826;9374;24879;7777;14413;14196;20205;5798;28222;3998;21939;23749;29645;16744;6703;7683;12093;4056;12766;15930;18450;19252;6014;19067;24354;30916;17351;32503;3311;10201;15958;25632;6708;6159;15082;18187;9918;5326;5842;4377;12925;10775;19110;17110;15579;5757;9270;5665;28236;7793;23744;2958;39;9411;24422;26376;22196;11366;21470;24507;390;10100;16748;1841;5643;14193;24077;11194;6241;
17108;24053;14866;26219;963;22332;25150;22821;29727;3541;951;4148;15040;15295;9418;7106;32258;10623;31039;30856;16256;10957;15417;4652;9503;21390;24925;16334;21327;30978;24886;28382;15501;21311;9432;28720;2604;21214;21700;6994;598;32500;3852;15389;3918;28484;18616;32394;19447;14002;24167;19655;14746;20987;6202;21386;740;28324;9453;8358;28718;7728;20551;4060;28930;18838;30901;31219;24282;30962;2098;23050;23850;17275;29801;23854;31393;31669;2590;4136;30636;27624;1994;8088;22077;14032;19333;24136;5834;12438;6185;1466;18072;17407;13749;25859;17209;14308;28911;29148;
22356;26850;15950;28663;5284;19282;1046;8847;3907;18811;20421;15427;24105;20999;31406;292;1263;10932;484;20237;10969;23372;5465;51;17172;17623;8775;23548;2620;14607;23759;2581;32034;9748;3297;15295;11467;10849;8795;32617;5052;9471;21621;29316;20596;5624;20572;17811;26939;25359;15133;18049;32026;21678;2757;25912;1579;24352;31430;26223;4371;3072;8093;14531;3532;6130;23986;8202;7592;6289;18304;10980;658;16040;9973;9874;5015;2212;13852;1292;23206;31049;19193;26957;16276;9893;31413;19954;25699;13634;30715;31235;5828;5024;12449;14353;31450;2530;28299;897;
21313;29128;32716;8231;2639;10973;10767;20503;24730;7922;27958;7095;25786;27338;22848;24601;6224;32535;31600;6024;26183;19877;9899;4193;20057;22230;6947;1573;27093;11086;20786;20683;11680;13807;27528;7771;3450;25096;5257;27320;25731;29129;19185;10685;18174;6395;25018;22412;8532;12270;14143;25379;18524;4786;26529;10033;24281;137;32362;25895;13381;3997;27504;30353;205;2287;16125;10407;8860;16528;28972;30239;16476;15891;14486;4934;29946;18754;13358;79;26794;12048;27754;5611;31532;21199;28580;16410;25421;24483;3519;23360;26544;11831;30477;26491;5326;12974;17008;1588;
5180;1757;7872;30196;2349;25783;13165;121;5687;9480;29798;3850;28762;5735;27961;22791;9022;16485;18299;24772;27324;26379;4202;12951;17824;25220;465;6704;9645;7958;21036;16937;24802;22871;20493;29150;18428;27293;19646;23935;1596;14774;6696;15460;11882;9177;8179;6560;6426;29149;19439;4824;30766;11689;25011;31062;17308;27628;28036;2393;25458;24078;24184;11183;15127;16486;3034;30086;31187;30893;10705;23168;21649;30898;28989;17669;3300;14672;32482;2269;26953;24989;11720;25598;684;28261;28897;418;2861;28119;28653;13213;29219;9085;27547;21998;2401;10354;11505;4244;
4025;23503;1005;27555;17599;14182;6509;27030;27087;23731;6220;7143;21586;28175;29134;26077;30012;2087;16702;24998;31193;28589;4821;7077;27082;18253;4574;6157;26187;25059;25112;22191;28343;1259;10332;18704;20045;12088;1663;28351;5940;14314;3706;3045;20157;22938;28872;11806;12009;32215;27152;29575;8491;23766;13316;18457;22126;17765;32137;3381;8282;8481;11800;24447;28627;2281;30820;28400;7363;32146;61;7463;23322;6364;6068;22016;275;19109;22400;22120;696;30301;5792;21872;18088;1210;1346;17312;14360;15789;28388;5261;14872;32404;26553;18093;24599;8369;26958;7531;
4010;9179;8813;16759;28553;29043;32322;15200;18394;19354;9916;31844;14259;15521;1590;27015;25562;6849;3159;7394;719;29709;14902;20798;27148;30372;14786;11233;139;10539;1122;22696;14985;1915;23768;11350;650;22422;8299;16684;13213;19168;13125;16826;2273;16268;3098;22004;9800;13908;8970;26248;7835;20589;18377;10863;6846;27066;8957;12994;1590;9024;26343;26832;25832;29146;29510;12909;13859;1325;28792;12429;2273;6879;9699;19473;9546;4612;3987;1248;28538;21209;30500;14138;26500;24245;5091;19273;27319;7228;30256;761;6688;13270;16935;23050;2639;4192;32127;11364;
8286;22561;29873;5802;16432;29183;31581;17681;12279;27378;3050;9331;21753;20410;2670;10655;11667;20173;11981;8948;11390;13972;23076;18478;22865;9174;23400;31871;23111;29813;26442;30434;19267;21080;18270;17580;1553;27304;1149;23139;16367;9535;4200;9940;8268;28765;12973;23648;13519;29853;15567;25751;26267;17704;18849;12808;21714;24617;3059;25686;14423;4993;28784;29327;13529;6587;5831;20410;15117;834;26121;15791;24634;16337;16466;16940;20219;23596;6572;29220;13633;18446;30256;1882;21399;14434;4975;29743;4522;31157;16656;27064;15368;18156;11450;1044;20264;30770;9524;4349;
29611;7733;6346;9372;4065;23954;21235;28834;4751;7821;15666;4500;23279;25862;10042;18022;25081;25769;23125;17996;2273;9572;31750;10445;12513;19486;1005;5145;56;23462;18668;9628;30835;489;27016;18643;16875;17769;5010;28767;20623;9962;28422;25944;17891;2926;12339;8419;13385;612;5404;25607;10112;15389;21023;444;5738;17535;12756;3909;8722;22013;27704;28352;17901;22727;30987;26620;23904;25149;24950;17290;8835;18602;21745;7191;2597;7983;1380;23033;8464;11773;3724;3335;20109;15047;27809;6318;8235;13688;17974;26177;701;7457;3424;4497;3234;12597;15386;17342;
15689;17144;12264;12364;22003;15157;26811;26745;12219;10287;12053;30926;13012;26587;25965;1269;21267;16972;2261;21962;13741;2159;9434;3508;25665;2808;16044;30518;12569;32156;31615;8641;12461;6785;1584;16589;27752;6643;30764;296;12975;21080;18830;18573;10272;5222;3207;4984;32279;6035;30723;25913;29303;2765;1417;32327;31911;7532;9827;19672;19418;5221;21504;19374;31380;16320;32662;17204;7018;25676;9483;8393;777;28049;1302;22620;29561;31750;19106;1081;3235;9092;8051;14114;9745;28155;29707;13474;30198;30308;32463;926;10606;12278;13926;3885;20998;11677;19298;18858;
19583;32168;25890;1543;1231;28097;9718;31587;15209;19235;14981;9951;12222;29447;30828;32686;21508;18271;20520;12652;28214;23495;5686;20657;19036;28345;26488;15845;25100;768;11483;10838;7473;11631;567;29575;4107;27346;1143;18636;23159;4645;19193;20243;3185;14084;4152;14085;13271;4195;19880;31054;30575;14207;20193;11576;25388;21268;0;11647;18861;721;31562;32609;24327;7945;6675;12276;28868;8363;3295;7100;24364;17780;16070;21629;15299;17507;2077;6478;12562;9838;29778;5359;6058;6003;7960;22108;23655;17265;27844;14242;7154;5112;8695;9970;6025;25054;7806;1524;
26371;28468;16246;4957;3086;15736;11444;4804;19132;5132;5476;9906;27454;19175;8175;4344;18671;11659;4387;19781;21140;2615;28302;14839;24545;16733;8234;17202;64;26966;21824;17455;9935;23125;12422;4823;22439;13978;32650;27025;14948;17128;340;9048;13794;9016;71;32272;31044;20399;17225;22298;5691;21966;6692;5670;4229;14825;2347;14920;1715;3290;22560;15695;22576;2550;2133;16722;27775;20800;30226;15499;32708;4573;10551;5992;6278;14536;6434;28896;2739;30663;26579;32004;11236;14494;22606;12758;7395;20610;1089;13917;19563;2000;5351;18425;5934;18943;812;2549;
10524;4564;8978;29531;995;26068;32339;20236;20146;30975;16968;527;21315;17339;17673;3114;19480;10511;26070;30383;26629;31761;19638;9625;9966;31138;19805;16087;29650;2648;29011;7144;8200;24764;27987;31144;9161;18358;1522;23146;18415;13637;10113;20038;7420;30067;13619;5557;25438;393;21379;21083;18674;22399;12752;14883;8134;26038;5962;145;29219;24298;14098;27220;6091;2658;3997;16155;12415;25705;22874;3498;10180;8962;18580;30253;9703;29400;9881;28364;4671;116;1564;13951;2738;8626;5848;27172;29818;13174;23670;28623;2601;32667;19633;11361;2795;16172;6328;14172;
28428;3287;9683;245;17850;23454;31050;7787;8203;17872;7043;12440;11586;18488;13930;6342;27726;15764;29461;28611;5779;11849;23209;29496;10221;18516;15991;23862;10226;4996;27499;23058;6264;13798;11431;4211;11608;23681;24939;28585;12657;7236;10808;14400;15599;24381;28981;29397;8397;12812;20945;18729;11160;1430;9130;30068;11126;14590;11438;15356;20840;32721;15999;8933;22988;30848;17180;23627;7718;1812;31935;5774;29727;18461;32001;9965;32206;12267;5956;16983;20279;10753;21074;14461;3345;19655;7490;25900;26829;30079;19356;19418;7635;24698;7357;4479;21519;4492;21116;18598;
2988;8381;6925;17347;30239;16193;21030;25031;24680;2219;23905;2290;4756;29789;10210;17384;18567;31555;313;13576;10232;17857;25481;21497;22461;30185;25834;10629;7241;25074;22541;32171;7539;21221;24607;11247;14713;7066;31727;4597;2372;7139;19538;19534;31213;1031;6599;13714;8065;27762;23895;23471;9473;5546;20671;24448;32173;25733;18897;29346;15234;28314;25880;26499;12034;10997;17339;1979;13363;6927;24739;9376;20714;32765;16608;5652;2121;28647;841;7074;1927;24508;4963;21450;4079;29988;901;15768;16940;13494;21049;30844;11971;24684;7908;13909;20449;6739;4522;5071;
20567;8071;31372;19183;17379;12127;27603;29676;13489;29413;21426;18497;10785;30857;22823;7168;3275;6166;34;361;3009;21220;22761;19131;26387;1104;16059;24138;17305;30313;27059;4306;27628;12012;22512;31243;8886;2163;20979;30589;27180;27625;3656;20886;25816;15937;14441;14074;13212;22119;24287;538;29940;3959;3242;32008;18811;19246;4579;6026;433;30878;16288;17261;22779;29477;6936;27419;25067;19871;19464;13936;1986;24027;19029;4554;18739;7244;3826;11103;4202;11265;19460;23252;19533;7895;28740;9995;12034;18926;31141;24124;13745;15961;23352;29767;23947;14874;31308;6984;
10763;9549;1753;19052;24699;28579;13087;9988;7355;25106;3722;984;9022;14539;2009;27326;5205;6509;23167;25707;25776;14712;27465;29320;16161;18692;22594;28681;13220;30131;16340;19386;22429;6628;815;20762;15200;27689;2031;29549;22774;17148;15608;20237;24607;16557;26277;21761;915;31647;30243;21712;11149;30388;28695;22679;12682;32262;9863;1882;2382;15320;18935;408;31529;6604;5586;27682;21368;16982;7180;7469;11118;22128;29702;8101;12053;11151;20658;196;1167;9686;16887;7140;14498;650;9559;22673;21620;9927;2511;3811;146;18033;2814;1546;22839;30572;26506;16683;
22476;1296;22208;3691;30123;6103;24954;3145;27688;1369;16966;6448;13778;23675;4292;24908;13558;483;15440;32414;9061;28847;6625;24395;12151;29542;2353;26170;27216;26926;29983;31197;27490;27456;13137;30031;19763;26266;1821;12192;26465;32243;19370;3437;27107;18420;2386;20659;15761;15781;31307;6884;19943;27942;17031;21819;8198;17567;24280;29517;23291;2425;3928;17378;9540;20431;16648;17410;31632;1567;15031;10323;25799;26950;4390;4258;10058;29867;9833;6591;25468;8890;14480;16782;14209;4500;17287;20827;20550;24580;14907;17006;3009;22198;23294;20703;4218;12707;9005;12460;
32330;7632;9744;6409;7266;16184;19201;6647;10384;21254;14033;28696;11198;16904;25703;19138;30652;14177;12458;14418;12863;3966;23970;11459;4393;13131;20697;22143;11274;13222;4360;13684;1767;14612;18159;10347;14907;7090;17797;25749;23612;14191;23889;2919;3935;20601;32536;21160;23070;7157;29112;29385;11257;16627;8020;20340;13243;26017;15793;3687;27390;7358;21984;4227;31473;18258;28446;288;24153;16029;24824;28580;25814;23117;4275;10068;31592;9972;7658;14698;24113;24760;17017;28007;6013;1613;27034;2986;28671;6176;16974;13890;13405;22485;20735;17409;29680;7156;17507;20945;
7365;3039;4515;32331;6375;22536;7101;902;20704;16992;27175;9005;14205;2835;12981;6357;17106;5490;15036;1677;30334;22832;21368;4022;25392;29650;30123;5653;16234;28257;16519;19750;32133;2914;24526;6067;758;12552;7480;25510;25807;17319;8469;30748;19849;1132;9779;27066;28672;18508;9474;10564;11199;6970;14838;24683;18046;9117;19245;4327;24297;23041;12626;10694;31907;26892;26561;1796;24971;18868;2027;3931;62;28592;5116;25692;15325;6700;21692;22719;21776;7361;20147;8440;10314;13476;4753;29195;8527;15902;27853;672;2036;24124;14475;8794;2598;29895;22979;23397;
10030;27254;8864;21070;24627;12131;10278;22552;20993;32188;18968;25228;7177;13499;29209;24272;14504;24536;19985;4667;10924;15933;2514;32104;9236;24186;19452;30089;2583;8826;31261;26622;31336;16309;2077;31783;13753;4008;22234;1910;4990;17538;26127;1992;25331;22049;23930;6133;23904;15164;12606;4773;3483;17122;25990;22374;20687;8739;13675;26108;21629;2573;8472;17400;13760;23002;10027;24717;9685;16743;11615;27294;14298;26600;23656;19739;15318;27355;29471;17806;19194;18746;21727;18673;26919;3829;22319;10947;24496;21663;4769;14939;13664;26471;15098;19067;26559;11595;17042;22312;
18833;6536;19710;15801;10912;17749;13549;15151;11451;208;10576;9412;27135;28729;9662;3783;20565;2398;18966;21926;22076;1366;21862;15693;27849;6770;18443;6830;21227;4721;28954;15265;11764;4339;27391;239;2901;7729;19300;24233;12201;18922;2645;14015;22262;31393;25761;16845;18991;15621;15747;31288;28157;10161;17281;15738;11966;10005;23701;6074;28111;17844;7563;28064;21510;17553;20650;30823;11651;6115;20374;18484;12969;7184;13429;16550;25191;5849;9809;17326;20924;22738;17597;32417;5242;4886;30396;3467;9034;13624;8414;26823;25328;26493;1708;20684;12496;30024;23366;11338;
6321;15317;17739;3190;6082;28970;23033;19361;4314;22347;21398;31248;22020;12206;1806;3336;27451;750;23773;1064;26226;4291;20783;30972;4312;31794;16198;19662;11609;2049;31773;26815;2152;30574;1099;17431;13564;26401;16681;9434;6872;12894;10551;20124;14864;14463;16316;5013;18377;5794;14253;31736;2112;10655;15824;30593;2574;27709;11809;19789;9898;1445;14453;15855;27695;7190;14429;3008;21599;16347;17485;23926;27880;634;14334;12025;21735;3631;15888;17522;13227;20888;7412;21412;3259;5042;19209;22399;5402;1028;3589;16882;28105;6938;10647;2;26510;24373;24907;1049;
13300;24897;20909;19104;10131;1543;25777;3279;29073;28580;25938;5572;27753;6970;30330;28115;27627;1765;28962;20510;11397;29681;28090;7781;18368;6474;31947;18207;21005;23091;21211;20937;1474;21819;27537;1406;8032;24429;26649;24008;20247;16328;11466;16822;25484;16111;518;12590;4569;24353;15458;23685;32469;20586;12295;23117;28055;29979;29529;28526;14133;2681;13526;7545;28625;18866;10304;27448;23767;5397;20222;7050;8320;1409;8128;18029;16027;27678;20834;2141;24204;7244;19731;15325;28309;4569;2998;29011;3156;18295;25224;6424;22157;20845;771;5072;3114;4236;12803;7415;
7296;4453;31272;17341;3284;27577;23931;26132;22302;13873;19028;25095;9740;25167;22395;29005;4682;5285;2957;25374;17665;19781;13217;10309;9118;29816;3372;25975;26836;8115;18210;32739;20196;8902;7774;22538;12060;16727;6468;9937;15005;5263;9893;12500;12386;30995;9186;17406;13438;6454;3669;13143;11429;26477;25580;17692;17902;7427;30487;18197;2007;4365;14821;15651;6282;31649;17514;24089;5727;31043;6755;21196;10913;25248;29725;27502;14741;19583;3730;16151;21432;17396;18133;27045;19529;6870;1201;23494;6407;22644;14477;29011;24380;8836;28819;16864;20986;12892;18706;24465;
17829;10853;15392;30767;7345;24524;5251;3194;29101;27770;2002;12737;8833;7495;15319;4529;8436;4202;15160;7275;11377;6196;7510;8409;22794;13823;25974;16193;1981;16737;23839;27162;13302;4005;28098;26911;14934;12155;15777;4771;31923;3310;5097;12068;1888;4503;18465;15138;7086;5392;16584;31537;17330;12716;17722;5710;21321;20837;9940;10863;31322;1814;1368;3934;19547;2027;12947;15302;24855;22805;31037;142;29358;1474;19232;3687;7389;29004;6781;31137;8575;6576;25259;12355;22100;24131;9217;5722;8194;7840;22262;15505;7769;17893;6791;25858;28123;5663;8665;19020;
8828;18434;9504;23782;24486;21214;22975;27315;12672;28878;13745;25814;2928;13107;551;14279;4063;15200;370;27046;1340;27543;11300;29392;7235;9269;18802;1201;27519;24873;26333;13017;17421;19370;29458;12881;17316;5162;14;9007;18386;10373;28805;6248;9864;6783;5253;20966;20441;19053;31063;23770;15615;10802;28838;3668;20639;11373;4834;3089;3150;13297;16615;22419;16211;6006;26842;3959;4782;3470;4692;23300;5722;5338;30147;13312;13264;11389;8973;711;10700;28881;31606;16542;30035;28761;707;5188;19445;19703;19359;7370;2896;32095;831;24229;16853;17100;24642;1794;
13519;9970;30939;31065;1952;5683;17457;23365;26702;27157;19206;4755;25919;30708;19351;27032;20545;30708;21700;19912;21198;22586;7281;23685;6029;20572;5420;12853;11547;18709;1808;12183;1548;27710;12265;10583;14893;28921;11929;13792;27916;30768;15802;3441;32187;3390;388;12403;25552;7915;27889;18442;23984;1182;544;29930;21518;25550;29175;108;5806;2490;24333;9184;22127;3418;18375;23077;136;19861;23489;28536;24338;8116;16495;17290;8903;16919;2308;29141;14857;26406;26002;21551;6438;27787;19827;5024;22490;4767;10473;15217;18453;18465;15873;645;27135;24110;25789;16109;
24889;14445;18033;14262;20326;19851;11374;18693;14315;3047;8670;3687;20722;30350;27887;1890;26037;3689;9012;27216;11769;23477;23880;6509;16088;11188;19892;28206;30916;22178;16146;20180;5833;8683;15731;16962;17170;4763;28415;30219;21679;17430;24539;27344;6806;5897;17744;15049;22503;19616;31785;11937;21876;25082;18012;5255;11392;16346;3053;3458;11975;4767;8976;17668;4031;24182;25486;18115;13086;9166;2409;26308;17564;10252;10947;28600;31994;13952;17660;2956;14403;28056;9499;6716;16722;27732;12143;27368;30356;29690;19062;2857;11279;21003;28925;8357;28323;9845;12169;225;
3216;23050;4342;31575;1849;22833;15966;2505;21032;26332;22076;23252;849;7098;16081;27336;22683;26029;30663;7863;13980;7038;12053;5580;1188;30928;7458;9438;2558;5714;27693;12357;12402;12857;12012;22509;20494;23790;10867;10665;26663;24067;30552;19913;27034;25964;15893;25070;30295;23788;4781;30237;14881;28109;13203;24595;16527;3796;12231;22744;27735;11892;14402;6295;29643;19778;8340;25773;1700;7337;21196;17408;255;30175;15000;19858;20389;15639;27565;17750;27023;1273;1897;31554;682;1615;9655;8357;23511;16385;17716;1979;21558;21315;1680;382;8100;28685;14134;19904;
18050;26059;28463;20855;21177;11351;17987;1880;19962;31012;25698;24231;30027;13500;28995;31821;17855;25708;10059;4651;18052;23613;3504;16558;13347;19751;7646;13987;28932;898;22554;845;24369;27069;2917;20149;1883;9042;21667;27714;12578;21497;6396;31625;20625;26397;32643;2918;27880;27532;11797;29516;25759;22386;19844;22233;12967;18568;6389;1966;6387;5257;31879;14717;21559;15846;1846;15459;15600;8378;13310;12665;31140;27648;20035;28070;9835;15108;30064;32439;5550;25367;991;1713;3631;18823;23801;24933;10825;21966;26270;18502;15482;21514;12743;26744;23838;23469;5737;7977;
1405;3702;18077;20516;23560;17312;7423;2723;5600;29529;10835;28773;4504;30325;18031;4865;3900;28260;10325;15226;10642;26977;18847;20499;29855;5869;6432;19557;25965;8316;16584;32686;26380;31342;712;1388;16599;16704;29175;11307;12792;30468;2420;16027;26159;13582;26509;25317;10191;9713;12256;1087;29449;23466;22720;31423;20076;22042;26587;25964;3245;19898;25113;27291;23460;5770;29383;21113;17560;12106;3572;12260;444;20717;4635;2943;19705;4683;11523;17669;3054;29718;2020;7901;32054;26895;32459;10223;19177;11897;26431;30647;9829;2254;10789;28823;20814;14514;13537;31858;
14291;15397;1470;30582;51;12284;22416;15673;13184;26002;12440;3080;25508;187;22695;12924;29345;12793;31366;15181;24349;24819;29846;2923;14877;23330;7348;9803;10769;23246;31583;3199;7953;31289;16925;26762;7270;26394;282;32242;15180;27212;24595;3735;19190;6088;24178;10818;12755;15057;24251;7297;29712;21102;294;27827;862;12829;4494;9311;15349;6854;3209;20426;13016;24558;32729;27848;14683;27949;18947;15314;14819;16354;32061;10073;20974;10533;27021;13658;19795;27645;4656;14131;26314;3027;4665;11189;29102;24359;13434;1914;20738;14978;17063;22392;24499;18348;20409;29143;
11804;23838;401;10496;14543;27066;7646;13559;31891;18618;24128;18154;2985;4583;20398;31498;2132;14859;16661;7321;10392;6056;1345;28740;10049;8170;3073;30900;17959;28635;5766;26976;17841;30166;2829;15269;30104;20286;11198;6680;17133;11887;13523;5659;26462;23797;9724;23470;7605;11773;15106;22408;32673;29960;22443;871;28857;21735;27359;19620;15038;31459;3336;18698;16160;6716;23999;11752;25028;15317;25764;15717;4357;13869;31117;7700;3833;24977;30692;20680;24565;23696;16714;14506;595;29872;21376;27016;21362;1887;30088;12400;17919;28460;16391;2686;19827;20791;1262;32242;
8925;24294;23129;2437;18146;24538;19640;7678;25858;6178;31788;22016;31773;24238;10548;24614;28725;30726;29832;20306;26997;2364;22085;17729;9330;14110;4171;11107;6066;17841;8163;28138;4715;19419;29350;27937;14476;20320;25242;6400;1;23824;15773;27389;4915;28990;23559;12836;15567;17523;2699;25962;16585;20580;19294;28735;18080;8482;12955;11618;14563;18065;25063;1017;15860;31259;26449;23265;11788;19621;891;22083;10879;28866;6911;4968;14914;29991;22284;22222;4010;864;14672;24699;23414;30401;10011;23185;20752;24478;12225;5667;16400;18111;4672;2631;26370;17678;17954;18796;
25449;17299;2981;24814;25348;30626;18202;22248;31311;28499;11147;14922;17485;16947;30880;31019;12165;14905;20419;29024;7242;2300;25731;28493;12352;23842;3126;3835;796;27676;28899;13163;2219;17425;27487;2090;23574;31255;18613;16678;20580;2217;32459;3264;27200;29270;5187;27682;9981;31926;16288;26067;13527;6050;426;18056;124;17572;16147;25662;15307;4781;7514;6021;16859;518;9968;24351;31807;25737;31386;25033;11656;3601;2582;16985;17676;26927;11265;31241;8166;17439;1272;11539;23358;27130;3070;11646;7115;23596;11805;8247;28309;16425;21840;30819;9984;21852;22177;15604;
24070;1888;2959;19578;30404;28787;6834;4924;19512;24616;13218;26504;27721;14940;16916;71;1031;17002;23622;14804;24885;9891;28830;7439;11525;24568;30350;23725;17442;14842;9914;15570;20467;5893;32349;6369;1311;17591;4584;31635;11084;29863;29421;32070;21037;11604;11580;23704;22459;18268;8012;1333;9154;19183;12764;30957;15520;16770;13017;20234;6473;20424;22403;15840;21647;11230;10700;25253;9633;17350;25856;15235;16849;10262;1451;2028;2970;3825;4280;814;13025;823;21974;11591;10875;5113;12576;5626;5872;6192;4092;24098;6782;23214;15683;25415;8801;16980;14499;18799;
6482;19078;7490;22326;9038;24540;23460;22561;18072;29978;19151;31024;9729;25699;21677;21426;12391;28841;16817;6749;27004;31592;26557;7326;12232;17044;16452;5166;9202;15056;10668;28902;5435;23008;22518;5844;5963;25953;14496;17038;9520;6583;19914;1990;30116;15688;17561;7711;25742;29672;19161;28735;5580;26259;26598;8486;13616;4962;23756;31678;30664;22968;20397;179;16995;5820;18019;1668;6480;26125;13415;8155;15721;23217;8177;15386;6737;17486;8801;13878;27129;21660;18398;17864;12649;14618;4669;1633;31421;32000;8996;2334;28781;18293;20847;9341;15826;18947;11730;30319;
22758;29512;15040;19631;6476;14830;23436;26449;16528;5085;16079;18846;22447;28078;18441;3359;1498;13923;15499;27384;17527;21334;14228;28536;5225;4208;10682;3053;6289;24731;26507;31421;14740;634;2933;10674;14047;23895;12003;7830;18665;10845;16041;2560;14520;15879;28322;31853;4263;1496;4247;29074;19046;3661;21091;9713;7746;9488;10069;27307;22439;27502;24790;27541;21219;27915;14924;7053;2092;3796;23614;15119;18405;27190;6840;11523;3101;26765;29425;3545;857;13024;3115;16600;14483;18891;16347;26547;31874;22972;27914;30814;29724;8035;6907;25887;28762;28771;12046;2792;
29499;15438;14820;23012;1547;6608;8132;27728;17637;13354;8253;32652;17271;11490;269;882;12037;17849;24642;13286;20912;26334;29087;28846;23289;21857;11073;18309;4481;11754;9603;25706;21010;30635;12830;23614;32739;25491;28309;1422;18968;3013;21968;21422;27273;18248;5382;26631;16836;26112;10209;19889;29781;26845;32733;4933;27973;2642;15090;14060;27104;11017;11634;6332;29371;30421;17204;26437;26102;21992;31730;14950;30399;32326;1776;20582;17943;14713;16862;8511;30937;12934;7936;15421;28408;24609;13964;9160;8;24349;1876;7038;24832;20774;10916;7302;5950;5042;32622;25632;
7371;25397;4260;20608;6625;16020;15078;32732;22442;7901;21853;26052;20555;22325;25063;19122;33;12562;2164;27106;23626;6314;25008;8547;4712;28075;21730;26735;30113;19500;3347;32760;15595;25059;18804;4483;30342;9113;3322;12345;21705;30428;29003;28731;14370;9204;8413;2103;6745;9240;15452;12601;16148;8161;12109;14531;19872;12798;14322;31007;14318;16938;9837;11252;4828;3163;5927;19224;17334;10300;11379;29605;9981;9438;2927;32591;5223;3242;8235;18420;25638;26011;27918;18805;22893;426;26997;5573;5681;13193;13212;20287;31789;15251;6594;7485;7976;260;16008;20198;
11386;27493;23707;8263;27597;28747;28050;21926;15649;10561;14362;8466;14355;1539;2384;1599;20574;28397;7534;12433;9122;27570;31658;28535;21604;8785;18779;19706;5718;16965;22622;29334;20441;12284;29880;20552;29889;1163;13692;14824;32344;13728;21744;28345;9381;31160;21483;16191;15598;15506;27777;17744;24955;14307;6114;25198;18077;1099;11136;30804;24815;13960;20848;4047;16604;23786;24595;25039;18273;28934;21749;30398;6164;4527;30453;20496;27750;6434;25511;20508;11301;25473;3062;21546;28485;22915;25614;13517;19679;4969;19065;8307;7034;10292;27271;1082;1674;32021;7668;30469;
7478;10533;4549;23248;15966;16726;12915;10304;1501;8361;9035;6270;7947;162;17685;8518;8326;30202;4084;30523;21811;9619;17549;2686;5759;17841;14443;12670;7147;16230;16802;30226;25543;1102;1459;14533;6461;27773;12208;7792;7058;12470;20897;31759;2729;21725;29989;13517;31945;5807;8029;15969;16799;13489;19461;16285;22151;8550;9188;32068;28679;30405;29287;2333;15516;15850;7817;26437;17594;24332;10997;7625;3086;19887;367;25204;22534;17691;3440;23270;16275;10508;27152;8934;26670;24235;10025;3322;5145;12733;27066;20788;26087;6683;27529;7758;32062;30050;7693;16634;
20700;2283;29834;21875;27096;24574;6526;14168;25642;23106;4924;9146;22638;32376;7127;16756;4837;25961;12353;954;15293;20765;6836;6901;21650;17486;31825;26574;12084;11804;6664;9353;16811;32259;28855;14485;31608;13321;21654;27233;30;16700;8146;25457;27361;19547;13432;15024;32718;11988;21909;30984;28155;15854;7068;19504;1808;13384;2055;23493;4102;20354;31809;29853;3887;30266;6084;32344;15223;31290;16766;28471;28905;19183;24698;12850;20085;11294;1980;13124;24816;17618;6509;1546;32604;6809;9528;23180;15466;19695;1523;13403;4413;9467;642;6108;9585;19833;30200;8675;
22620;18168;17152;15747;28563;27717;5756;27685;3760;6951;15723;21464;23635;21836;4624;2024;30823;28036;17489;16306;10151;5421;349;28598;22624;24046;16017;30958;25720;937;11165;25183;13487;4778;4066;20717;10533;15909;5919;12659;27421;31455;20813;18707;3072;12843;27079;8139;5541;8472;22958;31049;28623;14313;6540;20481;16119;3525;5687;1660;8268;15536;27897;17139;26361;14778;13037;10524;16038;32118;19372;26180;22337;4270;4905;17310;32254;20821;24282;13019;18332;957;6681;2298;12267;1035;457;23394;21131;11239;17212;13102;8438;16504;596;2760;14784;31887;2793;18873;
17694;2850;12651;12991;31398;1533;9929;30752;13397;19636;17297;27199;13014;18396;3672;29805;30465;27770;348;23553;21667;5052;21352;30123;8829;31463;18424;17669;11151;32657;19102;14955;17814;27664;22948;781;12499;26674;1011;8002;9486;25135;32307;13088;12251;987;4916;17737;18460;2080;29581;24583;15047;1196;10371;18588;21737;31719;11820;16595;28395;19240;30932;1755;15636;18728;27039;1877;2384;10423;30320;30124;14896;29613;2314;16037;19249;12836;22901;2359;6721;4580;18340;14748;11903;8735;30804;10920;23619;30559;14647;4442;27230;19388;28754;16049;7331;28498;6819;13248;
18342;7410;7688;15365;20931;1816;29276;503;17762;12573;26083;20958;22650;26798;232;32487;3412;29565;19620;7800;20626;17718;354;3521;14447;20917;24545;30100;18760;20342;14842;16502;25436;32333;28290;14070;15824;18007;23666;13885;4854;17200;4421;13543;25038;3942;13986;2577;26829;25646;827;10931;15838;24918;13045;20785;10151;4475;19017;17196;7181;32380;10474;10654;2042;27182;12200;12070;17501;32594;32148;22688;23667;3780;2149;19449;2374;11509;5146;31041;1651;17306;19937;23042;9263;27558;3640;15057;14988;9078;1618;17186;25081;13644;23740;12129;5384;25087;32064;28990;
8053;9201;8202;10824;32355;7744;19465;13501;5608;3137;22680;11936;24524;17706;12894;15117;30606;10254;26482;28106;10152;1039;16067;5406;23572;20687;24248;21990;7695;19239;18195;19941;32029;18972;8731;12380;2381;24590;12538;4314;17086;7219;22372;20566;8802;68;2681;24699;8194;32374;9965;20803;22915;5036;29286;23751;16231;20971;19493;25942;27287;28430;20713;6596;32607;11195;30224;13316;16826;9877;24576;1529;16080;28595;30661;18570;12221;28754;1019;24821;31124;31430;18671;4197;28323;5815;29697;16838;13561;23945;22093;27096;30246;31516;12938;11650;15426;9910;8753;17002;
8241;10301;21986;15810;11556;15786;13573;17765;7523;29882;8365;22306;21579;19686;24001;6743;14738;13718;27229;28610;22995;15506;17014;13205;28742;185;22461;26056;15822;15605;16582;11443;20794;32622;25450;26076;9412;24830;7786;14606;13534;20710;13908;25003;29743;18623;2475;8770;16600;31923;20546;5732;16123;23532;27113;22196;15486;30029;75;9022;524;5216;23;2058;13661;10896;11614;12272;12472;22681;22333;22957;29622;11324;28347;9015;4424;26167;1268;8014;16123;23668;29816;26964;27003;19585;14830;11102;29270;12864;16381;19083;31491;30432;8812;11669;24867;3083;11399;20901;
20486;18273;5829;8556;2929;4646;18345;17007;22431;16695;7142;19618;8837;10563;31174;8249;21083;17207;13260;19899;23895;29946;32409;17496;3772;21083;32268;14972;7443;27208;11693;1188;30136;29760;10316;20081;24985;29194;4837;27130;26427;6568;11975;10599;3582;7047;22261;30396;26273;6392;27853;7666;32008;24292;30695;32076;5949;14522;32064;4072;26038;28589;20888;1685;2262;18973;27416;25316;4021;8018;30264;18562;21540;21360;12768;30916;22508;20391;22221;11396;1879;19115;3639;16428;1266;30052;15281;26128;25232;24550;7760;21249;27538;10915;3343;6430;25702;22495;21106;9454;
25422;20837;27498;4268;9827;30329;11641;16866;2777;17933;6166;1338;2436;31032;21843;7312;23707;8675;11709;29515;12989;8646;29572;27886;4913;3475;10460;490;22386;20592;26018;7863;24043;9131;16451;31010;23039;11945;15834;20457;25932;25376;3480;18565;13873;27014;4969;24391;8077;12746;1492;7590;15818;31809;8995;2776;29979;28387;16837;2719;9473;2743;16368;7782;13588;5516;5771;15500;24320;19434;4938;12800;22990;28488;32283;16910;19045;1151;11713;30840;7504;22143;20414;25033;11713;4417;26487;7654;24022;2301;18579;230;1052;412;4260;13859;21074;2672;25609;6545;
6511;16931;29203;15183;3814;5869;1126;16764;30504;22282;7586;7244;22890;9580;27459;16475;8361;9901;3782;23361;19948;31303;526;13926;8138;21511;6917;15384;21291;18879;29318;21210;24915;10556;12923;767;24348;27255;3906;6776;24962;4623;28758;17131;2917;6135;3115;15877;10379;9836;31577;15376;31205;17707;1789;200;5907;17632;13916;19050;2345;32481;24522;12047;692;15644;16587;25656;22776;24143;24951;9386;8828;2679;18211;10364;7881;2954;14909;25454;19310;7784;9080;32124;19015;20495;17449;14771;31999;15119;19953;16196;31188;14655;7581;30935;15770;23981;7498;32289;
16131;19163;4557;15289;18205;14632;22354;19751;13084;16780;20802;15678;858;16520;4459;8365;23452;25949;31323;16080;22679;16765;24844;15564;24243;27711;29127;32474;17934;3798;23618;13283;1988;27780;2828;16206;20590;15115;27178;29974;7144;24421;259;23583;15960;25268;25465;27338;32363;13180;15961;29127;9442;1808;757;10538;9550;28490;30223;5057;17431;30847;9721;11429;24003;25522;3067;4880;13173;20744;23797;10350;24756;28284;19781;21687;24174;32468;19435;25851;14141;19668;30955;14399;20712;24241;23283;11911;28461;32201;6206;3636;21438;26256;14008;21392;8073;13518;10083;7848;
22844;24584;8441;13146;15625;23611;3539;16302;14759;13009;4361;23658;16025;10189;26331;31712;16306;16201;9296;15115;4569;14114;6684;18650;1290;18674;24263;22476;24477;18494;17420;19901;7883;28913;15232;9728;8302;31241;28276;14765;6664;16529;3355;25148;263;7887;6384;10835;18503;17342;11858;221;5849;7871;4465;8796;23555;13195;622;11392;25735;27244;7358;4088;21800;12461;17872;21640;11883;32078;28399;25436;15771;3581;11881;19356;7951;28738;29681;13632;13744;11002;23618;30246;15285;7174;26629;32097;20657;24132;6645;2261;10448;19390;16449;22785;16733;28706;27953;22299;
16008;32627;25357;24930;22119;9469;30523;12720;27962;16014;12455;4686;18163;22499;9576;21773;29174;31329;23456;16530;20253;9478;12707;26610;23295;158;4444;8319;7282;9274;29421;2529;23630;32222;29334;23656;2676;13178;32216;29088;29711;4123;23514;15142;12058;20835;5387;7099;24355;26935;32265;22167;14158;1975;27074;2303;23964;371;18137;25114;4973;26075;11339;3329;18244;23032;6482;277;29643;2906;27785;11413;28695;20306;22097;11632;5420;16993;19060;3159;23748;31727;13577;11799;23884;10816;30360;28454;18224;10917;27518;7547;18264;29167;658;17571;29427;22825;9992;18;
8307;8839;406;18359;20952;19097;21718;27347;5170;31172;30956;11530;30817;10739;14952;14779;2336;21642;8302;24973;25154;15516;24084;22090;19770;10589;29451;22769;1761;9434;16258;3590;4724;4839;3911;27693;15836;13401;24623;30967;15155;27254;26553;18428;29571;20138;7150;28714;30417;29308;17291;27484;11610;23487;20834;5166;11804;4365;3838;13840;24216;19057;23174;25498;16343;6756;31715;1824;3243;8955;21797;24965;3383;11102;29219;27476;17329;10620;15202;19468;22119;5117;20537;23484;23296;4216;19506;25296;26373;20967;31666;3115;2464;15192;17373;15734;4771;6885;16820;18871;
19147;4325;25728;12837;327;30564;1908;26939;4724;24017;20110;19467;19435;27895;19134;17877;20925;18223;10570;20952;26877;14547;29297;20328;19327;19701;6991;23617;26848;6737;28416;10523;14534;23681;4872;31870;617;11632;10994;22488;15699;29457;24376;29389;28516;21841;19299;206;11288;20554;6003;29933;6413;14009;16513;14319;7103;14514;21667;1187;5270;17042;9744;24179;19236;18486;14725;22073;28583;20586;29671;4436;21974;21668;19241;18170;19674;18675;32368;10191;14490;24626;6517;25527;20539;24705;18219;16873;9703;7158;14243;32582;23502;24975;7468;26344;10859;31339;1214;22781;
7177;1850;3481;13270;8581;20979;17449;21307;25685;26565;9261;6658;31177;3919;1560;14816;23441;28435;31671;11646;18816;30760;24597;6351;30864;26928;7836;930;13093;32138;30076;8819;20118;7369;14161;8583;6633;7780;20480;9784;10718;30126;4321;31373;9776;23049;2084;5901;31767;16215;26477;32469;6673;12978;15810;8681;6370;28509;2215;14792;30169;16378;24711;21571;16982;32765;17494;142;27785;20832;18549;21144;1404;23193;11478;12440;10324;8393;7776;7912;26324;21046;10133;32279;24354;5371;5234;28474;24270;11774;19862;21122;14096;5155;28327;5140;9809;17343;7154;15124;
31469;26192;23377;28419;21304;8811;29778;26444;7871;10229;7061;31001;17616;19606;28022;14187;5180;19563;31724;22890;24667;763;29617;23290;28497;12397;7332;2958;7568;7928;14699;32577;23198;15514;2652;5667;25369;32013;30622;3536;23544;6135;9867;20808;13075;30561;32345;31482;26854;27242;24570;15650;10129;28732;5440;9301;19236;12096;15173;26714;16154;27790;11274;16188;21795;6056;11102;26269;31015;15975;23298;22349;26247;32053;14858;22300;17062;16253;13190;23788;16552;25696;98;31498;12921;7082;24715;17342;11025;3844;28499;23584;5623;11115;5911;12590;26628;7904;26655;796;
19818;24161;22213;15083;30965;18457;9434;15933;30864;13780;31301;13672;13066;5045;28909;30665;29466;20267;6106;4699;9121;12833;12695;7303;8496;32373;12762;20286;17610;23980;15974;4678;3051;30948;14129;29649;456;19721;2498;15956;19929;3916;21470;8342;2965;13777;6499;7176;20349;30888;4468;11604;32091;24319;20182;25400;21452;11414;18330;22421;20732;17267;32765;16067;21681;19926;23692;296;9099;17519;24460;4873;12170;9423;21912;32415;18896;27677;13708;21614;8616;10762;14242;30162;13512;16390;26587;28123;5331;8373;14241;19546;9762;9116;21162;14140;15300;16673;15135;9751;
13507;19122;28926;31747;32425;29508;10429;29611;8515;15359;21808;4516;14245;6455;2220;4349;31342;25503;29037;32279;16206;27065;30005;29622;4549;13713;12342;11865;18733;23211;23346;27079;16378;24634;23777;15595;4161;7058;2707;26593;31095;3808;23574;18513;21372;8217;5850;26620;13015;15408;13395;22932;8772;14988;1951;22481;5484;5305;26217;23233;30963;18014;22797;5984;951;26991;5628;7528;11607;25251;19555;1898;28147;12841;519;28958;11059;15511;2163;10232;30347;8227;19798;18939;189;27157;2599;18130;26271;16508;5898;30493;15134;21536;25847;15881;29315;11961;25369;26915;
4853;12638;21364;17006;20031;22336;21195;2226;26836;4248;6081;16920;4624;18910;11582;7412;4545;29500;11284;21218;28390;7234;14307;16916;29623;30683;17210;12522;13029;23680;24318;28611;29218;5291;6416;19732;7652;5007;11818;4023;10854;25094;4874;27525;1520;22475;6355;9254;89;29929;12464;21032;19402;28531;4794;32335;31428;18806;19484;1836;8037;812;30836;1265;28647;15730;10877;8068;5225;24700;18412;2770;498;6856;23703;7526;1715;19536;10460;13626;27532;12804;28481;24269;20178;25975;17752;29301;7248;1241;27622;7159;18059;5925;29251;85;9547;155;10500;30183;
7510;7025;10200;685;30079;18630;27312;5348;31967;3543;18979;10711;26211;4469;21264;22264;32135;3511;16773;26927;6240;2540;8927;3698;27360;28883;25395;15766;8022;22287;18925;20581;22580;1493;10679;1008;32533;7656;18333;21287;1278;26311;15726;24486;30692;7716;23397;23762;4463;23449;19720;12581;8958;23703;1361;16838;747;19615;13836;7261;24336;23988;22144;29477;6282;17680;32081;8003;3260;28694;4517;7510;28567;1416;6022;14415;6937;1786;7048;22147;30740;9862;427;7422;25649;9410;15234;23834;14644;19183;10645;81;22914;21875;11269;26192;26080;25226;9838;26956;
125;14648;31505;31897;16691;31874;16691;6521;16138;7901;15040;28210;21246;10727;19764;867;30722;11861;443;19351;27716;28716;20631;20763;30643;9013;15299;30221;31679;19370;31958;31414;12383;5942;18985;15898;12889;16925;30524;27852;18110;23734;29782;4615;30643;1314;29036;16123;28279;26936;10308;15461;11938;9407;4571;31330;5803;20448;2819;12933;18861;20954;11344;28711;26219;19448;22837;29438;12177;12481;19051;8178;2365;23406;6034;29739;28605;15265;1051;11887;19355;26963;4965;8875;18134;13582;10278;27599;1907;2141;13069;28639;29492;10882;13478;27207;24744;15718;5757;28784;
22884;1750;8070;9360;20879;23019;1980;2758;30884;13514;28425;13414;1907;26254;15206;13714;12137;20867;8771;6410;3858;7573;24873;17988;20444;28424;27038;3520;20766;30057;1097;20374;1112;26308;12118;28753;24253;15127;15388;4095;1006;15367;28669;14217;3593;15570;11406;28737;5858;3717;25336;31162;26256;1135;22175;4572;27436;7381;29441;823;24021;8679;14560;28056;14583;22259;1699;31962;25549;1497;16378;511;14117;191;6337;8832;16228;27653;1831;4576;24521;25723;8463;2439;15094;21970;26806;29390;1196;5457;19606;30551;8406;5321;24203;27551;13257;16843;1589;18390;
1994;25880;12957;8942;27600;5721;20251;25586;28556;6161;32631;7577;8359;12239;26446;18459;11595;20136;183;19779;4068;7652;17959;6853;10280;17400;13202;11987;25941;30133;25299;21227;26041;10174;18254;30963;12152;29759;19668;28295;26250;2268;24007;23186;9219;12520;5246;14619;21143;20440;7146;18786;13405;24567;890;8748;30163;18779;2621;24667;29219;9495;9543;9153;3236;16562;17749;20022;17316;30168;8116;14568;24677;10832;32350;21491;26725;3118;23399;25650;13282;24138;19351;21332;19870;26864;31833;17970;32736;25305;18643;27999;12987;26202;10839;17409;32658;18140;2042;12512;
7644;23180;10626;15805;3365;3156;20870;22757;8277;18953;17104;21766;20021;8934;13574;6976;27439;10809;31882;17279;12374;29276;27038;1801;13222;13287;8908;16723;13708;29988;32389;29465;26537;17859;8200;31661;4307;25295;23429;31888;12892;22241;9602;6975;4759;27284;4479;5455;20633;31032;9173;23228;25917;32203;31460;8831;13675;27685;4973;11614;6553;10866;11325;11016;32401;16101;3340;30049;885;1451;13476;5659;14593;798;12870;19078;26129;9788;11849;31145;30051;3927;26116;20625;28829;12045;7918;30953;11410;20859;21764;7627;2753;27054;10347;13014;29726;12634;20055;12673;
28950;28879;2347;16558;717;808;27618;31363;8618;27334;27821;17525;1301;2557;2781;28069;6271;21516;3076;1904;16803;2643;5207;11329;23564;22976;7767;10410;3544;27787;5553;15028;22971;17443;6498;23411;4679;28520;10526;18141;4714;28954;16883;13788;24376;27281;11818;32417;5866;24239;3182;3900;20775;8468;21040;30313;21635;17808;19785;28333;17734;9182;26849;8098;12654;17295;14736;2447;7671;17476;5316;20284;31065;5664;14179;20997;5971;5757;16305;21548;6631;25822;32371;5492;27558;1061;25429;7659;12077;7175;2185;11015;18416;28348;8625;29428;24630;22267;20991;12845;
4197;25125;11674;14154;2944;23233;27204;24856;29934;22312;827;17135;17277;8321;21596;25408;21926;1520;28814;18542;6931;28683;14174;18399;30558;18574;28135;19282;16924;2639;24309;115;2074;3444;18026;9900;29158;25571;3040;28479;29585;23034;4239;9106;10676;28545;5233;1481;1969;23772;30373;8090;15163;30853;21778;29533;26905;4282;20300;17251;10022;3443;28859;25481;22429;28311;1530;18701;18835;31343;24957;19616;17093;12379;21367;21180;22164;21444;22778;20023;11854;9041;18016;20761;9903;4190;28907;8107;26280;2730;7080;31184;21342;13391;11161;3736;1398;4600;26386;19987;
9104;2894;17508;3427;17937;20403;3001;12565;18470;29491;20543;20914;10758;22455;1161;3728;26743;13948;11826;750;28051;24004;31939;4416;32460;30412;18390;30920;19502;26621;14460;26982;1252;10086;8669;2481;5374;4458;19742;9030;28785;6070;15496;26977;3935;23671;10726;3498;32665;3529;17454;5969;12131;5490;28772;12380;21879;28880;4540;23872;6732;17680;7423;21167;26263;929;31535;23986;31507;13032;32622;4599;13693;12086;29724;12908;9955;30711;832;2061;24351;23852;32297;6905;4511;8475;18517;460;30567;25156;27025;15145;4696;24984;2914;17814;13746;30950;26020;27021;
30680;21910;24177;27087;29011;19353;24900;3580;27930;21664;12638;15201;28176;3980;15209;4113;11727;21542;10844;13367;30884;12049;17310;21930;2778;23037;20078;450;21308;1052;2690;20843;16085;32474;31214;7031;29178;8905;584;8505;4747;218;10506;26959;1909;13267;28471;15551;20859;26109;4162;31302;24887;24349;10283;13292;3675;11942;1259;19164;5181;17965;10002;32115;14227;6173;13743;7063;31098;3756;26992;21834;31678;28430;13066;22398;31317;31976;8411;11051;32300;29191;18382;2720;11559;7762;13184;8471;23395;17405;8609;26763;16830;1024;3228;6606;32153;28360;18810;25302;
15836;3372;15619;22359;16699;30114;27687;20376;2488;16819;27549;10623;26985;30636;29386;8173;19580;15511;5604;11346;25720;25193;27479;9848;6341;9853;8296;5795;24687;13377;16664;28124;26919;16432;14155;6282;12171;20224;17705;8002;27815;32028;32453;18912;31931;23124;1788;30935;9022;11731;5025;10437;20516;13906;31959;21579;19037;14988;23485;10267;25502;32242;31825;15698;6499;28063;9870;19977;18229;6542;728;6182;20008;19979;7578;25208;21929;24935;20014;22532;2422;2544;1277;11673;30958;20512;17639;17835;31627;28949;19429;18014;16045;17729;12012;21984;24729;32611;27925;28924;
15553;22454;15868;4076;19782;30568;8037;3439;17851;14413;26150;1052;19244;3285;22081;5622;27998;9276;1616;21056;17753;7936;4646;11667;23844;26520;24755;16429;17616;867;296;16012;30903;28639;25436;24636;32006;24603;28526;10477;21113;28271;16557;18376;10342;5738;1972;259;28669;2828;22489;21939;13518;15669;25545;24034;24204;9822;28012;2274;16400;11143;27919;14304;6048;11376;13249;26300;25714;4876;3325;22297;13676;30515;9098;29104;21806;10903;11680;20969;30546;16633;9292;12204;19186;26781;2581;7028;5739;9979;1248;16550;16481;19895;20241;8738;27140;15315;17395;1303;
32401;16164;2906;32283;23579;10754;10375;21627;31115;28996;28747;12239;11750;26220;10864;17362;31950;25118;25172;28273;3148;29399;10967;31778;10188;25563;22903;1655;29801;12399;31930;8435;14955;14153;4557;18460;26638;16965;15722;18129;12678;13913;3070;1502;29247;32715;32012;31182;13161;3745;24012;8961;31668;30554;14105;21502;19544;3035;21130;12809;28505;172;6878;9209;31497;29284;23453;9028;11982;24418;9212;9052;3365;27070;20737;830;22247;30079;745;15687;19404;30479;455;18762;21549;1516;21869;25825;30734;1951;5263;13824;18267;1778;12070;31696;6002;2910;14355;16826;
14818;1219;29189;18625;4210;8028;9116;6934;8806;5105;30415;32230;5885;18510;26507;13687;14654;21493;1436;20339;26868;15632;3537;26500;7416;425;7771;6688;23214;16669;2679;6567;18130;6606;4429;6571;13173;3865;31767;1166;20290;2952;26501;12115;23046;21320;15456;32686;624;31453;7023;14429;20757;13844;16535;24507;17590;4921;8517;29843;966;30347;18961;25906;18215;27117;16283;31936;25141;5342;26297;15056;3077;28843;14293;18741;19950;3299;16784;1047;15177;30732;16043;18503;22134;8340;17192;31696;18208;16907;17580;1231;17857;12943;552;8836;24680;9351;3768;23720;
31930;12436;972;32001;15158;15300;7813;18229;8126;3593;19554;25308;9043;11498;27419;11224;4897;20089;16333;23785;24763;30853;26968;18556;18343;8208;20997;5060;27677;23811;25709;10252;22284;1569;1942;20044;29534;18746;9822;10490;28797;5025;17949;34;11798;24288;28806;5049;5405;13737;29902;26671;529;1296;17425;16707;9345;3576;27889;16155;30671;2763;31360;20884;14644;23919;14944;30167;32516;22901;11816;29229;21811;32403;11274;1044;793;14164;29363;13458;24178;28686;13427;18121;20393;6677;23966;29900;27478;28462;6706;28337;17669;2374;24249;20455;24377;8804;30833;32458;
23728;4317;26795;10869;22249;21447;3953;23255;32228;17327;26987;18186;25897;15247;25860;26079;8715;19962;4808;27838;7982;23194;13584;12461;18759;6108;29410;7598;31011;25834;12819;14414;16107;30682;23726;23931;29350;15396;5530;13462;11775;30042;8310;1993;4936;31251;200;30363;1472;6953;5207;14017;14097;2852;11477;22327;11805;23029;27841;14736;11002;22760;27532;13707;3131;31444;25851;6886;6514;1172;30668;1399;22259;8635;14236;14200;18138;12676;5640;28195;15183;24584;26387;25727;7688;24500;1223;30841;20752;22265;22048;9782;3271;22085;15653;19880;24363;27187;12376;30303;
12373;7679;848;1442;28742;572;8869;6847;20964;3017;18188;1439;14144;24321;25539;2973;13082;23346;21552;28312;17319;31312;3269;27207;10898;22763;21286;7117;1600;31327;16782;1934;4184;7499;6511;12608;9603;13380;10584;31301;31344;22218;18972;14904;8732;15994;14129;17862;18768;9350;18006;22463;19307;4963;17016;4204;1121;193;28119;32548;1028;17344;28517;27162;1666;15201;12142;18553;22063;14650;26494;8883;31365;1135;27008;19733;22633;2269;25123;12448;10160;1688;6786;5652;25058;21912;32003;10061;3646;4527;24959;6866;3838;17086;25764;15788;21468;21801;20120;20340;
5588;30344;19679;25776;44;10912;895;17248;27314;11409;14690;28115;2373;28752;9211;20415;13462;22616;5677;16785;12336;29597;5736;22018;4534;22466;8213;9707;11628;27531;5172;3674;11257;13717;7491;5349;11628;837;2658;26174;7548;31742;26038;8968;7444;29847;18955;28393;9487;5900;15293;30177;17984;12915;2264;23514;10933;18226;29822;19072;15420;9072;12681;4434;5159;9161;28786;3065;6221;27718;1138;17113;26961;11660;25574;31207;1575;19027;2040;8634;18643;28954;28540;24292;8308;32281;18712;7042;11394;14712;2216;22290;7508;17854;27616;10373;32229;21132;12851;9877;
19159;26507;3060;10841;31416;23459;1212;8215;23429;19566;27915;23129;26988;10732;1842;6979;726;10872;31600;18467;7589;15098;22363;31562;25018;16223;7297;26651;19643;14150;8784;17761;17171;6908;20275;12774;12858;1195;27902;18241;10294;31182;7308;20207;1122;26856;11430;19877;9582;12150;22567;22757;14503;15394;12126;27344;3704;8505;12468;10299;6193;11103;21647;19716;29448;20610;4214;12966;9310;2828;5493;9484;27459;30045;19907;31139;19259;14712;23970;7347;13378;10492;11143;2287;27663;4439;13179;23883;7318;8246;10689;1293;11216;27711;12473;9767;16574;30211;9732;18884;
6572;13614;19177;29473;6067;1537;19447;6302;9089;2819;27628;13077;20317;22259;21974;22378;23141;29440;23160;3683;31002;5437;7407;24250;1823;6991;29334;15729;1598;7528;31270;22630;3756;11642;11810;28455;5262;5796;30322;11783;9915;12529;32077;16242;2756;7489;19293;1917;23090;32135;28446;15809;1294;32053;13192;22890;23975;15861;10733;907;4495;31898;2852;949;13287;598;13287;23239;15580;13869;16506;7;8818;25257;2957;29810;28289;976;5220;8273;30204;12627;4149;12045;5497;30984;10962;23876;5870;15770;14983;27932;9401;28032;27462;13528;28132;9771;9473;31657;
24486;6020;12632;6342;6189;15253;25716;2238;30362;13958;19763;27917;27726;29388;12421;10734;29540;19869;21526;5745;20094;26535;23597;29389;30149;28161;16596;6391;21803;28514;7737;7028;16372;4497;25684;18027;15732;15132;10698;14078;4890;1357;9745;31962;12205;2650;5845;31245;23510;25564;5275;29977;21471;28034;6821;4422;11962;8199;17941;8508;13893;6241;4181;2000;5324;7996;2229;6943;31695;17574;20822;15833;10246;25612;25416;8928;26275;9317;24047;28434;32727;18605;26027;11618;10903;25749;21943;18734;28064;18809;18770;717;4537;16274;16413;4711;2360;24429;25029;27913;
28871;8091;9441;24568;3432;27307;23838;30278;27575;20821;29849;23716;1135;11512;21644;14199;2608;17991;16685;7982;17536;21566;11475;14034;7183;26460;18011;4318;15423;5388;18122;22098;28131;30564;16947;25603;3911;21777;32732;21045;19826;1426;7580;6763;679;26021;647;20350;24114;28671;25806;7149;14689;20032;26336;31348;15824;30246;4053;23776;16617;9985;8973;13601;30892;23399;6932;5281;28076;808;19401;21972;20058;6532;28608;1041;1926;27548;9444;30112;17955;8999;7265;19476;17995;26982;449;20186;4995;13914;23892;21523;7743;8244;30166;11167;19113;16141;30028;16506;
23710;30935;21807;25676;25849;18836;21964;31035;5141;23494;1259;28164;5517;1318;6063;16458;22854;31640;7101;31022;28080;22111;17312;22559;20296;12173;21101;8179;20834;31166;27298;14903;1061;24070;17492;9412;15319;13864;3722;23955;7515;30473;32740;16595;21495;8036;23168;3384;21595;32446;26397;661;20703;26781;11137;20141;17165;10229;24601;15431;11871;18147;26848;22656;73;32413;21889;613;12666;25514;11456;6337;3168;8782;1814;14900;15594;24393;15515;19333;3473;4289;10794;14393;30105;25468;20927;8549;23700;82;23075;28352;14121;17890;12748;30204;24851;19077;22782;11351;
22636;14976;5943;5741;15916;26238;8138;27216;16365;5693;27082;6106;20209;29575;16169;11074;18533;8548;18209;15854;29415;21390;4051;27016;30023;31269;23343;29012;10890;21924;13075;5569;30517;1812;2231;17982;968;28799;25416;9550;136;31144;25043;4831;22145;3321;5221;12504;27084;24765;28785;5617;20750;24719;25713;8903;9793;19218;20176;11568;21687;22499;23560;30155;2139;31180;4104;7132;8763;4411;32472;855;22083;8946;30847;24891;22091;26367;11301;25121;11861;17391;1653;7957;13839;2623;20293;21668;15264;1043;19065;4150;19360;11562;24612;18335;14952;10002;4081;3824;
21133;15768;13250;24723;19623;3971;21910;11159;29783;12162;7344;7240;7816;20834;5622;21251;21748;22404;23447;32072;23274;21647;24560;1297;28495;21858;24497;19042;28644;1869;16187;6946;16838;3712;22349;23849;9019;8387;29920;7834;19115;14440;4175;115;30445;29566;32699;12130;21701;29512;10414;24283;23978;20462;29950;31335;5068;29809;3829;319;16213;30436;10414;16409;4335;16602;21186;23874;19847;7195;9765;27373;26449;30619;17738;29643;10253;30892;30862;13787;20616;11378;27091;32644;20837;28055;17259;25313;285;21057;13881;13148;29509;13889;11026;382;21776;13710;9065;2309;
29460;10993;3372;17719;19537;1793;3561;8055;22127;4946;2357;27670;22343;30186;26190;10603;30629;2292;22783;13606;29516;23225;12740;27617;2619;27083;31023;26360;5935;29059;23178;19611;28521;23214;8638;26145;28593;9348;20596;28831;23195;23002;3705;23482;27657;26264;31079;27321;17905;24940;6018;27615;6753;7616;29152;31223;14016;6634;6605;31792;21590;7587;7533;22571;21007;7355;12195;2643;15227;12811;1842;6253;16666;18090;14626;4719;1495;14692;4710;5526;26066;6759;13499;1459;6754;20288;31443;28870;24411;13062;26547;20685;32140;1749;9562;8158;24204;18046;22179;29300;
3511;13693;16492;3079;19059;14380;3576;8671;4024;19766;13458;16425;13519;15181;14963;1355;2905;18208;25830;10101;7828;1415;4522;30840;30682;7681;16280;23516;3178;4449;2693;25388;14443;22724;7786;1173;27438;28870;26051;8112;26804;9462;30516;17563;17520;12167;1650;29006;31053;328;23649;14636;17139;17878;6778;2777;7238;30735;19824;2124;1840;6859;4883;9509;417;27079;22388;32576;19412;5858;27978;9610;25555;26508;1428;16659;23101;18043;19072;21605;25671;7583;8588;1301;20225;3161;22763;9111;14299;19944;17450;25942;11879;25636;3091;1284;9056;23150;13778;15663;
18668;13543;9558;20758;18462;24544;7930;6074;28607;13202;3173;15672;16462;24591;2222;11861;31045;21881;30660;25179;2974;31858;11534;30500;5526;21203;25934;21364;19377;16545;6091;17292;29438;14653;25263;17403;20636;31962;5806;28344;12925;3636;9704;15982;30058;12416;31249;7191;11335;414;30159;27340;19609;1174;9571;1499;1093;12354;25228;25883;7322;22088;28584;23420;3730;30284;19997;9186;11349;20835;21495;12340;1023;20938;17619;28335;24483;6872;29179;31105;1680;21809;9682;25747;9171;2877;24179;7590;30205;10712;7061;4769;11302;31051;17330;4649;5169;8827;25704;6771;
32338;5217;21023;2646;31182;23994;27372;26789;20226;20224;181;13755;23207;30872;11926;31575;11860;22861;7556;3755;6724;20733;31792;14511;1114;11154;11822;14523;12386;22580;30295;21845;23962;8382;8300;28488;23921;30062;28156;19190;1934;8416;19079;1006;12052;30781;2787;24257;32037;23472;15327;27922;21669;6937;17447;14317;9024;4870;23911;25690;17326;5599;10419;1585;21813;30048;25127;5423;11376;16460;30666;14410;16720;2144;1976;23362;15968;17542;2433;17017;5453;9036;9932;4356;15525;24980;1856;29954;31455;31117;5028;28204;25244;15842;29764;25262;25644;13617;20119;30262;
6228;18878;1568;22346;10318;8553;1170;30430;30482;12765;19767;24102;28628;25867;24466;5801;7630;25047;11588;22679;28991;19728;10028;29532;21940;5798;9682;9333;32134;10007;12550;20610;1700;299;27332;21149;23698;11233;8539;21995;31666;30889;19662;28016;31171;31187;31611;24104;30631;15688;29178;20307;24681;8056;584;21776;6526;19091;24101;2349;2123;13820;26810;9790;4328;14843;19327;22764;29220;2994;21084;15248;8905;13650;21263;12289;5153;24206;9165;2985;32184;31056;25900;18911;5732;9899;9024;14449;24195;26642;4612;21119;24452;28871;26876;15760;1193;11157;8729;7391;
28938;18626;8157;12022;30430;26688;32447;27006;5110;13347;5585;1878;6026;32600;27296;15586;21816;15507;7260;1702;2378;24969;2617;17939;21048;2656;14612;8352;25453;29027;15450;21789;21838;3835;9766;31556;13945;30170;17065;24978;16970;16250;8911;32085;24740;7366;14879;8453;21230;24343;5092;27863;12891;3425;25482;11664;9071;22959;29770;7575;25279;2764;15370;15439;3832;11843;5502;12195;21538;9866;26004;25571;23590;27003;12303;24014;10382;771;24433;29424;14733;12318;17439;23598;9791;9731;3776;22175;2609;22939;18918;18077;27684;23352;5872;4380;526;6788;12847;7995;
30306;9912;583;16409;4753;16142;14040;23786;29393;18296;14942;13130;10013;30098;31574;2512;25981;18901;20643;4839;12679;10510;32047;29145;7462;10767;5845;5677;1690;27557;21631;24883;30656;1738;1931;18909;2708;28955;17524;29392;30452;25484;32430;26299;11687;6490;7121;28392;9373;31553;16890;14353;14456;2800;25966;14708;18252;8890;22913;4649;26787;23950;26807;20660;26309;15145;14376;22743;23862;21642;31273;23466;8319;13478;13352;5613;21297;10590;7128;18588;19496;8366;20367;8132;12813;26151;28140;31638;28702;21663;20668;20409;26674;20519;28446;3301;1527;7229;10982;18606;
6015;25155;3392;6045;3835;31792;13974;19845;4550;22406;1459;6164;30885;1156;14888;10153;9549;17820;5614;23141;20773;13095;16974;7557;14670;18264;31742;30959;19425;26222;19085;30986;14967;14126;18176;27347;5615;24465;13758;7726;22379;31162;30633;8825;31388;21802;5774;12647;3392;22583;28863;15372;22504;5562;18430;20020;1023;27401;14237;15353;25352;14885;21988;19861;15143;5172;1203;23924;15587;26673;13672;7310;1578;2530;9219;28915;22165;9482;19849;8871;22766;28897;9638;19121;9712;14273;20373;14447;25677;1826;24133;16684;10742;7112;24500;11764;662;24123;14239;15271;
16223;888;3422;24909;29706;9702;20746;20649;17689;27275;7136;25873;27488;1664;28650;29821;4291;14498;6876;14045;27201;2955;16444;14256;13106;29633;20165;1490;28108;7724;25870;5525;3308;718;26983;2324;27412;4014;22787;21188;12975;21;4701;26188;7069;13309;7892;27543;8683;7111;16280;10279;6626;3116;16842;4780;17732;3702;24031;17621;19922;240;9798;16230;18705;7067;18762;13451;10574;11554;10809;19563;16352;9232;5574;6145;13485;14401;5548;9767;5872;18582;10132;28404;27449;16621;23353;2376;23221;7249;7114;24229;26543;22381;10384;20801;19287;26439;208;2137;
24770;2091;18163;22215;16691;30948;24292;28631;30105;30259;19386;24151;24920;2681;4247;29165;19020;1463;6351;5806;8715;12728;27469;19179;29803;5773;11571;10062;8005;25402;14273;11558;14200;20143;17784;20224;16176;1274;31359;26487;4456;29882;19525;4685;9901;4311;3176;7098;5925;23152;6870;31235;32209;18197;818;1359;8463;22327;2425;25015;1123;28892;27109;20380;18294;21143;20497;22077;30303;12984;18783;31880;12066;24256;13975;1073;16502;28440;208;23298;9676;25346;5524;13938;1164;14543;28223;3448;3746;22099;9896;25761;28217;21910;26371;8289;7878;2508;9478;20902;
22345;20615;75;12467;27088;812;15862;14892;15420;7331;10135;8813;15943;26451;20818;4896;198;18254;2877;26383;21036;29896;521;22582;1104;15054;21221;21533;16240;3637;5791;27237;1653;4304;10252;2464;20600;21734;10667;32358;23430;29922;3717;26789;7328;21325;10839;6968;28934;5882;3315;6587;29878;14208;11492;10398;8751;11757;9553;9081;8058;7609;2852;3487;23659;2553;7530;4342;26149;27349;21757;24326;5084;14140;5985;10319;28895;14039;4333;7648;2005;12347;31275;12581;29510;18274;19585;1537;22366;8284;10768;19228;10478;6722;31964;27775;26036;13932;4397;21598;
8668;32739;12086;11828;3782;1817;30709;24598;24330;17880;2394;11840;11194;32633;11691;15605;16103;29014;6695;25734;26470;26498;234;2992;14803;2487;31248;31786;25303;29839;2077;25983;28327;29431;15261;538;10701;27617;14855;4767;32555;22586;11239;9090;30525;21788;22076;20690;15518;9796;25375;31829;18894;15558;7590;10714;9266;5631;9480;30155;18524;1740;23298;23042;11149;18169;4473;13533;30328;20733;15200;18069;23881;27108;9436;6347;14566;25996;30374;1124;17781;31508;2226;18839;10782;15762;18446;28228;11794;3332;13324;22152;16076;5002;13987;19342;11159;8914;23571;25768;
14928;1491;11720;1694;31085;6846;13441;27974;29502;18737;26033;29524;9843;10414;37;3188;26591;27469;7144;9622;4475;24749;29028;24457;8878;9520;7113;22476;13771;20840;23219;29601;28380;15820;5895;24930;18334;11952;12061;17432;23756;31860;20005;15690;8352;3067;21187;18707;5784;11102;2301;8311;31862;9954;15191;5623;1162;10792;24380;8291;1331;16804;24736;2032;16804;4176;20708;27019;12260;3490;31994;1132;24600;24507;11977;1517;26885;9697;7635;18333;32209;18223;21269;13200;4361;6539;1070;17146;10473;29913;10692;19196;18647;1646;21796;3006;5168;30920;2344;13758;
3655;17276;6750;22888;7083;14191;23142;29926;10409;6985;4764;5177;6418;27687;4600;14217;25919;5777;21042;29625;2129;15275;30761;319;9149;22191;13189;11571;31753;22170;16795;24741;13008;38;6034;12852;25100;11257;30660;13788;31893;13596;30311;32528;6116;11182;12653;2313;797;8154;16296;31069;20301;6406;6962;28883;11503;3405;2828;24182;17078;27952;20485;2280;24966;6024;6366;16889;14787;18879;427;30840;30159;24640;8828;7242;24014;31532;28989;2232;26797;23375;31451;26893;24162;2898;14249;19297;28533;10546;32513;21936;26047;25585;24110;20783;21106;395;22153;32735;
23897;299;18147;28770;6497;11679;1059;17422;601;13321;25904;6976;2038;4824;17938;7154;18970;29943;18004;18064;27221;19780;18092;3336;5805;17988;27102;24609;12698;23061;7389;9997;15189;9892;27187;21825;24658;21024;7332;4740;20747;5038;29966;10566;18176;13406;30612;12084;23292;7261;5115;7177;4249;16493;11604;17063;15110;915;17628;24678;7944;24847;19488;13996;30271;29329;25189;25278;14251;9898;326;26581;18799;15233;23711;8053;32724;20935;31146;1018;3472;11245;16744;2420;18761;28052;4675;30900;27733;28485;5361;167;11972;31330;22683;29155;25760;348;31295;22656;
115;10279;23379;26665;7946;12523;11179;28274;121;8445;19100;16236;4703;12813;17250;20600;28523;25505;26815;30040;30751;16578;21477;29580;26836;11764;19094;24539;4351;21356;20618;31280;4018;30590;26641;31655;14694;23893;17913;2792;2807;31718;31922;19124;19952;8486;25264;14013;21001;21883;14353;17083;24558;4977;20352;28604;18754;10159;15961;19387;14820;19753;22541;3957;11889;22935;30921;20088;13322;3621;25426;28029;21847;24684;13876;21239;22731;20385;15387;1516;13354;6668;7041;12036;22857;26300;10633;12256;16406;14202;25643;17580;20951;14075;22418;25592;6583;14170;29378;20675;
24190;29893;3966;4825;2464;28790;12649;18784;32633;30692;16491;2989;19671;11323;16982;19548;19897;7690;22474;29343;12630;20796;86;7638;32609;15690;27103;18272;652;7599;20294;14001;15435;9883;10821;31653;17882;29163;15514;25364;17025;14425;13416;6567;18199;10992;28634;28906;23237;196;9225;31394;29964;3295;27424;28256;7433;28798;32190;3414;3576;15742;7067;30826;1272;7441;26479;11401;7181;20149;14863;6462;22123;4967;12505;1411;16882;22803;31571;14039;20981;14928;11279;3728;22335;9802;4306;4467;14680;17663;22004;3458;21764;27567;30986;21013;9229;13709;20163;11820;
4674;5307;8208;10500;9152;28533;8840;10472;20592;7565;20490;31818;14545;23063;24996;30994;6136;32101;29107;9782;5845;4918;2380;9099;25783;8490;7387;17371;14610;12665;15370;3383;8833;30181;30949;5006;18183;5869;19003;24959;31130;836;27975;25452;18658;21377;2703;2256;27454;5656;8717;4050;11272;6025;653;12058;15898;31447;20566;4579;6032;13884;24332;23121;15056;18459;25301;7685;4296;14390;15547;4336;14455;14625;26194;21092;28591;32247;16538;4209;31001;6219;18982;30062;9081;29281;126;5078;22067;14750;28867;17494;18191;19774;15249;10787;15673;1349;4137;20881;
1420;26040;25296;7394;31759;4620;25202;29531;20160;5343;29067;26270;23953;20454;9800;16947;23473;10279;5609;14696;5644;17000;28521;10075;789;25575;10593;5461;32707;19275;18218;31577;24025;5595;31041;28413;10091;1262;7408;13433;15262;14242;24363;26110;10415;11473;1721;9545;26423;8513;10644;2935;23213;7707;20881;19227;15148;19359;21571;14478;19574;23573;25117;11398;1594;8967;4312;29930;4498;11437;25876;18405;16336;27049;8002;27962;24186;17141;20417;4567;3219;10777;30279;31148;29980;31137;12419;957;4827;14798;15361;13430;24923;7564;20301;14911;7988;19364;3675;8273;
1420;18483;7718;9160;6366;4699;7064;24313;30459;19000;31146;16133;17998;29461;2764;30639;10851;9696;14727;26986;25003;18396;13409;11702;28793;6550;4353;15789;32081;12826;10899;26329;16994;14950;16238;585;14417;32031;4596;8676;24120;7811;4282;10237;17135;4255;18922;32039;13194;6082;11749;22602;13090;29489;25900;19702;8153;32284;15744;5112;10520;23761;29256;16939;31515;2608;21556;24977;17328;22879;5152;8354;29755;16319;13627;3044;25854;31518;27240;1468;15767;26670;25316;28804;18122;7477;18985;16093;2433;7431;32531;24135;24337;13874;17986;12271;22207;25208;31679;967;
5251;14978;2018;18908;3340;20946;7027;28133;17155;3834;30479;4375;27028;21515;16845;5697;4139;2897;13090;13332;15227;27709;5122;450;4037;3235;23368;12748;28759;4646;26968;28436;14419;6128;9987;4154;28849;7334;2987;5413;10119;3226;20135;8928;19592;15427;18408;29096;14027;26347;17373;24899;14287;1448;20117;10131;24507;4749;14884;19818;22250;3105;25671;28064;28838;19728;32587;27235;23348;3105;25130;3279;4370;6248;9208;17086;28540;9661;1661;28386;5684;15725;29732;32529;29827;10031;5396;15583;10107;24153;16284;3186;3456;26451;18388;3474;13063;6476;29313;21248;
31900;12333;3898;9225;12842;15051;32201;31834;20343;14689;8916;15894;15854;61;4029;18982;23457;12985;25030;29393;29582;27245;7289;31884;2849;24227;839;8467;10491;8203;13935;18616;30962;15537;5921;28155;29017;24619;14051;24412;23937;17431;22069;21357;29055;1221;13936;811;19248;11824;17140;16014;1147;5427;21890;12127;15062;20729;6631;15946;12300;26806;21723;20020;26685;2452;4648;16847;26918;22769;32271;32619;32418;14023;28135;26383;10353;1131;23559;28360;5433;17275;23270;22849;20170;8465;17281;14996;31654;16701;8957;16224;22977;24243;11150;27164;22149;4800;11415;15018;
26649;22915;22035;29743;3043;9817;19251;29987;3660;7321;18504;21924;32707;16514;24548;16400;31492;13425;4924;14290;8346;22103;18897;17020;27554;20843;27728;10007;17363;30748;9910;14262;28859;31306;5559;22866;21067;19381;25441;15825;662;20150;5885;1128;17622;5933;7222;13347;26032;22970;17789;17602;28857;23344;19883;10695;24376;29766;7400;5069;9262;32144;21708;23579;14739;14254;26565;20089;4835;964;16313;17731;6361;42;14316;19387;4730;23908;28195;15011;8022;32596;12042;780;9995;16046;467;7017;25098;24237;5920;17127;24478;2820;7971;3841;11562;29208;19203;30542;
690;20332;32130;21406;6300;31324;28382;70;2744;19727;18420;7352;27775;30631;30891;6231;29336;5050;19856;393;21921;3078;2238;19213;21035;11360;513;31631;27142;28142;4667;31609;19136;21398;19974;29965;32104;27318;21402;31409;17303;17430;12274;26505;17842;31003;7978;11851;30313;4413;11308;2639;20355;23482;29579;18150;19422;4492;3503;4333;17073;21401;25651;1698;2069;22827;30347;31158;30404;25247;20970;6051;18208;17505;16482;27711;22391;7704;29518;29329;18821;4637;11501;10212;6458;4402;11599;21787;4286;3697;26229;580;15795;12162;15284;18544;19386;19729;20570;30145;
26680;22399;10644;14276;4954;29656;10127;16385;598;25862;6622;5841;30452;5444;29468;4208;12366;21461;24530;6227;22739;6901;17562;18108;5522;29200;26501;29835;6838;16434;18619;16727;26956;8895;28257;16317;6733;7268;10176;15352;23256;12365;2979;20658;32191;15768;13824;15898;17989;12042;2267;14135;20518;21249;29800;6524;14552;28586;2672;17052;28177;26484;24821;30880;17801;453;2073;6198;16897;11243;5948;32076;10628;18005;5477;23005;20717;20995;16611;28427;16553;4667;31284;23663;5822;30334;22053;31149;18956;24762;6971;28235;13011;7105;11858;31683;31862;5626;12932;11734;
25727;13398;24652;25892;27362;20870;22507;28666;22406;15724;29451;9579;14593;20687;22947;13986;16548;26962;24090;10870;8119;24999;25775;14143;18949;23040;23064;28392;16796;25798;32105;28998;20430;27534;312;6312;20347;24649;18431;21680;27795;3770;16321;10081;31958;8750;8433;30840;21982;13159;5263;13056;17504;29401;1428;24865;2223;17177;8592;14905;31873;22418;19602;22318;17910;11130;3144;258;15318;25860;11879;19879;24346;30935;11853;32533;3503;8640;7654;22683;21110;163;5580;24178;30351;30904;28850;13208;14295;7155;22018;2523;18607;15300;22469;22580;32000;29185;10180;19287;
18556;13857;10220;9352;29222;21162;23031;31408;8468;20204;29257;4528;9843;8432;4632;15349;10445;15276;27856;31309;5255;19832;23734;19961;30126;17094;10955;28931;7923;24845;3571;26834;16883;3590;9558;9979;23740;5915;29191;11354;8333;3357;5092;25186;13790;2101;19901;7857;416;26653;5304;1255;20422;25743;12019;15033;1796;510;9580;8769;18903;16005;3358;3736;10437;2845;27501;9895;18918;25874;14788;27194;10659;9144;19581;3414;22718;20058;8449;7629;23443;3699;22320;9999;3741;4640;23043;18499;13371;29398;31599;28823;4020;29776;1933;13780;12665;12236;4857;31029;
22699;32631;2168;20089;3549;15910;14813;22839;23323;12102;30765;5234;17707;8982;30465;14445;27154;11028;32556;12992;26843;29364;13470;25772;30355;4184;29576;7084;17560;25213;2241;30796;7188;19762;18793;14142;21188;27599;19916;4267;31998;2787;21384;8647;242;32366;2803;5288;28464;10321;21431;31320;17514;17154;11455;2857;30843;17540;23383;16712;32425;28055;3470;405;6951;22828;31711;18098;12766;8219;19985;602;29294;25880;18268;10485;1391;23780;32205;7017;7932;9920;8428;25394;6770;2343;5019;29877;885;26300;23873;27601;12340;32642;13864;30392;20718;21067;13092;25341;
6326;12915;21622;238;25459;26061;31727;20771;32042;24286;3673;12375;28288;26441;17426;30071;29306;20107;27898;13817;31112;28904;11151;9327;24002;10917;27479;15708;11377;2936;5759;13894;10449;24125;20161;25356;27669;22762;11659;1402;18092;2245;20317;15131;18115;20181;11890;32078;2059;150;4260;26524;12476;241;3210;14409;16346;25962;27107;16169;4279;31644;24887;11957;14265;17122;32443;862;7261;11864;11382;29986;29820;17154;10146;10076;1229;26186;25941;2784;19116;28848;10848;9799;29465;22717;23159;14472;17156;2616;17043;27081;21704;15773;25237;32372;20213;25547;31276;16524;
30802;31229;23800;4930;19746;23035;20976;25795;31143;23186;513;29269;24037;21569;14839;4770;32424;24117;929;31315;1992;22392;23088;12001;17324;4197;32225;7080;11277;10335;10972;32062;30716;29634;14171;5890;19239;32282;23822;26360;27224;31891;12735;19412;6462;17585;4914;20820;1392;6977;2639;5843;25263;28560;27010;1052;7275;22234;10851;16508;16521;23557;20114;8219;1892;30607;18405;31627;7442;17350;11206;9634;4072;16695;13782;29573;2112;16232;24023;2822;11641;15818;1224;27440;23616;22761;32081;25375;4622;6118;29538;27414;12786;11815;30488;5067;1681;1357;12000;5;
9579;9062;29918;7273;5984;16740;25488;2449;27250;9679;5550;27743;4300;6070;7509;6289;12548;32235;30309;18837;19357;32368;30760;23966;22992;12844;2612;18167;18827;16610;8338;10136;31419;31076;17183;19191;8647;14852;9267;29216;13148;15692;2689;9736;15728;7919;4670;1054;20865;11518;2438;14628;25630;22879;27643;7741;17833;24444;16815;11335;6235;29240;25924;14698;26504;1575;30033;13553;17445;3070;29960;21849;2695;12104;24598;27816;13677;27995;13771;22273;25153;6283;16251;14196;27291;7069;5668;30490;14087;4479;11088;14946;12040;1334;22845;16550;27229;28183;15932;25090;
1922;15418;26455;8037;19322;2348;3638;30952;28364;16612;28228;32351;15308;22264;29965;20014;25115;23569;20970;30303;9073;1949;10465;27633;15770;2499;27847;3186;13759;14748;9383;24016;26855;29600;8296;108;1469;15454;24745;1904;21396;31601;13808;11107;27304;25263;23300;2810;16807;21923;3735;28209;13424;25918;28712;16283;26650;13257;9256;12278;12344;21790;860;14339;22875;32536;22914;27797;31961;7752;30519;22759;16845;8937;6936;21298;12127;6678;30248;32639;29766;26427;20338;29882;18315;12746;2799;14345;18063;23343;6057;604;29775;4357;2337;1092;15847;20362;24558;7176;
10325;26704;17832;12790;2944;24886;16388;12023;32377;16279;8000;16742;22784;5057;11202;25634;28234;22697;22268;23522;25857;31709;29586;7881;20621;8633;14527;23099;28562;31198;5365;2798;13241;14304;5059;23364;30388;1087;23292;15320;124;31129;790;27222;17117;541;20176;23185;28213;10563;1559;13775;17273;13754;30763;25703;18296;8098;26878;21903;15204;14076;28125;31087;32398;3679;32081;8570;15729;32236;13896;15101;4594;21124;8816;6136;30950;32056;30692;14894;16597;22272;7690;21624;22013;19632;31163;30302;3994;1833;17573;5608;25189;25548;29678;27570;7259;20789;29210;21823;
3519;25637;12335;12687;17250;14527;21015;27636;13858;29688;31301;10529;5041;31049;30876;19076;1176;10406;24716;15318;4987;14516;19070;16112;6558;311;17522;10720;21672;18889;13798;19260;2471;28882;15098;26806;22869;32436;15059;3057;10650;31046;15677;4499;18513;2948;17300;11932;11087;21893;10468;24566;29089;30893;19791;30796;2582;13347;4271;16416;8958;9605;24701;23576;18224;475;23794;28057;19538;23242;22891;8599;30292;17419;15378;8620;29758;27931;187;7015;6700;819;25356;20966;31894;28538;29665;28071;20693;17786;7662;32411;14051;30160;23975;25724;20579;6440;12380;4449;
18657;26473;32425;23184;13146;12077;1549;19347;24831;24948;1497;12174;5430;1433;13132;17615;15074;10629;14588;20135;32484;8738;17783;31096;29666;12306;27947;17680;9030;23714;25475;26933;12170;8953;20307;26753;27572;14742;15990;17777;3100;4089;31926;3512;21621;21663;20971;12249;26379;5940;27495;20212;6474;23301;29842;2272;29056;11700;8914;25211;12772;5679;14510;20030;5334;28642;17458;277;7784;1580;7317;2413;10014;1040;25369;23694;1010;3118;2867;20011;28571;3313;11756;9783;6415;9481;11399;18683;31559;11292;26212;9574;25154;13240;1572;23972;16716;5261;10766;24050;
16000;23513;27569;21936;6028;11555;2763;18103;17332;27692;16234;7918;30490;17187;30545;4120;27452;22808;669;6640;4286;19635;29609;31352;3690;18214;13870;30862;12661;15200;8623;15552;13059;9603;2836;11361;30446;24217;6549;31452;10179;22659;25305;25929;21518;22065;4703;19518;28888;29721;8222;8168;25965;5345;23144;21082;1123;1631;18196;17444;5591;29380;8156;24360;22266;29204;28164;21417;4813;20442;2365;11173;14376;22809;32200;10341;4353;18053;7646;7762;32491;5875;16976;17162;24797;28175;32363;8627;1589;19277;19230;10640;21244;11554;27999;2769;31084;29811;7114;21936;
27823;7246;10123;4025;28906;6616;11391;13161;27770;30854;3222;19963;24190;1680;14972;12159;7829;9635;6008;24876;18921;5079;26772;22007;364;16608;9982;2405;23905;904;12206;157;14879;17245;5705;25025;16913;27302;8005;5502;22786;13468;9551;9954;19607;11223;28137;21870;28189;27911;12632;3437;31109;484;22973;14980;28077;26728;15746;10377;14818;6715;22775;26264;25762;10351;19261;24676;4006;16237;6756;8652;32032;10031;720;30895;31297;5040;21985;26880;21246;22945;11219;10013;13076;23390;27874;3164;6217;16928;30130;14823;14837;22388;23279;24011;2498;4844;4144;20043;
12720;12308;30242;28538;13148;24743;5090;5897;3201;28419;32682;25181;1215;25819;15024;13028;2203;2604;1099;17578;13768;20594;26712;4903;31909;32283;3292;92;31494;11836;747;29214;29751;30851;7880;22961;2622;21869;6989;22936;7265;4792;3213;32172;28392;27676;26041;14700;36;7222;5696;8340;11952;31173;570;3569;5367;29976;23047;11379;15862;2503;5427;5764;5956;30882;5277;32664;17487;24039;12249;7173;14056;30648;12754;15126;12546;12491;2228;18266;5046;17252;11529;8514;8075;2176;1058;2027;2549;18259;16824;1081;3099;6389;3283;2597;20189;13401;27627;17496;
22550;13950;15437;15864;23838;15081;14529;24258;7828;22610;21354;27993;12634;21918;26349;3037;22752;11021;726;25280;22182;9141;22327;28117;21244;13103;913;8106;17165;21392;19704;20248;28699;32666;32627;8984;1036;7476;32418;28888;16166;27672;18851;16399;15127;19660;30261;27021;24376;29651;26398;1046;27154;23844;16843;4976;13346;5083;26423;11707;4057;8751;29710;2817;27367;15780;3089;13070;5305;897;29884;15746;20032;22917;17190;22564;1781;18134;8490;1913;27418;22842;28100;21910;10050;27273;15549;25394;1299;23139;31115;3839;17739;4126;12659;10043;23297;22786;18672;22913;
27694;30393;8280;21734;15211;29185;27581;21057;24316;1444;16913;30410;26894;13738;10126;17639;25917;26317;5973;3906;20313;2605;20566;8735;26474;12613;26991;5869;1777;7710;28888;1562;23409;9154;6846;2860;10798;27380;17198;20238;309;28446;18229;3239;31132;18315;31046;17329;28427;4310;13531;3529;20604;2723;21855;18882;28222;15756;5196;4415;26944;15711;4753;11393;10124;23430;4406;30845;29202;24006;7490;29490;8103;3373;13021;25145;29005;12613;7090;18334;949;19342;3223;6382;31234;10027;18032;27793;17872;4316;15952;4442;12405;19244;4322;17501;2438;4844;17672;30977;
7838;18399;8641;26454;24666;3511;6992;21672;22696;31040;7067;19028;22082;7644;10705;11994;29045;3887;13647;30004;20007;11035;1989;22118;16152;16367;8852;18775;11880;25307;2939;11487;28506;2728;19571;22561;23895;17061;10967;1307;27702;2533;22984;18811;3514;12967;11216;4532;4188;22038;1989;21074;23371;12339;9457;25482;11186;30735;21103;15126;14137;2109;19928;30784;22478;27527;27936;30268;9381;8672;8122;22714;7293;12698;2819;18108;17702;22745;17885;18341;25664;29512;30618;30355;13637;26634;24093;32751;16586;13300;32571;7491;14593;25593;2407;843;32643;5093;10127;30286;
14412;17743;19521;30894;3591;8904;14354;18367;2957;857;16192;6869;11944;16941;4758;22689;6172;16010;3984;14013;31976;6150;23488;30597;15561;31479;20336;14889;16896;4395;29577;4352;3669;27353;5812;21023;6492;29656;15806;22059;25591;18703;29505;6507;25884;557;14977;29473;13272;17306;10644;22299;4756;11437;28358;21893;16280;30239;17723;19713;11981;21695;7382;762;4295;29800;31066;5684;19202;7984;19663;32680;17772;25827;20776;5520;12580;22192;9506;17598;11394;11041;12399;29745;26711;24145;4884;18154;12918;8793;9232;12284;2419;13323;17214;3299;7594;26595;636;14870;
25475;826;27149;21984;6901;13757;23612;9579;28745;18206;23618;20510;6689;19721;15466;25896;6328;32090;30579;24413;31339;28813;14646;6978;18809;26741;23177;29539;1799;28465;21602;30445;22375;25181;28224;28280;17305;16005;11206;8997;13330;16095;15785;7145;2237;9529;31181;17704;29248;15920;7851;13958;28800;30115;26102;2810;6759;3943;10878;32548;4837;22588;9556;18912;20276;25344;1583;25371;4705;9763;27406;11493;16904;3419;31519;13000;30815;21401;10464;29528;30581;14651;24452;26636;25020;27267;8088;16204;23494;10824;20198;31947;31564;5355;16282;29719;10100;3981;12963;20847;
20051;14207;22876;9428;5041;26106;6764;9058;23821;7185;7659;4833;24289;27363;25798;5016;3880;11285;28516;15457;8476;7808;14217;15619;28228;15142;379;31419;28846;22123;18532;23324;12922;24962;18936;12570;22168;24613;30039;97;7889;26249;16693;2795;4876;13201;11576;23761;11722;15170;29345;19041;12788;13687;10287;5234;3542;1237;23872;9972;28523;2562;28730;9675;28123;14098;9257;15326;27714;30530;14762;24682;6579;16105;3847;1693;12925;22443;2979;27488;26284;15600;23193;30068;2515;7316;14496;23488;28681;20449;22834;1513;7218;24762;9965;23332;9088;28440;25401;29512;
27193;2747;26923;24104;7610;21785;6057;29983;4028;32667;9935;27372;22230;31240;27794;3520;22595;25921;21667;28566;7910;7728;3990;26819;9099;29947;15684;10446;27248;25725;5742;18817;6660;24054;22947;6208;28398;32001;32611;2458;12625;14279;31108;2846;3918;24435;469;10096;203;1254;15362;12444;6259;5547;11959;25769;26110;17709;22536;16498;19891;5671;24849;29873;31019;6237;13529;12637;17751;11914;32381;15158;20933;28825;21130;32670;5406;32279;1962;6826;6900;21737;643;889;20154;58;30940;21188;30740;13240;28673;22455;19538;9984;31337;28415;14646;17750;30871;20517;
19710;1434;24894;17690;24478;32375;21672;19;24910;2782;32600;918;29252;4787;4079;20693;10179;19398;17484;20540;8788;1796;20983;10310;22868;24047;11712;30356;16302;21579;30371;8000;9706;16922;2031;9839;32103;6603;30376;18469;24804;24239;32297;16990;1605;24492;8205;1370;32148;2613;31568;15928;24903;27001;7858;28614;23489;9691;23132;3480;9755;6307;21702;19799;25635;18419;26328;8796;421;24316;848;6013;29930;30321;11619;31527;2687;16700;17063;4526;7735;29041;7216;16864;25971;27008;19193;28640;11937;3502;29574;31282;14851;18886;3272;3346;4018;7947;1601;16394;
30434;20082;6505;12739;29287;29454;19023;5660;26233;8396;23427;27257;19380;23392;14644;17501;4962;31103;8086;28220;8445;18511;134;18058;31984;796;27761;5400;9374;29516;626;19104;7077;19605;11194;24223;8804;6509;9781;16226;13755;19394;8811;2148;15377;17900;30884;29399;924;28640;14671;13441;30172;11430;7332;16585;9321;17421;5513;8210;4847;5277;2994;20807;25207;8653;269;27063;16872;21110;9821;26404;18381;29576;8996;26646;6488;21244;5319;15989;679;1801;2285;4183;25671;13723;30504;31511;6647;28673;32215;27815;16046;30437;26187;10023;29151;31362;13352;8886;
507;11025;17422;16776;8248;11652;15737;2616;401;18551;23526;23648;4365;23908;21304;21352;5957;534;21337;19355;31520;20064;28452;15744;32738;12814;27267;25447;9317;26396;13268;23874;1957;21542;3218;18102;30339;29472;9521;29554;1730;4167;12361;17856;25430;30039;12535;21337;11742;21759;2177;19582;6511;2706;1848;22852;8851;511;1187;24880;2193;23555;17113;28931;27631;8861;8495;13015;13878;8643;25107;11371;12021;14419;2104;14268;25096;13644;3828;27093;15130;5438;486;23527;31337;13311;14299;2716;26313;18080;13554;16297;24812;12703;30719;14755;15328;3934;14126;1555;
32473;31444;20457;16844;29745;29315;28155;13180;10669;26538;11765;29826;17922;19899;16080;7167;22424;15887;18133;8240;141;985;4026;25083;9213;9305;15886;5831;30849;14162;6103;1169;9205;9149;7801;17468;17535;5311;32729;32297;2764;15065;8899;21768;18845;11615;21129;29422;7811;43;19949;27815;6118;24978;15681;28493;31820;21655;21453;27673;5848;23391;8305;13946;11537;9701;20876;18532;486;6383;28700;8427;2542;16705;22054;28944;13556;1808;25688;2779;28850;13753;15085;18090;18653;11187;31185;21192;18530;18114;19461;8513;32752;24686;16966;26613;21942;28340;16617;26348;
622;7419;1290;26857;24474;29002;1253;12866;27405;20919;12164;20974;9134;32291;20379;2272;9081;21028;5552;15251;6854;25411;3454;8679;4302;20328;668;10539;3435;20370;6234;15483;4127;25291;6380;26444;30808;9564;16330;1605;17138;10301;854;31313;16638;23759;8639;4594;11202;26829;29990;7384;14848;30336;21248;23986;6780;21811;31420;20036;30648;32231;22437;27065;26882;20552;6665;28987;29872;7135;27547;24258;1963;18824;17174;31273;1578;14631;6947;17543;22976;10135;4221;11708;8345;12515;11091;18506;25089;17081;22510;28519;27685;4891;21139;4944;16158;28504;2731;8159;
10539;30523;16673;12640;30782;6274;26124;2977;25787;24209;31118;1864;6524;27240;29691;26985;32024;9939;31038;22872;8293;3296;23417;26812;30267;3222;12524;25061;14459;28132;280;20576;7760;15832;19748;30664;18357;7186;30591;11486;568;31863;20167;17628;19197;12586;16362;3847;12805;20664;29579;3204;688;19602;23207;23148;21889;19393;28280;547;28450;7637;10137;9189;4264;23070;28780;12193;7447;32543;5817;8203;14377;9792;151;27629;16971;8131;10384;8637;21993;2809;9472;24949;10731;16054;16062;10399;32128;5634;23294;9391;28954;29969;15478;32662;28858;6774;24512;23188;
4973;4243;30464;27470;5142;21332;18630;28448;18287;32285;30262;26804;13131;5632;27750;23508;11038;17460;1287;31612;5566;5314;6728;32308;16491;3458;4599;3228;25358;12614;9193;32329;14782;17237;24477;22735;22408;24347;13596;17695;5744;14366;1315;28436;18611;5684;31876;840;3919;25076;16074;16172;31173;21866;9244;18264;21278;9487;3684;14367;16428;13559;6576;9319;4882;11853;11224;30391;30727;2301;10081;26770;24406;23984;17825;1028;18601;5117;23588;25466;21384;16605;4431;9175;14621;18784;17475;15555;4922;7583;11268;13126;5277;8178;29147;23191;5746;3171;19192;5934;
7961;29794;21852;22560;17962;8890;15350;15020;6582;31683;26124;3089;26832;11737;13789;7587;5964;17934;6789;7966;24263;32028;31008;29498;8424;20638;12594;12928;12004;15487;16455;20571;10824;10418;18646;5746;25331;24355;107;27189;22113;7662;18693;4278;13360;6608;31165;25787;3036;1242;6825;13073;1998;28013;6144;12579;22933;2402;12415;16843;15219;16777;8971;31847;11035;4437;24471;10800;16825;3797;16200;11719;19763;12006;2007;2321;3758;6568;15928;30021;16981;9006;3193;16707;21589;15482;16108;27176;26412;28840;7304;8735;3876;17001;7821;14714;26394;32179;19303;7681;
25220;20919;14549;25737;179;18196;31050;4297;17749;26186;30868;3946;6717;8817;3003;5725;32359;23595;14380;24433;9782;4311;30230;28965;28929;2567;29205;27066;22478;8500;4622;141;14685;27569;16730;12708;10089;25310;18470;18311;6442;23710;12825;14161;10014;26635;2104;774;13321;25192;25095;5671;10043;22614;4593;20612;7185;1867;28906;13138;10942;4929;3411;25725;11851;17579;16670;31808;11229;25261;29490;20722;16183;32140;2065;13603;12415;15716;17848;23527;5957;2329;11975;22386;11969;6543;6369;26085;16220;19742;598;104;16755;20288;27391;24697;7511;26765;13418;28547;
11416;2794;19767;21683;24707;28157;11202;5383;12777;20452;23555;31144;15906;11814;9394;12409;13650;2793;1966;23280;32235;4710;8607;32549;12659;13467;11482;3880;22152;1855;11142;31384;31777;1019;31997;32369;6678;30423;25205;10022;23267;12531;14048;14576;12969;21367;24081;29285;26485;18124;12063;23884;28357;12813;24078;8624;17480;1720;10412;3891;7654;29866;19130;20645;8448;23114;32076;32213;31993;1284;1395;32679;3829;22009;5656;31335;29408;7924;2347;12893;9651;19360;13310;7842;7410;11001;23275;7730;30585;27905;2109;833;11129;10420;19022;26835;21950;32317;7404;1671;
3635;10602;513;30387;26023;6238;3443;8886;28881;23174;26698;18826;1170;31694;3857;21657;1915;8212;20350;28370;31887;29404;18773;4603;11082;16198;30345;32329;2274;17470;32420;20526;18124;6387;22890;10354;10882;13706;1209;6789;4740;29715;20916;21780;19612;7612;3361;14554;8551;22596;1806;20921;14609;1971;15803;26121;15712;30793;12212;4144;23796;25780;6462;5746;5069;11398;8436;29963;23821;20197;14258;20091;12799;32132;12210;13858;31321;23507;20213;2316;20926;15987;24805;18702;18055;32493;2872;11794;30147;14243;27159;25007;10364;31751;14208;6397;22077;24842;489;167;
12496;27096;13862;12097;7500;11458;140;4572;15952;17531;18775;1752;29577;24968;20553;6906;29306;4082;11156;7358;23676;1342;11770;31215;30211;2718;30771;7028;25380;22377;14735;13165;3412;28617;25564;12671;5747;23476;22154;20843;32009;18973;17677;30694;21967;29803;23683;20901;15985;22058;27799;26807;28050;3328;6053;9239;1040;29923;19999;25986;906;21642;6447;14726;3616;11809;30877;19932;21370;2113;22516;8695;20236;17183;24288;9693;15256;19972;8411;15158;24564;20733;28680;19618;6413;7891;22367;28496;17708;829;11;17101;29816;16725;1552;793;701;22089;49;256;
32363;21587;16145;29863;226;27115;1944;24166;23532;26939;19608;27093;16523;25555;11185;1834;17142;11934;12658;11970;24542;25108;10432;765;26357;10930;31100;17487;28337;32167;23136;19348;13645;1489;23082;32420;4882;23783;1021;29480;25044;25848;8964;13228;32191;22036;26968;23285;17236;21577;32292;31124;11950;8657;14087;31163;10;16777;185;30032;2438;7589;15090;12864;2601;1698;2951;14614;14884;7805;27862;14796;27735;1059;31589;13024;26903;21288;18118;3755;26159;19387;10686;10991;16420;14042;28070;32431;22718;23234;15632;21059;16067;5034;10670;15787;774;25776;18800;24868;
24224;5396;12013;3065;3710;11684;16644;17820;2076;27255;13763;27893;27535;29918;13447;25082;22217;31128;25445;28032;32281;28485;25545;23376;11761;8477;605;31358;6636;20962;7725;30710;7439;2835;2824;18264;20304;27747;29481;3590;5204;3946;31767;17531;1917;21401;13001;478;26916;9843;782;9686;28963;7162;15916;21665;10903;27496;29895;31072;15588;9248;10245;17077;17913;12004;5616;19856;10709;28488;9500;29254;31561;6503;13193;26596;25088;4052;19658;12738;8638;24020;2919;2907;9957;8650;10625;18011;15421;31730;1204;20218;19956;21842;6466;19081;24036;4846;14445;1098;
3349;2364;32292;7301;24195;17367;18914;11736;5921;30071;16084;23759;24349;9249;3898;1461;2150;26011;5903;31913;7788;16419;2540;5108;8999;864;14378;23705;7514;11673;12103;21806;23577;12581;14730;31467;5001;11811;234;28929;14055;29803;22829;12844;13259;25028;30029;140;29358;28759;3103;1969;16554;2403;12342;25845;1666;28723;24326;2574;28898;22861;2885;11747;28136;493;9879;16287;9186;23473;28265;4100;17754;8342;29;9475;26192;25379;30824;27529;14022;28388;8697;15259;18050;3354;30556;25253;13839;433;31773;10255;30981;21618;12592;18;3466;14970;10384;24778;
19737;13291;31783;28044;14978;12769;11246;27769;28978;22696;10069;14931;6581;12844;1509;12432;1913;25776;13092;12717;25557;16835;4537;20421;2633;16752;22992;16738;31240;15798;14016;6291;179;568;26603;28735;616;1076;26854;952;763;22201;25819;25747;21635;12053;31019;17080;3865;3469;2903;31413;13788;24146;13856;24152;11577;9904;4589;27516;26217;4743;23662;25891;25658;30207;17279;709;32019;6008;22351;10728;32306;21952;26561;26097;5177;32393;20754;4666;7401;26906;31677;27236;17965;10564;5019;29935;7770;28312;14927;31751;31157;25559;14561;2209;20790;8874;29865;5063;
32395;3987;11119;25136;31072;12836;15056;15892;31198;23919;30435;830;9329;15549;21533;12643;8911;6275;26738;30898;20022;26513;1981;29868;20212;141;32610;2358;21805;32672;13618;5613;20185;13423;11663;29625;16140;11341;15568;28837;6778;11438;26599;15854;19770;12767;14400;1113;19914;17909;1773;4810;24916;17412;769;23315;29999;23441;30521;12554;12713;26697;4834;32734;10756;29171;14838;27051;19902;26787;8329;1355;32534;28976;13667;11888;29387;21993;8175;7151;15655;28548;21844;12383;12348;6743;2273;14563;28526;3019;31662;3652;23601;7181;28544;19523;16404;22534;16622;4909;
22527;28558;27842;1967;9400;21468;1186;1260;9388;6721;22256;13517;23277;30487;19950;664;18295;25844;18982;7109;13495;19491;31753;29453;32334;15956;214;31171;13586;6802;18109;871;17493;11638;31813;1913;31851;8602;3819;13707;9830;21585;32011;3994;1316;25237;32516;32414;26508;577;19352;5472;12308;31617;31633;30092;30086;22150;20650;2823;8453;4478;25516;4482;11595;29379;32216;6224;27444;19282;8581;30836;28544;15744;1546;28927;3540;23528;2782;23961;1283;13480;26110;15197;16524;7373;4495;28650;21348;20491;15557;1718;4085;14514;17411;22694;24934;29661;29764;20956;
18973;26092;7609;18897;11138;29493;14771;8611;15110;12535;10180;7344;18533;8847;17953;10083;14631;22255;26955;78;23917;31307;30447;30585;490;12309;10250;14330;25392;18732;13904;20422;26157;10833;30927;27079;14837;30426;13264;28207;18114;21418;8190;32011;3640;22112;27850;30491;24814;29903;16909;2273;3371;2223;1263;27640;27373;15249;25609;21159;26928;28441;28358;12726;108;30055;15375;23680;11872;11734;25639;10058;24334;23017;20947;979;26375;16002;11967;19500;29416;25941;28445;12234;4133;4765;16527;30426;13061;17165;24647;4052;24046;17930;7276;6995;19939;18455;1216;27172;
20555;24977;3713;8605;9716;32156;12173;31280;5975;11613;13513;19520;7710;15210;22466;24370;18403;4990;22421;11976;13883;21106;6413;6826;24563;4712;4620;13382;30617;18250;1068;7898;6974;16243;19109;13775;12667;7339;16242;27977;6066;22873;31663;8444;1430;11764;30534;17729;18926;27323;19402;11881;17558;6566;7843;25169;16838;31900;30316;10294;6806;15334;32665;19147;16066;22756;1117;16521;2987;14590;7115;11847;5279;23774;21563;30730;16474;6108;23791;21534;24525;23482;29430;5222;8734;27794;5457;6640;2543;4364;17493;9932;18403;4820;20560;543;7774;9036;31599;8819;
12941;30846;29407;21073;28327;13908;25395;786;22898;30731;11270;16882;1800;3557;30433;870;1755;17182;13663;14512;29431;16418;19086;25520;1159;23805;25497;7421;20891;30739;17316;16436;6184;9489;1784;12944;14928;18467;8544;30651;20452;29032;7122;2276;28968;3235;21842;8722;7894;14643;19220;31160;27493;24133;11233;5769;18826;20296;15035;14221;9216;5281;17604;629;8837;11424;11868;27692;16421;22707;23434;4014;5818;19162;30621;26397;948;18267;24595;6930;2582;3767;14009;23601;5569;9180;24340;31488;1013;17052;27392;12793;5397;6750;14999;21981;11178;8468;21332;24652;
31915;4717;12920;2195;5372;28491;7853;24261;22580;4471;15594;7437;23715;10132;27798;9026;18580;11601;12016;20668;5327;13283;7598;12390;22626;3763;13540;11029;417;14419;29736;13336;8300;951;6900;9233;9648;28066;1100;13827;15408;8798;26016;23211;7814;2992;29939;22036;3684;31499;14909;23398;20768;17412;4110;6910;21872;23302;6005;30404;26226;19527;8992;20665;4079;7930;24004;10192;6112;30919;12224;30463;12593;5496;10237;2709;19398;26357;27672;16334;9660;29042;29635;25253;497;14311;4968;7657;10182;19648;6672;12691;4131;23254;1668;25431;25532;15007;6065;23929;
11923;26529;15441;28642;27838;27181;9672;26483;21611;2377;588;28569;289;22766;8777;12834;25673;30836;3332;10575;7916;5450;18558;22570;10430;1514;22683;23833;26716;4364;14723;4788;8402;13594;22857;13012;22624;997;21707;12268;7294;26262;31705;14493;18205;24039;24729;6532;10544;4755;30249;29015;15979;18954;647;27440;20042;4970;26542;29480;7766;16555;2050;6440;6564;25;18926;5628;4510;10760;32460;9897;31749;5827;12549;12801;21047;4293;7545;27764;30126;14124;23585;28201;15818;25706;31730;28494;4816;27966;5637;7852;14898;19427;7158;18046;14353;2951;25994;13187;
27136;2046;16788;4690;16139;21944;3609;14062;12536;26096;7090;666;25292;15143;24626;23534;2193;16849;15497;27947;31831;8526;23016;7372;9337;6427;25126;29789;3873;15946;5987;27024;26382;11567;3819;15758;9621;861;4956;26251;9702;13777;29196;14237;32145;5996;14245;15054;15945;9127;8210;29040;1255;24962;15775;28336;31154;29373;7003;110;9693;9035;24257;23116;16977;3332;11416;30469;25517;9114;21784;9217;10123;15566;2894;27430;18182;26851;11202;20208;12921;12115;22102;3268;6792;962;24433;22913;2661;1840;23645;19545;30540;26994;20206;27615;26960;32483;13413;4448;
8538;24151;31635;5751;24687;6992;9794;220;13361;28789;6608;8317;27817;28223;25373;21456;8003;502;29096;26215;23322;26844;3572;15813;29302;25512;3889;18544;32147;15925;5144;25415;31397;32636;17175;10518;12056;21952;21934;24680;11804;4872;29465;31644;10337;19922;7727;24379;26911;31238;14986;25225;9306;3625;27880;15962;31332;2259;23249;24103;21667;27235;3450;18273;32660;30449;31722;2821;9744;21636;91;30065;4559;22917;15587;28790;21802;8052;13139;19374;16933;11738;5216;24336;21164;20863;2560;15297;26141;29660;279;24365;30727;1747;13907;7255;13362;22686;2644;12141;
3039;25606;24849;12192;12368;28885;4215;21299;5771;6285;8787;14801;26716;858;28017;12579;1689;28998;18949;10146;169;25516;25931;16810;9543;31471;30827;17616;4228;23659;26271;19830;23307;13484;1687;669;20137;10718;6941;15354;17421;21125;16117;20043;3532;1135;18439;29163;5288;4070;26048;30628;2321;15146;32437;16325;19948;4638;4489;10101;148;24129;7441;24647;16926;23264;21431;26127;9698;31114;7708;1779;26934;19141;12546;12741;22653;24319;14952;32400;1377;13255;27126;9584;12892;317;22684;22439;6013;31687;4983;12014;25705;24070;19956;9993;9120;20233;32567;21918;
25345;30912;28350;21575;17809;25267;29761;4326;25208;25843;28381;30777;5452;18257;14194;11950;9106;24783;4682;19320;23426;19284;25595;18914;4107;32676;11662;9443;5655;28046;5088;20723;10000;25704;30281;2078;19619;24504;22652;7255;14788;3124;9134;17422;13554;6381;763;5381;30652;10439;24325;8543;10116;30764;15582;27386;19331;2817;1064;8446;25613;30425;28794;23478;1814;7529;12806;19103;9718;27453;377;2239;24681;28329;11043;2872;2266;23297;21848;24093;15841;19468;1558;9092;15626;23991;11239;2269;21208;27655;11785;9858;3081;3921;18381;32143;3100;10413;13117;2035;
11537;4776;26369;3783;19568;19001;27524;15071;27020;9207;2898;5023;30985;24968;25285;24592;4508;15197;4832;7731;22034;12956;7035;1174;16532;16222;8352;16932;13097;12059;7990;28737;29052;18274;21724;27415;26592;206;24344;1066;25489;28213;21937;17203;8252;9250;25689;10539;20162;13446;10127;10662;31034;4778;20676;20066;26677;29544;21949;14624;27973;32155;12088;30642;14016;24276;27346;24150;4289;6223;5160;23618;14192;6181;14653;32384;7811;29378;3612;5372;20997;20634;29630;11740;21590;25624;26157;23311;7540;31703;5610;30249;8056;1301;12428;22126;29796;4709;7339;11564;
6427;15011;11516;31823;22961;25645;3773;23343;21221;20560;30548;32172;11500;31489;21811;12669;29553;8910;2046;17861;11993;3348;25584;4327;8907;23153;1147;2204;22000;32636;12846;8259;18167;13748;24540;24952;29405;30903;763;29415;4203;25525;19274;354;9472;803;32183;16178;22160;28340;30335;28075;7917;16261;5783;9476;17477;13975;8267;20069;15084;10115;18213;1088;21596;31593;30480;19685;24443;24618;5821;25425;7708;30679;18758;583;13255;7273;29457;26019;29117;2994;1528;30186;9271;3987;22694;21029;17647;30320;3396;11248;14049;28641;19286;10702;28499;8618;20703;17343;
12307;2286;7884;19989;14080;31647;17551;9859;1739;24121;3851;14199;11519;25008;7856;17833;10559;23974;10471;15348;22991;6882;26800;26982;4439;8702;649;26003;14819;25183;24467;3886;10541;17771;17392;22746;2591;501;9327;22589;32660;17404;32619;19286;25695;31894;15600;2065;19598;28199;23072;2585;11248;18646;25557;4846;17876;27458;1160;4151;18964;7024;10610;15449;17234;19465;752;11592;14978;16834;25644;17822;13224;11547;17914;15338;26595;3148;28928;11338;24747;27004;4890;26684;22615;18741;17405;30897;994;23829;15642;1635;10734;20166;18629;7273;11017;14128;11414;30984;
24368;5612;4879;24781;27793;23804;14464;10200;31637;25786;24360;25979;27678;23567;20125;1540;28686;2277;25198;11990;12040;27871;27654;10431;22394;8775;27603;17541;16603;1352;26024;28098;817;32093;21600;24562;10199;31497;197;12747;22397;32201;16304;10957;10608;13895;23409;5913;30748;6352;11376;3462;24271;29704;9493;23538;17599;24540;21734;3542;6479;6329;9967;16669;9614;6907;24423;15671;5888;4777;7312;105;10146;29535;24287;14183;1832;19595;23645;21284;27017;11740;9037;12521;24253;12280;20495;2213;22469;30062;23108;5508;31981;14315;15667;11458;14670;13744;32620;14018;
8086;4931;23978;15962;3084;1381;7422;2673;10190;22341;18474;30157;12637;8435;23627;31014;11868;16919;10428;7039;27285;29923;26166;15542;26685;3398;18748;28249;9593;14435;5046;20155;23329;20545;27100;6727;6339;6084;28245;26389;25067;29404;27040;16059;12449;28412;180;2662;308;12238;16099;1321;19254;5157;30468;10388;3016;10035;16337;18313;17688;12796;3982;19275;5927;266;15084;18136;21968;12898;23340;21625;16390;8120;24455;29079;15453;14559;19918;19664;16075;25219;30286;14922;15280;11546;7926;16967;19477;30744;27068;32250;26417;21858;31292;13978;21810;16646;7842;31412;
16186;297;32715;7621;167;16961;7335;22024;7575;17284;5346;27789;683;10143;1731;13195;29196;15788;1108;14071;16812;22110;25539;23381;20175;31103;28424;24271;19145;3997;14024;28804;17673;21504;3193;21026;5718;8927;26568;14263;4441;30675;15159;22980;7260;12427;31755;28052;6225;26562;24933;30667;14614;31854;7855;11586;13047;6458;7481;22034;24949;20535;31012;26351;19269;7886;17792;17592;10140;28154;23473;26187;18602;25268;14871;18590;3940;4782;13806;26892;19591;28995;1138;14828;13018;2222;24391;17768;16051;21371;18457;29325;14012;19004;12160;8350;10743;31101;806;3246;
3840;13306;26411;13677;26771;13583;7880;12611;4941;18287;26675;10907;8375;17433;20419;30338;25472;32136;15957;31088;4362;27434;18158;20069;7209;10516;30626;25656;11559;8180;12724;1324;23307;26951;19710;31941;2586;17356;2707;20442;5023;11320;6820;15082;6888;28203;14752;27316;13201;16739;10399;8961;15621;18224;1281;18373;5953;31783;17234;31846;5339;29211;20849;19804;20035;26185;9202;6138;14922;2003;12992;9355;12256;624;10503;9889;13602;8545;19537;6058;16276;7847;24303;8132;18858;29299;410;211;24974;14046;22618;14288;5405;29658;30375;18532;24370;26472;22222;26293;
31272;7692;24727;29568;15258;28542;17189;32360;23917;13219;9757;17037;22545;17339;30219;20833;12803;7132;20481;24503;26775;12447;20609;26909;22004;19737;18844;7532;14432;3341;9308;19613;16062;18271;29024;17630;15956;31948;27846;22245;30162;7897;31054;29829;400;17161;22203;7551;25880;5715;6013;3738;19940;9427;6542;26358;29545;18880;1690;14237;14420;23454;8034;12635;28947;26805;22114;25808;29591;6081;32177;18627;21592;235;3114;31417;29850;4856;15817;28102;17903;22721;4951;31652;26366;13027;30026;3074;32130;22967;32231;17950;29078;15237;11945;150;28207;2804;5350;25468;
19178;4549;8624;28840;17160;7105;14586;26194;7606;3568;15355;12256;11154;32268;4824;22780;15724;24117;31101;14058;30793;4326;5067;15384;10926;31016;3321;10743;1819;23302;17972;5386;26581;8256;22665;28477;32744;21828;28165;3191;7533;29273;13851;21874;24841;17694;31045;7371;3766;3635;4078;19029;23494;10038;16528;20659;24101;17649;18714;8486;222;10705;6036;4515;8672;23706;30213;26921;15619;14170;11669;1617;18502;25244;25839;21543;9562;4317;15849;312;19557;3652;30311;11500;5120;30861;4220;32534;14977;13127;17875;24010;5248;27711;19022;13679;1172;17468;8684;1812;
8286;28652;3568;12552;9929;25887;21824;9636;11151;26675;27659;1132;7168;3535;16046;18775;255;1237;9177;1642;8781;15505;14829;23435;28426;15159;13225;8341;20344;14476;22534;30120;17411;20707;14687;11715;30078;25675;26581;18324;6832;30215;8946;26766;22287;8254;20109;3645;30411;28660;12013;27094;11278;15673;12337;6675;12675;21408;15598;14141;30229;32499;26651;25994;13817;20517;28202;25002;9454;11912;20856;15261;3523;2368;5607;13255;2842;15608;24521;28230;15725;468;31233;28803;8782;30118;1892;7431;28915;5732;25446;8593;8177;16602;30194;2917;30792;1948;32409;30182;
22944;30271;6895;1895;5074;5320;3122;12351;31146;16229;45;24603;4332;9819;24924;9625;916;2624;29265;27666;13922;2154;14422;19382;10390;2983;31060;8159;249;13614;20724;22431;27676;20950;8451;13467;12260;12166;24859;27677;6214;26349;4480;24164;8528;28019;21832;22591;617;879;30655;4826;32473;21146;24841;26071;8076;20676;15881;24480;14866;15045;24450;14332;26859;15287;5244;20705;22786;5218;1002;14730;4215;22264;18825;26568;4769;2819;23051;7069;1364;19867;29301;8455;15199;16860;5830;25626;18521;26007;25561;2897;414;7752;14476;3110;4244;4680;31266;28128;
31283;8772;30694;11949;16324;5870;12817;32496;31976;22258;2030;18140;9949;14636;4412;10818;20733;18200;9940;32423;6791;906;24204;26522;10658;2463;32346;3397;22431;6131;10941;8513;29311;23572;21592;9647;14261;4663;10464;10884;27693;19754;2873;29988;13708;31370;22236;17971;6330;30518;29308;12711;16798;18435;30185;15650;30760;19122;26420;14464;26261;29471;21268;1195;5358;26810;17544;15543;15826;6203;24510;29995;24694;3474;9268;1436;13290;10781;6685;4225;24478;2846;28422;15682;7460;13420;17849;22674;10039;21353;15714;20223;6653;11827;29680;13767;10377;4895;1982;21998;
19364;23651;23667;28045;19917;23570;10023;7021;22654;17486;1479;10452;26289;24505;9658;9631;16547;11820;15812;2705;25816;14764;24363;21995;607;14233;25113;22077;26711;18985;28994;6011;3762;30229;30918;9811;7225;8338;31833;7614;3536;10627;6305;13014;25340;30189;13279;13031;29602;32427;8658;10184;21266;14179;16089;5740;25667;25016;18007;2996;864;8385;26715;27527;26756;24762;25217;13861;10179;26362;8211;14264;29289;7717;9588;22061;32134;29347;19135;28993;12714;21329;2475;2271;2029;10870;25266;7593;14386;25336;7538;32725;7341;19920;26707;58;28323;31675;7018;14250;
16497;24370;8861;22659;22736;19101;21256;16001;21335;7876;12192;12502;10818;15750;24854;2685;3441;5325;25855;15563;10932;21953;14385;24647;19269;11324;112;18363;27286;2686;31050;18827;10829;23843;10303;13126;18317;15186;7205;7035;30072;26422;15307;1486;16626;12978;26589;3402;24999;7248;29703;2297;7247;14459;15197;24242;6705;15087;21499;30771;23013;13421;9704;3696;7519;22707;26945;16170;31017;24747;20371;8386;26864;23779;23688;18512;3394;3133;12742;30192;30358;2792;21012;23388;8589;28046;8126;12480;2167;7375;6715;3017;28185;1263;7950;11519;17838;28107;12778;14166;
23595;3858;4121;1535;9927;13489;4895;5252;23227;1935;9882;11540;12870;20091;21868;20764;757;15203;12828;4119;2337;6342;7802;16550;3257;27499;13954;20451;17218;23636;25219;6898;4891;32494;21633;1754;7174;18314;29911;19091;10468;17936;544;8033;28352;30962;26712;19296;15631;19552;4927;14943;822;6587;16382;6385;20301;15179;4621;9666;10787;2100;28500;11560;29826;19622;26513;25338;10676;4693;11001;3749;11077;19753;21538;15740;31243;16438;2336;28496;100;12014;14319;28993;20927;11925;29201;23251;862;11254;11127;24901;602;31061;24741;29982;2791;30884;26642;24072;
9433;13818;29389;18657;18791;1600;102;31760;5679;32302;18956;9749;12667;21878;26867;31332;17347;2622;15353;4212;10867;22740;20616;14611;18413;23453;21182;15868;5330;26447;18635;16299;22142;30560;7579;9584;7889;16063;16054;21443;31029;12481;20836;7383;26844;5726;17172;8050;7242;925;14590;2043;31252;16717;8968;26581;27367;32502;30182;5867;1227;24847;20614;21388;31657;16241;4267;5242;31499;10252;6872;16701;19748;31193;22895;17597;29456;11279;14106;11792;4701;5530;6250;21393;23497;18633;6334;11314;20301;22343;3687;21267;347;4684;6665;26963;17765;6932;17732;18982;
24990;22417;29844;17703;12292;8029;12406;21232;20638;13554;2509;30696;20738;24349;7555;18781;27931;14000;31603;18643;19753;31864;29831;2459;25865;2926;5149;21671;22711;15153;18608;16028;2577;18100;32692;25641;13278;2868;14529;16536;13838;13166;21492;21154;30531;8974;8083;904;32657;13930;26863;1119;12418;10864;5263;5547;15966;16605;394;27952;20137;29873;15413;11781;24556;21215;17406;9962;24249;19272;26776;19163;3049;3562;601;6118;6184;18517;2528;24633;6324;22367;21242;10623;14689;16665;28359;5741;20449;2818;31000;3735;13378;16506;21788;6281;696;15737;7484;6675;
10909;4480;19011;29412;28342;3792;21954;9562;15032;23003;23475;409;29194;3320;32604;1755;7117;17498;6006;28423;4122;9795;25999;6276;2698;15221;23725;16975;17916;11242;15156;20043;1426;13252;31753;32217;12029;25735;25336;23721;23035;1670;10323;19920;31005;11931;2012;28442;32718;23579;14053;18081;10641;13065;1462;28318;18058;9866;12335;13184;12608;10137;8623;22587;20897;11260;12340;29923;20807;8567;4803;9081;25849;8511;5898;28421;20341;30641;23108;14564;364;21572;2397;2148;31439;13757;27734;30862;20809;26274;16620;14403;13;7664;10356;20619;25809;6160;11530;9513;
3610;15368;8682;25459;16059;8431;25374;21344;19096;1955;14426;16099;12464;7358;24356;25463;5723;5829;55;8699;1999;1187;5162;24769;8681;24662;31565;21474;2347;14825;19668;8148;20993;3746;8503;2622;15944;8316;23512;11530;29712;25047;14311;24508;4513;18799;7298;19203;17085;8843;31777;23182;15141;11639;17202;289;14943;9267;6656;744;31925;30573;32217;14859;15745;22445;30064;2434;11944;24272;25728;29227;2405;28087;17074;32282;7240;4672;14785;30256;31358;2421;28380;5615;12370;12804;31564;12684;8436;752;22614;582;29049;23173;16995;3319;9508;14737;22366;22249;
20196;16081;29790;23786;31773;30378;5765;163;15531;21273;17192;24613;27685;24557;15151;19397;8286;1844;32191;20010;24882;31219;24087;31396;3455;4378;12472;30143;4465;15030;21449;27673;20995;18281;5817;27504;29122;11287;17702;20991;21204;3043;22782;18443;31290;7770;6116;30649;14418;17901;8149;30498;15008;27301;9995;6313;27341;27922;29473;5517;16112;17797;19321;18106;24333;9087;27355;24549;17371;8552;13406;24791;13003;24708;12172;12553;15173;8484;4033;6514;6453;11033;19156;4253;8390;6766;761;3326;5997;25687;18406;20870;7722;10340;29493;26741;4363;8698;9226;16496;
32753;19972;7669;8147;9366;6374;3866;25160;31183;10418;399;13465;22543;6047;31749;17090;15149;12983;5547;3147;5479;4303;335;21204;21414;5564;21446;22258;30468;13764;2447;22329;26507;3411;4019;1434;25663;8431;21487;26352;13407;22894;8213;20693;32233;4199;17584;31162;25948;16614;22247;20279;23233;12388;1444;1695;14316;9206;18933;7128;5120;30148;30386;12905;28721;7869;27488;3285;8654;2185;28245;3624;7550;15295;29213;31183;1994;15961;18973;26028;11995;13925;4726;4714;20869;9469;20268;7694;22405;19832;1672;17615;24327;7394;23226;9256;17260;9642;26307;13355;
329;923;25234;27416;7091;15373;21101;16174;26298;28253;17811;31425;23347;26778;26656;5773;22459;29825;27696;3658;29432;28844;3655;25473;17186;2566;14577;17053;16066;10626;2981;32325;6842;27149;18671;21737;18822;10945;28623;13467;32705;4443;1116;28961;25067;4335;19372;8264;16233;18650;32504;4219;32461;20473;14844;3475;8024;16408;10397;26609;29629;5549;14286;29130;31272;14279;19892;26307;30079;15425;19720;29118;11240;15419;26558;17651;28299;19658;1252;30786;20121;28655;15820;8647;9101;4550;13933;23728;18098;26112;21767;12875;10213;14739;7430;6499;8092;3248;12585;32717;
8743;2294;16611;4670;14390;10213;25858;13920;24732;7573;12174;27428;16210;23464;29428;857;15807;16509;1123;28286;54;18086;32119;980;21697;18589;16661;952;32541;11442;18326;17200;1541;3400;30247;13764;26036;12609;1391;18831;19365;26807;15219;18837;16285;8685;31927;14935;24043;19077;30886;25765;1774;20723;30004;692;10201;23089;32194;17264;179;32692;31042;6163;2978;10656;27547;32759;26984;22840;26191;18088;30510;30616;27739;26686;29057;31910;19807;4074;18586;582;15358;25806;2530;6093;9096;6418;693;27065;214;28468;102;4511;17014;10655;20868;8804;29705;6272;
27740;17584;14568;14805;24255;30624;23054;8134;27398;18875;27442;4409;30290;7720;19251;6305;11289;21022;953;29974;31454;22171;19482;8619;20031;4697;13178;26364;10805;8190;13879;11014;2968;15506;17028;29500;12769;31287;28755;19671;13876;2836;28793;3949;5022;14483;30476;11717;1179;23244;9488;2282;23003;25665;13651;31102;11845;21963;28822;849;7229;11988;11501;26418;22562;11719;23657;1797;21531;29893;28403;20502;20756;26266;2939;8109;259;20463;25683;21987;7792;12480;10965;2739;7476;14865;26188;6484;22657;21469;12818;30150;25122;16208;9973;172;22276;10550;29663;19801;
23798;16562;27063;3629;11693;9779;32386;6946;21259;18084;3022;18082;30881;30435;19536;29852;30322;25461;23756;10198;30969;10360;17461;31109;27246;9688;18198;12059;326;25542;2608;25184;6137;7014;18532;28612;12807;14280;8148;7923;21053;25370;14918;14763;1588;29724;21705;1226;19228;20436;27290;20396;12215;4994;1864;3507;22440;6870;1047;11815;17390;13921;13474;9793;1196;9802;18117;24962;14379;11586;22970;3145;31521;20409;4226;27813;11828;4946;9095;15720;13498;21141;13695;16253;4291;30949;28563;30075;89;15025;10433;15737;6;7662;7295;15653;22167;26308;29857;21520;
3616;15495;10876;2124;32320;6890;844;8505;19366;25455;11219;25756;212;8994;14147;10737;9251;24711;1374;14339;28424;1489;21468;8377;2709;15188;32525;3891;30019;17981;13759;15381;30190;16257;9314;31779;16417;14099;23402;7439;11668;5978;29941;1166;12531;23778;15790;17841;26081;30290;25841;8307;25149;24734;30768;8079;11428;21373;11669;18580;31799;4638;16872;4666;9630;13334;28084;5367;22861;31390;13733;10702;5893;1531;6709;27496;31390;32573;27271;19813;17925;2604;16019;15860;19585;4992;23684;1441;9018;20304;3422;22895;15099;31693;9444;21287;18231;15408;16569;17391;
5706;8177;709;5406;16130;10810;19162;11087;18270;28059;13208;32693;10389;4095;22158;25518;21594;19167;7073;8858;8031;15285;6066;30189;13592;6324;15995;32643;30913;7606;27578;15924;30626;17782;1938;12457;20626;8959;18990;6765;13498;28516;25255;8007;26011;8114;1320;10440;21587;5923;9296;18976;17947;18836;22999;5686;8725;25145;17013;7159;19525;17040;20735;31981;12764;28051;23764;21012;27325;13106;28535;21226;5178;12288;5501;29382;18718;29997;13994;26730;23281;27828;14679;21467;12407;19925;29974;30321;28026;13766;14489;12586;18377;14502;26320;15683;11649;32434;28498;21258;
8331;16827;9726;13038;27494;16088;15842;17624;4903;28760;27484;16830;10942;9210;29054;7029;27514;16737;7863;5830;14032;21698;31920;19397;25944;12768;14197;94;1816;17210;32725;4401;30981;22914;27915;23712;29639;3922;8606;25637;30653;5403;14213;6121;14913;31070;14223;147;30765;16670;8194;15198;20893;25749;16002;31855;4855;1062;24885;2917;3881;27027;8997;28209;28466;10608;22502;13864;6884;30935;23160;9046;7912;2910;17262;4630;13314;3398;19024;26336;19350;3573;22079;27745;17772;28326;471;22481;12976;10592;5722;26497;19005;1060;16906;20403;29211;1131;3542;27055;
581;14032;22073;22803;9392;7945;19296;7019;30346;25627;15499;13825;20159;3278;12981;30199;19906;24671;7799;30354;6794;16246;7466;25049;28891;2391;6476;8031;25798;24924;18980;25949;32627;26787;22185;24579;6430;16388;8097;25360;5216;26182;29958;22945;24240;18066;15021;26694;23081;2855;16426;30043;5262;2128;20462;2966;28555;21395;14770;19164;7741;23340;23577;23385;7157;4538;29072;5839;57;567;9337;23598;21516;24621;11914;16742;19568;26663;1903;6009;3624;9318;26295;29908;24258;27094;7405;14815;26325;8513;2053;17363;27016;12481;9979;16844;5459;6523;4278;24607;
21002;7562;21042;15853;12311;570;30686;24824;23814;17015;17987;7094;16712;17797;26087;6564;11056;28145;1649;1501;11074;5319;15629;32747;1453;17669;8722;21213;23830;19280;29155;8857;31383;28134;13587;884;22280;24788;13260;12288;18813;19049;14449;20773;32527;27626;25986;3188;8160;17031;8896;19639;17753;13454;26002;30925;9654;7903;22696;3253;6341;22176;9950;18664;23018;29489;28003;27628;11111;29794;6426;10790;16090;6372;13120;22512;1799;30974;24912;31211;22232;14721;7203;12182;29090;27390;25180;11296;28842;26934;27139;12667;8680;20178;5488;16818;17419;20821;12139;31356;
17341;6478;12945;20241;24103;27346;8186;5180;19640;12841;10520;4786;24098;18632;12514;5026;8358;1663;26674;7053;402;29428;2412;18264;1544;11088;30561;32672;256;20536;17267;30285;27280;4095;24313;8810;15468;8474;31717;11828;30633;16596;24740;2928;14278;2627;13125;8706;30444;14714;32734;19644;26485;12032;32299;6260;1708;18305;23161;31065;19667;23492;1474;27271;7787;31965;20762;11224;25263;16548;22601;4605;25442;12901;32698;7374;22986;15321;2452;18399;19709;6741;1574;18772;9563;13378;9096;13046;6492;25293;8319;10630;22412;991;26274;9809;4563;26704;4027;30468;
19962;29272;23152;28610;8043;30790;21027;884;11832;16244;11798;13920;12127;9082;11219;7934;12877;15778;26827;26886;26528;8348;32573;3790;17713;31859;27225;15571;11090;16064;30118;5013;28500;798;15265;15273;28493;26589;30631;9;4887;6907;12052;25262;24220;13135;30125;24417;31057;10760;20795;20686;20225;2134;121;11226;11724;7527;10544;1334;1391;20629;12705;5428;11206;25566;18723;11738;19087;14996;25613;22326;23152;30805;11990;1520;20284;3134;15483;8230;22898;31836;29729;17523;24838;1379;508;1873;7524;25251;20335;6818;28339;21047;18037;5001;23638;10624;25663;17022;
23737;3538;24351;20898;19018;9580;25508;7503;10693;21678;11527;31476;9653;23430;31941;25120;25400;26412;13710;11228;5122;27663;7518;23614;27044;23567;2794;10811;19982;3308;573;14781;1363;25342;1187;15349;7341;5159;6086;27123;19137;5895;18455;3444;9508;4718;10863;3067;20253;24855;8438;10275;1453;32147;26437;27955;11468;27267;10695;30963;16886;27402;11365;6078;22502;8066;17506;26329;32674;23150;10627;28931;17079;16816;25204;31053;4806;4093;20583;26668;21055;2701;7678;3789;23149;32535;5483;13480;8883;24060;8662;9048;27925;17603;32766;9386;7161;3269;25124;9972;
5423;12841;2853;31656;22064;10003;9446;25640;7587;26393;22004;24796;20006;24311;23148;30339;28234;31875;9241;24006;27103;31459;17885;20755;30835;16125;11858;27816;19733;22575;30128;21742;29535;31040;17138;5897;32179;32151;3124;30637;26820;20139;13920;9267;22616;15803;22537;31212;4429;9663;9111;22453;21722;27038;15525;11723;280;8865;31911;16353;6849;4904;27344;19824;9271;12700;27443;5199;26056;24484;26920;24963;2864;8604;241;9304;14943;27203;27805;14257;1917;20147;14381;21916;27180;13975;246;26921;6157;23704;17478;12925;26757;13080;330;28962;9665;291;12847;2209;
28407;19362;24712;21331;4079;24274;22768;6004;29123;3061;16880;21113;2275;28488;6691;20131;25691;21044;24983;14037;16985;32200;29303;7331;19945;4455;19687;9387;27140;12734;23088;19752;11721;9209;27421;708;30218;10551;30117;30638;12298;11835;21961;28909;16773;9060;5568;32244;12785;4319;338;20086;30980;15131;2178;6779;5750;27517;13679;20660;22280;12630;14716;32523;27333;12050;21935;10623;12424;18354;8791;815;23230;16508;31218;15796;20845;10992;2893;25268;30070;11007;22253;27572;10519;28024;7086;3118;16819;25283;30378;25060;18134;4561;14940;32627;8820;5971;16646;1323;
9841;9514;15951;15390;2918;5663;21553;26487;19619;27093;28434;16398;1392;15611;11569;20025;13209;4550;21828;5604;809;31903;8288;18660;1909;2329;23320;29576;1372;27429;8681;22385;13006;20617;15574;26788;3979;26254;24143;8414;15149;26617;18775;7464;27753;18237;8934;14762;28050;18671;29324;8132;16990;8826;5720;31323;23277;28948;11768;17521;30727;7409;16673;26105;9382;31926;9522;4841;26804;19760;26132;8336;6421;20806;13924;17706;26856;11820;10964;30130;8202;22490;17614;22007;6876;8637;4187;28402;30535;18348;22852;8023;4861;797;15223;31338;16129;153;4779;2324;
19561;18797;3399;8502;22115;30115;26240;18237;28022;14896;3010;19959;2058;10095;12626;10405;23595;11214;6705;9041;1674;11976;5955;30049;8900;22547;432;25197;14567;22298;13451;23886;9267;16045;18866;24951;22301;18679;7669;30345;8346;6065;24698;4641;22169;17558;12639;19444;2513;22039;5026;6175;9918;27727;13886;31672;10214;14905;22679;28585;15713;7969;19992;26046;3480;29784;25883;9212;29517;25388;13577;27189;23772;22295;6082;5593;12480;24631;21055;14351;23384;6654;12406;20996;27115;27179;6269;11139;22251;11257;22771;30663;27510;7062;13980;15501;23074;5590;32075;12141;
30458;41;6149;32105;12484;27851;29795;12487;12166;20282;13624;10524;15432;21741;30836;22954;22042;13891;13384;16875;6233;5050;28555;21614;22063;13153;22877;16354;3929;12944;1034;20081;8749;32726;18225;20303;24283;12595;3365;16018;24563;2695;3987;8004;19495;18507;18277;15286;25939;639;5095;16408;2234;15331;23848;25415;1170;29034;13732;4582;26308;15852;16159;20400;10477;26139;22228;17164;23976;24760;19663;7906;17167;12039;10904;24238;24191;6528;19729;2259;1436;9415;21921;27441;30869;21214;13970;1529;29098;1178;24248;6336;19947;3923;18516;1491;13122;23264;28471;32715;
22451;7106;29227;13665;19939;32160;25486;28547;31447;20980;3392;21927;6399;5891;11200;19551;27763;27410;25745;8749;3196;16343;31715;32409;26198;25134;3439;18306;23860;10765;19619;28850;11141;26298;4095;27061;26998;23355;11199;7658;23736;24335;24506;15066;30083;30491;23690;12489;7387;31463;9197;8587;14354;6666;18539;12697;1422;21987;20537;28516;14028;17290;16222;17641;27557;10758;3348;10118;29392;20673;2161;31244;29609;4665;28742;21781;25904;1783;16968;10648;30293;23749;1389;29114;19315;11804;5017;25575;13594;28124;9850;23586;17425;15167;11184;28569;24219;12816;9266;24189;
15098;2840;4845;22544;25394;8410;16046;17664;9743;11392;19265;3059;6505;20244;28123;1123;4519;15091;16565;2988;12930;4479;31226;28771;32012;18709;2531;10218;32496;12095;25632;577;1787;23338;30843;20511;731;9306;7864;12098;27175;29084;31167;28931;23200;29756;5629;20269;18871;9081;18183;25359;28495;3126;2176;4816;19907;18674;26174;26883;31531;13818;12200;2683;4059;13789;31330;15969;24109;6689;14381;15491;22401;1076;25608;13807;17025;21157;2715;19393;9898;28308;12758;26681;4360;3432;25558;11793;5696;15040;24840;29197;13780;16043;15760;29395;675;13339;28140;17149;
13487;25495;1748;6509;2083;13873;13413;31712;3477;21688;11391;30662;20360;18222;8300;23890;28981;10364;29122;12493;10891;16997;11914;17967;17780;9657;6305;15088;90;4811;15455;16924;31210;17956;23159;30374;2583;32121;10526;10238;11362;18651;12400;21733;24409;31790;17935;18561;7518;21724;27661;3500;21162;10187;5900;11410;29842;11148;8099;26235;7688;13013;25348;25573;21860;27441;22236;2262;24421;29686;5243;25456;17266;24951;7989;26822;25894;124;27144;29678;22284;28143;24703;15192;19111;22232;30421;12381;16822;29836;1374;32027;25781;6432;29475;5249;8871;24612;29644;2214;
32275;22414;23748;7007;11085;13557;21911;15632;25590;27392;26527;28098;5062;13085;12511;13430;17033;24438;15919;8377;24424;2337;20634;2681;20842;28310;4612;1047;28987;5735;32015;12989;20523;2603;31808;242;28793;15803;1118;24428;21202;30370;11803;2085;32021;18382;4855;30641;24153;30092;29024;4302;13361;21939;23582;7741;21807;30;30958;9936;1190;25440;4717;18373;13236;4532;312;2386;21376;23091;12370;24961;7361;586;16582;22846;28800;13162;4237;1966;13854;28929;10417;22467;23192;10922;22195;19470;21770;16032;29995;13524;21618;121;10158;3171;31415;6161;3572;28070;
18666;19652;12858;22776;8395;4320;14054;15158;32655;24921;1898;27416;21984;19903;4202;4289;8486;15470;17185;11156;10757;16133;26625;10826;3110;2841;1177;18753;27451;27434;22716;11031;31037;15317;14048;24440;12792;18764;15300;19508;28618;8452;10582;11413;15784;11181;26835;6895;2657;9063;30768;22648;8487;14899;18105;18266;2891;1191;17656;19207;16200;31975;11224;717;16643;12752;16138;4778;5969;30326;3752;28257;15034;9681;31768;23245;24957;20147;1588;6518;19667;23549;8359;29282;31608;3347;6810;4142;25960;21133;22673;25181;9446;25392;25999;31215;12483;7452;8065;5173;
3037;1862;729;18405;3558;1833;22906;2154;10599;7865;20692;29565;21252;18073;15184;7417;28161;14477;238;19691;25093;15922;812;25577;15902;22509;30763;22950;3334;20513;269;2499;16037;3749;32673;17127;19158;16501;28482;19473;29038;10151;17660;21549;15227;10145;6897;32742;8649;24970;11003;2492;31915;29950;23699;10326;8439;14598;27122;12057;20051;327;24693;7417;21167;17273;70;3471;1811;12571;16185;16492;2459;6501;29428;10926;22720;10111;26195;18129;13272;20720;24075;5831;25824;2137;20621;3146;22394;2147;21805;19313;8498;19190;3715;31617;24325;172;5137;6662;
3108;7301;7975;1059;13813;18396;32516;10791;12635;21145;6206;8544;13623;29609;29540;2100;32303;28075;7905;28781;24494;27628;26659;17365;26155;11158;12285;22275;28335;17700;24138;7796;22417;10777;14548;14814;11908;10994;8564;18880;32725;6489;32634;17214;10989;23195;22606;13868;24605;32348;23384;14697;11163;11658;25886;29038;12743;1423;15788;25894;179;13259;5689;5377;6883;25921;2567;2116;8017;24208;9867;17571;12980;20518;16078;25617;3586;15024;3603;15575;22068;30676;28090;20451;8521;15139;8804;29027;19597;8009;1112;24467;2075;4999;1830;15315;15265;15716;25738;6653;
10339;8863;28306;6645;27779;12135;19715;16258;19327;27854;10746;31836;24571;31612;4559;8326;6849;9888;2622;9437;13062;9005;9417;1010;27631;20290;4184;5397;21331;1513;28195;7602;24003;23301;28113;3297;967;21382;29921;5432;17515;28127;21834;6371;12538;3770;22366;7159;26122;9706;6900;12548;5560;8097;5062;5098;1845;30179;9496;26349;12162;30266;8347;17931;18295;4012;11408;9356;778;15594;21808;10460;19918;24266;19788;31382;12474;6903;8753;14049;17708;4839;26318;32511;22829;1806;6681;21795;10487;14930;19630;15235;20917;10686;18873;18863;24969;27770;18199;11297;
10451;20475;24760;16917;12465;1143;25416;19867;31426;28060;10766;27114;28208;27521;5140;15351;5613;12253;21640;4422;5180;29559;8802;24832;28532;8157;2887;25415;7168;16729;28077;12998;26539;21793;24129;11404;10779;18382;31877;538;24218;14351;31422;12730;2845;20895;23821;22803;6270;21620;13276;5627;13;7226;21883;27020;29255;15359;23307;20858;23269;560;25756;2979;26137;30916;26770;14312;27412;13751;4685;19516;24523;4026;29705;3834;14843;2857;4098;2940;24938;4925;31964;13545;6001;21379;10563;11086;30647;17804;719;22257;30271;18150;1066;19938;32421;19276;28276;14290;
6308;32538;12774;9256;13788;28164;18870;1618;3282;518;3899;19545;9529;28318;18514;17337;31088;23610;29952;16495;20811;26604;8281;14931;14870;19301;14496;21672;16343;16673;12975;1010;19412;30943;31897;17927;19541;12372;911;8297;2475;17440;20736;22739;19569;19713;772;7186;14610;7495;9211;1814;1164;12936;9585;17993;26227;28564;582;16160;27704;12971;19467;30703;4523;7150;10158;12801;17087;6164;32090;27112;10893;862;24473;12818;29596;30925;28092;7069;23904;8594;13692;8556;19200;6342;22497;18811;12125;14171;30051;28783;31311;23635;9552;29554;27441;1327;31853;11325;
27809;19115;26336;29558;23937;5544;22861;7485;27457;8298;7488;9218;24929;6147;15563;30105;4657;29199;20848;5776;15580;19106;14912;4032;5284;24191;32069;23074;19823;30091;22558;15588;20867;20865;17385;20924;1166;29926;28774;9085;14313;22080;31320;6888;13341;21379;24879;11716;31655;31180;32741;1073;11000;30033;3366;2105;6592;15768;26291;5032;8556;20968;11272;12317;11501;6654;27709;7522;30140;16128;27434;4601;4635;4279;16846;27127;14493;19192;24050;14358;23784;20323;9481;27909;2490;10065;15963;2306;7210;25095;18530;2987;17457;9008;32116;5649;28264;30090;2979;29455;
31507;13791;9186;31194;26207;10807;1129;32472;17896;6476;602;18102;16254;30270;22180;12213;23849;29832;12839;1348;25194;6195;23834;12756;1732;5705;26026;17128;14715;6541;8676;29547;21148;16233;2261;12359;21821;24872;9968;19251;9990;32101;12720;20428;24817;21955;32382;12008;7501;5343;24788;13351;26377;4227;13219;31179;11823;31773;4594;20169;26031;8047;712;17183;11870;25991;7245;20073;13118;22514;25132;17583;6912;23085;25403;3458;12999;14684;23134;20807;13871;25662;22185;4306;22670;24417;11972;23351;29562;18834;17300;5596;32395;1176;22039;2771;13409;22050;29840;12647;
2281;5373;17125;25845;21725;13962;8773;32254;23178;20592;31757;377;2006;25230;13293;23150;6529;32052;1351;20928;939;6034;20439;14411;17303;10864;6041;30510;32430;25376;15335;31338;4807;689;10722;10669;31653;15718;3604;25448;12737;11878;18772;11815;26186;13237;11497;5154;16491;18019;16882;23823;32716;8964;8197;6715;10331;22112;5910;14553;6988;619;12442;3738;16734;28535;19437;5246;10849;15784;23025;17385;17909;19112;31737;18937;6548;8093;2533;1303;6099;31576;17294;204;31972;19663;12644;25558;21600;12750;30805;1148;3139;19945;9457;5918;14649;3509;12748;11024;
28696;10808;19748;27049;22701;157;8644;19350;23995;4652;10024;14452;7745;16506;15586;17567;1020;6621;5437;324;9005;18979;13087;4798;18332;900;32564;287;21213;29652;14408;30476;20434;6654;17141;25295;24433;4013;7295;11687;25287;6988;29948;32098;1597;7729;13496;13358;4635;13077;28887;8877;9290;4296;4924;8263;14174;1314;14762;32196;6868;7229;4137;1562;16535;18401;10924;387;969;6976;8688;28371;19649;28388;30631;26377;13904;229;1494;24356;6217;25951;32124;15416;6976;23331;14452;28096;14737;22701;25244;566;20901;25943;15927;27105;11632;4812;1936;23535;
9022;10942;15329;4547;13232;25820;18290;19600;18689;14590;24325;22823;31630;8611;2162;1549;32662;25246;5775;16337;8254;10252;7250;18332;27608;4489;6970;14346;30052;32164;28906;19512;20311;10640;18456;7455;9116;31004;4261;18720;3289;31460;17165;14815;5363;31945;29442;31829;31956;17568;30036;24353;12652;16679;7444;19231;4597;18237;21497;2620;27516;12114;4610;28809;19869;26396;30813;7054;7310;19339;5000;15328;1119;24320;2230;7414;12671;12218;12916;24376;29315;656;28812;6233;10019;5606;12074;19943;8325;4314;26941;32288;22207;29374;10784;11016;6039;5835;21114;7096;
4748;8211;9315;18425;26139;25016;23240;8721;4667;5980;20496;13021;29738;472;30719;15392;12139;15409;12507;21787;10256;23752;12238;13662;29237;14032;3212;8669;23245;20485;12341;12358;28065;24219;11133;21650;7317;25461;14346;27867;27693;13464;26910;16237;18769;3039;20341;7967;27725;28144;5233;10724;27932;32110;20596;21917;27878;3697;8333;16177;30919;3635;16216;28640;2514;4876;9503;3284;18006;10400;29509;9465;26719;11351;12005;4367;28032;19981;3766;6654;29648;2315;24626;22889;26675;10550;18423;2181;27099;12423;24941;12588;1806;12475;425;29997;14121;27980;8593;24551;
13797;22943;13121;30230;9177;18303;26286;30700;4160;22986;8585;2404;20477;3946;11879;13523;17884;31367;26398;31679;27;30715;24178;27125;20265;31495;19697;24278;14765;16708;17691;242;29130;732;29382;4056;12193;29433;27073;2091;5400;9342;18360;19961;32474;9974;11607;20809;26272;28617;21170;24819;15022;25526;15077;8117;20128;5245;19191;20354;18790;1756;18437;26397;13454;5309;156;9703;4289;16302;9574;6646;5009;1937;5385;19558;29298;6549;8012;2036;24325;27493;892;28104;6301;5791;11790;19603;14076;2183;31109;28122;4701;23037;30358;19858;27832;25516;32650;28652;
16449;25221;6885;18802;22321;16492;28997;27987;4298;21808;23180;30203;30613;13249;17985;23527;3311;22429;820;11960;28099;18060;10849;25734;13465;31373;12567;13174;15568;10256;26202;10639;11047;13413;24453;30409;24451;28789;6196;7527;13292;27568;18784;31879;11480;29510;15308;26872;32428;4506;6560;18507;3200;8692;852;25133;17442;19573;27600;23540;31582;32337;32722;4727;12925;12856;7311;17955;24588;7445;6557;19787;10719;4859;27152;16576;12117;14428;22756;22178;18652;21373;25755;24437;24760;21030;32294;6519;18689;22430;12041;20017;13035;26327;27323;28237;11083;31973;3915;8103;
16470;12212;22857;29095;13483;9467;20196;11213;25492;30060;26192;27277;14984;20526;27499;32350;27637;29324;26783;16654;16189;18415;5898;21848;8702;17929;6620;1208;24215;22868;2305;12158;7144;30139;3841;802;2649;8086;7716;27351;25117;220;217;28258;5816;24212;18776;29485;25534;653;25735;5015;5854;27983;21530;143;15136;25681;21503;8545;2411;12397;28409;26063;16970;8336;18059;32356;21743;9398;4631;28421;30585;5398;6471;12233;5234;31129;11692;20491;12700;26001;26533;20413;13293;15272;10883;8958;9432;28182;13290;5103;23758;3864;14970;30403;14085;17821;24495;25622;
12920;31298;30982;28032;9263;20608;29794;105;24256;16420;23469;27423;29462;25344;15298;14373;28273;19169;29323;21455;14766;29633;10342;12299;32201;9789;30926;23170;12704;24137;3639;14560;13561;2594;13625;24431;7367;13700;10993;13803;5289;29982;10917;24210;31156;9795;32422;4986;4722;22242;6267;28199;2090;27064;29755;19805;1378;19140;19259;19763;7587;18427;23017;1385;25212;25150;15608;507;18889;10889;10686;10742;18742;32621;1498;2187;19198;16064;8729;11362;24569;16275;7323;4401;21205;10340;11825;18316;163;30101;26378;20223;6806;17437;7823;22106;13576;13438;6795;22092;
18366;31223;12687;14899;877;27130;27797;2867;8317;8160;27619;20869;2828;2268;4914;8210;4150;27693;16656;32321;28820;17304;5507;9229;31746;30742;3055;15450;6822;22218;27705;8585;26414;21045;22317;18506;15960;25517;29213;19633;26552;8459;30155;21901;15286;23205;9354;16885;27350;21884;27551;21795;19004;30134;13293;21638;18799;27982;9682;19474;30045;17162;25676;27867;11423;17837;864;14818;26879;16238;15804;30510;16951;32170;11675;3871;3580;214;3305;25088;16699;26807;16551;13275;30371;28885;13202;11409;15971;4397;17407;7721;6965;5926;18698;1385;20635;19142;29423;30883;
26216;29734;2744;30930;1411;21795;21785;22758;4584;27479;7320;12123;9711;3656;9968;1552;21201;15838;6584;15447;19048;13595;4672;20296;22070;5382;29884;31836;16297;15336;13988;29239;3485;7355;10330;964;15139;10976;526;4487;19329;11792;14303;7471;24442;4757;22850;15211;12239;2490;32680;22527;4357;3712;4187;23;25705;8850;21929;9947;6738;22395;13125;6211;10662;30743;31210;3629;8351;26183;7745;7085;13007;233;22277;25252;26722;9736;26213;18324;21156;9551;4778;6066;27075;14020;4633;21821;30677;18867;28187;7695;13596;16359;8603;24690;31113;26912;30384;21044;
10112;21186;26492;24062;13275;16331;1620;31457;28465;23815;12576;8754;29784;1415;5125;22424;24616;11087;16194;30563;13954;14415;21592;16159;6289;31637;3694;17513;12368;30400;10739;19970;30029;8120;28549;17186;11948;27292;26130;9487;22126;12284;28733;18157;16884;17225;22787;14296;13246;19849;5022;4912;14969;16463;12969;11060;313;29931;23174;16851;29955;19422;13053;17342;25486;24721;7205;14786;30538;9542;10888;25685;13474;31566;11906;13679;23678;7036;19178;7323;22541;25307;24308;22861;4545;22428;18262;18294;24475;31314;15018;23126;25256;14178;17684;14737;32716;3252;10020;13446;
21950;14255;7166;32732;21588;32613;19128;29021;22785;28426;26371;11784;29852;5291;17678;32353;15970;6172;25767;15628;22591;15923;14244;5018;2121;11315;10113;31139;2957;32651;7754;10773;1551;3521;5819;715;13324;24745;30631;610;16514;17114;16022;22600;25843;28770;15794;15125;13925;16313;28900;31007;17325;22260;11834;30536;26861;16699;13708;4635;31836;30845;25439;5400;14405;14178;2825;15435;1619;10114;15382;29732;4107;16340;30443;19330;14490;26473;5289;19473;25553;12378;26196;11478;11886;16127;20277;4872;31645;12641;24188;21794;31678;6898;11306;29750;4201;26748;32046;16260;
12719;16472;29390;22091;14499;13024;18761;31711;13082;20262;27067;29180;9390;28647;21312;19802;22793;21690;8028;30849;11104;23437;9627;22751;26429;28242;628;18968;9858;30966;1395;25501;20651;31635;19096;15488;8019;3302;762;8583;19449;24835;12463;29055;19205;10311;23024;5074;14342;23183;30585;15708;22334;17063;8751;30587;20576;24070;17413;7525;1688;25784;20512;17343;12748;3483;17978;15979;7458;25294;1348;14497;11970;14951;12623;4929;7389;10084;12460;32103;29678;30437;1106;31552;21055;3480;32641;20253;31919;14708;8869;30918;12468;19370;7549;16145;22428;3800;15484;30643;
32536;28032;17776;341;15098;23738;1889;9195;21566;24357;8636;19265;26951;13347;18097;20438;25452;1862;31961;16878;26035;13317;9244;27363;6364;29108;16850;30908;30882;31667;22568;2048;1597;2533;19653;32717;1067;11619;8878;29732;7984;25970;2919;647;10396;179;4956;23750;17868;7834;28031;30230;14579;25889;8753;1635;10011;16062;9574;22503;32614;13458;6148;4860;26522;14563;14477;31790;20956;30156;18174;22677;8124;29747;24567;27746;30322;12028;4891;18359;10343;26236;14522;21948;22520;18481;19118;25071;14198;16048;17538;1979;2673;32222;20186;16461;19510;8035;14862;675;
8086;25436;3097;10725;27625;26960;9650;5625;19283;30054;17080;14930;11846;5589;22995;3848;22600;15515;8025;6190;6647;8562;12142;30560;27722;0;9072;15259;20761;1614;5778;25425;7392;1915;24006;17597;3520;18098;30433;20597;21446;28249;29433;25150;28272;1931;24594;5155;877;1481;30202;18377;4773;15084;2674;23037;11129;18270;4238;13455;1868;23178;10079;12899;11586;22417;31695;2501;839;12863;459;12541;28756;6205;18600;28963;29677;14984;28351;6965;22255;19233;30811;4967;22920;775;3542;9914;647;17506;25854;24272;29654;11521;22973;18431;26692;11526;31226;23972;
16008;30176;2234;4282;13699;21882;15499;7339;15814;20914;15650;7781;1108;6157;9283;8625;6825;5545;1505;6336;24571;19315;17287;29191;4031;12953;12022;16462;6511;17731;16400;10499;9611;32638;25076;3283;27614;27768;7019;7804;16130;5107;5763;23516;28966;23540;19321;7502;30223;12987;21212;12087;26205;5368;8944;10716;18448;17468;15441;31607;16458;16814;2520;22665;4694;24831;30658;1649;4074;1952;1551;13374;24233;27698;23081;21954;14060;27198;5062;13543;32706;15910;26895;11591;27702;15707;19970;17910;32208;24273;11029;7586;4190;10160;26396;23775;21235;20557;18540;8892;
21041;13656;28993;8090;30660;26967;31581;21054;9007;31314;30450;6948;16331;16336;20674;6678;31756;17667;25477;2558;1543;9024;14475;3833;28977;24754;15266;10924;10602;10062;26170;19163;5946;26633;9671;9783;22874;15945;359;23416;14198;10138;17093;1708;12849;25507;9789;16591;21610;4184;22081;15771;10685;22129;13819;31649;32333;14874;16179;15001;19393;25580;30580;11255;30605;30236;16490;4543;18035;16882;1935;16281;10569;29053;6407;12840;18172;31110;6599;12440;26581;26562;27901;11382;9723;24907;2220;21445;1850;25937;32151;2382;25602;10253;13921;14135;16307;6647;12786;12247;
30231;28473;15645;4297;25136;15203;28543;23615;25141;30048;28586;15513;23767;30633;17027;9783;11208;20664;10728;19339;3966;30656;22166;6002;4149;14747;29002;8644;28723;29188;16167;21033;4943;25862;25944;9519;32692;19636;4086;18330;23523;28443;44;31740;3575;20597;17817;32389;24621;21920;9973;23323;20131;27342;32248;27053;25184;637;2679;25797;15765;170;209;20061;15650;26177;22409;5876;21340;20697;6196;15073;14;8862;14230;18918;2494;26254;14600;3336;23601;17641;8476;16030;12337;7138;31620;2217;24717;4251;30768;15715;4194;11344;25527;32283;1689;22995;32504;17471;
25265;22328;31233;187;3774;28625;5680;17793;4786;4701;13207;11625;11484;6012;19877;30268;21422;19558;11011;267;1219;5597;17597;11462;1313;16224;10402;16138;30395;19106;23277;20281;26426;21306;31525;26576;15356;23196;12353;20981;8029;4168;8208;16208;21302;27201;30168;17948;3236;8641;15422;25470;15627;26667;3685;30741;27738;26689;25690;29394;2192;26519;32432;7690;20095;7239;13671;17097;12239;2791;11795;5738;23111;184;15673;9828;17480;32288;30461;13927;25242;9563;13050;17576;27500;365;1906;10361;19093;14683;32679;32540;11040;922;4488;23257;14856;28104;5776;26702;
1600;19610;19436;32263;8694;26646;7644;19022;26905;14338;16987;4932;4377;17564;26370;15665;26094;32651;30250;2841;22619;10518;14161;19856;16756;5524;20159;29646;32606;26403;24680;13062;20310;3997;23061;14324;2292;11976;10431;5814;7857;8397;23867;27868;1960;20716;1053;27074;30361;9325;13526;12574;563;4570;7199;19413;8851;14443;1435;6931;10248;3010;10423;410;3865;26584;15574;14170;21961;8504;6315;31554;13849;25963;24805;5975;27087;32691;2578;27395;23414;22012;12733;28591;26790;12815;4826;27540;6533;11017;6501;18125;29070;17163;22853;14001;15761;3380;27766;13153;
763;28620;31847;27549;29784;22210;31393;10972;3862;27225;19626;26011;18060;7710;28457;24565;24635;11293;21578;8820;25939;20564;356;12583;19833;22632;12250;14580;18119;23447;30015;10032;16148;12014;14013;24429;4726;27068;27575;915;774;3654;29613;563;24035;10940;864;24343;29050;1644;27959;27166;14596;12086;18658;22599;24911;31552;15933;29451;2754;21227;30583;20976;27804;22277;32371;21083;15740;14144;2414;16805;1318;19682;31459;28018;15236;19903;6315;3646;22763;11108;15977;16441;15264;29334;3877;32341;1691;16123;27191;21405;23946;5910;10087;14024;8729;17529;24146;17422;
5745;31797;15632;18746;2302;27542;12819;22529;28022;32013;27986;21138;1815;26990;31911;9838;2096;26971;1910;10618;19170;6912;28048;19794;1832;28674;19799;7393;10773;14257;13602;14383;12893;6533;995;17017;13847;5064;15623;30343;30145;21136;21405;21818;8325;29424;12475;8805;11706;1647;31005;9181;28590;27321;22032;22228;17315;18837;17806;3938;791;21783;13739;13925;6729;5143;28464;6539;26616;21218;4997;429;19054;3118;12756;863;32189;24148;14187;15813;12105;24761;16226;31656;27270;28045;1406;27336;17155;13241;86;23924;24488;9490;26292;19033;19260;5331;9278;32408;
11817;6730;342;13851;21892;3025;574;3624;11080;9728;16768;1590;994;13089;18829;768;25843;18148;12708;2009;10577;25173;501;6719;9807;5130;8967;946;13886;26785;23639;26055;19507;16234;9794;21624;29963;22368;21284;27326;27053;10334;21442;3426;5775;23695;6885;20495;15484;32295;25672;12461;3732;11600;25268;7402;29076;29287;6506;30233;16471;105;25793;1856;14749;31656;30224;8556;31500;6339;18126;21064;11636;10196;18168;26862;18007;24555;19123;15613;681;32444;31539;27628;32468;4244;20187;158;4095;29842;19622;14646;17040;28947;7877;24364;8687;27758;14474;26017;
11661;7650;4996;16879;7974;19148;18412;12933;26179;25629;1087;26610;32002;6156;10285;17471;31257;11272;1714;9346;1049;13041;4995;26800;2544;29575;32683;11699;25778;4899;2422;28092;18073;22693;910;31451;6986;7085;22372;1997;15705;13326;1745;13077;9488;32127;28926;18510;29804;17300;24193;11199;1129;10733;6344;9264;22399;25774;4283;30460;5485;21806;22685;2664;29749;24308;30003;563;12904;2271;18985;2670;1699;16036;9649;17550;10330;18046;12141;2752;21972;16160;16015;32124;31607;14831;23359;3933;24646;17774;28477;816;31656;31737;27079;4171;22635;27319;23229;8480;
10504;25802;18691;24593;28969;5832;18471;1670;26728;28271;4419;8765;31322;10900;8997;17634;1996;10077;11694;20960;19788;15024;19576;24182;4844;13547;21691;22541;2370;22998;14962;25801;30643;26070;20665;12894;8178;29539;27002;10021;31427;21691;6216;10607;12805;13784;7307;28953;31727;6816;14046;5984;15258;3421;28085;22775;2751;4460;1347;15959;4291;11833;11931;7767;19184;9835;12821;12028;10758;12123;6387;6290;10482;15563;6724;16123;16605;13525;20233;13640;24168;8225;29079;3974;15414;10843;11324;1754;18092;1764;15141;9169;27892;3528;25983;25329;840;9457;4573;1940;
6765;18842;31194;4342;28797;19974;16639;1420;24298;8049;29415;2199;27072;10311;11424;28154;21546;8852;30037;16456;24120;28347;2602;27938;4063;17004;8552;3008;13634;17360;26842;29133;28719;25862;17271;2680;749;5075;2624;9160;14389;4501;21612;9775;3198;1913;2755;27235;31870;10990;19016;8553;7405;1626;23066;754;24460;14859;14492;13803;10598;18800;980;10064;7765;18569;16657;17217;17865;32156;18385;17495;27845;19242;21473;3384;26922;30241;710;16489;8760;7251;16476;2660;594;28455;26301;20971;13825;1678;5476;17051;23612;24633;915;26052;3047;24330;20977;15736;
21145;24264;8056;5602;4258;12310;25998;217;22093;4262;24434;12213;9826;29610;218;8034;16879;11915;16347;19123;24904;24030;13832;22264;32333;5780;23774;28370;5099;14192;26976;16198;30438;28351;2814;19217;11221;18499;4539;2107;24174;22384;16271;31727;24067;20955;18698;18570;17229;11759;18747;25074;9065;6625;11472;23593;29728;24295;22654;2082;1387;1189;3748;21203;13366;18664;22571;6795;14949;16279;29872;28294;16405;12007;5605;27839;4644;31693;27188;12805;8691;15033;15014;4177;12906;14465;8196;32599;22077;3995;4924;31579;9070;7568;23813;17990;16404;27821;10438;16121;
11354;26108;16052;17121;28106;24435;10555;19915;32716;23146;18848;19450;11625;1619;8164;21111;14421;23461;18923;12713;28973;25369;32222;5669;9469;32025;973;11207;1029;15733;29337;30466;26045;12121;13329;22644;3606;5500;5211;28350;22531;31385;24726;19090;26936;9763;22717;10510;21297;18741;30926;10312;17783;30664;23852;10794;13599;16936;17986;22912;7571;681;32618;1359;16021;13205;11533;18024;31616;24938;17931;9022;16337;3394;15453;9717;3303;5011;6393;6331;5383;27416;3829;23643;1955;20495;18928;3343;29404;12197;31662;27030;24133;26543;27906;12423;746;11930;5617;26597;
17553;14245;276;17139;20543;26445;32318;6730;1022;11273;26719;10792;990;20280;680;2827;8250;21080;12528;6271;28988;11384;3927;14900;19363;31728;11561;17235;29380;79;28421;23570;11215;28821;23614;10631;5716;419;23425;10169;28166;12527;8888;27133;6590;10108;24111;13696;11203;18698;21237;10784;14152;17290;134;28032;7990;13012;1446;3163;16940;11420;19600;1560;10180;18594;16976;13983;4889;31018;7534;4716;7814;18348;30668;26849;17584;18892;16337;8417;31430;25228;17607;9114;16391;9153;25218;27042;18053;25540;4163;24134;6441;23401;22236;3359;25336;24629;29204;19942;
15252;3787;8524;25224;7430;31144;27491;15229;26298;12304;23000;22102;4555;12616;28462;27286;31362;8198;23701;22723;25369;18982;15046;4029;5060;22686;18991;23630;15346;15284;32336;22273;30927;10095;22629;25656;9486;13387;21829;31353;21991;30768;29322;8969;10587;11173;3826;26812;18879;12098;10757;10507;19064;1379;18168;31591;16900;5156;30418;8909;17722;17289;19917;15771;10194;19452;18431;10146;9767;18685;24889;17020;23612;25621;25648;6175;11773;11275;13530;2995;1224;27739;6683;3233;1580;6372;19105;32749;10225;8673;16653;21445;17752;17434;6995;29018;6563;10588;2403;238;
17368;27942;3849;13358;14275;22949;7441;2755;16442;28898;17840;17700;30373;5691;4127;31150;21437;27664;12169;32758;15763;14782;8487;9822;14036;28113;30122;26086;4940;4213;18905;2117;21930;14894;12923;29753;6787;25289;8055;5147;13465;7315;31290;2742;24156;4040;857;10841;9393;19022;13175;25131;28403;14243;9066;5567;18487;21781;16281;4840;19925;30257;19112;6607;26404;11645;29528;11074;10884;11626;424;4431;5026;13700;24385;22034;28407;24556;32528;7371;7826;25352;26677;4403;7192;7033;26652;24849;23561;29261;12265;29704;30276;29558;24858;21939;14286;10363;19815;1524;
463;2926;28141;9096;6621;9758;21900;9439;20349;12685;8846;4907;6887;18853;13193;31672;6410;2342;9094;2939;2256;8675;20834;2285;11683;17710;30325;8218;15152;28817;4210;13556;11883;29375;8846;12270;14291;15561;4581;30918;6903;21397;8473;5026;10041;30093;20284;5215;11730;18580;7664;23590;6422;9278;716;21824;2297;19520;2050;8491;6355;12069;24639;27885;12896;32067;29139;24488;4619;11246;7442;22383;24684;14571;16890;26712;1295;16935;18710;20946;5751;17833;13217;24121;2914;7622;30447;24744;4431;3476;9993;17679;11326;29089;13464;26245;951;26852;16900;8159;
269;2547;21468;19073;8932;30839;24697;8052;10737;28381;734;11961;769;4175;21731;24797;4669;5859;13459;14030;17324;12818;30930;15341;1273;10603;22851;24164;3191;6024;3432;8634;4450;20802;26379;24485;22888;19745;27613;2847;16231;7958;12894;10683;6009;23661;1532;30522;5166;31741;5759;26457;4376;1698;13988;31214;26253;11245;28168;5427;10920;3865;25160;23138;913;24641;23399;10370;28414;5585;26480;16768;8954;23099;24924;17793;27622;491;24373;30839;11197;7548;19324;1522;24220;31788;11721;14138;18561;12941;26289;20378;12370;31102;25324;766;19490;31066;2487;15041;
17073;21871;27256;7360;26161;2994;28065;2227;3152;31920;3286;32701;10098;12232;22098;10817;1342;10136;16263;28664;22109;23221;2820;22080;25470;9375;17820;6327;5022;17140;7877;12297;10118;13027;8254;15110;20117;740;2293;32248;30911;27814;20263;27699;2518;19273;3529;28653;21000;16846;24871;25680;28586;9676;30411;30158;32308;612;21664;23733;13964;18294;6999;9731;25735;30997;18442;32379;21933;29497;14623;13304;9532;5556;31344;24834;2416;27752;7336;30367;1538;10166;7152;6251;10222;31034;6604;32491;11898;10421;28223;21535;17780;30026;21558;15958;13499;5870;13604;3398;
10497;29722;22505;15708;31182;24514;30456;17745;4296;29579;441;25086;22067;23097;3372;21617;18100;7782;14288;17984;5722;20858;1219;18461;1246;7895;29226;7851;18218;8020;20179;20881;10777;237;4889;12492;21118;22201;16648;17481;15975;9500;4034;22963;27555;32317;26145;9354;18305;17082;26782;9333;19419;23195;7794;17881;27987;31365;29179;28842;16093;18736;4192;31105;28286;31003;27768;10479;32595;10879;26856;19730;25812;10625;28044;2405;25434;23723;27673;22748;23007;30621;6144;30257;22789;17920;21909;7800;11098;8892;9328;25082;13019;28523;2323;30528;16311;8205;14798;17518;
17493;12029;4832;4819;2711;3364;5599;8381;20065;25196;30810;1426;24917;12919;1468;7196;15329;14738;22643;26405;8060;5604;11858;9284;11820;4331;23604;246;6988;7466;9443;9712;22924;23579;30520;3252;27193;16491;22403;21347;12735;8294;30764;722;30060;19633;17819;31455;26230;32567;26966;30982;24128;13925;2153;27951;12249;20634;16651;4298;12997;31705;11134;29726;27393;19906;25143;30174;29249;6080;21823;22782;1660;19331;27865;27844;25002;945;16229;31522;16077;1240;24196;28995;12334;19112;32637;30308;10985;30047;736;25829;27563;11140;8041;22944;6331;17368;13350;19833;
17719;19338;1500;27958;14753;15530;27560;9106;9626;30944;12002;2444;7916;23646;8774;12549;4558;32019;13398;32138;1636;27169;250;32623;24454;32658;9834;1309;30402;8774;24909;22188;14756;30768;13347;20405;11316;28867;7648;19297;29889;12710;9177;5830;21725;15279;13028;23924;13225;23567;7099;17482;7507;15818;11938;9871;23516;12139;14922;10558;3359;28917;29172;6304;23055;7708;32473;17440;13120;2229;16586;19548;13993;5996;532;6008;8872;31925;8870;24503;31302;23045;32374;4172;16061;9025;4896;25709;25143;22135;10448;31914;22489;23500;611;24189;25856;8629;22729;4642;
6090;18794;9646;21160;1753;30616;345;1097;15955;7510;6100;25847;32301;19803;31053;11063;11690;29038;18876;1842;10270;29725;5062;14857;18168;12978;17121;14186;19711;19299;2234;1377;5852;7113;12756;20080;13529;916;11633;23009;20968;16252;19637;24155;3047;28795;32009;25268;8482;9017;446;8454;5914;27592;28914;8197;16005;27025;30648;30351;14485;18318;10611;28037;24957;3258;24195;29658;17458;20678;26148;6377;31598;10510;3986;268;9211;25035;20082;2154;17454;22410;32365;2064;19634;1245;2590;28996;5766;6224;31022;13077;585;9886;10685;7735;7350;19749;14596;15118;
27755;22680;24377;17929;19694;17396;17075;17969;31473;9141;1615;29186;13781;20809;5906;22137;6766;27333;32016;29806;6918;31447;13196;18468;14500;23803;19552;28447;24974;12786;25248;24629;6412;30833;8314;27112;19567;7702;23648;27379;31058;7327;4458;31011;2336;30558;14069;27240;1494;11496;15249;29740;3082;28942;10010;21731;7725;17166;10276;15332;15629;13322;4252;25463;27037;29112;1453;4399;29689;26972;26337;28794;15269;5875;12425;31606;17685;21681;23902;26118;18547;16046;2920;16166;7580;32477;26655;15483;10604;5437;10193;25646;12347;28755;3139;2299;12711;27095;16027;19589;
12692;31662;125;7149;4722;16664;30837;23202;25791;6187;7573;12155;20428;30592;1631;10243;30659;19500;7909;9748;1257;29681;2606;19367;12321;10166;13020;22762;30898;27189;20236;12435;26441;20212;23422;30324;578;11638;20982;31824;22307;5298;7905;28910;15721;4804;6716;1387;13960;9443;1970;31956;3885;25491;25092;23029;9670;16155;30126;8043;31300;24634;3784;22017;27423;278;15914;19769;17307;21109;31187;18984;32587;16687;7308;6279;26323;12260;2248;12808;27121;30954;29391;28646;23231;19593;5659;31424;28210;16235;23042;27815;9703;7502;10646;22902;1823;21500;714;12641;
17160;2685;214;12753;13374;14475;26076;22640;21905;21062;26571;3199;5641;23593;17540;29296;11815;31549;24891;7601;23150;21900;31008;5318;7970;22233;7999;23450;31056;11662;6053;30743;8462;5110;19397;9460;16644;14764;24090;9934;18219;24916;8461;30587;13013;1672;29976;15259;1006;8213;21036;13935;12161;21096;80;12271;15741;9795;17292;278;29626;6069;32517;14977;12855;4424;4969;6456;25766;10108;31885;15820;11562;10356;29269;22946;11359;21488;4309;18062;2715;20347;19381;15523;9843;10982;12506;6730;3201;2292;15938;29330;7269;16471;20272;21959;32522;2267;25738;2118;
21035;2274;19583;7055;11541;22288;28012;7580;25262;17479;14337;21106;9398;470;1184;11253;27725;30701;24581;29696;19381;24661;2860;23733;3418;31069;12911;27410;17423;25880;8176;28613;12443;2245;27958;578;8308;143;30747;12818;10698;31607;7909;25198;26823;5006;1971;1036;8726;30311;30491;8505;28322;29132;31249;28712;21664;14512;26378;24458;29135;29797;31330;20830;6910;30223;4603;30731;5328;7257;19496;2476;18876;16742;3529;15787;8535;17675;13239;18577;23766;1851;29538;18972;7374;26306;11960;24979;29759;6198;16201;23638;11473;26923;31913;12985;8285;17319;534;18194;
19375;1494;30555;6929;32395;510;24820;28496;19693;15028;15219;299;9621;12113;26147;23250;12739;19616;8426;27036;25152;21977;8564;20127;19869;22995;909;7549;17343;2165;6351;32128;15004;31854;23422;24810;30783;19749;2224;18054;7698;31987;9649;14723;31068;6033;29861;898;15625;5324;7279;17646;2218;21376;2002;26508;24764;16579;16342;8019;31789;32609;17774;28029;2844;9097;11863;23006;23265;22213;2371;22133;31565;30767;19767;321;18738;3299;22578;14421;550;5296;16655;13359;17797;5907;172;7238;9909;31845;13900;18914;13486;1875;2874;11568;6841;655;31152;2198;
15991;30405;31478;30276;32550;31953;24782;27660;31264;47;24080;12659;30884;1458;658;31752;27353;19065;11850;9716;5136;20256;16311;13011;19530;9011;380;5826;31482;1256;6991;29625;12044;10509;2577;16668;30757;16191;25406;4492;25901;1629;26504;27395;19467;1340;10431;25888;16047;15260;18164;447;20822;24411;2270;29645;5641;31209;21373;18523;29031;31228;17660;9712;11429;3461;30428;5668;26835;22498;11087;3434;22369;22613;27106;9518;23521;5301;20319;15392;31502;23651;5362;28879;15118;14208;4746;10873;22772;22109;16514;9249;30601;5427;31873;11747;11084;26645;5535;6277;
1975;17186;25545;32590;4548;21247;28262;25627;15280;6533;26170;20911;19967;17078;30347;30795;25024;17910;12675;30846;20498;10104;7126;20543;15079;28150;7077;7737;4872;8357;20129;12134;16218;24936;2931;2783;18783;30531;4700;28659;13055;23827;12568;31350;22921;10365;24073;24923;2549;23845;3729;902;10860;32;19648;14043;7434;32683;20527;3483;16354;17181;7723;1520;11842;30490;29974;22470;10041;27146;1803;21725;15703;3273;18369;3868;13236;27552;20914;14633;11315;13173;9852;30006;2824;5950;20103;1566;13176;10684;7144;5808;480;32613;5253;2890;9977;11426;18298;4523;
18522;29754;4540;25346;2623;14862;5628;27722;26248;3592;27599;20698;29957;25422;18955;31544;2288;18363;12404;12335;18363;12175;21656;22561;7437;10597;22007;29342;12295;3686;32103;26676;15819;701;2999;11913;32063;23114;23443;29352;28686;13723;23207;15769;17648;27416;7688;18228;12076;4221;5583;27446;22363;14478;9223;29845;18798;14598;6857;13073;1010;3280;26021;3852;3219;9849;25156;3995;11743;18150;11340;1757;16973;11330;24708;22668;12414;11579;6969;3793;31938;5230;13792;12637;5086;20511;2044;4789;13069;18990;12098;1997;4420;31814;8955;15833;11706;5208;5803;8800;
26536;15688;28656;4498;17229;24550;21420;16091;54;28703;3686;3000;25788;6773;23534;16586;25294;26028;21056;23849;31217;7366;29611;28666;31364;5426;11315;12356;3657;9537;15923;18175;10785;24281;25159;32622;19735;25197;7784;20911;12448;24108;6233;31633;20001;3449;26435;7077;23986;19612;10396;664;12834;5303;23628;11967;5691;29691;19475;9716;3911;22043;549;8609;10451;12545;4888;16666;11698;27073;16128;13872;29253;1483;11737;8195;5114;31844;19237;2071;21011;15447;1237;13738;25513;14823;29037;19269;28400;6409;8548;25234;1468;18384;8137;6765;19268;7465;26157;19261;
10022;20424;18364;21893;10668;22882;6061;16054;1358;6685;3805;4168;16760;20549;13494;11528;2701;14400;20310;4276;17195;26820;7917;11717;15025;16199;26727;23948;11518;28855;4940;5760;28540;4716;24292;23767;28510;12123;29342;8531;25893;15756;19890;607;24937;1998;23046;9050;5846;24489;9807;3635;1397;11156;2936;21302;27436;9576;16711;23333;7561;23829;9790;8075;12475;21395;16063;15693;4065;16924;12148;5506;27272;24985;14062;28804;7022;18010;27276;22343;27788;9225;15007;5866;23636;3553;459;8844;18488;1819;9137;18273;8299;30633;32458;26373;2283;22823;13718;11280;
3007;12303;4855;27882;16509;9516;3543;12513;3344;21329;12305;2936;25528;7498;25743;16898;8786;8211;28848;28528;30426;5448;7404;6760;27950;14813;20666;29079;2581;3343;9649;8775;6015;31642;13806;32052;1551;19245;10679;23963;2006;23067;18525;1685;18530;1875;4199;27299;26103;22162;6892;4490;4124;9431;20033;4193;28505;280;9173;18408;14912;32051;1368;23835;7082;2855;1315;8199;20035;14980;30164;21725;4425;27168;9528;4933;23184;16908;15983;12276;27082;2502;5962;25729;8453;11952;27896;10612;18037;3777;21474;30369;4980;23419;24275;23988;13511;10525;16732;13068;
8227;32281;29047;14541;25327;30408;3178;48;20044;20829;750;29982;9299;30232;20625;18430;10909;20412;16985;10699;17929;2114;4266;3689;953;32207;20585;26937;13150;996;32610;6123;30390;17620;12263;28563;27219;22396;6074;8191;19357;23854;1582;24904;16410;15342;1416;8104;8685;18657;11179;6539;30109;30466;24053;9193;27928;24087;3172;2258;7160;11748;10237;13387;16644;24990;22638;9048;18682;18338;13554;18778;28300;12647;1141;24475;7080;24497;18681;21288;28668;32520;6712;17631;4282;18537;5002;20424;9624;6715;22794;2473;10012;7556;30708;29140;25110;19293;9810;16964;
21614;26276;9688;22248;18207;15856;19980;7999;18820;18890;426;20005;29139;31514;4934;15341;1767;19935;23859;11951;30530;29731;4260;31971;16722;11567;17;15919;12531;7419;26844;32382;5686;14312;53;10066;22880;5809;18235;4955;4150;18079;27235;72;30840;27133;12318;21213;31660;15564;15030;24902;8220;20920;8569;14251;2850;6986;9498;2820;30883;5470;852;20015;19418;8920;11728;7487;7511;29587;26697;29464;27207;1690;4590;23865;18677;7323;7688;8664;18065;11928;32732;3124;21041;15584;3539;21287;22805;2622;8152;19962;30767;6000;27906;27518;26338;29402;27763;8024;
32523;12412;15744;14749;1598;7714;23314;23711;7250;2010;7755;1286;29471;8363;21613;22562;13190;25476;27640;11391;13234;115;32019;186;25246;10775;12589;21652;3287;22360;19940;6213;24196;19797;26406;9747;18083;1438;31894;31266;8085;17572;1585;7310;16605;29806;13361;29111;24101;6029;26161;25820;22401;26705;7571;8428;24312;30781;28447;19352;5953;25529;14316;30381;4042;28167;6532;15265;16895;6520;323;13675;29640;4064;16128;19608;9043;28487;28400;2460;24597;20193;15046;24934;13579;4161;13855;12343;2118;20681;23070;22195;5030;3941;25683;11577;23270;23161;7394;16752;
17112;6679;18401;4642;11762;19062;17921;15694;16906;15007;10353;21624;15198;9066;15359;19268;28887;10921;20353;13379;28047;9891;14707;16397;17296;13764;24801;12944;31711;32402;19848;17063;18361;11235;824;6127;22300;31053;11388;23254;30857;25567;22653;2804;26121;21262;20516;3999;25454;19954;18047;14009;4571;4275;26726;5581;7302;5694;3934;346;8893;27196;7101;3695;807;22340;14863;21112;27725;17743;6073;21848;22104;23661;19164;27064;18972;16311;29052;24478;6486;29829;19426;17729;27698;18913;22078;10780;18449;21563;9617;6209;29576;20830;3018;14320;23468;2210;18223;20840;
24205;31587;16639;8445;7936;31155;8022;12651;17826;28492;11856;12394;21273;31944;25713;29058;26525;12565;1605;4897;9144;30499;11587;31211;1609;3039;13815;5713;27599;4197;22881;10341;4836;3185;30104;30188;18952;29975;18866;9909;10912;2997;10472;15146;1342;10533;26870;20773;25379;18743;4033;11013;16643;27230;1084;11520;26376;5545;18060;17595;537;8949;29547;28439;25179;3426;5834;20558;760;27651;4538;4672;16160;25306;6028;32007;22606;8195;1591;32209;12749;14639;7675;4079;25978;32084;23620;15401;5579;3747;32209;8789;8464;22715;27669;16680;6649;14108;6622;28747;
10585;24542;4916;16561;15657;26275;17540;14121;10448;27594;15614;5423;6818;19429;28731;9224;2726;25453;15139;13838;1692;15029;12302;21064;32574;11805;28201;15933;31431;26248;2076;23050;20658;13840;15849;691;21188;11512;3607;28343;1868;31457;25105;14567;22698;28737;22985;3447;24078;13330;31392;11606;8578;455;17802;15291;1835;900;30829;2561;14795;7310;32459;21940;16523;14337;21921;11500;8696;28609;26255;27865;14411;8114;7736;3744;6893;14636;16876;13925;16698;27305;18565;14505;17030;28609;14990;2519;22365;7513;23979;19481;15;32279;12084;28528;29804;4889;29220;6148;
16589;3302;21554;16057;13396;4260;28221;16386;1140;23948;9197;19706;18867;26268;9880;29361;14766;13451;8034;11203;16990;9218;17577;12336;27291;21513;24224;30567;7134;22720;32569;8356;14667;1615;29001;13692;10223;26655;8935;31415;11334;14411;3860;17245;16640;27473;27298;31251;19204;9230;6222;21672;20150;9193;10288;26092;2677;2894;26197;449;6760;32350;15530;10100;2427;484;27675;26189;29604;9355;24829;28772;7531;18511;9897;20407;9385;8242;15978;29050;11920;13872;23962;31662;14059;3444;22279;8437;25767;13516;13212;26277;1939;23899;15933;4379;9060;18830;1778;10834;
11260;10321;8520;22196;22252;12418;8692;27695;9783;4261;8122;32652;4185;1754;15245;23548;27015;13581;29688;6388;29241;1389;18364;16955;12006;13087;27579;17986;27918;19251;6164;7859;6526;14807;12432;26444;19408;14282;19517;22254;11057;11284;24664;20209;4199;22005;4720;29883;2322;21275;30153;2449;8241;22039;14335;29868;4073;8466;235;13200;16514;6332;2506;9369;14515;902;12188;24535;25375;18705;1227;4636;19743;17894;9741;3666;17090;1895;22155;2322;27666;1030;10051;12915;20377;9140;11691;8736;24100;11420;3479;18862;27591;26642;23132;24876;14881;5062;4918;507;
30689;29502;16103;25568;22921;5507;27297;28759;12147;8986;4134;8234;7441;18485;10030;22339;21880;3883;26121;12990;288;16166;30085;32067;12517;4891;7186;15763;594;23808;9252;4960;22815;26937;473;22114;20984;13907;31708;11175;21121;21748;23433;1323;23190;1042;26706;16296;31447;23908;12897;21167;5220;9750;28798;18168;17893;6081;30004;26359;10702;13722;32559;23983;18913;490;26857;14283;27636;10174;31622;31467;7156;27871;26876;18236;5930;4;12662;14155;31933;30535;30715;29211;26488;4822;2634;9077;21710;6123;8201;20095;32027;22526;5407;11920;301;14393;9055;6723;
4355;19756;24422;7370;28628;24258;31942;14725;31060;26739;7524;3539;3122;27068;12318;17705;32229;6860;8881;4961;31656;22913;27354;10580;31939;25234;10940;22442;10765;11022;29826;21489;24239;28165;28997;21485;9770;17028;28464;29487;23452;19911;6882;5865;20031;26027;26643;17409;3890;14178;28027;7012;19580;18026;14319;28829;23886;22464;22734;11942;25480;7505;13211;32510;9855;13745;20203;26363;2813;21519;11394;20322;19594;9321;27833;10805;23530;16380;16675;10956;1767;17919;29295;17447;19793;27792;32144;24963;1858;7663;3100;3371;16550;30186;19442;31121;28155;13208;27168;8349;
24150;29514;13572;27973;3751;17599;10673;9054;16957;29079;28819;31154;1165;2058;3415;6738;30767;32218;17925;32046;5929;32646;1391;20706;18544;16321;15567;26067;28332;23330;2220;20347;21564;9245;7421;12289;6266;27442;15505;25101;576;5988;16302;29914;23467;8941;28153;11917;15134;20528;12181;2245;23946;10991;22927;23411;30189;10686;6522;10732;5657;952;17494;17980;5303;3696;3255;16061;5259;14379;25635;18921;4346;29260;3003;9325;5065;8207;6173;5502;30759;23930;27786;3440;24302;12945;28996;4741;14374;1738;2362;28675;1483;26816;2791;23433;15311;32299;16504;1186;
24931;12304;13101;17051;22387;26421;17921;21650;26735;27864;25485;26576;1361;17312;17194;22617;21468;3284;2390;24512;29217;19915;18265;9792;4936;10660;7720;27145;22925;25399;2185;12504;4489;15178;4216;14282;12979;32521;29641;5490;18726;23216;31760;16937;11429;17547;3518;31397;10460;5152;12940;12494;31464;6571;8989;32460;18458;18890;5086;20581;29176;20858;18738;13958;27525;9794;14028;6431;29635;26286;11867;15156;22901;7935;24941;17714;11305;17953;14989;18815;32374;1757;20911;30548;7555;10576;32719;28623;25032;12444;21972;28996;32025;221;31418;19669;27104;8543;13552;23106;
24490;28430;8959;24066;28901;21293;26477;5522;13799;21067;19425;24077;10547;1907;8071;10493;6392;24484;21686;13168;20955;10624;8657;13135;26358;19784;10603;28396;15137;16648;28078;29402;12144;3343;4861;23041;6909;29858;13784;23537;28647;5874;22528;5495;12698;7243;10460;16238;8273;17293;11548;18392;15834;25568;2460;302;3993;13988;30091;23540;16848;32167;6092;24207;4126;22939;21404;20315;5957;25799;18550;17657;29744;26108;2355;4326;21556;12235;20086;14418;23190;32757;10311;28463;32589;29475;29438;18824;19210;24791;4963;5908;5238;13219;15891;7435;8890;4505;20006;8760;
22853;26882;28430;336;20681;13651;7618;13698;391;4188;17693;5455;25293;25539;31104;12188;9149;20145;6079;32517;24911;5067;19259;26485;32154;9060;16203;12787;31823;5616;32737;31423;2182;10940;19818;17822;1981;7901;26613;11378;24093;28775;5528;23565;18432;25055;26639;21319;27825;20978;1447;6222;3698;15206;31067;22590;31684;29010;20028;9458;9698;27530;31254;17689;143;14174;23376;19084;3857;24708;19988;25311;17022;26194;7344;5685;3382;4400;20284;26713;20401;15438;7805;4107;635;26514;3594;14488;16764;9685;29101;430;7293;15182;25100;12653;20712;78;25737;19649;
20687;23598;19046;2544;15152;27782;2861;20847;10616;11424;7759;16634;30277;12589;6155;25827;24944;19510;3473;7083;13643;11605;1128;22479;20775;21028;28941;13284;15642;23286;2269;3302;11007;6085;27444;5838;2237;24940;26071;8034;1997;4886;22671;29521;15862;14327;31767;6527;17243;16698;4152;22686;29112;22586;13619;15102;10473;8436;29791;1190;15532;189;15379;20387;28583;15664;21190;17056;8109;1899;1397;5559;1853;18299;5446;22919;14411;15380;10346;13447;13379;17029;16967;2713;17740;23276;1751;17123;31946;15526;19787;8154;31526;3850;17909;23967;25809;6743;14180;2703;
10374;1258;5841;19990;31440;28853;32698;4547;10957;3308;20172;16546;13361;28673;25606;4294;12941;19923;20508;2853;6610;24099;28953;17833;22545;1863;16969;899;17540;8482;25430;12227;32722;25683;6833;26149;10639;22957;22323;32302;3842;24039;29957;19576;14124;3477;18877;3659;28677;11607;15305;13164;16649;25169;26897;31290;26355;20187;8408;4598;15561;26489;13539;14179;13848;5133;26078;32655;20097;29003;28411;17648;4724;18030;29916;27314;9532;809;23475;27216;26684;23009;18600;24418;10104;18969;21115;1462;28503;12078;9578;23969;28583;10052;7765;27287;4065;26240;8480;16378;
6318;19064;11865;20528;5803;16871;31770;12792;23145;23718;5681;20478;14777;6103;18815;13997;30246;14947;24222;29764;27842;21928;26567;16172;29478;15979;9714;22153;1460;4628;18750;20751;11039;7194;4244;19990;12590;12220;3207;15601;9916;18930;2431;11900;14084;4003;25879;25845;18971;31768;21187;5645;3774;21425;21430;4926;20814;11990;26115;19550;17433;12593;12034;24693;7387;16666;9461;12492;11141;21331;31723;10822;20028;7926;23013;14579;26277;19883;5688;6627;13408;31774;2098;32568;14546;7857;10496;14975;2088;7790;3279;24897;11160;16959;30514;8148;30954;14433;3780;11895;
824;21526;29710;7327;2290;21402;16299;26251;804;16985;11177;2334;14844;19295;27699;2030;647;4112;31597;6553;2491;22297;23712;28248;20666;10150;6807;17622;15957;9430;1353;16706;27087;15723;29368;15010;740;967;1816;29291;31498;16916;18484;27215;21495;7874;14;19543;14179;25910;12997;6449;15375;18112;11196;4299;31750;10190;26105;2337;24611;19808;21451;10067;17619;32444;18864;12026;23580;28515;4213;23484;28895;1347;25247;31006;28506;20270;22794;11418;22256;16267;2768;9714;31021;32588;25708;10691;10757;27936;31264;10845;17756;7401;22932;25298;11724;27504;7871;10317;
10402;31319;20490;26021;15145;10320;17843;30002;27948;22925;8304;19680;5302;9336;4950;12417;3868;13987;1272;24168;2877;1538;19411;27187;18697;8792;2538;14824;29248;15087;27565;22852;28796;11404;19999;5967;25714;11170;4152;8756;8821;24262;5000;5456;22588;32099;12318;11657;16356;18095;8104;6113;1080;25821;9180;3658;14897;4245;27670;14013;5049;2209;32322;30854;12212;12777;9980;15330;11073;29601;13558;18379;22589;9153;922;12819;15626;6069;6385;5552;16782;11606;23236;855;11646;24602;7937;24652;23516;16007;7007;10104;18366;21486;30789;16572;22098;23125;2793;25221;
543;18613;31413;12704;19341;4454;21998;4944;4776;9431;22935;26014;15905;3202;28819;4593;21397;12831;11787;11742;25874;10008;18191;7745;30680;62;20352;28813;18524;6586;15917;24160;3987;22342;31804;12123;11628;13469;972;27952;23711;14895;20952;7676;21413;10778;12126;30936;30471;31062;5569;18602;220;26927;12909;28994;16781;21753;19897;19106;24028;2047;6417;18076;11813;12220;10324;5283;8931;15950;6779;14299;21109;20775;13692;17266;5155;28678;31085;12595;19548;14373;28397;1624;20033;18356;13504;15008;30312;32135;4281;5538;25305;24844;2013;30305;27741;18047;16837;14624;
17657;865;15172;12152;24501;18214;3146;24231;1441;27694;17672;30763;15386;21750;9813;16528;24650;10640;14673;22662;7150;2384;2632;7222;5980;1225;2777;3286;3268;29687;24407;30843;8374;31934;7023;21551;9188;23955;12811;31812;8746;20602;7287;20200;25291;6704;31938;21753;15870;6569;16232;27930;27561;27581;45;11526;12140;30494;13900;27940;1505;29837;27601;12892;14114;18253;1092;27178;29324;14808;22151;11504;22467;29394;7681;31377;4342;13883;1789;9531;25189;18152;23116;24196;21280;31796;3122;6841;21265;24563;12928;15986;572;26791;9725;19050;32070;9207;21258;31118;
21300;25948;32134;1364;2166;19742;31728;1102;19236;15231;11723;5887;15495;1077;12615;22253;29659;30238;7197;15351;7763;2864;15291;27625;24670;21679;8353;10318;23593;30626;30987;20102;357;19847;32464;7704;2634;32070;31882;14665;18908;8292;11767;5101;12141;18553;32671;17533;9059;30948;29111;27498;8507;26813;8774;9393;13006;8459;17030;14256;12499;19255;31629;31031;27814;17345;1580;5091;10056;17714;31256;10919;31142;16210;6215;2476;4638;11930;5277;22875;27455;2028;8904;1976;24528;3202;19049;23537;16404;6693;18036;26678;19533;19359;29657;19916;14463;32114;4964;1885;
7542;2762;25313;11667;31498;22193;20869;27109;12194;30082;21385;2992;2295;2720;6424;29577;21019;11879;11371;18642;697;28771;15155;11659;29598;18880;3895;25707;15480;5122;31294;7471;7902;22519;14639;23347;8849;2281;4727;10815;18178;23;13227;5539;28180;19559;4718;5510;25634;10837;21654;26235;10564;14383;906;32597;24526;14980;3822;6461;1050;1242;25219;32257;20872;23199;4936;4271;30914;23650;26598;17507;2885;21827;16458;30045;16413;31912;8340;22614;30191;50;25392;29716;5693;27120;22082;22845;15846;14034;18504;3177;20204;12640;18427;22138;20346;25771;7029;28464;
14886;15236;12953;13816;9075;8173;6320;27909;22682;11981;10576;10914;23434;21480;3202;29895;24621;25101;15907;15082;12013;31633;9355;8727;4215;24317;31341;22339;9918;27652;4094;23518;22339;29880;10074;167;10901;12029;28707;708;17683;23101;26219;32530;23801;27997;6356;12218;20891;24816;6645;10245;18411;27051;8448;625;28737;14105;7586;13572;22876;2704;17195;32736;29860;14948;20207;10776;12209;30042;3564;194;18193;23136;26029;19533;13894;14459;25710;12309;26895;2816;7296;10293;4585;1543;20207;6556;18900;18205;10595;10340;23898;32313;6980;18527;27342;8946;1569;15346;
13778;2542;19795;29990;21531;28318;2269;3324;6009;17704;24471;17665;22801;26789;19596;18211;2541;31117;21408;6083;11448;111;26998;28171;7362;10470;4752;26242;17995;10440;32184;17373;13309;10144;7583;12825;5562;14943;1477;16326;9368;18254;3736;422;2090;26183;1248;5238;8450;4389;26714;28940;23667;14457;32163;18082;30108;4223;14168;20338;18337;10832;14972;21379;5436;11608;538;19906;26997;17675;26155;26452;30125;5844;2489;15659;4321;21582;29765;9175;15405;15799;23143;23967;20623;10402;22964;30417;14830;24299;11236;15446;25435;27120;5429;137;14486;7678;4618;8778;
24788;31242;2008;2637;5823;12194;32066;4792;16831;26403;7555;3310;13432;5163;2829;22949;13460;28241;17775;18239;12226;25108;9852;10839;16894;3602;15018;25754;28948;8315;30904;19928;16735;10436;7316;13146;2007;12704;10619;24951;7499;14124;22370;27490;22250;19817;28565;9542;26632;2800;23710;1173;4383;3041;29032;23197;16404;8477;11172;7516;1468;32693;30060;12949;1183;1186;10790;28963;15612;24758;25260;19598;23053;16594;19626;24284;25739;18010;4423;17577;32373;25574;3847;32634;3086;29242;27375;21071;28197;4473;15595;19575;12696;10901;23406;30376;22555;9482;2648;22095;
7734;9420;4380;15141;25229;25725;31778;2819;4708;32740;3434;32759;16226;17051;8307;3223;17045;20231;1371;23189;4279;12685;5959;6036;9136;13315;4613;1082;7515;1381;27376;31111;1933;2506;12564;22629;21844;26262;14483;6016;2428;7920;5448;25431;9816;21623;10409;1172;19135;48;18162;152;8276;14275;14208;10331;32522;21224;5242;2419;27112;1308;19895;30066;18698;16280;21212;4981;1257;28547;10437;12282;26332;27751;28199;16114;25310;10978;4979;17432;11921;1950;18941;5504;18819;16002;28253;11379;23216;25130;29205;30842;1865;26517;2165;26809;9908;6686;6844;8062;
30676;2990;18304;1050;15242;21807;29008;9968;22652;15172;8343;11211;27669;2871;15555;11893;27853;17459;24743;21893;16810;24755;19998;1912;29446;21562;17650;30211;22676;4421;16636;29608;26782;11133;25484;18312;3216;27186;3083;29560;7866;24325;25566;8278;30034;21732;24974;9374;7864;11068;1830;22840;13054;29033;24541;12436;24232;22130;245;17401;2736;16627;4579;19226;17870;9050;8112;12779;21238;24662;16287;16562;289;21389;17680;2657;12368;21134;3748;5411;10190;14854;11938;28981;8630;23350;29338;12791;12214;23972;3656;32067;23826;26897;28090;9469;12780;11180;29365;32491;
31682;4229;8534;28359;32568;14916;32757;22163;30488;5659;11854;24877;1175;6905;30691;23331;29914;2305;26012;3528;32696;15674;4785;20616;25538;28040;18633;17528;896;24795;10084;28209;26622;30630;23158;8671;19591;6291;9300;30101;6065;21877;16084;11748;26010;23677;22448;22699;1904;2482;11308;2608;7223;11419;2041;28784;9926;22078;11096;12468;17683;17231;23683;17253;27825;13985;10312;16929;20631;22496;5623;23566;21539;27266;21118;25711;12127;28923;5843;12149;10370;4144;19858;12631;1722;18223;15336;5029;8744;20253;12719;13529;13612;14191;1242;17967;21220;4702;23572;31670;
9967;17812;3236;679;25207;21292;3988;12790;31342;11993;21010;10536;6935;29541;25878;20836;29897;3166;20549;29900;17904;10252;3094;24590;18004;1445;26419;16949;22430;29636;23330;16070;7960;4888;5156;26120;27828;12633;12381;1955;4944;20609;31286;4972;5688;11832;8704;31872;20460;24464;15066;21136;30244;21746;32468;1403;7954;23129;7764;1826;11239;26557;7865;16248;15512;21971;3135;1752;4322;19187;802;6812;31372;29785;21511;16363;17644;24465;18327;2258;13740;2093;17773;28566;2766;28089;25138;15433;6638;17905;6406;26780;29895;7985;13346;30196;14073;1836;10428;27072;
24842;2529;27179;25609;25770;7371;30796;1098;17979;19032;11556;4227;30608;12701;3527;4745;20469;11848;8824;24480;17776;15574;6673;15947;19271;28422;15526;7779;31170;1165;29029;5991;25394;31755;23488;8467;14898;12350;21455;14900;11565;21877;15855;29114;6945;27464;1456;1551;1442;30343;16366;3751;25633;6000;14397;25561;15470;20517;28043;14573;9340;3933;16896;7286;4453;21337;25129;21218;6061;31002;10070;16207;203;3025;31040;20128;23013;10391;29423;6352;24540;19038;20187;11399;27784;4647;24146;14571;18757;24438;4121;2489;2734;19715;19030;2452;22952;26035;7085;16029;
19875;9670;1962;30019;15388;7250;29279;3421;8550;16624;28494;7542;1707;20917;30601;24679;2350;19812;19223;8492;26322;24033;410;6384;13280;18153;3631;29546;7685;11521;14998;28012;24730;18604;23955;16825;20008;23009;20627;22552;4908;28604;26771;27302;5655;22644;30270;5488;6297;19853;4437;1089;32287;12367;13140;12985;23451;27254;25939;29343;13443;18219;1322;11384;2332;22579;26072;3673;6648;15207;20262;7417;1213;21604;8327;23306;7721;20099;6979;31434;11603;31500;6100;19925;27700;24486;10896;26429;29029;2322;31625;9180;26410;30233;21938;3305;13232;11971;12611;18634;
30355;23498;15710;3625;32675;29262;11506;19786;8936;18378;19168;924;3556;8775;6492;28046;535;6352;150;2723;6345;22565;20634;10185;29699;8116;6773;25575;223;2756;9370;25269;12033;31220;32388;8656;16742;12516;30620;9230;7261;31794;32092;26382;13522;29608;9397;22292;1234;11443;25262;13588;10572;28951;14415;8973;3349;19938;21949;19097;17711;3742;30886;20929;587;30923;2527;4629;15244;23437;15948;17917;30350;18337;16129;8266;20647;917;7334;528;11629;4153;4640;17080;11896;20817;23150;15953;22633;11916;7632;7719;2346;16570;14895;3991;9080;24377;27321;23841;
5023;8624;4812;7615;4485;10752;12309;28277;17386;19064;14329;27178;10478;23625;25651;21430;26580;23097;12991;9788;28677;5019;7415;32698;2392;2942;18941;6622;14736;22565;16472;17692;8999;5815;23266;6653;16714;18232;1249;21690;9508;9400;372;3849;6239;19914;16945;19511;18664;20792;4364;2935;25075;29429;4474;21626;13888;15699;23767;29247;24476;12918;15877;20525;30634;12809;20567;11615;19939;26415;1453;6719;16092;21181;22496;29782;4295;17830;10592;21602;31037;24503;6427;8873;12347;26244;19873;17806;13418;2210;31622;7778;9379;24854;11016;18556;21170;20238;242;20108;
29530;30159;3777;18988;3994;30959;28164;8632;6959;18628;11017;22624;21594;4892;17077;9339;20707;11310;14260;16414;23646;977;723;10222;2989;31468;25257;15410;10694;11566;20093;30765;25015;767;4196;13226;18919;8118;19114;8920;13470;12;27763;2136;27079;23760;22946;19861;11765;9693;18938;30036;15013;10570;9091;7308;3011;15072;21552;32119;9839;28625;28350;10473;15616;17062;3807;27105;21577;13178;18584;1885;19996;14438;9960;22643;32013;4668;32170;24222;9592;22904;4796;23126;4038;22387;25185;3555;4075;32730;740;8818;9779;7775;27519;25449;7487;3246;8826;17400;
18762;1187;5783;25328;19634;25274;10158;217;1459;27847;8853;7231;2421;28903;13378;10316;20553;20662;6196;4508;30511;19650;1551;1356;15005;9280;8838;11860;3707;23806;30589;23831;30578;18329;14191;19769;2406;5104;20494;32177;12097;2520;4138;20255;8179;14866;25812;23647;9399;15226;29123;16734;5271;18560;2295;17452;10546;20700;17819;5203;4285;21374;20016;5224;24904;5316;488;25055;20802;1264;5456;3875;22848;27353;25138;17383;8954;9953;28346;14262;27030;8742;28631;15058;12074;15869;19172;16699;27516;22428;23176;9230;6156;13334;31451;3344;15700;26765;8394;16523;
25934;4770;188;14681;5943;30001;2166;19262;16531;19772;12347;16251;12145;29476;26424;8095;496;7199;7968;8865;12034;20454;15124;28716;3184;26286;26053;11834;30238;9050;4828;3300;31377;15855;12186;17528;12462;29256;18107;14797;6852;26379;7073;15571;15053;219;174;5486;15345;30159;27890;21125;21836;13603;5382;3926;18929;30510;2871;8972;10799;2452;10983;28307;14867;11197;21297;15531;8493;3974;13516;26683;18327;21046;14130;15592;1076;435;14593;17895;54;502;12193;32527;29667;26300;27175;7219;8344;5502;31609;23214;11278;17316;4019;4415;16604;9462;12490;29208;
6205;24147;15984;13105;20756;4261;7479;4322;14381;4116;24824;24241;26054;7034;30326;6761;21582;10263;4159;13676;21612;5511;23251;2121;579;24048;15368;9361;8181;5760;8621;30951;31077;21527;9070;31575;13634;18496;31735;19945;14145;10854;7517;4469;30633;16709;25785;23224;29717;8350;12566;32168;7541;28463;24973;8965;26455;18658;32430;23601;23653;4421;4898;10561;23598;19002;30607;9556;26153;17136;5564;19747;5622;13073;26358;5082;13544;5693;12722;14887;1217;23480;19059;7056;10172;15967;23534;26121;18897;22753;31340;28614;28468;18987;1649;8014;3103;32292;8859;6609;
18897;28315;16588;11195;7383;28797;2700;8073;4234;24908;10408;30427;27609;18636;11807;14795;4936;17152;10815;20606;19513;18004;9740;6904;17770;6684;4321;15157;2240;4413;24666;17781;14915;23850;26480;19159;18537;3347;10470;29225;29079;3417;10469;4863;17125;15172;483;1794;29730;24824;16585;9611;17688;11685;19540;7537;16400;32255;23483;8479;1433;2286;16531;6377;1414;17542;2032;20384;18742;5945;14030;19811;13080;10571;9647;21689;22381;27271;16261;13789;21072;8241;10193;27737;16116;3899;3085;15062;13358;5819;9288;14643;27187;20125;10000;2260;28066;32405;13460;9021;
965;344;32010;30431;9236;26636;9807;17969;11002;29181;13517;32003;10716;11409;31650;28688;30808;20350;22527;15058;27338;10554;15309;12186;21013;12212;19351;3551;10400;2369;5028;29398;4254;8665;6243;14404;1939;8323;17933;13713;29459;20750;901;5917;27341;22018;27779;16343;25545;14038;30449;26891;8430;7779;1941;29819;3271;23961;14833;9394;24711;1649;24423;12181;15434;13090;31137;24379;5277;19864;13360;13566;6465;27426;8563;17106;31020;4203;16059;11990;10193;29099;940;5417;1953;798;231;15359;7634;28086;20966;19956;13151;15373;26150;3744;1872;21405;25996;15723;
30267;3635;13314;6818;15115;1953;22625;17099;11520;29619;19091;21558;7927;4197;27897;4821;17388;2131;13578;32333;15549;22897;18237;3661;13104;5116;2601;2335;9784;1457;29931;10365;19316;9532;7369;165;10745;20979;17941;23984;21073;15300;31827;2847;22467;1900;30110;14775;28373;746;17735;30607;21776;32308;8640;28263;26115;7208;16824;23611;395;12229;5256;31256;10065;31131;22990;17711;27539;22912;23639;24104;10536;18565;21571;29368;5310;12073;13411;25974;5479;27596;26342;10218;1620;7526;15669;31463;17887;1656;5915;2331;13775;7235;1321;4069;4312;5689;27225;2662;
14690;4529;24817;4827;25996;7646;26282;28202;19567;17410;5138;30138;14503;24543;25391;21384;9232;23662;18789;17528;16589;10452;10393;21737;5007;31122;23447;19339;787;10748;25009;13941;237;20972;28073;20082;12165;25527;23506;9372;10591;26208;21361;20013;19871;8204;5993;657;13772;17590;18968;24512;14548;32036;10364;18634;8016;23066;154;4787;27914;1997;26400;29570;25532;21914;28745;26517;8987;26104;28673;311;2580;6828;1354;22133;15702;4412;29918;301;30480;17317;5909;25959;1020;8528;23818;12776;4508;13379;12537;20229;12740;9877;13804;12214;14168;15396;10903;14571;
20567;5258;29568;13091;280;18764;4195;31290;25812;15445;212;24450;22373;10915;23590;29206;27725;22337;8332;8555;22266;25205;32126;28200;10313;8506;7518;7480;1352;2288;12892;8477;15168;851;19095;11655;21747;16042;12164;10533;5410;20032;21652;29115;31314;12056;6417;9845;12240;1245;24905;27771;4083;8984;19183;25029;7073;13990;190;12849;2836;9064;29023;722;23518;27196;28045;10123;43;11052;29047;22237;4935;6118;7526;20478;14176;27244;8607;10027;140;13325;8587;11326;4366;6292;21013;8067;19157;18879;22356;10440;14917;22259;9578;17587;7738;9517;26796;7257;
12618;9020;14595;31499;6219;3630;7313;22131;6677;23048;7576;7393;1161;4794;30616;15839;25299;18769;8120;8459;26859;24943;11367;32550;14434;21240;24643;20840;25179;13327;23610;19222;19160;8001;15599;4439;20791;18943;10079;9540;25084;24402;2244;13374;21968;29386;3514;17028;16842;8120;5280;25604;7406;10396;8001;30578;24307;10977;1971;6040;31818;15048;31872;14061;25435;31651;2052;6504;24338;2115;10006;8342;666;16307;13035;7659;616;18983;8758;8022;7804;27183;26004;27159;483;28208;25384;6101;15233;22037;21890;2539;13325;322;4550;9988;17757;30921;30986;5863;
22244;10721;6399;28820;9081;9364;16340;3727;3161;12983;1879;32124;7536;23327;7006;14572;9940;9490;16229;10871;3987;12284;22392;7947;17838;29539;30804;9859;28517;15133;17097;4475;16821;13249;3682;355;8224;7003;10056;16083;27052;27236;9060;18974;5934;2289;4804;23082;3784;25642;3904;15743;20657;30718;28509;20893;24884;8469;8305;1171;5116;19206;27656;5325;7310;20171;11399;814;2071;5490;13583;27487;1128;21268;28836;13926;6207;28171;31887;23418;12488;26208;16896;8981;10339;20867;21240;8268;10920;15935;3686;21596;6568;5356;20369;12421;22646;18407;11445;27163;
7911;26687;2289;21722;14997;29361;32096;14202;24874;26839;23943;20099;30683;2716;23279;29027;29746;17395;3090;3517;14865;8905;23164;27909;6900;26935;7210;30794;23158;4093;23606;28242;23575;19756;5814;16364;24124;29474;27617;1666;26231;15291;3699;18670;17161;21446;29011;654;17829;15030;30835;8347;7031;19098;12536;27062;26213;31824;21660;964;31637;15349;7248;3068;27439;24991;9765;30014;13668;8783;29292;8359;20655;3361;15388;25698;25946;26822;12405;29889;25157;1332;18915;25484;20195;21916;21029;10649;32389;26269;20398;28316;2267;1207;25164;833;11191;9986;21255;16760;
31253;29216;23372;18192;31833;26480;26443;16008;9687;5252;22429;10786;17304;22230;1578;25912;18523;1974;4682;20435;6619;9351;14378;22650;17232;18219;14194;22600;12600;700;3364;30018;23127;30845;1223;32487;31229;14608;25798;30984;16263;17897;14867;18649;5928;18178;1807;14409;28650;18640;22958;17295;8943;5751;3286;25861;24573;1082;14601;21306;17210;15925;6212;25922;30771;28494;24871;4433;3619;21609;23893;14729;24947;4059;16158;15119;15997;20769;31324;29540;8597;9427;9370;12275;14410;211;8316;15334;2025;24778;6235;62;23875;1749;3119;27171;27056;13435;30386;2936;
12628;28643;19906;10675;11937;10563;25095;12012;20253;21660;25047;12595;11622;19365;854;1063;11379;3076;6626;2245;22556;9668;6830;12157;11997;28164;21676;24715;14551;18924;24497;16004;4119;9702;1748;30511;15899;27914;12823;5783;4754;5337;4937;4190;22372;4399;6698;29524;1522;17523;29649;31560;24991;16401;6475;29983;7055;26922;12677;10531;25519;21898;19051;16285;2805;29914;11602;21413;6889;23062;21139;10297;1636;14658;14457;13197;22423;27993;8542;29858;32592;6791;32016;18202;10617;16535;378;10571;15073;20911;13952;10386;23616;8507;31018;26601;13941;16167;14853;29884;
17425;4945;31430;24057;23577;19774;20273;16743;23048;31756;25913;17208;1812;25255;22633;9185;10418;23616;21634;26665;22620;25851;19302;18304;2194;6888;16948;21651;23327;19253;31157;5149;11421;24482;30199;30208;31035;16436;10551;25748;32446;32046;17924;24127;16326;21821;31906;19782;19539;27635;10157;4578;29575;17526;11262;29335;17070;21626;4051;26305;30075;17260;3369;28528;15252;10736;9069;29301;30546;25998;27732;19389;22977;21672;14344;2270;32751;3760;13444;752;30051;27800;9281;19102;16363;30089;26642;6780;22683;983;24652;17308;13842;13877;26923;18524;19455;293;30321;6529;
9188;29875;4688;10634;29466;2659;17290;19006;21014;3944;7895;2184;30954;32534;1927;31364;9486;24986;25448;13274;3169;745;17898;21579;363;5622;22145;25737;11493;6184;30283;30028;123;2315;26867;13474;18128;19014;1237;28038;29891;15309;11875;9653;8177;26711;8903;19901;15994;22035;21962;14167;5129;20374;26356;17910;28686;14616;29172;3488;8526;17889;15939;21501;17054;8702;4613;10158;17643;25656;11312;479;23166;23623;10735;9760;10110;4418;23369;13424;23479;1114;19198;8603;6553;3016;32177;2503;20100;23044;11340;4425;24643;1336;32161;18365;21462;8948;845;16725;
20852;19491;32226;23153;10704;7486;11333;22896;16540;1727;10836;25286;75;473;8908;29519;15132;32102;22634;21732;7508;5921;19025;16683;5322;29973;30636;9907;20905;21333;1684;17472;17522;6638;21044;3683;15680;3866;9259;4942;4176;31158;7473;20711;25536;18422;4350;12571;2711;3672;22888;8309;4358;29398;25803;29423;24046;22624;941;2824;3489;24201;14754;30486;27117;2433;5486;30942;9047;9795;21610;11106;12196;16143;21801;15098;29086;13339;7514;25510;3604;19590;30448;10659;4643;21389;26753;60;20148;5633;3308;21219;3398;21496;3647;9344;494;31428;18392;14601;
7835;15137;21450;32083;11167;20402;1922;8488;18795;1967;9130;6041;16282;27096;15181;29077;15666;941;5692;18107;28198;14560;4785;8301;2591;9995;18995;6950;16507;29087;32185;12813;9622;2588;3346;26826;1353;18568;32132;18328;16049;26650;21428;23963;3378;15414;17605;15733;25275;12702;708;10260;14155;28646;10308;22989;29108;12072;1861;11695;19871;5626;24411;2833;25296;13213;16140;20846;12715;27255;5241;13939;22775;24259;12609;19029;22755;15752;17826;5736;1862;28615;5857;2542;6443;3577;29932;10540;25997;10169;13119;12996;17759;13245;10500;12094;13520;15370;31870;7912;
6604;6760;15783;14816;21446;22804;5144;30319;30901;2998;1066;18840;25436;13458;3931;22001;30415;2562;13299;31922;15155;12324;4071;1292;14277;15056;11005;19900;11806;3021;11313;15583;6837;24900;32343;25096;7845;10356;10243;32400;14000;26792;23206;26669;25476;23142;31993;31174;10046;32490;13471;1670;31789;19411;13062;816;10456;16155;18830;22962;5442;28492;2285;6908;1388;27633;28626;786;23836;587;27848;864;20701;14918;14173;18255;10311;8107;17540;26389;30080;11159;23097;15569;26115;25132;1635;4055;4256;30854;31998;2632;25796;5873;8569;11495;7931;2905;16221;13607;
26291;2;13872;10633;31043;2681;7321;36;1580;9930;7877;4997;8350;29427;7176;22970;27198;16025;18376;4522;23334;17146;20887;23208;19245;5923;22687;27207;8297;13410;11843;21615;18163;7935;11267;6576;21994;1831;8352;28631;1467;30249;6273;30911;23455;23525;1366;23402;11877;4224;2299;29520;26737;7773;26527;2551;11013;26697;25893;20164;14015;32758;4554;273;15715;16555;18953;128;219;569;28092;14222;25468;30769;4739;5227;19851;4436;13673;1033;3072;27467;12229;9074;3209;11929;29535;7008;6866;26317;20948;23047;772;11004;21308;7990;15756;10862;24585;3742;
2077;29080;16946;15473;4088;31562;16786;26672;4459;25130;24459;22974;4247;18017;30190;5304;3959;15252;15647;22025;25886;21270;32116;4024;6720;5724;28639;22277;28404;1457;4557;30901;28088;28458;28749;10154;12214;12765;11893;31158;13894;16718;19201;9905;32179;32042;26942;15817;11586;12600;8487;17690;2160;20876;6861;30591;1404;18174;30972;5287;11557;24538;22299;30571;10165;14553;24148;26206;6974;12880;13813;21158;16164;17832;21270;30987;18651;20238;27517;6478;5618;8043;4030;14268;14161;27287;12454;7426;16831;26058;5082;2115;1959;10835;31676;18280;8219;12428;1678;10680;
24345;30477;2266;168;8973;10784;26385;8948;7064;24437;12914;9710;28048;14871;3373;16662;22600;2719;6601;4076;16401;16296;31171;9730;16896;14978;8056;10581;13554;23595;30532;26333;15310;24186;11244;5475;19722;19870;2617;14995;21361;13767;18406;26194;19491;22819;12733;14418;1501;524;1276;25571;25978;17792;30717;9740;21434;18897;13846;25050;14403;26013;21183;22264;9701;11009;30706;9856;7202;13066;21464;6673;494;15724;2465;24866;15795;30839;10675;14485;3736;1350;29960;12431;2819;3130;28625;1160;26716;30119;1888;14750;28693;6860;20292;30511;17895;777;6582;19878;
25438;332;28468;24469;27799;17869;10603;8453;16969;14331;13658;8458;29954;11445;16565;4506;32179;19646;22151;414;24431;16235;12060;32074;5744;28063;14110;2218;30811;28921;4606;10366;27076;844;7061;27976;3317;592;11532;13475;19947;23447;10489;5334;28578;29890;4810;9897;32403;25588;13671;8568;19578;3207;7443;32133;22876;29694;26771;4242;19913;25403;13715;22704;27231;10227;11333;26962;4239;2654;28235;11941;18596;19251;27863;31524;26880;15827;27153;4967;17065;21188;10681;11323;30469;9826;5389;3832;23266;26577;21997;22543;2745;11318;11581;995;5172;551;2187;15834;
22765;22880;6897;9651;3705;4791;32061;32538;32677;19538;6480;32633;29439;15895;25796;11794;23193;14948;11986;2635;12553;9984;1394;27720;10164;594;30147;21439;2637;18641;11182;6408;31640;20156;13510;13428;28532;25099;27251;4064;1560;18597;18256;5770;11421;28371;11217;30499;9917;23029;22057;19493;26074;13172;4459;7782;20801;32759;24559;30190;25521;22234;9463;27909;16919;11740;4498;31121;12188;3351;22721;24735;737;16182;28377;2112;137;20962;22568;7062;16121;31357;19163;13614;30555;13075;10271;912;26601;9101;4231;7189;11112;11048;6062;28665;10738;7718;23325;6065;
1785;3012;111;26751;12425;8299;24243;2115;29645;30762;22289;29588;15061;30052;8369;10767;22422;28614;3032;29935;51;20348;84;31711;24699;26789;15131;7180;25778;11012;3887;13693;8596;31224;11716;25255;32151;16558;14757;20028;32625;5781;10708;6981;26074;2066;16240;4976;27795;22390;4828;4011;25255;18989;31774;20209;30193;22071;23173;12132;22494;17373;32655;32157;8052;6044;16649;20032;3219;22630;30328;5587;4219;1546;26040;29392;16271;21488;25315;24056;4185;31753;10101;13547;3021;15878;9389;21238;21202;24264;21814;11308;7422;15384;20998;7864;5281;18585;11911;28273;
13318;1018;24564;7855;2037;17264;13318;7773;31612;24164;6865;31312;4336;4969;18408;2519;11310;14704;28360;18836;21030;4415;7796;22666;411;19231;92;19318;2340;5333;32387;19043;32375;17364;5345;11385;15078;28593;20999;1558;298;4311;19201;23840;12384;30588;1664;30617;10321;11988;9017;30835;17142;8324;15752;16038;1852;3161;22617;14977;30980;10298;19784;11581;10862;31835;2055;1752;29271;20404;4352;22049;27680;14514;11068;32527;9393;9772;2436;11094;6334;29848;24262;10556;26697;25471;19898;11433;25449;32558;31684;9854;21577;21167;19229;9768;10867;30199;46;31093;
27471;19553;22076;32422;3046;1883;18250;23749;6124;16735;2875;5689;18942;17702;4664;10647;31016;21784;32337;13499;32682;1798;24679;19992;32508;2075;15433;2124;9487;23824;6173;21495;22230;29344;6914;13262;25605;4668;32499;30443;10265;3839;23022;28007;15512;16100;598;19243;8346;5175;4759;11523;31112;27465;20488;29685;20772;24680;30997;27344;29897;16910;16029;27143;23028;29529;27801;28096;11268;21179;1535;21033;26430;30963;22502;10763;9492;25660;18410;25505;32167;25540;25042;12202;8842;22367;26736;24253;5833;6013;28105;10461;10282;6490;13942;4941;3506;9076;27722;26789;
20331;9794;25653;30502;23397;3363;31592;2379;27643;7061;20410;19616;9047;10919;22347;6871;57;23217;7015;22809;4083;3394;6829;24986;441;15194;5744;11120;32535;31705;20317;9381;28099;20024;30046;29323;32405;32119;20159;3151;11732;12118;23184;25553;6323;29640;29258;4275;19483;26789;11957;12721;28843;17823;5128;30768;30718;25719;18770;4633;12076;6513;24346;26087;23187;28677;26946;21759;16087;8151;28722;30784;15143;19945;32050;2780;22722;28175;17942;30566;29626;22692;15393;15148;24824;26748;548;5062;13697;13593;3558;10991;4856;15650;30920;13460;7523;5392;17321;13099;
32306;28203;4616;22086;6269;2485;8296;10088;21133;27749;31225;30999;6302;26135;12660;19506;31971;16833;8519;8069;6347;12713;30450;23963;4995;19413;3505;23763;29116;10947;23643;9654;4782;1627;31370;29576;32348;22818;252;8989;26906;26032;18745;1007;4173;12388;20598;16237;21619;16726;16826;19093;13411;17037;27455;5572;3541;20083;8987;28365;18212;645;24351;18761;18003;10831;1024;24879;22863;5784;12212;27557;29555;29914;799;18965;25681;15093;12015;29570;27568;31523;18373;2077;20177;13359;9621;17171;21239;29154;21071;16042;16677;20927;19391;16012;22314;16368;7346;29794;
18907;127;4442;29349;15520;22729;2803;16817;21042;27952;13991;19228;15010;10001;11183;3909;25246;14070;13500;22832;10224;1804;18581;25745;14151;12759;30209;10790;30522;20772;18151;17994;9354;14655;24244;11720;935;29799;22525;9453;19318;4735;9574;11489;11602;8454;31170;23351;7761;24393;31611;20418;17864;727;18228;15530;13585;8246;1454;13504;19595;3028;6376;13327;29155;18240;9355;5811;31634;20122;30084;29167;30119;23113;3315;889;9159;26859;21060;11032;25714;9618;12443;8817;22919;32301;9078;26398;31243;32324;30350;2817;28966;16873;15614;24280;28270;5355;17318;11025;
19305;4684;722;27359;10828;22517;21271;15757;29193;8873;27006;531;19337;26168;24293;20711;1078;13813;18081;18453;31165;4457;6248;23954;29458;26953;29039;11213;2740;28838;28879;27784;3634;3684;13101;5606;30446;749;12698;19909;24609;5670;1976;10061;7711;24995;25886;24265;23261;2839;11774;1974;23472;782;3845;24858;21591;7134;2179;17432;27452;3290;13516;24768;21239;13770;19934;15660;7444;13976;13892;10952;10774;12108;2362;9713;23227;15418;30225;21442;26242;634;27349;4650;31595;24729;21038;20034;2814;6030;26756;5342;26766;32752;27750;4451;7359;8038;11821;28376;
4678;12894;17116;20287;32752;32258;24139;19749;13286;32359;6277;15224;9263;17672;8814;6041;26742;7028;11689;25010;270;15939;3000;20298;3891;17486;18533;3094;25235;1568;17249;32018;13;6567;3372;14801;1464;13871;2868;12305;4135;5266;10049;9619;1259;8104;3600;3114;26202;2309;16702;23569;5263;5604;105;26753;8114;14430;19857;25219;3962;18656;4292;32260;17391;29659;7930;27943;21365;12221;10302;9695;2566;20257;20750;9660;28095;834;31493;10245;27806;25270;183;520;6026;18521;26845;6574;3731;7815;21682;10834;636;27278;11676;19411;28534;11362;22031;28648;
29999;26259;25006;18868;28683;25213;6324;21403;14257;1215;19091;26451;9930;17902;13275;7230;20485;9098;31580;24567;1119;7472;2703;32043;3745;4626;17714;1194;18474;4773;25651;19645;27374;31385;30671;31419;17599;26382;21755;19159;12236;23813;29187;2620;29799;13332;30321;30556;30731;6495;560;31876;23965;16067;28657;30900;31474;2644;5838;2735;18322;23050;20269;4686;10427;12215;16104;23577;16041;22844;12459;11032;5909;26877;31389;5351;26876;4754;14402;25609;15777;16320;23456;29822;10965;29095;22944;16024;630;16956;30136;1034;6966;6650;28871;21314;5789;28117;8000;21753;
18514;6512;10891;6152;8854;10639;424;20349;19473;10959;15638;14062;17105;20629;31219;4365;12432;2116;28772;29821;21557;19635;18743;23268;9374;19934;30407;9794;4253;16603;5408;4225;64;27664;5476;14669;31574;17316;14446;17957;6446;10803;7348;18610;7586;10694;25458;24408;26452;14594;12549;17420;4920;24735;3220;15717;31059;21788;25334;9717;26306;22705;12496;32217;14589;31110;6142;14991;15965;34;25653;18696;32732;8742;17126;30206;22557;19771;12901;12424;31660;7753;27722;23276;22150;22762;20248;7604;25308;29470;2844;28932;23828;2368;5784;20522;30993;20024;11553;19319;
31924;19443;24134;27725;25506;2064;28530;8058;28744;24796;5396;6596;19997;13953;18172;27333;10535;13434;13320;12794;24257;20298;6401;10774;11163;19054;32448;32412;31490;23184;9109;8108;15202;14333;5097;2077;23561;13657;13857;10701;22573;11922;19910;29749;29489;25618;14819;10561;2596;5689;29359;29790;7819;29962;2668;30676;32352;14372;13711;17494;11610;29428;7713;28375;29551;31018;1637;14496;13464;26473;32443;32160;30164;9283;12996;23811;13167;28004;4551;20486;27780;17677;22100;8969;1985;21445;12583;1253;30058;4683;6990;8321;12960;20430;5007;29856;4580;26720;19204;24061;
27863;16297;1288;1946;9027;21464;11863;13653;2911;31967;28528;7356;14159;11232;15934;16418;13291;16098;13048;32755;9409;15561;9286;22084;24925;3461;20133;28846;30664;649;2828;7261;14414;17279;22736;14436;11908;29498;16069;8787;11146;8428;18342;20748;17806;22937;7606;4562;28817;28107;2472;7075;5230;16264;22716;27848;17432;11393;28204;9898;31267;26764;966;23527;32390;23636;24026;1189;22943;23631;30294;3367;30839;19441;25392;12958;26184;288;31748;8769;16188;31719;767;3743;16504;18030;21755;12084;6489;4394;25835;24123;25085;24401;1658;18628;23302;22417;19439;25862;
23194;3329;31572;8950;2734;21592;24279;2841;23685;31069;29808;16278;21875;26782;16580;5007;6375;8549;18762;11441;21417;1000;31148;25354;27743;20416;30832;21275;7510;26268;11991;22063;23423;10039;2053;21739;11960;29831;11107;10277;24397;15672;13890;31738;7359;5976;14529;26906;452;17492;31216;14439;6542;12579;18229;1215;19024;18113;21231;12053;18687;7903;26202;22727;31318;28889;27315;22571;25884;19176;3484;23403;6569;27545;1217;11668;12967;20349;13500;20969;21270;18210;16182;27005;17810;10563;15439;5889;8409;30012;9024;21722;5512;31168;9791;29047;18725;21454;1444;9697;
25186;23009;7753;31379;10912;18280;14134;28301;26803;15477;21118;5284;22757;26041;1380;6940;26173;24752;7106;29048;2305;12313;2732;145;28281;21673;30288;10470;19958;24064;20256;31539;3859;2012;18996;24389;9531;14221;14569;7436;17515;28073;975;31730;21305;0;19650;27755;15894;12242;31830;28621;4048;28736;15993;12899;29531;28929;12883;3004;720;16726;20849;22857;1974;8000;21027;26408;4225;18160;2338;23354;32600;22143;3702;22139;30235;6623;10647;16531;17317;21266;18643;29096;13902;21145;2031;11895;30644;29744;2577;10915;21948;21432;10974;1356;7379;20085;19167;29668;
26490;9337;15145;3902;1793;20064;3133;30440;27026;23358;17453;16059;8562;27350;16384;23216;29060;6157;17496;31990;783;26526;338;6721;10432;3854;3502;2148;21235;10211;7472;27426;6446;8977;30277;25409;31982;4277;27370;13281;18855;4101;22730;21004;13830;31623;29862;4750;10873;9602;25850;27143;20721;14515;28638;29502;20967;4416;16426;12216;25245;8690;1501;13962;2214;14750;30144;17771;13992;15588;27718;26637;9825;10268;14263;10670;5096;28046;19853;1258;15925;993;28447;1491;20708;14551;380;21059;6966;7223;7322;3185;14425;5898;5552;17347;3305;777;2272;26595;
15798;22103;9753;29205;968;14188;17724;14536;416;3409;1405;8554;32193;24595;31757;9345;9839;7538;13814;22520;17079;5593;4422;29622;29871;17811;12655;1142;28927;15931;4846;16594;20384;17524;555;13472;23012;30171;31136;13954;31159;2874;11070;23481;11812;2815;14604;24122;10523;32748;24850;10500;31345;2063;8309;32432;27688;20469;4579;28234;29681;19995;2865;2655;24047;21157;15939;5719;5310;16210;24877;7685;10932;31664;8599;11133;2150;31116;26470;3878;25710;23981;10905;28176;26732;8386;24688;2695;10059;15512;17364;31464;18630;14736;31987;17075;3626;12369;27691;482;
5213;5050;7209;11897;30495;22298;8018;3167;14736;17572;23649;22380;6130;6173;3666;21443;9905;12760;31616;14434;25248;30180;10250;10231;5766;11140;1914;11253;14809;28895;29097;26088;11465;5881;24285;27398;30081;31202;12085;32262;25257;10542;327;6965;14127;29860;23559;2758;17223;12603;12267;28009;3760;19010;29516;30496;30777;29406;24080;19534;28293;3001;2182;13585;9739;4345;29073;6866;28768;9327;12297;1051;6329;2065;21342;680;27052;7339;14206;18368;16438;14545;20473;21190;20482;27672;11875;28171;31976;646;18427;28134;28085;23622;16009;26119;15402;28064;12429;18696;
26183;31529;21653;9797;25801;26167;25583;31214;2801;7576;6272;17242;4999;1668;16884;21918;32543;29135;13848;5727;10139;29027;8323;7908;11505;8686;30076;29551;7982;15576;3096;17614;2491;1656;9123;28717;17375;27783;22593;12590;10886;26837;19157;14908;10049;31802;34;10012;10381;21968;15153;32196;28504;31327;22258;12657;21953;25;25381;23540;29472;12936;2171;8524;16710;12996;30713;29050;9990;26601;27038;7313;3060;21448;28229;27917;22892;8157;6349;15461;3286;30338;17014;13796;16169;31841;28302;15284;17838;32303;4430;8764;20487;9880;15871;13740;10095;20597;96;15829;
29507;18757;25932;29759;9922;6107;30360;8309;31761;6996;11835;20132;8321;5708;9393;21604;30229;31314;32417;6102;3647;1944;23997;19695;16875;5359;22761;7443;2750;5107;16288;27878;416;9603;11412;13407;9848;21109;11157;7454;21814;15495;30388;23295;3095;23448;3752;29423;26404;6936;12913;25598;29949;27581;31291;26294;18644;7543;6532;13995;28092;5543;3201;6740;7972;13708;13502;7449;27294;1277;10502;12205;7910;30046;15490;8862;11295;20685;292;12075;22879;10652;18759;597;29550;24068;27791;32313;22731;1047;21527;9628;1776;20983;4555;26056;3287;22086;1810;12951;
1725;5341;24241;10445;1830;23489;24044;10922;4385;25682;20717;10944;1997;5318;5738;6403;14108;30166;3715;9759;22999;12471;28905;20750;16611;10572;20037;29417;32706;2202;16600;15614;16988;19324;4190;23844;12288;10648;19769;15435;32678;26769;9931;2903;8567;28543;292;4655;8591;11932;3549;29968;10241;12095;27715;25640;14875;24591;5305;26976;8428;29040;4951;18553;6404;22082;21975;9562;12155;15563;4274;25768;28725;5105;32646;31384;18787;28845;1211;7169;18509;26556;27750;1462;4944;12184;22125;19986;17698;7846;3053;29908;3422;22961;17368;9517;14908;18071;6883;24088;
3999;5954;17055;29930;3926;218;11237;9770;5787;29497;12408;10402;29920;25760;32742;30390;24524;1448;21423;16885;26752;29051;11945;17646;22046;11843;11171;26437;2444;4579;8009;26630;20085;24294;4424;568;15761;11700;20658;16310;5159;30220;10147;28218;9424;19630;29221;27323;17789;10584;7249;14073;24251;18676;19383;3414;54;16;14336;26343;7804;4494;30418;10187;24068;23965;16116;26043;3951;31976;26291;31971;16653;7181;8580;26352;2467;11088;16618;2155;28780;13969;31898;26693;5725;31099;1502;1459;1197;1023;27191;16444;17557;768;2374;1551;9301;336;8684;15515;
19831;13532;15025;5978;4183;11299;26978;20717;2275;28653;15870;31342;160;27961;21716;21762;12782;15223;21477;27053;20620;4855;22415;21355;31582;1954;4717;28540;31598;23528;9337;26623;29746;32761;28019;19650;26893;4408;24199;11865;15383;28140;3882;28525;2593;12601;6469;16471;2036;11088;149;30957;17626;10722;10577;17564;30304;9434;8718;21688;12633;9035;17633;3343;13350;27815;29635;24260;9781;23091;29753;17755;28872;23735;11828;6672;5368;2682;21045;12653;8953;18797;10934;30491;13983;27047;7366;31737;7457;17425;7155;10859;2078;12643;5484;5365;29149;27983;5735;4872;
5849;14843;12737;8219;10365;22453;26852;12542;7468;9443;7150;29547;16772;31288;17680;11231;28388;5934;819;9639;2859;12976;14306;26942;13763;1046;15460;11478;17887;22615;29224;13109;32256;1914;12903;3266;6334;24142;24836;28384;4805;20571;9911;5498;22046;1560;5738;25311;10928;7007;16867;12753;4102;8733;420;3544;25682;15694;29711;17885;31922;26665;30670;3315;4787;15767;9586;7544;11028;21482;3162;4701;22988;204;14039;27330;1869;6517;14733;27590;6923;802;21021;21661;12088;10178;22785;6371;12754;8946;2743;5423;5856;15147;27681;29164;32761;31546;20012;10340;
32005;32753;13488;24094;19016;19997;9367;2666;12188;17592;7490;6714;25853;32607;16680;1587;8267;15622;29120;3844;12364;7914;25250;5111;18673;21447;26601;14277;25818;843;987;18351;24603;3531;30668;6346;12353;29750;23615;20379;23952;31815;1103;17891;8591;25854;12365;700;20167;16208;21419;30949;26055;16158;29208;32603;31595;6244;22509;14377;21598;15539;12744;22912;23006;3297;18294;3338;19391;21247;24087;22908;21427;6283;1404;19051;24008;11495;21716;19040;23090;28682;23176;25390;19531;13686;17251;22659;19160;21353;31990;20670;21902;12888;22331;0;9173;28825;27000;2438;
20683;28256;15974;2870;2188;21996;2963;1911;6833;29698;30725;8518;5654;29851;13856;24199;20961;22490;29898;25752;1983;13120;27596;25388;25457;4899;1915;8535;11144;4188;30617;24805;26476;28225;9590;3056;9891;21715;21850;24754;19792;31544;30503;3991;2554;22123;27195;32662;22671;8242;14484;11458;13993;19024;3383;21788;27919;12796;27090;26540;4735;10131;24480;27088;11179;7818;20365;18131;3201;6566;30107;15809;24239;10095;17284;24954;29031;738;20129;24326;13919;11366;21770;32296;4125;3841;7679;4150;21873;1484;14726;16679;11843;21924;25430;32494;11662;28451;3316;27399;
19629;3278;21276;2639;11222;400;25186;10008;15332;19304;3865;6525;13657;15966;9332;27123;163;23483;12011;545;29598;10617;17888;24562;2139;7673;6275;32488;28960;29684;16883;27571;11695;31412;10406;13826;1483;13956;27914;13465;3321;25957;11116;20387;4996;15362;5402;17738;10435;28390;9412;7302;4766;23533;29224;14898;24143;26616;26863;19557;28262;25829;26321;32767;10768;5055;1280;13442;12696;5937;4292;8740;15406;27201;30562;9762;744;12091;10563;10582;23814;27370;14418;21772;29050;14;13734;2578;8616;32523;4705;19982;4458;7647;2008;8980;28759;27734;19188;32120;
26693;6273;3800;19425;21772;22372;6851;17823;10637;17903;30520;29503;9715;22064;30301;9564;17209;7366;7074;19896;30701;4761;9890;28299;14899;7880;17742;5146;25356;31971;12616;3212;22232;21339;15501;20985;5914;3638;4439;23237;8572;20999;10562;17452;16403;6942;16301;2845;12003;23804;17251;18252;15014;13834;2939;7299;15561;2954;21372;22072;6328;8653;17093;24933;7771;1190;812;6292;30176;21536;10982;5689;30908;18796;32167;325;7148;2077;18697;2040;20353;3992;24626;31991;30555;24773;31409;19102;24885;11275;31402;12439;23522;7036;24115;32684;21461;3404;24573;18393;
6375;21128;2871;11430;12629;17924;18095;21428;24072;20374;6971;8597;13338;10113;14679;14560;28565;28212;527;28549;25470;27701;5920;11871;11026;3672;13914;28424;79;29236;25672;19441;23478;5847;10771;22194;16720;1465;27300;10398;24303;2031;4873;24987;24502;15265;10778;2353;6363;7614;860;1504;29612;23534;6437;7863;14544;713;20993;15138;8400;23622;13653;21764;19926;4726;21314;20741;4788;27250;25548;12590;11047;11154;24892;21939;18781;1759;8642;16399;7350;4811;13407;3158;13768;12064;1282;5319;27557;25911;3058;29601;9824;6250;3179;22329;13005;6859;9868;23624;
905;31255;16497;25225;826;6373;2716;3972;23576;26659;9113;29604;22701;21699;7905;1424;16856;15794;29440;26552;24088;1546;4851;11310;30215;6024;14036;2744;549;26944;6073;15651;26071;24207;8921;30170;23472;4690;26608;9399;30446;25173;18149;32280;24136;20239;8362;30774;9191;908;3941;12978;24242;6570;27085;31857;26830;28296;5590;27562;26469;6972;28304;15421;32679;26052;16716;26695;23823;15935;9730;12019;27880;7262;14063;32147;29455;20757;27522;28399;23546;8342;6777;21724;28665;14463;26440;17;19388;22098;7866;14903;16918;12839;18138;9791;2816;413;26132;31480;
25569;10006;17816;19425;1293;24868;13055;21564;4235;3646;1329;30819;24091;22712;26758;29023;18551;24306;13867;22199;24538;11215;23240;31366;9663;4968;4191;19408;13803;18434;28536;13078;173;15166;7035;7464;31333;8080;3677;10299;25667;7666;18302;10043;4689;5082;25042;28515;21172;28009;21824;9226;23087;28645;26439;29888;23016;2153;3815;409;8815;29403;20415;22985;30716;19743;20595;18545;31736;27274;12368;25529;20415;31642;24627;4639;21669;24036;678;31247;11575;10317;5965;4019;25539;18301;30081;13580;23066;16017;23098;8258;26260;24592;3378;31800;16981;4897;24903;30564;
11471;30971;5153;13534;26760;1692;20758;21430;29981;26302;23370;139;10888;14343;8987;17753;6558;31616;19132;2963;21979;18248;24095;1138;3170;4490;16921;27532;3136;10156;7873;22440;9201;9673;18713;3537;30757;610;28656;2729;14276;592;4102;13824;20783;10493;29554;29861;3273;30932;16449;3196;12470;6134;23136;3793;4578;11567;7356;15596;13893;2344;11687;6886;27750;28638;29310;9403;31774;5714;26248;22943;21663;10371;22818;4502;23476;27545;22297;20799;16971;20579;17240;4080;560;2563;25283;9224;26907;31976;24418;18817;21741;6653;1730;30405;1335;31264;18328;29635;
9724;19926;12968;26433;30648;30013;741;20084;14496;21570;28890;4814;13100;14099;21832;12823;5587;23256;24337;11455;30741;28318;24660;11891;12479;8339;30426;9454;24939;2937;5041;14610;23366;6229;9750;24119;16662;10343;28057;27587;2683;7007;14203;29946;19572;1486;2907;21272;27430;11227;2833;5533;6361;5175;2523;19689;17988;18259;7863;25352;26634;3792;13839;30415;13700;18743;26267;27944;17601;9706;3460;11434;10187;23898;30149;14189;28460;14715;3799;5916;13745;629;30349;20299;6510;9117;23101;18955;17922;7331;29472;29372;29725;4876;8699;29475;575;6115;28159;18109;
2754;30124;27374;6226;6938;6810;19072;7628;28764;29442;7429;26186;23805;18446;1355;20081;15324;30390;25538;3842;5251;4844;15582;6578;21674;19223;24253;14390;17149;8131;2570;8605;3872;17303;8737;31202;8943;14215;10356;28610;6410;30539;1837;27851;31889;18959;28437;2998;13868;2924;19636;18678;19023;151;6330;8593;19644;3544;1949;5167;11593;24638;23684;14448;16867;24466;25444;24707;12755;31881;22120;30965;9792;12093;12951;6854;25589;14814;16305;962;12901;933;20313;26894;13292;8202;30585;22530;4952;22071;19427;6454;10920;15548;23348;18912;1812;15748;29438;8029;
28237;5640;28454;2317;18693;10178;6282;9316;5810;11493;22247;14142;20111;9547;14843;9331;20964;4015;7654;3756;21384;17180;28374;7541;22692;31909;20451;6291;14009;30039;10552;19863;13029;5228;24948;29619;9826;4545;18000;461;19535;7307;26753;10962;7347;23109;28384;29773;22719;20973;9416;6968;11347;5999;18367;15121;2244;19298;22617;27441;7389;17138;29274;18010;3619;27677;28699;4239;22365;16931;23855;28456;28756;26167;31813;26405;8920;12411;25680;5571;12547;19755;30950;22349;12482;14872;16870;20533;16528;14425;26206;3171;31109;1597;20140;10445;17040;30084;12771;15176;
26881;12750;4720;27805;8778;19283;28157;30944;23302;22997;9365;2557;30522;19411;23305;8340;26587;13824;23699;32519;14737;14067;16314;19153;187;17184;21109;22553;18099;27911;4499;21382;23635;32171;12122;15958;13752;28998;28015;28842;13125;11323;19958;5668;31723;31820;24569;22708;19624;14861;11022;11695;24910;7832;32308;31010;23174;8579;9727;31589;17684;29455;19957;15603;9821;26274;4407;27768;12838;24952;32356;25388;3486;8597;4794;17248;17311;28926;28798;25942;20017;6440;21662;1622;22864;10929;3990;28158;8943;27982;1424;32218;7228;3077;31183;24373;12326;20892;10573;17198;
21276;2385;30883;26894;16408;22475;14634;24280;1757;8273;18784;12322;20349;19002;5261;30500;30493;31396;13734;1039;27132;5737;16753;3744;24242;8271;31722;9716;22198;18303;31974;21150;2083;14905;2038;7927;5308;4293;7054;31157;12845;25773;31590;9919;10132;26665;14881;12864;17471;4571;1581;6650;13239;12476;15850;8414;21246;31831;3854;217;27414;30005;9544;28400;29890;10648;11299;9615;18833;12908;10286;26910;26135;31866;27482;15062;8574;12767;10403;11731;32318;22460;27378;4714;30760;29744;29506;27580;29609;20611;16898;25483;12877;11172;20411;12365;28802;28886;14579;8575;
4255;18086;24913;17980;30500;2592;20994;25102;31811;2626;22362;9220;5792;6065;8639;21509;9046;15531;28099;27235;28474;12605;30608;17843;25955;24502;15753;29405;1770;3419;22062;15215;4078;31580;23872;28215;28123;5127;15398;5648;27372;30780;20880;4860;13039;289;15450;18803;5449;2582;19891;23547;10297;5868;26238;8953;12641;10833;17400;22215;30594;24719;32668;8198;24967;8823;17988;566;1733;1175;2704;21636;5249;9908;13963;15586;11442;10100;8332;24925;8713;90;18267;17323;13615;24055;6549;31492;14158;18527;19538;16436;13778;12251;1284;32749;4977;12765;23203;26465;
12904;10809;29191;7952;5128;25745;14741;10207;4466;529;2077;3691;4511;26461;8963;26780;24739;18120;28573;20861;3122;6855;21469;22347;26979;9381;2608;4044;10164;17272;27813;18145;5454;14163;31570;31583;30859;9405;8692;7707;8886;27746;213;18244;8210;11017;15603;22006;10525;30150;7006;11787;14613;9841;27618;2101;28092;19542;1766;2122;5209;5422;25236;3550;2047;16975;826;29463;17681;32287;19184;11709;22022;9678;27772;1681;32106;23365;1394;23264;16677;29529;9120;7255;15104;5189;14760;793;21093;6231;18159;9743;17254;2281;14006;28031;5890;17811;14983;5089;
28835;11167;9171;10478;21738;20925;217;19193;19887;11256;201;2690;3908;11241;25386;11273;762;12587;30329;15392;23271;24079;27155;10692;4838;9360;30549;23277;734;8073;9729;28516;26184;3109;12259;9685;31979;30615;18357;5925;10474;29964;18241;15365;11777;28638;2245;28872;30220;28171;28571;27505;32457;22245;25625;22545;21726;4619;18103;3920;16414;4759;7791;6985;1288;8857;1642;32411;24464;709;7896;29116;6947;12904;1312;2705;27621;29601;5945;572;27965;24525;1623;3382;27027;8259;31947;31133;20312;8002;23332;1999;30535;17703;20635;12599;8171;5603;21166;20839;
16994;17069;14346;25959;9312;1012;31406;21837;19319;20376;25934;31758;13717;16217;12277;24980;31438;15248;20463;23313;15451;15901;32486;1426;1251;16800;15691;20183;32250;12524;21496;98;7912;27320;6419;206;14507;11672;31797;16226;831;44;7627;32230;4124;27031;30141;27829;17921;3635;19790;19732;18928;1156;4164;3522;31097;30314;14664;5585;23100;25242;23951;12723;8874;4686;7098;22168;16395;5948;29179;12280;32197;26053;16250;11115;12763;24432;29943;30401;4788;24982;14512;9295;6686;11359;389;27015;6546;13805;27994;11212;25530;15830;22205;20356;12080;13528;28104;32110;
5769;19656;22601;21045;22930;17612;7457;11334;17369;17866;24298;3039;23663;25376;10717;14697;17133;5014;22770;9736;23989;13968;22088;14960;15738;31113;15048;2042;23043;12732;4358;4087;3115;32292;16231;5444;26925;17831;23945;11295;25374;25999;30943;31800;21179;9273;3228;26891;20069;15377;12499;5230;29290;4798;17628;28518;32390;28825;6393;19775;27818;19556;23353;11484;25851;32569;19357;11339;13086;29888;31610;23196;8371;11173;7198;23540;22815;6729;8374;5085;14991;19384;14192;18912;14394;18652;24028;31830;12774;8688;5272;21883;25773;11318;30252;30404;22785;18413;13619;3699;
29166;17022;17852;27496;415;10486;13807;826;1828;7864;31220;7814;31090;3188;12048;8071;17323;15187;6673;5863;22176;12404;25837;6869;29589;23708;24486;5208;5188;29737;18544;30435;5156;840;24342;5673;32490;4712;18330;3634;10320;28399;28;29103;28950;27691;28156;12939;23879;12427;17987;30914;24510;25359;21823;23414;32488;19709;26990;12352;14028;17366;26014;25796;15432;28552;15953;5768;1437;16613;26214;23814;15406;11348;28406;31231;31620;31942;24189;25619;406;21228;826;24463;13383;9384;17624;6534;8241;20673;14669;31011;21665;6874;259;6973;16610;9125;11829;11308;
30399;12628;15261;5083;30275;23632;22092;10271;26307;29742;32473;22855;24863;12511;17853;3317;12100;1062;9982;6956;9461;8015;18699;8617;30156;287;8935;8567;11387;8199;19850;6846;10072;1180;1157;6876;15897;26700;6628;28854;29915;11337;24920;31568;24682;15562;22166;18076;8124;13427;762;27280;3774;21521;26224;24699;5716;8843;26516;17049;15770;18710;3864;10725;24689;32679;4710;7726;12087;7598;29063;19565;23509;8961;11332;30550;6143;19734;21131;22061;18615;3190;29716;21979;4883;28270;13123;28737;9793;20232;32593;3532;26312;26426;14759;9546;24336;2908;19082;3580;
6437;11743;26877;14316;17848;31293;6627;16000;21607;7212;10853;2384;24894;1815;10643;28469;7037;20942;9550;4002;2459;31357;11877;22072;20108;9947;26622;23700;21568;13475;9784;7788;32620;11848;24590;13274;20620;30693;30847;1527;5673;18546;8939;12716;5207;17214;26305;3269;17795;17817;1623;327;6251;15569;19737;13060;20334;6241;2278;9068;25862;11364;12983;18342;6547;6224;2690;17632;3674;1504;10846;18147;4557;21586;21735;9450;269;979;740;18612;25261;30008;29735;3032;7865;20974;18357;32601;30710;12340;24359;20858;10860;18311;4432;17875;21282;18782;28704;29605;
1321;12824;9672;15979;12251;9779;11551;15537;14949;12222;26949;297;30851;28689;24710;31228;23691;6587;7809;23134;2733;18108;393;16997;12665;32501;30539;6427;19361;732;27825;19666;12033;11892;29959;28087;3292;2173;27741;22186;18281;20967;6444;22605;16526;10637;4412;6747;1515;6176;26052;10044;32282;6241;23252;21974;31541;28564;11760;1445;22169;27185;12285;24846;31210;20700;13922;6640;31064;10647;10087;21629;8992;6455;9696;13384;10325;30996;8208;16286;17120;29957;17864;3354;31942;17804;10703;28532;31913;23117;4742;5018;31634;2245;15820;17666;18413;4920;7200;19518;
31189;7147;18181;7121;15506;22676;13995;16193;20832;6671;31435;16493;12146;31826;31443;30497;25911;21155;323;30440;7900;9225;5719;3873;30226;19456;28134;4437;28433;4976;27786;20936;18141;21984;2049;5710;30408;1767;1747;26464;4408;11236;25397;30575;23466;7663;21806;5240;18935;10256;18424;22489;16086;21934;16041;2147;13731;1354;27667;25264;14687;4973;488;15287;19703;12766;31522;12701;10441;16153;26017;24271;29028;12797;28438;17229;19343;28101;14625;22601;29070;4665;14518;496;11680;7205;9413;21384;24012;27147;14362;22971;25821;30997;19074;24370;11436;28237;1327;24422;
7581;16400;13917;7091;12140;5056;2102;1711;30506;9146;7923;31161;22146;16776;25157;26837;12353;18519;30195;2231;17942;5035;9668;6941;9109;20049;18591;21858;14978;11670;24305;5456;5197;27830;28751;22583;15577;7319;27741;10299;19073;7095;4846;29682;10077;19043;10092;1071;32705;20267;29563;1048;31239;32658;23769;20351;7055;16650;4744;31599;32515;30239;5424;19716;16352;19442;7871;4736;16178;31721;11602;4764;9631;21925;13656;1564;18086;9524;16116;20390;18729;18824;29348;26068;14633;3880;22817;9096;26322;8998;21126;29312;14007;12881;2227;1066;18270;2219;24820;3257;
4095;17694;12510;13432;23689;30058;14970;13150;19174;11874;13222;19171;11648;29784;23735;4627;30468;2006;27235;18401;4966;27279;18143;8125;21029;12436;28228;15465;17872;29131;27191;19720;15561;28574;12489;120;14153;17136;27292;17121;32420;9813;25672;31118;16846;12418;12028;12540;23326;4866;13417;28977;9043;12587;16859;11343;30165;9041;20137;31593;19005;31289;464;7573;1814;22224;15067;27971;29157;10781;8710;16333;24680;12661;930;25423;3868;750;31419;11960;16641;15894;12025;22561;3233;13540;10692;1374;31311;8430;1707;19155;22445;14557;775;3209;25713;14878;12507;30082;
15464;15067;20735;31049;8891;22570;6270;5068;4721;5252;25916;15214;14389;31352;9692;14681;14681;22432;30944;23569;27676;9173;18194;14415;25896;26783;23843;27660;32351;15599;18579;6108;15063;10513;31696;637;11299;1756;32162;6832;15573;12844;10182;19271;1088;7570;14554;21888;1923;8009;15737;9617;3011;2668;5286;21892;23991;26727;4974;21061;12906;26284;3017;22266;1340;19623;15042;12946;5930;3571;25047;2977;29520;19662;4003;5739;7340;24778;23482;28990;18725;13766;6613;6918;19916;5917;18479;14363;8289;15133;15662;6493;4633;8891;22598;14723;10142;8580;14875;9392;
12888;8663;18405;32327;3819;31058;32281;6401;11521;24970;22086;21821;17481;26879;17468;14743;23232;28751;3700;31163;47;1961;1452;24444;25332;16517;24530;18976;8710;18322;14883;14334;52;23280;1684;3660;23725;28832;26737;4914;5317;8505;17476;20002;13046;10972;1784;17004;3877;8297;26686;14349;17447;6387;11312;1736;7812;29554;10292;6009;26747;696;3876;4005;14150;13735;18604;23381;7583;4000;22515;2341;26498;1342;5501;11416;17205;4421;16464;15022;31622;5589;10837;5305;10068;24036;1026;13676;29264;21227;2870;13365;25349;15070;8548;4813;16918;4706;3316;2317;
1735;22331;27110;17155;27839;22275;3513;17733;5901;22050;25227;27525;25704;8954;32129;13670;22715;26978;29801;21902;16353;23126;13982;14076;28076;31724;27948;27804;16173;13706;9781;16153;16687;27735;20372;19699;8197;17391;17599;28881;17542;22363;29682;25112;16981;32320;24202;17340;31590;29270;30895;5463;7357;26908;11317;14968;22649;30155;708;3133;274;18312;15159;10532;27103;6109;20035;30494;12507;23914;9817;3045;21928;5848;3789;28560;16852;16911;7735;28005;9820;21417;8218;26350;21102;17062;16835;23887;26483;31841;1652;9430;3661;21698;18114;30420;4573;18102;16188;21931;
713;6364;29261;30505;18556;14978;24932;10516;17262;27855;24913;25606;25765;3137;3571;123;24188;3675;8464;16937;21155;1943;12420;11664;8551;19874;6046;23505;15923;2504;4039;16579;11607;20397;15460;5956;3849;3135;11774;26573;23465;24808;8352;23882;13642;16136;31105;23592;29293;22434;18403;4015;17935;13142;19771;24978;10471;1679;20626;4036;26601;5629;16683;21646;31758;16198;27750;21727;3927;31224;19172;18659;21264;25795;10476;4822;2898;13029;11790;14363;29643;3557;2054;28808;25025;16260;15587;16389;18261;14321;26728;20053;31749;17468;26802;28979;28277;2317;15899;7329;
9071;5526;8799;11645;9768;8902;6909;16981;19909;21183;2784;5756;31773;1163;1855;4957;14785;4106;29634;3088;21306;32303;10726;22315;23441;4460;12194;15067;14357;12907;16715;24371;6488;5375;12981;15043;1403;10586;27547;11629;22443;11648;832;15732;22764;29436;16215;10966;22037;11473;31264;19676;22300;22963;13269;28143;23444;7799;21316;6573;16500;9417;22973;4412;13082;21021;3630;23006;21904;27368;25485;6598;30733;30223;7798;14123;3007;29855;32278;28058;12999;16832;27719;19856;4486;12004;30972;23112;17687;12356;9440;14802;8988;11661;16186;11109;9918;19158;23316;14326;
12015;15830;8092;20745;29170;852;30666;20936;18974;2270;25923;5714;16351;7870;31358;7509;29949;17962;16421;26591;21793;12219;2494;2929;12181;32289;32138;10838;7755;8468;21421;17970;24097;23693;4240;8414;31843;20535;16004;8051;32145;4896;27304;25509;24931;14261;26892;3923;10251;19437;9238;26203;15546;10692;31525;17075;26981;11243;29813;3766;14281;6846;17987;14779;25517;25974;31537;23276;16999;31648;13803;30294;17313;23246;22539;6204;28509;9356;4154;15025;1335;20629;5016;10598;8426;20295;1631;22464;2070;12373;22467;23853;1345;8636;5404;3001;29723;23288;30790;21724;
25350;18551;13640;28822;28117;2894;19253;31422;13780;8491;23632;31384;6921;18570;20851;2213;6842;29996;19634;1727;30512;26821;12091;7781;3258;17398;13952;31059;30708;9082;29849;26709;29000;7588;10211;27742;438;13321;13806;21972;29905;3450;19862;28207;11274;3125;29807;24514;14129;5211;871;20440;22073;5797;22182;24323;18492;13139;13497;945;3006;2406;12528;29440;29750;1551;3332;3028;14539;18535;24061;30758;24667;28000;30803;30879;11969;22524;26452;3685;30552;18877;29637;30517;30907;24412;32204;12210;9679;17854;11790;28668;4;15139;16916;22149;26327;12449;30707;13600;
156;8145;23852;13403;8314;26824;1233;16655;19895;19528;26857;30773;20533;22072;31510;1275;26173;19538;10357;9496;1916;29980;21702;18268;22859;19225;4301;30859;14388;28736;4087;4715;31409;30125;8513;24860;20790;19351;12118;12968;26482;28034;3063;1243;10963;7861;2720;17749;23112;19183;11881;22493;17226;24406;28458;22264;20509;12208;23010;17082;19283;15317;4186;4573;31891;26980;27653;22800;664;1462;18475;31889;3708;9232;14150;8190;25655;11293;10157;18537;17507;11419;15215;25770;9026;18004;22402;12281;20737;17232;11805;8892;30526;11849;18530;26013;4041;32351;21312;31456;
14503;11021;13208;4595;2397;15452;9630;14663;19819;11094;27523;25183;18454;9918;20305;27687;25962;4094;31766;10118;31872;17505;29252;2614;1789;1666;7000;980;29147;7173;16570;10547;27500;29572;27108;10742;21147;26316;26055;17502;11126;27978;874;11104;15593;21184;15829;4859;15308;17980;24365;22216;10017;21835;24352;28371;14742;10090;132;9897;5202;3517;29242;19122;1773;15108;30553;16321;6336;14282;23176;14570;14176;26335;12460;32660;11877;11785;11972;462;19568;5879;5904;6887;22892;31862;377;19000;16915;6120;813;19525;7348;753;31114;18949;27444;371;31805;4733;
15956;10173;15019;4756;7729;12543;18576;32546;23569;6657;7653;25930;12636;21525;19976;5386;20457;9291;14871;6672;18299;739;17052;14031;25740;3848;15472;5587;27721;27323;11481;9553;23005;4877;4342;20739;242;2193;13405;3634;14709;23569;23298;28181;30874;29568;16987;10841;31521;6960;15809;24577;25815;14149;29210;27760;31071;10602;29877;8388;21042;16066;20853;16230;13797;14881;15410;30687;29867;20093;29020;21742;28186;7583;2529;20695;9266;3870;18001;1021;32667;5006;5441;8627;10542;10229;22765;14160;7351;11646;12321;24961;22777;26994;18009;27620;20723;16739;28455;3794;
610;1963;4309;16252;21895;27669;8779;17977;10794;25817;16436;3870;13791;9166;7517;26832;6024;27611;21085;9622;17435;23214;20603;21170;12454;31409;31692;31218;23952;12602;12444;8578;10017;23811;14351;32260;32580;14553;28680;2786;29836;22168;10826;31971;10870;18006;1758;17149;9966;15839;19892;2411;6420;21602;2957;29439;32063;9833;30231;31928;16962;30222;23386;16279;21487;7020;8276;1199;11994;22869;4832;24444;24928;27203;4829;17013;7655;22928;22155;16868;16998;31977;20024;30966;31017;8704;27421;17678;22222;17537;19843;19295;6548;24648;7722;31930;28117;13265;5866;2980;
23504;1775;32411;2220;17068;18881;7219;6396;1210;8162;25902;31533;18683;11233;27443;20064;30178;12017;19700;20362;18778;20705;11862;271;12811;9294;31698;28819;19929;15127;32026;3852;12718;24337;31488;20252;24186;17148;31892;32159;1912;16310;24461;2176;3506;29103;20459;10192;21703;19101;25306;7449;21740;27505;22744;31983;3633;23177;19226;14025;16646;27175;18476;20239;4093;25378;9177;32628;28369;18395;32330;12678;680;17267;18034;1923;22421;6459;15273;26479;3937;10348;12950;15459;28043;22553;8531;25128;25741;32609;14028;28421;2145;7657;360;20436;2628;30858;26860;27227;
8634;28230;32668;14810;1746;6529;28323;6625;25003;4461;436;13156;21303;24519;5618;16401;31551;32449;28685;6113;8103;29503;15790;15598;22772;22341;17942;22916;26635;26800;3586;25722;6459;28709;29393;24515;22654;5192;232;25920;23292;27950;2390;30168;465;27668;15028;16075;23056;27473;16719;18755;24072;31369;12938;18477;23494;15140;18301;30790;9435;24830;10978;18041;27487;11104;24114;12392;28725;27184;31243;4937;26257;25444;19925;23795;12472;11452;8869;21304;23047;19889;9569;25974;29239;15785;15398;15465;11743;4716;19174;31811;28730;29403;11094;27903;8747;8672;23559;31986;
31358;13729;10962;20899;7025;20217;24186;23260;10611;25896;9101;7169;16171;31177;16523;8097;25276;18693;21834;18763;24648;18951;10649;31139;11699;5039;20260;14516;15273;31115;6808;23176;22498;29955;14343;20982;1188;11987;24205;9660;27018;15551;26420;15310;16773;26497;19221;28397;27168;3335;19648;8826;30728;29403;20702;18573;29899;7395;10773;3650;10720;31818;23596;8787;7400;2750;6768;18924;8499;9692;1366;14266;8838;16104;27489;22854;3355;12994;4422;3713;30442;24085;17743;32671;28199;16850;16893;1321;4364;19421;9201;22094;21208;6150;30476;29051;4632;15674;7894;29483;
25637;31482;7708;20223;14830;23309;478;7953;16887;7026;29544;32134;11170;29849;13758;7266;12206;4051;4669;4000;509;16902;30848;32131;4250;24229;21889;10535;13306;14047;26112;2907;13442;6423;2089;28083;18762;25749;20593;15320;29729;1403;26049;32547;24273;27898;26838;14442;7588;22981;27368;3098;31526;1222;14217;29830;12589;1553;30161;28287;13079;1558;25784;21541;27987;3866;14019;23036;7715;4840;20707;25155;11167;30915;28826;6785;6910;18336;32095;5984;3345;16530;2372;25278;25616;32134;17622;12290;30361;26672;27204;10924;29686;7493;25540;4913;23967;4075;12595;7685;
14847;366;20731;18681;25723;8500;12346;6855;7857;26867;26145;235;18173;2337;16026;16309;22594;31148;22573;10397;5863;748;22820;2774;3871;21206;32749;4646;18542;29298;4801;2036;21097;12175;29315;10915;3773;20149;21739;3870;23666;6491;27107;16564;2161;7258;28721;4903;10052;10914;32087;23295;15390;30763;31927;36;20763;24879;10747;7852;25800;12695;2740;10738;20710;179;11073;17896;3691;29997;8947;19118;31434;1344;9071;9827;628;1829;5971;4411;21663;9678;5148;18385;1094;3543;9031;16319;14961;26298;9910;2669;23990;27714;23638;23078;21248;15426;17663;23921;
15247;11398;29339;25758;21568;15626;395;1439;23055;31338;16710;12825;6106;25754;20547;29627;360;11735;12058;17103;32681;26077;3814;11022;21055;25947;24301;12985;10814;3492;23939;14309;25136;12455;12331;14359;30557;13601;18176;13840;10313;19217;3923;12778;23677;17517;14742;26468;14730;26131;5752;18043;2380;17666;20306;23098;21868;970;32194;4562;23592;1089;26261;8173;16983;24952;23531;25664;9895;17901;2709;4959;31274;29186;14018;4310;16913;1710;11227;12149;9911;26739;25515;19435;29665;20112;10435;30103;28228;21111;14365;6554;8775;4993;9727;25649;4107;17121;2594;19522;
22696;11223;14100;32052;20666;3110;219;4868;7197;20679;22235;23701;14068;2783;13562;6216;4080;12527;12289;24269;6095;74;8517;12345;27170;4813;13704;22360;29524;31946;25370;5956;14312;1861;2883;22326;8450;23139;19174;16541;29225;11295;15966;877;19531;18239;15532;13498;25089;32390;19924;31621;16661;24620;24708;32726;21826;15755;759;20491;2106;23323;8985;12399;8942;23712;6636;2318;21513;16802;1578;26056;32701;1566;14892;15525;15555;15227;16650;28264;8861;11711;16132;13671;19743;26883;12576;30361;14637;13093;20501;10481;24262;19900;6760;18154;11330;5201;18901;32356;
18135;19148;14320;4782;13410;12332;30220;9444;21092;10619;7260;22139;15947;6401;5208;31258;4852;13753;25186;18091;8045;30465;12970;16563;31487;26773;11599;19934;6764;31422;21959;9951;19061;8903;31104;7030;13215;24497;29127;23762;19255;30504;15594;16922;21908;32437;12953;15175;23964;1332;22418;26164;17802;28809;5246;31224;21742;25487;21525;31859;26612;16465;19593;30247;9194;6781;30754;6217;21757;11797;293;2328;22851;11880;9467;19054;15615;321;21135;28309;27680;14942;2040;3931;7434;27427;13144;15209;22681;6800;6916;19920;17251;31089;4325;25573;3134;9940;29982;25935;
9219;6336;19438;21086;8849;32036;27352;19615;32020;9998;258;3501;29063;23581;32476;16457;19319;5689;8449;28589;26122;3457;8802;286;3905;7813;22945;27585;12410;24758;17851;8879;24633;283;19946;25931;16679;13637;14538;27092;21083;23172;7866;5686;5337;5467;23429;15142;10840;1330;17218;1389;20809;24651;7800;6532;25108;3063;12678;3426;12709;1290;21314;13458;32039;11404;22241;29320;17167;19633;19735;1845;11613;27147;24702;2521;28958;13567;20796;1561;18230;12150;21473;28497;25180;23252;22414;24107;1638;558;30556;19569;9415;29880;6907;17183;8790;17532;2714;11965;
10833;23890;31239;19947;12961;2060;20248;28222;5471;11761;10057;27466;25496;28781;24742;9216;21837;26886;10732;23099;31422;9618;24043;12437;4841;13479;11822;14975;11085;22100;24798;21137;27891;9486;9700;11038;15023;19181;18254;19724;1188;5913;14580;30946;29958;1919;19291;7715;23076;6856;1497;23771;29093;32395;27642;17783;30993;28097;12835;19161;10132;21370;9589;6828;29951;1487;19188;20469;21008;11544;31209;13291;13811;11103;30085;265;9480;6164;18886;23649;5351;9217;28575;31027;20898;31105;31827;6846;18506;27885;24610;26710;23220;4440;30759;18359;8316;1404;30593;12697;
14667;3315;27569;13445;5206;18859;24643;6630;20775;10644;26033;24931;7584;23707;32644;1644;13629;26332;15804;17427;26009;8979;1394;19230;15412;18772;19644;7770;16755;19965;19921;2354;25832;11496;30061;25727;32468;29925;4215;7586;2794;10087;31970;13265;86;16509;25041;8110;27390;31492;13054;22814;10760;9500;860;28504;30620;6360;27387;26428;7659;11578;1068;21479;32112;13150;17383;23940;18549;21493;12649;10852;6106;24821;16673;24146;15634;28559;22221;9248;30062;20066;13025;30086;25246;11246;20264;5421;27765;331;28333;28422;28652;5402;25820;21216;24426;10941;22501;15674;
14402;12739;609;8789;29053;2470;14392;28558;18395;11705;12994;14059;2836;23900;26668;14580;20579;5234;29214;16580;11845;26645;18330;1631;25983;7048;20008;2886;7006;364;1584;9545;2370;32055;22183;11165;17758;14563;15341;31278;2233;25315;24054;16182;5752;2139;20905;18191;10336;24464;2437;14918;1175;5790;14730;496;8362;31337;12887;17985;30164;2517;30608;15194;27262;18746;5506;12387;29954;27154;31242;5338;23476;6901;21682;26666;13859;5064;16926;18304;5020;12849;18087;3546;27376;14925;23621;14945;14199;4006;6066;4344;26453;31327;10444;10517;32508;19634;14908;24271;
5619;31901;29781;23097;4309;1495;10046;8431;15516;10249;24660;26094;12063;21819;28362;2985;4314;25740;7058;3161;13294;23847;6273;15508;7272;28018;27310;7201;24006;25225;21531;10507;29112;13290;151;26868;27683;30578;31202;7340;12395;20872;10003;20994;3058;13720;23351;18394;23004;2755;14139;22656;5142;2260;25356;24124;30102;24950;25084;17959;4580;2469;1640;17724;1497;14179;18583;25522;9638;26540;1254;21130;19481;171;25890;16228;12060;25646;31030;6806;23935;1624;17158;895;18935;23701;14746;20249;1894;14547;1919;23758;6748;25840;2154;11661;990;4718;18975;28956;
26983;29294;5265;32176;32301;2524;15691;26043;4517;5607;18958;8197;26441;5300;9916;30206;15257;18003;29300;11347;6752;14834;10239;6591;27192;15184;9579;8228;20816;13429;22261;15322;22381;22433;2349;7494;26927;9602;9812;175;8342;9129;25353;14414;30404;22335;7717;7332;17157;22516;30691;22289;11020;3897;25668;15009;26752;30639;15537;7977;1975;28895;5346;29331;961;31531;22272;29814;25512;28676;27398;20458;15606;2654;28013;1946;16248;21345;14600;26650;11842;18274;18477;29819;27123;18193;12565;285;28730;10484;16773;28869;29849;32532;32174;18415;30313;25846;1619;2662;
30751;27084;10793;5905;15309;27373;9859;30224;10476;29315;23342;19720;16216;28291;30106;28090;15260;21475;22331;13019;20592;519;15151;7967;6528;31356;24353;29336;11119;16616;13165;10814;25884;30529;22149;7631;26148;2622;24467;12249;20136;523;15456;17428;11344;19265;9844;28662;14479;3093;29567;6530;19497;22992;17655;30817;11251;25215;23299;11571;4826;24299;3736;25383;7463;24779;14049;12233;30978;20793;32229;9500;52;13155;26724;18921;7985;32643;5377;27734;11605;10769;30375;698;6766;11062;3621;3760;5499;6789;26395;13931;4275;13030;23578;2121;18121;21202;26119;7338;
9583;19654;31424;2562;16665;7153;16130;24365;13827;20784;3979;6147;6773;19517;9595;16429;26182;5412;23040;14391;29599;27126;19762;20709;32001;21696;29756;12491;15497;23998;21181;14360;4211;11725;25454;22195;18654;13599;29700;2185;718;10802;30808;27685;13431;29955;6341;10113;20153;23167;32721;3867;6119;31802;11024;17228;9164;99;17222;14293;3312;30200;16332;22971;21271;18742;22837;18262;779;23636;3888;20132;2971;6256;17840;9699;25572;2762;15691;4702;26319;25136;27360;29063;2011;24761;29309;22598;17693;5558;18816;15505;31365;29670;17404;23869;31330;6121;4446;23571;
3880;21239;27728;15911;19057;19922;477;18021;17731;22521;21462;24173;13713;14111;6773;417;32004;2779;26945;24187;5371;6305;6961;8741;31696;5105;18964;8771;1885;14030;21808;22803;16574;15986;15146;26553;11609;8256;19238;4820;10524;2810;28974;27989;13830;2100;8664;9617;25833;21001;10531;10389;15214;12556;24739;4025;15193;30337;4318;3192;28430;26318;501;18046;8020;10284;32647;24579;5722;2466;21458;5208;5112;13876;32283;9407;22326;10328;10320;1920;24850;29097;8173;3385;21630;10975;22044;28790;6057;8191;11040;897;6783;3279;2291;28796;26227;32141;4398;16300;
23420;10208;25130;6168;15965;20495;14181;28243;31786;3697;26919;5526;18184;2341;3941;26385;28724;30210;19429;29571;9031;30929;32675;29449;26296;12730;28532;26419;1442;4093;7145;9053;18119;15587;20598;12093;5334;13043;11731;14264;31721;21864;13219;506;8274;7139;3412;5317;4759;9822;9798;3081;9403;19809;18735;19126;9407;632;20158;32462;8297;5348;8062;11198;5700;11921;3326;12014;14312;7496;17967;29335;8571;15398;27405;17109;10872;4429;897;30973;13231;29657;23942;28976;5774;19990;5772;32304;6558;20464;21529;20339;3664;9642;28598;32118;31738;1747;6665;12372;
31773;12662;14655;5271;11241;9618;1709;4686;22275;13513;12214;31328;16261;14940;32239;7711;10055;3927;19073;1312;32349;3849;16591;13643;23264;16311;13401;16686;7666;29586;3552;4246;27132;30181;5068;5985;20026;6291;4554;28302;19322;13761;9145;918;5664;31184;10183;20991;14702;2446;7127;23342;2;22701;27175;20605;17824;17524;26927;9101;5682;18100;4812;28894;15885;21758;13981;30876;12150;16403;11181;6588;24933;10140;17747;840;2953;22043;3927;4087;25483;6434;5462;1;16279;27075;14696;1329;16921;31047;24063;21820;29380;30242;26387;13905;26841;7463;22140;14833;
27302;27385;1951;6657;9805;450;20044;27678;26566;5927;31975;7984;28711;32379;5574;30530;21027;9010;11227;31633;30673;1945;13971;2786;13743;7109;23805;2585;3815;201;31791;24840;3793;3117;27878;14725;23480;8091;19564;13503;26337;10458;19647;2770;24009;24065;20463;18584;16559;2532;21192;8130;16978;31955;27313;32040;21756;30084;23252;22878;2239;5709;1151;30600;7935;14998;14026;1647;30513;16527;8571;22484;14561;6942;28454;8708;24314;16412;19097;32684;2114;18112;21367;8687;12580;19035;17954;26806;15026;25926;23262;21831;25322;22553;8244;2842;4664;12574;21653;21223;
8765;2054;832;21508;463;8666;26726;30702;23105;4404;24715;11302;6628;9902;26415;30270;1997;17819;26798;3635;17625;28917;27493;29437;24047;9367;21526;11621;21381;20140;18829;13591;14950;32104;31620;11256;22962;5366;20677;25529;27174;8625;16526;25005;23197;6806;23353;21719;15831;10233;17948;12872;17786;17016;11951;27560;28246;15918;30956;29714;16877;5673;11516;1829;20787;3101;26639;26199;19602;28761;21644;141;23857;9723;28010;14313;9078;14176;4317;14819;32458;3807;9782;7580;668;10167;23300;15470;15528;19269;15232;30920;12409;11899;10792;26425;11308;909;31401;3530;
23160;21485;13314;11665;13803;13946;15847;19075;16758;13813;32099;25994;10796;31668;9410;7384;13895;4762;15022;9850;9580;22086;7320;22832;26160;25227;90;14204;17626;5920;14618;12537;30570;921;17265;3566;10971;20374;23756;14627;30118;29499;10771;23539;21383;21472;12681;163;3715;6409;11252;12018;14634;19864;28925;14065;7706;8513;729;7701;18628;24127;32041;25227;2931;26437;27423;2251;9866;20920;18659;10096;29964;28699;13365;25927;16994;24779;4179;7590;11609;29932;8477;7935;15467;931;24951;14260;1855;32133;6383;1325;6515;21584;29856;14633;29336;2777;10069;18769;
18302;326;21746;15635;26802;20861;19728;3501;29254;20445;22760;19592;10448;1067;8306;968;10165;11983;27342;1313;17576;11840;15842;6892;19565;22717;8517;20346;31971;7742;2139;16040;24641;1706;10178;9651;28064;24650;14829;9550;4794;12926;30479;27122;2801;18606;17467;11894;10131;27012;24009;19679;27996;3672;251;20857;11068;12012;22753;17447;28251;30042;12921;7159;30555;28234;15387;4345;5341;2408;21524;16466;1862;32278;10898;22156;20931;26717;15040;13360;7306;12842;24369;16535;3171;7351;1410;24317;13159;32327;17723;14807;32520;2070;24055;22630;18258;10384;24773;12941;
25457;24001;2253;14048;26482;3085;1847;30461;28494;11553;17992;28191;6948;27433;26574;5616;8390;31811;703;15775;5751;21044;25629;22323;23283;29275;22300;12063;16048;2531;14471;16918;21092;4668;22880;9504;32455;6603;29895;13294;18842;1248;15644;31082;27624;23273;17512;1683;7564;29670;17401;11144;14835;6685;1869;18146;8739;29711;32306;8007;32764;19114;14890;31549;20158;32704;23316;27451;19660;18616;12041;31238;15024;388;2437;14139;2910;11219;5575;20519;27069;28295;10362;10975;14179;10601;21652;14221;26784;28955;18303;27657;25023;1871;12407;7593;14728;9015;14131;11609;
1290;7740;17863;14830;4247;22771;10697;19639;10767;27725;20658;13397;24674;31502;9096;461;23632;14208;17850;23516;13939;29032;15180;7307;28288;16441;14899;27906;26570;7560;11011;21409;3847;960;7367;26701;3415;25879;12336;8968;11394;3776;15859;30917;20609;19554;15468;14970;10817;24522;10375;27254;1955;8413;30176;31733;25799;22992;18985;12530;8842;13211;1997;2620;1613;18090;27602;32204;26361;9174;17156;26454;11071;27029;31312;26398;32037;14701;3694;8973;22206;8623;7875;7684;19512;20321;10117;6512;14109;7292;10016;13599;9938;20056;13016;16722;14948;6244;16048;30483;
18307;14106;7307;2760;29391;14130;30354;19721;7507;15638;18645;19887;19279;24727;7733;13613;26683;28894;5249;18468;3080;13477;27615;18737;9641;31399;9582;11530;11986;3668;29993;21705;19712;25802;2831;17031;953;5633;30593;31789;23573;30277;12011;4231;9597;25578;28838;29338;13235;7483;5405;7992;15890;12979;1839;16593;17432;26992;27861;17804;6945;8676;17157;7062;2421;5838;28886;1978;4741;2152;5604;18995;22642;10210;6134;1470;14031;22288;13278;7411;31400;4192;5537;31188;23491;2830;15320;29607;6949;28571;10838;18177;27352;12411;12299;21540;748;23310;17448;6026;
1980;29905;16004;4290;9587;14550;28479;2939;1230;18801;22949;32479;32035;10805;5717;30498;10146;5662;8354;15706;14299;1552;4921;12689;15744;31616;6148;2840;13164;25457;3919;29471;32741;9635;12842;11651;18974;13319;13326;17383;18688;11893;10179;26374;28458;28321;11136;31303;6199;4172;8277;32147;6975;18871;28870;18787;26272;10333;10937;20765;2302;1505;28818;24480;19336;18758;1436;541;16765;18526;31147;5418;28911;23941;14335;10257;30920;1423;32108;10862;22538;6654;31160;6137;14939;31608;8261;5792;28096;16505;27631;15065;26025;15430;6712;26166;28462;29218;8611;29753;
31384;18627;26461;10603;7715;4615;30754;6312;13826;15076;18527;29373;17828;14237;16276;29749;32310;60;4861;25967;3689;12604;13169;24820;8053;9350;21130;21512;9054;5791;17158;28031;22645;11295;14445;28370;9763;27493;10740;4978;14050;32393;23714;604;29580;20882;22705;32238;17368;24809;20023;17913;14369;19470;11526;24599;106;138;29648;14911;21664;4389;31375;23446;12830;3416;15395;6024;4727;27909;25405;30488;32623;25702;7805;19572;10314;13380;32727;9421;23626;19049;27451;3173;3699;18007;22645;22762;18065;13882;27730;28162;9084;8220;11524;12327;21147;11096;21959;6581;
8359;32337;3525;9793;1969;9315;1591;2093;24167;4122;17358;23673;3219;3490;5969;20700;26852;14719;2439;28692;9201;20350;15959;2170;25723;26092;4910;24793;30962;26885;31905;12160;16955;27311;26452;1942;15281;6761;8218;12462;17514;31102;1885;7323;3515;8062;5057;28550;21246;8942;26628;20030;16018;31295;41;26318;8228;26877;14805;26453;22573;19785;15353;22290;7356;24969;433;1471;31606;18014;3180;1312;15579;26839;334;24795;3275;6372;13778;2186;3144;25613;28596;8207;12413;2147;23566;10791;4863;5047;449;16707;5972;779;13078;21139;2482;30278;17061;3939;
6920;19500;32630;2218;24131;14988;15463;10464;10954;14011;26317;17;2122;16962;28766;5680;1977;28628;4175;14253;11669;13443;8121;28745;20845;22835;5441;10282;5795;8270;25592;5930;25200;29625;16768;629;29480;12039;6001;30803;31936;23021;9210;32322;28301;26358;3532;25928;17998;19064;28467;14471;5229;32199;7302;31250;5506;17064;10690;8703;1305;15113;29554;5054;3509;10479;11986;32169;31253;27311;17715;22235;2997;1889;32417;28486;6808;24466;16324;17920;25157;22073;24324;6622;8208;1516;21744;26692;26266;22100;19425;20027;19099;1503;21210;32708;19679;31668;14259;18797;
9615;30188;19575;20513;21682;26623;7178;836;7155;7548;21007;29952;17829;29950;23048;3289;23812;18267;31167;18568;15294;20254;27366;32518;4274;9272;14330;23015;17399;8178;24685;30953;23584;15654;2051;29645;18622;18607;13693;11877;13863;30238;25717;13039;20086;11438;28297;1697;3027;8315;4027;11397;32757;3054;2584;19079;13540;7548;11416;9421;2820;28048;16710;25414;14415;4293;9888;21894;19682;6745;6209;10449;24763;8927;27325;17525;20161;10035;16077;16477;8452;21427;28588;10724;4679;4012;16576;2791;18620;23827;3709;26398;11790;24694;1671;9132;2212;9521;11030;3316;
14885;29157;9631;28335;18231;16678;11441;29243;3213;12916;285;14134;17696;1901;18009;23116;17852;320;14886;24141;4543;12901;3953;11139;11550;6284;28791;6466;20392;4819;27693;13760;23951;2107;21215;16423;18724;21085;17943;2281;16866;16473;32704;11348;21678;17936;5259;23398;24925;11155;13714;9954;2423;20698;13628;163;31802;22970;21344;26417;17378;22033;5293;28562;30760;14916;10569;8547;31241;15339;9912;22823;7368;26314;6400;9438;24630;32260;12042;20186;8241;32139;1612;2766;23915;20443;22949;31016;877;3048;6024;29856;20443;20308;9053;24081;16121;2278;17956;23176;
8558;18232;4700;14235;16200;24495;16163;27133;11329;432;16030;23119;12608;2577;5019;29752;28451;10958;10869;11191;7868;15102;14648;27832;4633;17157;27398;10470;23305;6410;23226;30657;15067;8620;8394;31984;16233;2288;30834;2264;12630;1918;16399;10093;14227;2062;22729;4424;21544;16669;10612;13051;7729;5860;18616;16033;23846;22922;4720;31673;26976;13209;11345;18740;30169;23727;15820;1484;10036;25718;24373;21144;7165;10709;1060;25565;18993;21096;25884;21544;22017;22062;11370;11673;17875;29570;27216;7554;14218;8013;5219;1585;31495;17785;5170;25353;13807;28073;10536;13016;
29871;6183;8628;23652;19646;26397;12198;16711;29730;26633;23517;29437;29238;4459;23839;15932;19882;18624;22088;131;23499;1204;16295;31734;5381;24468;32677;7529;4774;11778;30375;26811;6628;28140;566;32613;22562;8639;15198;30034;13423;27607;29779;26610;23120;32315;14683;2954;25023;12935;22759;8910;14451;24105;14083;5297;12386;14032;28657;5244;22405;23330;3601;4125;31963;21422;22277;22722;1712;8225;29713;14759;32287;9404;31176;28972;29654;3077;4837;16427;8729;28861;21111;904;28682;25619;28993;3082;14887;9239;31328;10345;1044;5745;11054;5544;30619;23379;2663;18852;
21745;3244;31370;19438;14394;32159;19330;4310;22608;3635;3974;2760;8896;26444;14142;26076;22806;13018;14631;8616;4955;9296;18488;32089;19419;25944;24006;27138;22572;15044;6821;30515;29547;30152;17296;28110;15817;1383;23754;3350;21830;15404;10502;7689;27581;7706;3973;20720;32289;19173;11646;6452;4358;22627;5826;31603;5731;12605;2464;467;24726;19434;6662;19094;18088;19934;6122;25839;24019;28414;13544;28692;27713;12632;11565;12437;30999;16657;30611;4076;7602;4254;16653;14933;31792;1335;14150;20192;32563;18313;26245;21956;18145;3244;11988;28918;26416;27476;5217;31482;
23392;4427;28452;2042;21193;27935;15810;32021;15062;8216;8114;12793;10834;19564;15006;20660;4578;5046;3852;26567;21971;22949;61;25212;13590;7921;4949;23418;8585;2196;10685;32151;28025;26422;15046;26349;29284;21225;20623;16944;5379;12054;19496;2623;19079;10935;13559;11256;804;4295;5979;31313;7628;31991;13968;10404;18749;18595;5587;16203;30269;17412;7366;15981;16164;4007;23317;25367;26780;10782;12122;17039;24485;1525;21822;12261;22748;15336;7905;8138;29948;11602;23933;32421;3749;10985;15686;11492;5468;29609;6292;5520;6612;8206;1603;4901;28523;19846;10074;5792;
1784;7718;30700;17625;26308;24732;10044;32275;25558;29797;15140;978;116;15936;696;12525;5094;16610;7206;30691;8061;11755;4577;7026;29908;793;21246;21862;4438;1979;2782;24496;21248;15977;7181;5047;27240;7923;17002;5107;11775;11415;8328;13239;12947;15479;15445;4430;19736;74;12025;5706;24999;10577;3073;21017;9159;14220;17341;25305;11244;18735;1254;24685;1597;32336;24964;32209;7834;17634;15119;21674;11742;8422;14805;3874;3169;17632;21403;25586;3522;3720;9607;6336;18915;15299;9534;32428;30516;27601;27977;7462;14901;16584;10429;32514;3638;13633;25115;21966;
11105;31313;14709;26467;3579;29115;17874;31162;743;6243;9684;12545;23916;29958;920;5102;14904;24361;4062;10836;29604;12879;14442;27124;11065;16751;7594;26005;3187;7845;2968;29271;11462;2856;31202;14148;11487;9084;22344;23336;32556;7145;9286;17570;30622;8491;8436;8316;2222;12651;4650;8760;20894;366;25063;13035;25089;16909;7924;591;22141;23013;8132;11795;13008;26447;19615;29557;7441;7827;21760;7955;24120;22616;21563;12030;19425;25695;10594;23313;32589;29809;1642;30593;32170;13206;31370;26036;13716;23944;31716;1879;30171;27239;13415;26539;16775;8878;5620;3871;
9497;12134;31167;13604;28948;31386;20217;17469;32188;29706;7340;25685;23582;3619;23270;32598;6224;1839;26393;29687;28922;21194;6082;27350;10261;14229;13129;454;20723;29998;20008;16746;16256;1631;21584;4355;31943;21397;16840;7302;25784;27028;20120;24818;20776;2154;4581;21216;30233;7841;24669;21339;21308;1209;27094;26355;24244;3286;23089;25357;19741;15029;389;1405;6861;14308;18298;10839;14937;22579;28146;5121;3163;16998;26351;31117;1139;4396;16817;20294;8076;85;29470;32137;3937;31295;32103;31191;16191;6545;15081;30247;5644;29484;20561;6785;6536;15455;2564;31944;
22227;8538;10430;19160;13360;24550;24952;23249;4104;31315;5264;5553;20786;5809;36;28713;19569;24131;29118;26025;9022;28976;15159;10686;32712;17020;28373;925;21050;28727;9911;2048;29500;27636;23411;9520;20412;1917;3581;13667;494;14789;18635;2889;31633;12318;15414;11490;9589;32684;31268;12434;6202;2842;5348;28791;21082;28811;9561;2042;3946;5076;31835;20388;9372;6376;858;19252;1673;25235;4164;15854;23597;26988;12457;22837;17203;32517;12318;14684;10611;20836;24031;9402;24506;17079;21944;16636;18889;26947;20517;12991;20384;19358;15800;23391;29692;11550;12731;10505;
13342;32401;24599;11544;5326;18222;12916;27806;160;6604;14498;8000;23414;27218;30775;20552;28486;22383;24442;5621;5661;15499;24448;21269;17764;8189;29077;14038;24163;20862;3038;28378;26627;19677;18748;16265;5592;13557;18546;30379;16478;31453;1675;27702;12931;1374;14454;1380;28774;27818;26612;28169;23391;7754;22452;31780;22335;32089;29371;29108;21721;21232;19210;4301;26049;8929;27515;13802;15699;14504;237;27781;17143;158;7840;12773;6564;368;8674;23096;16547;2512;30956;19425;12694;26218;20743;1299;8120;13338;28659;8095;15462;8796;15496;18186;9439;14852;15006;21731;
23880;31791;32299;1875;31987;28025;22955;1526;28640;24944;19397;10473;29060;6729;28715;13861;9418;4306;30658;2315;27992;30888;27651;22591;28179;21674;16801;3514;20709;12205;32363;25883;15294;19826;30325;17470;5848;26581;25714;528;2112;19526;24933;4002;18578;28029;32633;14204;13571;15722;3116;26419;17061;25451;15795;14142;14055;8898;20378;9477;18779;1350;21164;13115;4797;7768;13330;25710;27952;31257;16319;17372;10698;3291;8715;28809;16211;14037;11421;24206;22090;12314;25231;17076;22057;28876;4045;23617;22507;27020;28606;4370;8650;8246;10023;4074;4173;1227;5452;27914;
4226;4783;16472;27906;3976;4629;24830;29126;849;3511;20833;15876;28838;20682;25393;693;4716;305;24855;27379;1573;10737;16212;6666;8634;18917;16293;20433;22135;15027;3177;10043;17751;1022;3845;9001;26754;28381;1416;32130;30228;28044;7051;27782;24608;11106;2652;21087;5621;22787;1115;2809;27295;2263;28579;19476;17585;12219;13293;19352;31554;7670;8114;8232;1078;1134;10384;4089;22463;23068;2799;16869;11554;13757;3300;1211;29887;28618;26710;8410;13132;8363;8287;26622;8801;20264;17908;30553;14905;25376;28617;24550;2231;12413;26991;10490;31143;11879;23999;24860;
29767;11960;124;12566;29189;10672;31540;9548;29323;29163;8551;8525;28921;25743;12268;12712;15985;27082;7055;12289;26073;22908;13055;28003;31964;6192;6120;22232;1586;81;21340;18487;18722;27547;2423;318;16965;28879;4163;28896;4492;10667;28121;19168;2436;5401;457;7071;17369;27047;23996;20019;24346;27703;4440;22712;18875;7927;28004;747;15968;23700;557;31477;21849;13227;23848;11396;20328;5761;18904;3616;32203;13043;6642;22717;27510;1712;14528;23948;11169;933;3523;28183;29058;22713;29340;2701;21852;12987;16429;19034;27320;2456;14075;13051;3058;19922;18134;28945;
32504;2605;31165;10164;22351;19884;1532;18953;14679;29115;19351;13079;25295;4270;16619;28630;7323;16490;4755;28553;31173;25954;31369;3662;1987;12742;4749;11764;21496;9462;9675;20748;27261;7997;17848;27715;12832;23996;9789;25071;18861;29348;1303;23527;19053;3497;8318;30616;5101;10419;260;30805;1280;27862;6849;29679;17927;25476;2477;11654;2160;18433;27981;4766;24445;3352;10130;3701;5703;27405;766;10133;9986;2514;1032;7077;14210;7037;27074;28036;16126;31482;8633;6553;14613;8957;13084;25700;2574;4411;25889;30553;30820;27098;9381;16367;24450;28454;27923;17652;
32715;8581;14470;26147;4061;7085;15154;14840;29463;32532;28160;32195;14681;1192;11384;19452;19466;1473;27108;3286;27744;4436;16818;21782;26331;24937;26395;10022;8211;17615;14338;19045;24244;20750;30495;11458;30407;28829;29020;649;14899;8533;4735;6268;21123;30502;11530;3110;26601;14089;31071;24172;14723;7733;4136;5221;2782;10646;25590;23148;2745;29051;32296;23923;5899;28047;783;20122;583;13578;16720;17664;15838;3880;20617;29144;3589;26587;823;23232;10938;31932;12247;3663;29185;22088;5451;1773;3956;24905;24192;12264;15610;15506;2382;16580;215;3823;13471;25298;
3301;31068;6612;21764;8992;31093;13668;511;9064;20526;25286;15474;9859;16580;28562;5542;19042;15348;27107;599;5029;19306;11775;16835;2145;20860;30522;15104;26656;28952;30743;17554;9513;12795;15793;2621;770;13604;25177;1304;32308;3465;21377;14819;24910;4360;11993;12698;11052;13728;31415;24650;10873;20193;15804;28196;29299;16289;14773;5840;3310;29681;19903;4868;3484;14160;17327;16468;27275;15134;3248;31564;15855;24915;12590;24508;21794;8048;30707;25427;12521;3510;2192;32367;23289;30358;3327;22324;13498;31338;5766;8924;9034;7010;18910;12621;15557;17857;5781;22257;
23236;10313;32177;10434;13859;28915;11158;16036;28680;16868;26922;28664;11296;29341;10294;15982;8236;29042;12048;25370;15549;22845;10103;12747;21307;3923;5310;18072;23852;32183;29997;12731;18611;15758;4772;5539;28247;17875;18049;27460;5126;29260;13508;24754;8538;30397;17009;1518;26907;4699;19254;15359;11268;6019;23118;6725;14538;7084;27301;15883;19802;25499;29245;14427;7522;24534;15568;3606;8724;19802;22967;32324;5927;20112;8458;680;18718;4222;5129;16023;6348;20538;7354;20491;22552;21669;28884;14068;25598;12373;7132;18126;8150;24531;29838;22136;13785;6151;382;8772;
16609;22768;4351;5195;17264;6297;2116;26371;4084;6728;11717;22035;1609;17912;29412;20837;19072;5129;209;26237;22751;24887;3243;21514;6952;16073;14056;31675;25375;4874;31222;9812;28230;7677;27682;19969;22251;13901;22714;25322;5732;21123;29806;15879;31898;12923;12540;13878;16580;15641;29709;2955;3957;26168;13657;7399;14809;12515;18450;7116;27195;8648;21376;12911;459;13801;16105;20495;927;12693;5299;3974;12535;23447;8396;27678;15045;30893;20042;14501;11373;6972;2127;3268;29641;6977;8752;7308;10864;19083;2774;11858;1080;14632;20324;8893;1785;7709;12569;17181;
28564;14426;21113;18942;26676;15340;16295;23038;29652;8053;22038;22235;13058;24025;20320;21712;26082;59;29558;4642;20341;1064;13818;12022;24091;29201;17129;5989;15703;14335;15997;21458;13523;7298;15442;13179;30884;24042;12743;1359;20174;20922;26535;21248;11787;6234;12041;21080;14792;14604;23924;208;16241;14881;21575;7519;6382;2413;5976;29840;6254;18680;14044;13015;24931;21494;4231;12581;21197;4090;11252;28602;26300;24166;13894;13115;11024;16934;24848;30724;14212;3486;10354;12223;17643;11488;17541;32053;18873;24611;18937;25189;16324;31345;15869;5331;30540;30879;8543;27683;
6969;1154;14069;7910;19109;14432;2363;16820;27546;13989;29501;15483;6941;27095;12472;10774;24171;204;14716;22050;31106;31515;27668;19725;3811;22992;19369;12911;27799;18532;21796;20894;10864;20972;12179;7293;32145;30352;15310;3220;25904;13631;18266;6758;5275;23969;26253;16126;15993;15949;14835;13260;9555;829;8945;25775;5459;22654;11176;18515;11083;9516;9756;4797;3320;29342;18070;30244;30345;21470;15687;26115;16731;24924;4909;4204;18439;7395;20027;415;19358;20939;8372;9691;15923;17777;10200;7540;5786;19428;32194;5926;4464;5345;8849;9385;859;17666;198;15749;
8339;12082;4333;25640;23970;16996;24704;8502;19816;32645;8;18720;8289;2990;7301;16376;10539;12959;18448;12164;2626;28009;13759;25489;28943;16746;27849;16521;545;2942;14058;2120;23226;2932;19977;24876;19341;17343;3353;21355;12486;366;10301;12458;2891;8287;12335;6603;16193;24495;25826;5894;7123;23156;7014;30267;4142;30895;15117;25478;12752;27772;5580;28693;30723;3980;8163;31542;20644;13525;19136;12724;29225;17032;1825;5988;3811;10308;12922;20219;19839;1417;29590;5154;10963;5231;19072;7117;10456;11416;22436;20168;28402;29283;7730;4754;16248;1634;17859;5231;
26224;18703;7999;19129;1434;1722;28926;8311;25009;8134;20013;32561;5357;277;32116;11010;19148;193;13013;9454;26898;29453;8408;1910;18958;2971;9445;4458;27680;24287;4849;21247;14968;6099;25693;12577;21280;13804;19994;13066;28221;26445;530;19988;19090;21308;8131;9163;17221;26834;6189;26183;29414;1526;2287;22201;1965;2700;21165;4675;11523;11241;28340;8461;11844;7306;18401;31637;14020;23558;6847;31302;21264;17218;8431;25421;6006;8420;3021;2728;4039;31242;4688;14463;23643;17211;5682;18872;8278;9630;9297;16070;9514;9321;21590;11457;22365;13981;19348;17596;
141;10481;26419;25939;25265;23563;20877;27267;6305;13046;1752;12223;24537;17873;3334;30783;12153;11460;25321;12700;16529;30521;27291;17562;27548;9032;21277;26692;32586;10610;17726;11071;29827;28819;22462;10072;9128;15890;3764;4959;24348;30299;27181;10040;5891;16783;18454;1583;27209;26745;7516;9100;18662;32197;19025;21863;2913;10092;3666;2494;9107;7283;24231;20933;19118;10965;9386;14205;20606;22974;10027;4488;28654;31737;8980;18748;19661;18092;22345;18166;32466;16451;2002;30897;19934;7082;15420;9943;898;21439;15676;2902;30145;6919;5526;24311;12055;29599;6717;20716;
22458;886;15804;7335;17439;30906;13012;12787;19648;4752;8807;9021;21277;8712;30869;20018;6144;5968;3364;29328;18182;28456;11045;11061;23387;5269;15316;32125;16837;2778;6337;29386;23524;29604;18733;28772;18616;17797;11959;16772;5731;18083;25912;1963;16688;8114;23019;1336;9173;6943;24017;30266;15605;25742;14163;27523;28137;23687;30506;23550;5824;21612;5244;24642;13188;18095;5191;19558;24255;24385;16387;7191;23870;26702;12163;25833;5909;28455;10781;17131;8676;13696;8970;29566;16472;17115;21775;4711;31476;10820;16733;11554;13841;22591;5559;8313;26915;31999;15826;29782;
23359;26328;9217;10710;2266;24823;25874;12190;5844;27217;31602;28786;30389;22745;9624;12292;8246;15606;2977;10761;1027;6452;26680;10130;7103;16954;14521;32410;15176;31484;14486;12251;1853;8497;11257;5863;13502;32264;15787;24691;30323;3862;29748;15094;15056;23443;580;30067;8087;10695;30289;146;16030;10431;3458;1526;14290;25156;11724;2507;7292;2318;19291;19102;8131;30516;15667;21362;12402;28903;17687;29712;24572;32608;20137;5022;15038;30743;10708;4467;30083;1078;17511;10282;5197;15437;9986;1781;28243;11335;14646;5428;13126;21405;4328;5191;21976;30153;20726;5024;
32639;20222;23326;27420;29046;278;22811;12179;30470;19660;24848;21934;19715;27435;14634;30456;8857;6982;32385;27960;5961;14378;13120;14335;23086;27409;30726;24701;20101;19928;29836;20376;22892;4531;13191;19008;15594;32288;30160;2044;9264;23577;16578;6089;17694;8590;11235;1829;15113;28946;12743;32615;32444;16853;2098;19793;8124;17362;17277;1768;8913;21577;18747;17283;10689;5744;22044;6691;18527;1126;6929;23042;10948;3176;13744;12655;28893;3655;2011;14040;25382;19737;12956;2089;25780;10543;14420;29781;18041;13896;2581;25393;24516;516;1100;28553;4103;7836;7843;26478;
3549;17871;21285;9933;10059;10272;163;70;22342;15422;19543;10298;21622;8900;18120;22054;32058;29218;22509;4144;17644;32475;13973;21760;1638;29682;28423;6097;24517;20382;15589;17096;31597;6213;15446;13188;27213;23976;13923;26102;29540;23132;3234;16755;31875;18809;2066;15367;28757;17558;3911;18445;17822;15860;1991;16380;3008;27385;26291;17540;8323;13024;13482;16602;29461;30128;2282;2384;30800;16234;16312;18472;13372;15239;28675;11434;31957;31905;25668;4212;23054;27761;6824;1810;10005;30713;4209;3022;22745;19458;23705;16841;3530;13769;23993;31307;19167;31734;32554;30040;
2526;17357;22890;4228;31960;22184;12737;22536;10994;23461;7460;11796;19052;22940;19033;31847;31707;5460;14172;9246;19129;8182;22018;8137;5920;10689;25564;3012;19667;27904;31070;2245;2942;17721;5184;11441;9279;18088;8485;30132;4196;27115;18555;29584;17783;8191;674;6965;2680;25195;14160;30867;12905;5051;27700;12972;24592;17456;18137;5613;14072;11958;26062;6334;7609;534;21764;3672;30073;19053;8567;31702;27315;3805;20496;17295;17207;30594;15306;6820;19826;4008;7957;31957;21744;30779;19576;4761;16415;7806;23161;15725;15190;19200;18113;15980;5397;7373;21628;11040;
12175;17633;10751;9368;11109;5602;29101;1210;12213;15374;539;30171;29523;12658;20850;10381;27478;16988;14357;7096;17111;13844;18052;10989;32757;28615;12929;22262;31260;7108;8049;31922;1416;15595;17924;28192;30724;11873;16152;8633;27384;28041;30171;27651;24226;16432;1328;30563;8868;2824;1109;28210;10175;27736;1730;2836;7902;28401;21332;901;2390;26980;5802;181;7788;23922;5328;6806;10776;27588;7706;2355;18696;12253;19283;67;9704;6220;17687;26878;7137;3878;6782;28207;25183;1715;27387;3723;9752;15976;26499;10561;13130;21525;28401;14546;5443;30048;18857;12323;
20263;17778;18555;11729;4590;19184;19147;31172;5036;31277;28655;263;27669;12190;30681;17366;6720;11918;5878;27129;6059;30738;16725;29009;7296;3648;12556;10929;30998;30620;11224;30959;10427;5843;19459;1594;433;10924;20619;25517;9846;2619;14464;18213;7240;29016;11694;23376;10985;29007;636;22023;27040;23001;18196;18654;7552;11851;14788;24569;19692;31502;5796;801;11355;8015;2682;3350;18521;24311;19674;3367;4303;20702;9618;18177;10627;32059;24901;25797;9186;16480;31061;3933;1534;17828;29446;24847;17107;11936;14817;26194;1998;15006;31063;8417;912;590;14759;16655;
2543;7099;17410;2394;14653;14974;4588;4162;1229;8241;19429;21596;18612;28967;6985;22178;19149;16730;21365;12045;19712;28069;13867;20326;5315;5428;22328;26713;3040;18232;25427;9419;24185;14559;20041;12141;14922;6019;11351;13969;4911;19234;15063;25149;4326;15630;23584;28798;2581;30437;2727;27647;12431;11716;1898;12506;21203;3512;18318;13230;22230;22901;25926;16114;20994;12875;6136;6793;25214;7253;30619;20886;11696;4852;3940;2705;10240;16763;929;9627;2527;13356;20197;5390;5640;5476;23141;9305;5382;19218;30114;8459;10743;2157;29000;6701;25743;10215;24918;10709;
13408;24924;19072;31992;8536;12432;16082;3456;28043;32728;11669;17054;1074;27415;27254;27490;23028;12012;12261;18313;8805;6186;8380;4758;32461;1929;3361;17700;2602;23963;32429;122;26232;25345;20430;22624;12079;222;21097;28465;29966;23948;18884;6194;10007;12686;15268;29730;3291;26822;23730;15378;13815;25576;7203;11895;735;28207;4760;21118;10970;15183;22595;1439;25422;426;1612;1909;3134;1222;26483;30669;1553;9215;7158;31485;5269;16761;13493;30839;29507;5465;2452;10141;32453;16693;20257;24279;6069;14280;12151;22755;8872;19691;27234;25709;18795;449;16579;12768;
24972;24881;12086;13179;7196;153;15347;17319;25268;30912;23538;1416;1462;27405;13139;13266;8149;26359;13564;20958;21208;17341;25988;29437;16794;16983;17744;3084;27478;2988;9723;840;19489;24325;28411;29284;26296;1218;5506;20185;7036;22860;19363;27774;28859;1098;10934;3672;12337;12312;23805;31155;32207;21876;2696;16241;19387;28539;3413;12195;20375;11221;12476;11094;23814;27436;10;18607;18796;9698;26733;32059;15606;2307;12816;17024;5339;24440;5254;26840;15073;7038;27244;3199;5666;5207;18506;24810;30992;19519;31419;18010;12471;21154;12238;23986;6466;5772;20395;3717;
23489;15713;18554;13172;14633;20942;20864;24759;1692;24319;27019;30969;16107;19475;5265;1129;19802;3021;7316;32270;30115;29836;22984;2906;32061;21629;17912;20995;31197;5647;24358;24590;26942;2215;7538;23085;30238;8598;61;25674;3721;18760;30349;30820;12121;2237;9907;8090;2302;11069;22828;16773;24955;10312;2758;32203;22449;27085;27139;17393;27616;17052;17346;7537;29035;10524;8988;24077;19931;2625;10381;11874;10535;18617;23636;9408;29491;15462;28;24633;25238;17937;9179;23032;20640;19293;507;24789;5788;12025;26296;29478;20562;6426;9929;27351;10192;9257;26946;12221;
3690;16824;18617;25639;1792;27579;4007;16310;25983;30197;5138;3183;10154;5040;30313;31247;19227;26033;18352;15262;17540;9323;23260;9031;31803;14963;17793;12391;29686;25396;21418;17380;31187;8676;29448;28352;3227;9399;22864;3822;21831;26706;27102;11876;22979;12162;7838;22641;19699;9006;30764;22865;8180;11914;14650;7167;14500;27534;28979;6730;29028;13223;6685;4907;17948;10412;19908;31574;21120;18963;22037;23567;1426;27237;7368;5183;11880;6383;15938;12231;17968;21435;17337;18708;7025;5566;18585;10483;17044;5459;3878;6311;28578;18152;18531;6714;7503;30711;4915;31504;
9528;5689;30399;29890;11625;30486;23575;20521;3874;13151;19228;16056;6875;27455;28317;24079;23941;1647;9152;6606;19219;17578;6308;24487;29241;12897;15940;22968;7539;21935;4511;8983;1354;10127;22;10926;30675;11597;27413;14409;6520;17978;3829;18413;8954;420;20769;12140;16567;4357;14712;16950;30505;10875;6899;26482;12464;28536;12168;22093;22673;11195;11086;27794;10046;127;2785;21372;984;20466;8456;26312;7922;31976;10133;4621;10904;21201;22413;6224;21391;10728;19593;31187;24543;7086;14172;27695;5775;23447;9206;6306;21680;2051;22153;5290;29597;1903;1002;18643;
25728;17901;26937;14797;9496;26321;1732;26561;29114;16046;553;14309;22678;10625;29627;7247;4668;4395;8999;28167;17247;14373;30552;11615;3032;7279;7575;7303;1773;1737;11255;26716;8404;6694;17136;21377;25971;30558;29258;6065;11370;18723;25916;29011;18003;19510;6614;2383;3912;10202;10140;12577;2726;10890;22900;9516;27665;16103;7874;18768;12729;11508;6097;5054;13275;31621;16757;6667;19850;1525;1006;29828;687;6680;10512;27586;18255;12912;32161;9342;19468;8356;8707;15782;29679;15405;19986;5295;22372;26963;3152;9262;30854;3160;12352;12450;3229;15603;3087;14228;
32485;19968;10617;21731;4242;32117;2539;4697;14864;24728;12773;21889;12687;24687;931;24509;15039;23160;11516;5267;9176;14747;11402;31304;5086;7005;12811;10416;3619;21846;24071;6724;20237;28389;9396;4981;26137;25378;22550;5184;12576;16148;7530;2051;7386;28709;20933;10127;20128;22226;8697;16766;7030;29095;22968;23751;28744;13419;11772;27023;3956;24472;1701;29762;18313;27662;2916;3811;1870;24327;30681;25760;29447;6734;31480;11178;24307;31916;9649;26947;21273;26275;11472;15385;31813;30559;546;8402;11853;5610;2265;25832;23448;6815;26929;15287;9697;11489;18260;10708;
27705;10509;24955;15009;31307;8876;22871;13342;15588;22254;11439;15618;8115;9044;8522;10507;30797;21676;10255;24466;8819;25154;31595;4194;12696;26965;31987;10954;23454;31944;5707;19185;225;7450;8518;4458;30070;27800;6990;6408;28597;29649;10247;32500;16372;2635;10031;12540;13718;14196;25033;30254;21829;8155;4730;26022;17531;21152;19763;16292;3655;2858;2576;23778;9550;15127;22400;10276;18192;28793;30631;22032;9324;27711;27904;20288;29542;31985;14919;150;20009;29089;22934;1487;840;14622;11982;25179;15177;362;31032;15468;5988;27502;2156;20046;11656;9965;14450;502;
1439;2743;31016;27357;31763;32031;25827;4623;11665;16558;10841;18558;20493;31001;19903;29597;7430;31857;1326;2090;12555;17562;13387;10059;1150;5374;19239;4573;24984;10370;3172;26121;31661;31674;32410;23320;2993;1880;3320;28552;5628;32491;6959;15711;15690;26566;4235;26815;18182;7229;7779;23739;13512;3864;17844;19049;5916;25409;24585;7736;32133;11200;12190;24452;10177;26601;15044;11880;23631;4052;30343;21460;2095;17678;1167;6111;3049;31630;2116;21086;22992;12011;22326;27061;18824;30668;2235;13293;17606;5535;10458;28167;12631;16526;4711;15760;15460;22446;13424;28790;
27380;16250;18136;28442;5042;1153;12866;5286;9713;5723;12080;24993;25069;12001;24684;15553;26195;14750;27816;13824;14084;20352;23393;32753;8470;6867;14601;4949;8220;14192;18020;12522;10408;25394;14131;13699;31758;4778;17424;29789;26986;15892;5017;2993;8164;31369;16080;26502;30258;13174;29890;26313;19295;6220;359;22175;25803;4729;15306;14330;28020;22424;8041;875;31347;27620;5343;24375;14538;10483;11712;31660;10332;7329;22469;2485;2109;21578;19241;32685;22572;26684;14418;8305;4958;23403;30900;30905;2174;9063;18163;18088;29425;27788;16967;32673;14686;28280;16677;26717;
30062;25795;14108;29498;10448;32746;12797;22742;17281;25227;12862;7901;24394;32472;25248;287;21642;26694;29456;28902;3125;28037;6859;7814;13085;3765;1478;16693;12912;9175;12621;4381;4482;18305;31722;10160;9421;22998;27784;14908;11831;12214;29912;25279;21139;16946;13044;27388;2153;29251;30275;19918;25594;13499;2972;25277;25727;14971;5294;26575;9906;26855;28319;23968;8335;13975;27635;27061;19036;16463;26032;13070;22759;10802;26559;27898;27919;8498;31894;1072;23685;4299;23572;8730;30676;24817;428;31348;29087;20551;28102;5910;19242;16017;5730;5646;27165;31596;19199;3570;
15236;27965;4027;3189;2073;9319;13243;25399;24006;11969;9933;14050;12902;16199;21068;1138;9164;32271;31045;4308;30982;5247;25559;30387;18658;18878;23008;18063;27058;17256;12502;27919;3661;16006;28914;21400;13398;21693;21908;28446;18369;8645;11491;12602;8082;23837;23219;3965;14312;15357;685;5381;19771;12173;7593;12877;15586;21332;32351;16201;20184;8179;2367;25523;19647;13843;9117;22944;2597;21916;7697;15958;16903;21799;7710;25953;28051;11703;19217;25060;30770;28323;16940;14894;29894;11735;5636;31117;14384;18493;23848;5223;32022;1653;5123;21126;29923;31180;22020;13236;
27151;9580;12796;648;22432;18384;7623;2431;6641;22651;19758;7758;7346;3562;28684;30583;10800;32711;7088;27;16342;14687;25475;7695;3060;20566;25834;7730;30912;21401;19054;15101;26779;9877;2587;29019;1941;7335;25381;6075;22066;26835;24274;27492;20847;13752;22675;2057;23552;31171;20852;32158;19676;23460;4791;30826;18171;15102;25532;12124;15966;12643;22309;3234;20049;8063;29495;17528;17645;6803;14722;20030;2016;20006;20932;29646;13937;9719;23563;27404;11454;21557;11802;11711;19528;2034;14;927;11698;26582;19521;29358;8134;9488;26223;2508;6073;14994;3607;14726;
30384;11390;36;12080;18562;23515;19405;26163;24512;17037;28346;25511;29427;11140;31848;20517;7972;15155;21710;25558;29602;23620;11841;22736;27391;25738;30357;22435;30044;1591;20357;4654;30694;24911;10836;184;26017;18780;18101;30012;21861;4964;6377;30979;14630;24;23335;10360;6776;5710;20032;313;81;433;28035;22122;25105;18871;6622;24398;19393;29908;71;5144;6040;27630;16218;19710;24772;12816;4164;22416;4967;17506;30431;30280;15839;13913;15646;32354;1866;24107;15788;2029;28489;9606;16848;25635;15109;21121;30356;19958;13168;23763;15654;2283;6350;9026;23166;25131;
28531;5471;19009;18392;2510;9585;14566;27293;29606;5807;26903;7561;8868;31666;2138;26653;4114;31017;14064;32419;8162;8399;18173;5314;30962;30874;30442;15952;12942;565;11016;21095;31543;22193;27254;1211;7330;10872;9028;10538;260;19842;31192;21909;7565;31691;10129;21999;26162;4612;11435;9875;11952;31368;22883;26843;7374;26259;29275;1518;4066;10158;29759;29657;8598;15726;15017;20706;9196;27486;3650;18712;16512;27450;24107;31279;7438;3934;10395;18827;10547;27005;22217;24731;31096;18838;4108;17256;21388;10532;18496;13678;20433;22166;3437;24746;13338;29950;22691;29428;
27572;9229;26152;9615;16547;25663;22742;25343;14893;2899;11454;32538;17565;23806;15633;13666;1601;7136;24897;24978;1461;9911;25955;9847;1379;30163;25048;30465;14411;3274;13868;13722;13312;13420;11070;23990;17395;4345;161;27564;500;26770;26947;30404;22518;11758;15180;12689;20243;9038;22345;17537;20432;10675;2698;14002;14241;4174;28872;22791;26544;30776;6412;26492;12506;8291;29131;21686;16634;11729;16470;29663;30059;17411;10098;29872;14024;437;322;26063;16886;13768;4206;12636;613;24704;19582;18374;24978;21743;19847;27876;12241;3761;6922;23361;2633;4058;25113;12727;
25152;23341;22203;24383;2457;24207;17554;263;26778;25019;4795;26309;16627;19766;16118;12620;8700;23942;5127;16220;29247;5791;8028;23743;12854;2974;10735;26513;23638;20153;14446;24544;1612;7542;22170;5493;10118;7452;12781;26608;10485;15207;18303;19739;8721;1920;10538;4472;26398;5932;7660;1820;19630;19524;8590;5824;17512;3685;1923;26390;14087;19688;17683;3673;16294;23829;9913;552;11322;2195;29897;14740;26464;24611;19285;13688;12121;9871;10578;25353;15954;26588;31479;3245;18409;4295;9062;19729;28654;6768;18830;14453;7782;7760;27728;12363;21718;26224;480;5377;
26814;19933;9839;18971;18275;1367;7687;16516;9937;4169;11702;31526;18465;3582;4078;16824;12024;8977;2092;30167;29264;5925;23000;15961;2683;31447;9836;31966;16484;27121;30425;16807;8729;15840;29735;12716;8326;17513;4955;4840;14979;20119;14493;29432;22802;11256;5530;7140;16609;26121;18216;19261;15639;20462;30248;24424;26445;15974;32689;28473;12505;31743;26731;32708;4435;19846;7992;19567;32338;6850;21274;21836;4215;3938;24657;10150;31149;18483;6339;5338;12462;24726;27553;19304;30154;29746;12360;1610;5348;26854;6245;18053;2237;5377;3421;19197;25461;5558;31980;14989;
8270;27082;22796;13399;17076;9360;20248;14937;26234;19735;31281;10818;9575;15778;5345;14467;30193;5976;28158;8616;26440;7741;9425;1513;24214;4449;28792;8956;14725;21336;30345;24622;31235;30441;29944;24754;24386;1034;17211;4153;4098;2317;28331;24003;14866;19476;30254;6324;19220;12490;26899;9258;9858;9813;27965;29838;31982;12678;28804;2921;10382;26451;2392;25977;13047;27528;19111;3845;26665;18361;3841;21101;6860;11899;32507;13573;32185;32468;22225;13859;14012;7151;12111;1143;3736;27924;19953;7579;25164;6616;16457;3051;14741;22161;18081;13975;9908;21773;20962;30711;
21361;11652;6324;28190;24416;21450;2023;14769;29539;27849;4626;7930;11888;6191;8825;15672;20373;612;14132;20537;16697;21183;26254;12331;27044;18937;21420;944;25794;9442;22127;22576;2851;5970;23194;5235;27207;29539;14904;31087;4633;20701;5944;9566;23481;18674;30811;19732;3454;6700;11600;8080;60;18595;15901;2001;10690;3699;27072;16619;12455;12397;30742;28761;27975;2829;25341;14997;31752;27564;6837;1510;17634;2551;27021;24441;7198;13728;15035;14004;24669;3156;18571;25287;14813;19436;30140;9860;24312;5351;22054;9840;493;12568;10913;1306;19427;12956;21539;6571;
2347;32527;552;29887;27334;6911;8279;10099;295;18849;18274;191;21561;21699;13614;13575;15524;4354;4148;9196;25165;29245;31271;12392;1051;17482;13782;24346;27905;23527;25685;11998;14905;21491;7511;24481;22221;10974;26335;7028;20572;21598;20504;13790;26907;4963;13184;30071;2842;12366;25676;7090;201;24413;19209;7931;5818;27498;13695;19202;2728;30934;24026;15190;27577;29888;27916;25653;20480;1146;31853;7587;838;2365;23204;25785;4874;3099;6091;18240;23494;9782;7374;11646;31604;14640;21012;30288;19793;3042;6498;6521;21217;8017;7932;17466;11827;20445;17933;9251;
4454;5820;13384;21544;18284;32679;16592;8183;14862;9939;19029;4489;6448;21283;14464;31991;1879;156;11410;32400;28520;28441;9544;7976;26547;2368;6657;4786;17967;14260;20770;17682;18951;29836;30138;10540;32342;13061;12386;32321;14895;28531;18280;32635;25057;31614;2604;12742;19833;23178;3017;17378;30856;17015;28920;13494;24358;5259;21810;13288;11318;25260;2837;28842;7404;21715;15369;19159;15757;701;11043;6718;25462;5604;8010;62;2144;18349;14488;30611;27362;4067;13570;5743;6199;5988;26684;14028;17218;17178;27351;30977;3279;27437;17581;21652;8476;4727;5758;11088;
20120;12857;1755;4759;31210;28172;30275;18169;4917;17434;16013;32261;28827;3469;389;2654;12800;25416;19162;1554;4624;15061;2360;30504;18563;20383;8881;8824;24991;11362;10337;192;12031;26847;27986;2547;13716;28628;1181;19156;15593;24875;27346;30916;25515;25714;24218;30680;23912;32651;11419;1839;15767;17829;29340;1923;29657;29291;7658;4093;23934;17786;10490;17742;4171;12825;23631;9979;17018;14116;5790;18168;29699;29514;24625;8057;15642;18809;19849;31493;26105;10645;30023;8908;11231;20848;32077;18234;22361;6647;800;22220;1984;9385;25488;14115;22531;32078;9628;5207;
16550;997;3216;14989;23307;13022;5488;11724;27121;5513;25497;29708;19258;719;24742;17808;14065;28704;5009;6006;28555;28844;29466;13453;18285;13526;14189;22630;8111;7653;28415;174;17440;14845;23225;26810;18570;15439;21848;25444;19255;17804;18964;1814;16563;4255;32383;24612;11476;22427;13233;7519;27896;1266;25250;27367;30606;1257;6103;28480;13528;19272;12865;7848;21742;24918;2402;22696;18183;4100;16049;1002;13812;31337;15936;7242;11757;15470;12956;26415;20368;25035;28660;16924;13351;18738;6782;16258;26410;18377;3095;1497;6405;8414;15658;9454;28442;9687;13522;21887;
5386;4711;17475;22277;29488;30984;4454;24529;11887;21413;13507;21338;21806;3222;28324;13014;23968;5074;14199;31751;22857;21600;12149;27224;446;7695;12673;20008;684;22375;3411;28262;9499;3039;11477;10334;16372;10833;10445;16850;4545;1962;4285;8525;26549;31206;27143;24756;13804;7996;10837;28190;1267;9621;12600;12005;22667;9795;1296;22782;29610;27120;22315;30341;7619;10452;4913;18332;19783;6956;32191;30326;23404;28135;9810;20911;9517;28578;12391;223;15762;2518;14304;26478;5425;23120;21674;10666;15093;226;413;2070;6686;30041;27299;1285;22921;31150;26141;2152;
16434;31873;7554;30181;17143;32706;10569;26921;8095;22450;9226;3198;10522;22026;30944;15776;10506;13689;28945;29900;31363;22868;17649;8731;16911;13706;13315;29966;26358;29398;26722;17002;12732;9016;10591;31814;13290;6821;8556;28770;23826;16382;15161;16570;24845;27199;23068;19035;21383;7673;29110;28278;7358;16130;16596;29107;11142;2666;13203;26055;2193;27826;12488;20809;12013;2105;22174;2497;19918;32759;27265;29699;22414;23149;59;7867;498;4316;7261;27464;7087;7862;21985;14542;23340;9554;15117;17798;2698;30691;32155;14937;13538;9131;10774;5294;14541;18540;28295;25216;
25642;21792;13393;1203;32027;31977;4442;27560;23633;30795;21611;527;31882;26265;12506;14844;9047;25517;19814;28733;1827;9692;14946;6636;5745;14378;4886;28736;17509;9401;20066;3752;32390;9096;676;14107;12226;8538;8412;12457;29875;13043;27406;29783;25888;18570;10728;7209;5831;13692;26021;18560;15705;24638;9777;28582;3015;11925;32398;19368;15036;521;26486;23140;22634;22679;11586;9186;17802;26022;29962;15080;926;14140;7438;11208;14458;15218;31828;19837;2818;14885;17811;10486;15669;5871;4432;27314;10091;28501;21319;4749;30938;26946;16140;21978;24927;17845;24562;26545;
2172;2998;26668;7050;30109;24462;31538;5643;19871;23095;30567;31;2450;29970;760;28744;2750;24024;24583;32310;12261;18131;19465;13464;20424;1870;28268;21810;15596;8266;6781;9008;13982;31090;26762;10170;27445;27217;27203;9416;28567;25539;32358;10808;20479;19881;1948;286;7677;27873;2718;24923;8126;25974;30619;9585;1165;11539;8926;28821;17050;446;12460;31494;506;14530;30827;30878;14576;31213;8970;19878;23915;15100;2204;1519;20431;3924;4422;16926;25336;8179;7516;3912;9597;24485;14535;23743;20529;20347;7594;1067;32240;26489;19013;6108;4248;30607;11801;27486;
26453;5323;12876;2638;18978;26316;8528;4461;11916;27002;12736;7667;14777;30452;14474;18214;9130;11722;18003;22058;24509;1901;13335;12315;11894;13027;25360;9817;31870;1983;13274;8483;13036;9553;30932;22632;23748;4634;26569;3801;17853;28546;20176;835;30280;5582;4208;3100;12493;11340;11016;4444;21560;4560;20334;22670;18356;10596;19159;22310;21430;24380;18423;32533;3134;31208;11113;14747;12378;3021;3920;1116;8939;6358;8767;25783;24747;17511;27990;9555;5999;7059;17838;4602;17066;20366;27896;9643;28979;29797;9568;24298;6216;6124;15544;11867;6098;17656;21202;13199;
21482;18127;24365;15390;1949;16605;14804;14582;13548;28329;11140;7666;22039;8199;18701;24495;13340;17806;7674;923;1658;8524;27252;30286;16442;28601;30820;7198;11824;7402;19416;20461;19071;23047;12968;17478;26971;9983;30553;31401;8979;9338;15169;17698;8014;16912;15340;1568;9620;7352;1983;8837;5905;8579;26075;23034;13718;18570;30021;31109;23521;31780;18243;7261;2846;93;30985;28413;29102;28324;4244;10359;20262;6596;8407;11787;22939;28182;30997;5368;2077;8692;25486;30354;26241;19056;14173;19093;22116;10310;16801;15289;24940;16656;18907;10886;209;6329;13719;21098;
32284;7988;3919;17673;20783;9838;29836;12244;8070;29825;12110;8157;16572;17962;32430;14313;27729;21885;21186;3271;29866;14551;32705;7137;13145;11797;11367;4113;2719;9731;32667;18614;8239;9239;20816;22278;13621;18016;25257;26022;16279;2489;24928;15992;10363;7746;14952;25268;21513;24593;32721;26938;22130;18468;26093;5926;31281;27034;7089;26277;31633;20259;605;28680;7535;19638;2144;26903;31553;6530;11125;11944;15447;17958;26131;3184;3169;25380;3076;14104;32050;27539;23123;11411;13763;18453;15980;28336;4731;32265;6271;19435;6829;24322;32037;10889;28515;19575;14918;2532;
5978;25532;9018;11779;19533;9776;26670;10605;11638;29113;31946;14655;31571;23917;21009;10109;16550;20114;26504;10150;3263;22985;30618;24971;8957;17542;17211;7776;17299;15043;16588;19476;29064;3318;12862;19166;23042;2624;26235;14617;16579;19175;10753;12625;5620;32518;10960;11934;6433;5507;21383;2864;11654;20290;25034;19756;17289;4760;15334;13751;31623;4867;18872;17999;26067;8472;21707;12386;1020;14012;13248;25369;28495;5015;17651;11125;18589;32198;31835;6814;21823;31440;2226;9848;27990;5340;21462;14454;8023;33;25200;7859;11464;13469;22227;4927;17476;20490;6951;19894;
7365;21518;30406;21272;22051;5298;4838;30676;17111;27413;12921;18470;32517;98;8529;19107;30906;17663;7816;20755;19826;26631;17951;19326;8413;25339;15845;20874;20706;28084;10650;22020;10981;28316;10837;14524;1605;15134;27939;10902;26665;15451;3313;6110;5245;19487;19372;3292;12343;24083;26278;18600;22751;18740;2620;29248;21838;17795;10422;9176;17334;29182;14446;16497;26850;30416;7477;18349;1215;6085;16626;7138;20508;19200;8076;28269;1966;10224;18954;17993;10327;17024;9465;21728;16551;18062;26126;3360;31652;26527;5389;12498;18630;30929;5097;18471;17734;16657;29229;14228;
19097;24461;3994;26592;17975;21612;21010;13436;16032;445;29365;5138;10657;14510;9801;12128;30675;9983;9439;23111;31078;14518;21683;8991;28;16915;7253;27726;25240;1478;8198;17433;17625;27488;28261;28346;18946;31240;24651;22194;4956;27503;12275;22368;12445;27398;2910;5587;25963;21870;9717;23517;26652;3119;3441;10600;32192;12718;17912;28685;5985;24921;29064;11491;21641;14373;1689;21653;3845;16698;23038;17848;21481;6892;13;13659;28116;26606;18687;18911;25717;24770;23706;22537;5454;6516;14605;30293;18872;20360;6427;23181;28200;21553;1403;13723;20144;26308;5503;412;
31945;4971;8949;30261;16975;27166;30027;5930;17869;8655;10230;4396;17403;31717;20499;22771;645;31724;9551;16525;24590;18315;12805;30454;9589;17078;20135;9704;31831;15396;27743;8692;11989;15876;29430;24786;5271;22252;13812;10742;20752;28434;17673;13667;18180;32190;7083;11460;25928;13055;29697;17081;12490;27038;16640;21615;12241;30032;5076;18803;6789;8495;28801;9672;29873;29291;21962;567;29896;829;31826;24294;23590;2589;4353;1068;9369;24885;28329;26020;10016;8725;6889;15232;8178;10664;2642;17952;13250;6247;28617;28644;23106;8908;6956;16702;20966;17930;11065;23307;
234;13563;5803;27427;26518;4442;20645;20270;1985;17714;3156;22970;26004;4246;25553;28043;1424;8083;26180;25394;3026;15459;20815;27874;24726;29155;31146;27774;32251;12872;9994;28662;19206;22029;26440;18388;10216;1839;7359;27666;3972;27805;19446;9007;29228;10730;27775;8066;11691;1862;16670;1741;18057;21932;31534;6165;18058;25437;11585;25521;25720;5260;20743;18850;22818;29787;25713;12834;1445;20998;25109;13439;20202;15966;6357;8234;21104;32122;9915;7179;22604;16553;6952;20504;9838;15530;1070;19750;6437;28704;27450;9983;9446;11840;1270;29876;9545;16845;6253;11061;
7508;15430;24945;1566;19708;17758;29241;29396;16361;32428;22607;12753;14714;20388;2218;8764;8713;11718;22294;27581;22896;13589;31965;31375;4811;9419;29344;471;7552;5195;8582;30772;16253;29783;12185;17047;1217;12419;27500;341;10270;1257;6913;13178;31037;23583;12779;9313;25570;18790;12976;22401;31857;29476;16241;26250;13746;405;7629;1457;9169;26045;12802;8775;28841;3233;13653;20369;25921;21174;11189;30164;11415;19354;23707;30639;13213;12802;21300;16813;19074;5108;10690;30747;27442;3894;9280;14103;18720;12806;24132;6378;3651;21515;4138;30360;26974;31628;12143;5813;
20869;8928;28251;15993;8925;29221;24291;22807;30883;16693;15565;10571;26736;30166;8981;14642;699;4657;12432;31839;15519;1926;24527;22571;9950;8477;5702;1612;5671;7040;11949;1450;8340;15335;679;3438;5239;31732;14242;13915;19542;7584;21246;20065;1076;15222;22897;2671;5138;10495;32170;2698;13238;14205;8756;25628;11179;13019;12958;9870;6025;10981;6105;3608;7543;23733;19425;22744;16109;20589;20639;29218;9919;32556;3599;26648;6231;5434;23454;24442;25665;9350;14550;31167;1518;23379;31036;24932;20145;4910;26489;28804;16910;19491;9145;9641;1844;26672;16721;23266;
5064;15098;26532;29461;29668;16831;31303;29079;21344;6028;3171;12282;11344;31152;9051;9766;16077;28784;3247;30891;13817;28668;19233;16726;7741;1442;24342;17923;4309;25922;28222;4529;14479;27394;3703;9180;5071;25922;14319;10759;6103;15059;8841;30616;6469;16739;4739;12264;7645;22588;22613;22171;31625;6959;2012;14893;26782;16842;10935;27854;24929;32466;29170;16240;1738;29677;10977;29470;23176;3486;31567;5263;31812;23414;10457;13819;19498;14473;28564;31533;5798;22560;11254;11226;11627;2733;23539;16433;4538;20228;15206;7091;5089;967;32691;27205;3074;19746;30378;21379;
4117;697;3247;30808;19248;14815;32280;28363;23046;16393;14295;12316;20655;6530;11097;11536;19879;22624;6574;31881;15896;24502;6633;22617;14172;26379;24266;23640;2493;21003;32666;15285;28800;12413;18519;24713;803;31349;21777;10674;19426;23755;31892;15070;10112;10699;20039;4838;21059;16942;10068;23646;17985;2634;8969;11370;20186;16261;27263;9170;30086;16911;10105;9817;11217;9937;7822;7243;22179;9632;13451;29270;7877;14263;25363;19354;10913;31332;24712;6659;9545;10753;32559;4311;14011;18726;1934;9611;20836;18461;4633;4827;30946;16534;9230;4634;26126;6556;5022;16070;
11322;10184;30541;22623;17335;7605;9371;22137;7579;24755;484;785;9408;5568;12165;3869;20496;31412;19520;21862;10752;24507;22754;16282;29019;21768;32546;413;14145;24776;16333;7969;7791;20821;19488;28534;8129;32685;3701;5027;30708;5666;9763;4789;8881;12115;23199;4183;1735;24922;18919;20899;14265;2375;22048;1080;28792;27342;5757;31629;11121;30780;20324;22661;31690;22191;13772;20291;3049;29319;490;32575;25911;14360;5388;4505;25891;17569;14021;4526;873;9090;11594;13290;19860;27561;13596;32477;15297;20814;7143;2704;17063;32736;682;18969;18132;20543;2841;4973;
21817;12075;29760;22902;17641;18429;27240;19557;9758;18324;3646;21578;8829;19347;30514;6625;12955;20938;13598;4527;19647;15345;5416;15694;28906;15260;11753;5894;13844;14955;30415;23453;15545;4737;28351;9839;10900;11064;5631;5057;5035;19987;16212;23890;29835;18421;31847;9523;8661;10896;10605;25305;20729;16927;23559;9841;7746;4952;14695;9843;13331;30108;30645;19322;30576;7538;3761;11859;23999;11059;23449;15443;20432;4615;15437;30190;15900;27407;26033;31622;19018;2276;31059;23681;10744;24385;7758;23710;9911;4860;8558;9097;24407;17979;24724;2733;11878;29924;1372;32073;
23027;30037;21246;7878;28823;29014;2930;11080;30647;27467;12248;18051;20227;9135;8214;11472;27970;29373;24003;31359;23122;27248;30276;32111;2666;21678;22580;17629;32419;25024;6154;25466;20151;6918;26613;6080;8;28137;18187;20101;19940;25360;11171;13265;18183;21975;11519;17901;25697;16381;28719;7868;32026;28060;23601;26446;15316;11615;22877;10675;31024;20719;8193;29965;8083;4526;23112;2025;31786;11688;7520;29904;8491;20679;32219;29976;15710;7750;17238;24064;3293;28263;32601;27645;18200;5225;2943;22606;11803;16564;13015;27862;8980;21336;2697;2603;25615;12981;15805;21483;
22277;31355;20664;30543;1557;5846;8008;16386;12561;8162;6755;28467;6204;2405;2315;2281;25682;31421;20596;2966;20425;25367;1897;17904;30039;7650;22764;16124;26548;15236;31261;25707;30369;16971;14173;29482;17705;31654;23730;20021;5415;8597;32109;14252;27656;94;24331;8232;29906;24706;2906;79;17253;19695;19933;28838;23810;2423;8304;29607;10761;19841;19247;9748;13575;5886;15253;18826;23279;10655;22241;23897;20648;3653;19390;14739;8648;9914;10018;24675;3232;10654;12407;31136;24440;6820;20729;11426;15131;4862;2655;19541;24215;28181;16573;2443;24638;11902;23465;8087;
30704;12073;669;12055;16029;29916;30876;15121;1797;13280;23320;31810;13250;24059;18452;32434;11913;19614;12166;15756;25773;23390;21503;12589;27876;1704;16013;891;14926;25265;10721;24184;179;32429;10413;2327;11789;2113;2896;17998;7494;17210;18613;10860;26178;10623;28280;23213;28448;18244;23627;27403;8893;10113;20121;20056;28794;25763;31849;3210;31040;12673;19588;13142;3521;28305;26074;13568;25088;8028;7970;10609;6675;21551;4545;9610;5159;23572;21485;7352;5062;21248;7698;200;12885;24654;24436;5117;14561;14700;1559;8544;18203;15573;32220;3928;27552;14655;10988;122;
4478;13589;25433;30370;26356;18983;11267;11331;8570;27041;15545;6139;17153;7225;4001;20075;17532;4781;32730;13893;18847;6765;15199;17062;16871;19092;3119;10151;6874;32029;15531;15663;26512;26708;6975;1035;8562;27786;24900;320;26178;27149;293;25503;22364;13144;8129;10139;32315;28550;15633;11608;23102;269;20491;29956;31660;17576;22982;30058;20471;15509;13278;16580;829;31745;7706;27601;6932;26305;20300;27432;11911;6466;3449;23244;24412;3267;4410;25600;30873;19393;14434;13661;22086;19123;19425;16673;31347;14584;23785;13770;29565;24078;32079;25828;30606;22276;22323;3103;
22883;18482;26595;13476;14930;22311;25085;7337;7563;227;31444;24387;16542;8263;10005;20092;23869;14537;2731;13222;14403;22892;8159;27119;8694;11248;22980;1845;19337;1093;17874;1819;5606;1094;28881;11356;15786;10148;4857;3167;2160;19488;18263;30988;22354;2558;21106;15583;17069;28854;15407;23866;8997;31724;16626;22272;11241;21666;24070;2399;31288;12973;32063;17133;15909;29285;989;9463;24727;12961;18612;20757;19091;3811;13706;5378;12734;18895;6081;2219;3613;31714;25654;21126;7456;6752;29288;1573;5599;27278;29405;20747;29347;13602;9409;27070;29608;19960;3793;29982;
16161;17414;16247;22004;17021;19858;22582;6862;14569;17570;26697;32267;31510;18357;23175;11314;31804;21168;31370;17544;6239;25627;21776;18401;6097;653;30625;27062;3064;13925;21363;30584;26961;19387;18314;18980;693;28823;5667;30232;18907;864;18771;11557;31007;9623;19180;1765;2689;26309;13216;9038;8177;7089;5481;23432;16586;13783;17704;29948;4252;12054;26508;2734;25390;23977;17717;8396;20931;17496;10777;5767;13725;13039;21543;27169;11200;19184;13611;839;1528;15493;3058;30626;19741;20408;6318;32169;14486;3558;28827;441;16156;8049;13539;4455;9408;12726;12480;4373;
10800;31039;8928;28611;16694;9273;13837;19752;27265;20776;27917;17921;8360;24025;1479;23210;29804;8856;6056;9195;15934;28068;28997;18964;2305;21216;31042;29260;6672;9163;5746;5670;14979;9138;25407;31093;9646;19493;12365;12898;16619;13735;6746;30651;154;30889;14185;10638;7781;6842;7967;18423;1225;23544;21101;19510;5073;30922;18031;6148;8997;13265;5780;28456;25924;15387;8704;12101;4110;17306;6190;14838;28293;22997;14554;17692;16340;24286;19230;1399;1937;8836;4059;26484;13119;969;13146;19014;14615;9367;563;28984;5128;1454;25966;8002;16636;7905;27113;4314;
8541;18306;22265;18444;26327;795;6228;24269;27744;1630;32559;21389;8310;2143;7843;1035;25768;13313;18261;19053;1624;19886;26198;28816;13503;24908;19272;28061;6194;3180;6595;8669;28323;14532;27127;1230;20842;23263;23698;31094;2118;2323;9700;15607;3486;32436;21568;9060;10253;24455;21926;5843;15646;20345;160;3251;16724;12945;9322;25952;26990;10532;25685;27125;232;7240;25197;23650;2501;28298;32090;19902;2444;9444;9604;11998;10129;7145;3451;20262;117;7491;14741;15775;21232;26975;13017;16458;27086;2407;24859;21940;26424;32113;20585;29899;21813;6902;26022;32496;
8049;12165;18037;6221;23100;15288;30809;23145;31445;23144;31514;5369;25833;10269;25194;4346;29015;16072;13000;2556;21046;6581;1445;20929;30745;30139;14533;20998;23697;438;11497;24737;22004;29495;22443;6604;22621;21369;11433;13505;18420;6295;8677;1671;16496;24317;21356;9995;30170;22300;2614;27762;4755;15203;10830;12462;13976;25194;19506;5455;31749;16752;1405;14748;9432;29447;9411;5859;22008;5646;25789;30477;886;6368;23206;14709;29202;17611;9188;23035;29185;7620;5867;28244;14061;27224;31583;3492;28990;30694;3448;22094;3224;28428;20651;1546;14244;19551;30087;22585;
6420;20831;22237;7798;21985;426;21027;18286;19671;111;32538;18417;11092;25126;2735;6729;16205;18046;14623;18378;10897;20119;21343;12458;23378;17266;955;1555;28129;166;26045;10871;23481;30548;19792;27684;7103;23900;2341;19992;6088;23761;9302;21270;7004;22443;27466;32505;8122;5052;14296;585;6427;25318;18607;17420;10555;7050;10229;15838;23318;30019;25902;24132;19439;7637;9824;25918;26007;6752;21620;28443;3564;18650;26336;8593;28576;5563;4739;12045;16444;14842;24528;9288;10084;5433;27695;13339;11100;30781;23200;30100;18123;29600;14242;18505;3007;32458;21587;21228;
30706;2845;23768;20512;24140;22384;11775;7563;2472;6079;11811;16685;31963;17696;11601;22768;29682;10745;4264;10368;2748;32369;19718;14684;11401;10532;29921;16686;12592;30747;23922;16984;19287;26107;7961;6863;11246;16252;29949;29996;32509;15645;16371;20480;9632;25879;12449;3944;20815;18831;23779;19682;25699;30479;17517;22879;15318;10039;2226;9626;17995;2992;23557;1191;3150;17762;27646;31951;3548;23527;19232;6811;6438;18751;7608;31279;32402;28101;3592;31449;17923;97;19365;20714;18778;20224;6686;27077;22589;25409;13022;22069;18711;24433;32340;12036;7007;10170;26705;10185;
3870;11159;21425;17409;21931;25483;28989;25185;16313;22291;32208;4715;3220;16089;11193;26688;16040;5930;15201;17077;6467;13994;1838;14248;11164;15687;1702;6805;3347;28523;3288;20836;11962;20854;17911;27525;26133;5995;14409;12095;5406;15593;19519;4421;5004;22878;8166;19083;15701;1143;10622;87;19058;24283;28007;12955;21474;4888;19269;25730;10737;25309;9820;13129;24506;5227;27964;20304;12267;21574;17571;2929;7880;24368;22943;30352;32115;2135;7923;13171;12906;28622;31164;724;27473;32058;8532;13237;7154;29390;13943;28148;28290;11385;21924;2847;2341;24413;10438;29065;
19637;28036;15380;9630;28863;8654;6710;1395;8399;26670;29609;25250;32494;22038;21860;28244;12136;5936;12988;11167;20947;4687;18053;23571;2892;23205;3962;6799;1540;16694;27615;6233;2556;6796;6244;12398;4876;3245;5709;17687;2090;31050;15568;7101;30697;22585;31166;11006;32320;5670;1382;3841;14221;19333;3511;6150;25817;24522;7332;10049;9566;27869;15821;19944;26950;30408;10075;25227;438;19379;27179;164;29195;8211;27952;9839;26212;15134;14354;25851;29536;18306;20763;22145;809;7254;12884;20214;5041;4689;6635;31452;10811;14650;14808;24669;8222;415;2752;30362;
11461;11978;17946;18241;20731;9457;19344;20061;1893;26541;30120;3187;24144;23725;8611;32458;24238;9900;28326;29194;25690;11424;30743;25353;19364;8501;3914;25057;6153;7801;14429;11078;30786;10713;28256;27670;19329;13388;29369;25394;3063;27342;11207;21901;17049;27408;22214;2178;26660;12398;4339;13931;22366;19745;31728;12655;13471;17334;361;10395;28305;5310;31224;17204;15412;21704;15174;1612;15397;24204;20852;14484;6431;30057;26553;14449;22466;27666;9292;30802;12691;9092;31620;5440;8517;30267;15933;15287;1079;25509;26495;20148;30013;4055;27994;1295;17571;27519;6420;28939;
12655;6169;10887;9772;18407;23654;19140;29000;2387;15642;4604;22241;16644;3541;9377;19378;10901;3669;11208;23432;19825;26602;11474;12883;12693;7978;1099;15229;20888;19941;2066;19322;28136;14684;5306;1953;9558;6317;2609;58;30421;8082;31647;12504;4222;8523;5777;23273;4056;24537;1367;28299;5975;23405;20650;30113;23842;13856;1171;13606;5913;32740;7304;30914;26647;32443;31447;15515;12916;18215;28488;10606;29647;14561;4349;5854;3594;13261;28574;2060;8597;6446;24499;22119;23792;27927;26193;32454;25963;11298;2041;17588;15665;10595;32445;8202;19076;2207;7076;10436;
25674;10426;22352;29965;1993;4719;21982;7580;7087;16196;25102;23619;25685;19644;9124;30917;3396;28622;5390;30697;27641;15510;31814;16588;24549;5707;27386;11387;29624;23409;2539;13249;9183;8783;13203;12094;28235;6564;8714;23993;3957;24982;13354;9400;4255;28907;3570;16205;2908;23163;6184;20274;18002;1765;9026;1048;3903;13954;12679;19773;30266;24471;11378;18749;20028;15567;2391;26666;5854;8168;8520;29662;13156;23724;16442;29328;4859;24611;12132;6054;11839;18439;16104;14026;32256;3704;4789;27968;20294;7665;13996;30071;6290;24955;15874;22750;13415;9504;29157;29688;
9481;23203;21346;179;17797;5742;29830;6902;3057;22732;27843;29561;16629;30552;27798;9433;20619;15030;13415;24300;6146;1152;29361;23634;21833;4483;19810;22092;7018;11308;6789;27345;28757;25405;3102;10463;30687;6340;21333;14096;20490;32078;32471;18541;647;19288;6266;21382;12153;22278;17952;16323;21884;17944;29149;31989;23270;1049;15708;14640;15437;18137;17534;10461;1097;14110;29509;5387;28794;4503;29425;9222;26573;21521;29288;4139;9724;19181;19931;16634;16468;4818;22951;31341;26555;25247;21625;5768;3057;12708;17590;32050;17430;3601;17690;20035;8301;14254;1183;29150;
18783;21197;32160;769;4035;18302;10302;18522;21084;8449;11267;12125;23715;385;21701;32147;8903;32255;20173;11317;32499;30348;28217;8697;21455;16059;1439;16172;14409;10838;4083;28673;4245;21072;12715;14633;14450;9723;21792;29347;8880;7291;26168;9430;4591;6779;28994;15325;20137;24606;10529;1314;32371;4920;6317;11054;127;14783;854;9151;29542;14460;14603;17435;18468;10758;24922;28581;1636;8689;472;5294;9727;12355;17347;27533;8639;14631;15590;11250;10088;29926;16317;11383;2297;11282;30426;8312;21295;1029;20359;26661;11595;28554;30637;9941;26133;6105;29428;5022;
21025;20937;2860;14370;24401;29505;8172;4523;411;7407;6520;18555;23820;19517;744;29021;20749;18817;3975;3456;18662;18036;3962;15493;30080;16614;6050;21719;21615;32176;24771;22075;10287;12265;8677;27304;17838;8285;27130;26968;23307;26938;15554;4127;5022;6669;30444;26364;15672;22509;15742;494;21164;19958;31862;5384;3982;506;14513;3784;28986;24946;14605;11429;18712;6843;19147;15847;17439;5759;9527;2235;2968;9585;12426;1415;25381;13885;13327;25723;26625;10174;12165;4457;21897;2930;25541;10710;29436;27692;20132;6481;3711;27913;7707;20483;10596;21669;24229;18312;
14763;22671;26857;18941;9417;15610;21145;12122;22441;7349;26266;1282;8177;27997;26725;21401;10886;5073;9901;30486;19282;7398;8514;15641;29253;28252;17973;15742;29081;1041;2621;8498;31067;3445;24665;19269;27687;32574;21687;6209;28979;27997;20181;10171;26510;16688;16102;25639;7850;8185;14967;15601;30745;5519;19538;18121;22164;22355;31650;13886;32321;13158;20057;26766;18998;25;19151;28348;23353;8101;15531;20196;9161;27677;16647;28620;30051;8096;24015;25275;29438;3283;10346;32654;3288;15246;16285;1800;26996;15830;7340;16234;24547;20748;32706;16195;26436;8035;31634;23178;
8071;13720;25663;26090;22390;221;9593;17501;13301;26902;17386;29436;23688;23367;3536;1814;20759;22605;16107;21119;19694;23501;7065;8746;23304;12139;18240;19194;32653;32316;23020;30934;6809;15485;31033;29692;26687;14213;30836;20631;16846;25080;17405;15507;1106;12350;7151;24496;16478;6451;25091;469;5897;3872;32434;27560;26679;1259;8602;13659;13850;21386;24867;30664;25080;5053;32098;5057;9774;16381;19006;929;29045;12975;1233;27431;1892;21662;6161;22917;2614;4008;5295;29107;20942;22968;24639;27913;13304;27636;24474;11277;8690;31287;8320;18826;16171;32449;18050;25570;
21834;28205;16159;4260;18802;26532;302;11873;30404;13649;23420;2236;4646;12564;5813;705;31555;24955;28296;15224;7891;25326;9734;24761;19997;28969;15179;9281;12218;9456;32353;1798;11675;14845;3937;28360;1102;28990;2011;14825;22396;25405;21368;17790;28599;22240;31710;6566;1394;28754;27604;12315;15697;19521;28071;2310;14756;23370;26828;536;25902;4529;8902;9174;23338;16214;1867;22836;4240;9188;15266;17766;8852;4940;335;11251;28271;15986;11250;7947;22115;29733;11885;26650;22521;28245;837;24221;22414;32640;29771;8501;17677;13422;1403;25849;32254;15902;1828;20241;
4288;14336;4937;3201;17682;7781;31303;7234;3545;2355;25273;32663;18461;32477;8345;17566;27476;29586;1960;7973;3811;18613;15631;960;26850;24718;19526;31000;10783;6719;821;4998;23398;18937;22937;20193;8192;367;26538;14996;378;15499;12283;11251;10408;18016;16545;27343;10216;27233;28567;3143;15019;17872;13921;28642;7730;19833;28912;4827;26518;23455;966;11708;31499;23095;11610;20526;2149;23892;1726;28432;12508;16867;30591;6342;14860;9368;8397;17364;29248;17704;987;27563;10735;10681;26505;28610;26247;5782;16705;26857;12906;11816;9502;26843;11830;19746;340;22546;
18250;30459;10444;26079;14214;26273;28942;16057;12881;5996;26468;31958;25313;23120;24892;1784;8119;19288;27599;20874;30568;15183;24320;13803;31395;25024;6023;21514;26480;27426;7246;12851;6582;14156;13083;3880;25856;23599;10352;6772;15232;16579;20144;1788;18005;25666;30850;11223;21257;9621;29306;10079;14942;7947;16375;14472;9290;27217;8007;17009;19776;24735;6418;11833;12465;11055;7925;7956;15571;14323;32109;11422;29601;26247;9463;5999;7459;357;3701;11247;28399;22360;16084;18283;19696;2355;11756;13161;1894;24514;5287;19257;14894;15873;26214;8141;12612;908;31136;3531;
30342;29527;9164;31199;27834;29343;19586;10070;7123;13344;15325;23785;4720;9097;10275;19414;166;9517;18088;27958;28671;32251;25583;18826;15554;30640;18195;24215;13429;5451;25701;6004;32161;27585;9047;2785;11477;29427;15257;29658;10989;25309;28033;6252;20628;28944;6576;4808;23304;610;31731;12438;7710;9444;3431;23691;6021;26132;20961;17982;18254;22868;5260;15415;29100;25243;22484;27721;11769;6507;31875;32291;26362;22531;25642;15393;12388;19157;4803;15976;5535;5178;5012;19505;17865;22629;9559;26469;16638;17813;29079;13931;27351;27791;21341;16445;9776;32076;28940;11970;
24111;15343;11658;2904;8322;16890;13472;10671;11495;24512;9892;13534;7666;12830;10069;4784;3851;16486;21510;4415;25526;13980;25855;4805;5143;4069;32288;11182;8885;17724;29383;26354;8062;21607;244;9377;23563;13097;18347;18112;13606;698;31898;8275;5513;6004;9468;23227;5609;10447;21949;17730;24115;15759;16095;17141;11286;10300;1564;19122;8897;10195;13517;11649;18414;187;15626;5927;21023;8698;23059;31993;11303;10921;20462;28399;20973;25509;20050;32505;27245;392;31428;12950;17151;17112;26112;12962;4060;15998;28826;11631;5598;30329;25317;7960;8583;723;15380;29714;
28485;26836;31903;14852;26868;29303;28649;21209;23717;6682;14623;24083;4254;24185;10083;19554;22690;4829;5418;20853;4210;32657;22242;10256;8083;26262;31961;23647;27218;16535;27738;4234;21510;17951;5145;28553;13973;6410;16336;16954;29497;8762;20267;23216;132;30603;21474;18894;6562;24072;23332;4885;29407;15455;26172;21179;5992;4498;22127;2557;21590;17392;20515;1462;21736;23620;22855;4911;21520;332;14062;30521;1842;18284;20029;23417;9768;10404;3208;9732;13449;14528;6840;28460;28715;27086;24560;2457;2278;29909;6000;20635;1435;15044;32185;12478;31349;12713;22769;7839;
29807;12835;24714;28671;15895;14618;18463;19222;24977;29101;29086;8233;3038;7020;2732;24927;13663;8392;6469;27857;13204;29127;15267;23776;6186;30461;8034;13003;309;12471;29665;3969;16058;22137;23531;28339;29040;2731;8855;6190;1735;30351;14188;15208;13866;25206;13769;26968;25473;7732;31620;24715;2811;19921;4818;24437;6666;28289;29543;28933;22959;10198;24286;26492;19959;15669;23642;31102;11974;13191;5998;13673;24019;32560;9786;16103;32244;20037;31447;2751;3996;17145;1014;3313;13985;12889;16579;3329;3395;15162;19472;5267;10347;18799;8879;11320;12592;22847;10527;23176;
14239;3862;13420;6513;8892;30586;6736;13774;25028;833;3230;19771;17077;5121;17376;24104;4624;11465;15679;7725;26590;6926;4004;2717;17905;11240;7197;26462;27500;16767;7554;8184;390;23743;23384;16107;1418;28500;1013;28486;5154;2514;29157;15477;31190;14899;24717;1115;11472;11911;21518;20385;5090;28647;14445;1101;16074;18859;31728;9878;29620;12509;10443;7158;13824;16365;16891;9346;10822;6821;26483;32375;31639;20064;1398;26645;9734;631;4932;29616;19047;3325;9464;25092;28503;16300;21681;30409;21373;286;18160;31623;13583;1601;20033;25772;12951;16389;29214;19676;
10487;20823;23824;14984;12970;8531;30231;25538;11342;23989;10572;25679;25183;401;9157;6654;19526;13381;1721;6969;30866;5291;21988;31706;3717;17555;9517;21568;2258;18544;18823;16033;3493;3921;4373;16033;2020;14099;18065;18212;26036;24789;1006;21089;8256;10669;6204;16441;28854;7065;1229;28358;22161;10937;21910;16694;21278;4795;22743;2266;32313;10390;31231;1146;22616;29819;17354;27116;32204;10248;19884;11748;8003;17600;6258;32270;25488;1720;7719;8538;5807;26514;6452;12952;18947;19887;18124;26948;18915;15265;10375;25763;3157;5087;2381;11535;32025;17597;18806;24462;
19178;28827;13871;14250;6656;26204;28704;27517;16345;32282;9548;3596;27705;11799;8760;27606;25456;27639;32335;5548;11739;11821;26501;3522;24749;8628;20795;19207;25583;26623;2658;1714;22982;28978;32484;2077;2805;18066;10303;25303;31906;22842;29043;23285;4957;10513;4639;25512;26462;22520;9447;27669;11790;32072;32024;28256;23754;19835;32655;29962;26851;27177;727;2686;18665;28215;31377;18150;6953;2635;29209;28739;5492;17794;6758;24765;8738;13926;28466;10039;20055;18458;14171;5671;28037;24536;25738;13477;5682;30366;5650;17858;23548;31523;17179;23066;27354;4112;20479;8109;
26532;31341;4852;25578;14806;21593;3052;31757;8849;22527;21433;1963;17634;22213;1653;16779;839;12486;11553;21176;22127;24707;27276;23508;322;28373;28534;10415;17953;25383;31222;16921;367;993;25625;20980;19792;31527;1484;3469;4784;13252;28156;6700;11144;609;14075;8169;31324;28411;31270;32450;6921;12948;9925;23019;4285;15656;16434;28005;5447;22498;18238;25042;28049;14224;21200;4744;26474;4949;7119;31204;25737;5021;66;14304;5839;11606;16822;26344;20941;15710;736;13034;5510;30775;18564;26285;13942;514;406;25443;18131;17067;23198;13953;9490;19041;24673;16846;
21421;23113;13757;10682;32292;25971;24789;32242;20290;7693;29550;20529;31905;25302;4761;11609;11120;8406;8595;11458;4724;32077;5097;2514;32077;23529;10975;31694;5371;5435;8723;16367;4512;29036;3934;2489;14727;15148;31227;19848;20838;32492;27883;6508;25056;19021;2199;28726;30286;32728;22456;23251;14527;4847;27508;9177;3901;16387;713;29024;7763;5384;16687;12563;21708;24102;14457;2695;25788;19122;18941;19403;19909;24156;8948;1088;23699;682;22564;16810;17321;19621;25788;9096;12640;19154;4223;14497;1836;28515;292;23264;5666;27311;31485;32097;1207;2528;5336;8396;
16843;28139;25379;25058;10470;11974;24147;22101;15297;16085;2182;11229;5384;8869;5734;15752;30814;20700;8017;4946;9122;20080;6328;32757;17776;23320;8389;20738;15595;16896;23617;17713;1722;8897;27572;15605;31569;18064;15310;22868;17010;21941;13573;31990;8179;320;3712;25468;32193;29943;18484;17171;22309;9618;4173;11336;26950;20267;6095;7198;19696;14320;6781;29789;23955;2843;7674;20014;4495;24612;11310;23269;10158;16948;3307;18206;19954;19422;17104;21515;9618;11018;20334;6924;18495;8497;682;12160;12971;21456;22882;4828;14412;278;12116;12026;25694;27872;18491;19123;
27687;6632;29754;11439;5758;9017;21374;24700;15502;18919;32032;20958;18392;2812;3400;12902;20855;20917;24216;23878;18088;6639;29384;11620;13961;5852;20109;31149;11553;12794;19648;11180;16289;30278;11452;9307;11753;15277;24584;25401;15694;9923;23350;9116;12443;20663;28170;25673;341;11143;26335;3394;15940;30320;1351;10207;13102;22185;32754;23840;15846;26704;8657;11842;29830;23461;17018;7056;248;29302;7631;11644;21947;29146;20186;5102;8163;23586;29180;20444;6754;1805;12871;6939;9863;25147;17960;629;19908;484;8009;26107;4276;16842;20917;21404;10076;5228;30270;28663;
5810;21117;3100;24942;16219;7828;7638;29052;18873;12581;11622;22600;4901;8368;11160;26234;121;31288;32435;333;22994;15863;23643;9445;5012;5200;31414;24804;10414;20229;23758;824;27167;2730;15926;25910;26553;1114;25073;3821;22052;30632;18575;9396;5671;6360;4505;21254;16675;32592;3119;11408;24288;5193;15088;11911;10380;22986;20250;24383;32001;7639;24306;15098;27207;28134;23399;25342;28762;24210;2290;17130;24877;31635;32704;8265;494;29678;30483;18536;20876;22121;24550;20581;6263;29250;4816;7049;9639;12320;5418;7127;23775;30538;14708;229;31283;29463;7925;18667;
11976;19622;21666;26650;31451;11470;9025;31279;26884;6744;17102;12871;3772;2156;32542;31989;30238;10570;4034;2194;21738;22843;10030;10196;13519;13766;32027;17058;28906;13606;22569;18727;11402;20988;23241;23846;10038;8002;5978;9613;4593;22656;12178;76;18876;16962;800;1639;7005;28361;12687;5706;29791;15105;29550;22622;9562;6067;3758;29145;6516;29436;27211;23002;10024;22014;1327;1205;24134;2773;21587;22923;30523;24268;19495;9759;18323;21713;6452;1252;24508;23591;19455;26971;13837;24411;31793;18075;774;16249;9974;1073;13018;3967;19619;13611;4138;9234;4507;17776;
3092;19312;26227;4435;18284;16806;31572;7015;16713;13571;673;21652;20164;28364;1754;10858;16380;29745;22465;20406;22110;13184;21179;29523;28707;4505;2680;22851;3353;27554;4566;2558;4263;24828;28163;3082;25867;31093;29666;23500;25575;31679;5297;5534;10236;2081;24040;1570;11317;19308;12388;5333;23527;24113;29380;15591;30807;9265;17172;2122;30589;16405;27561;16649;16391;28511;8011;19675;26273;25249;16538;26360;20596;26092;14506;11307;24300;28044;8433;11560;2239;23282;17507;31521;1067;3570;15323;25236;26239;5679;10685;18535;23772;6355;22745;23862;25149;16003;17043;6892;
5813;15762;16449;16528;7160;21620;27605;16482;6941;18550;29628;21543;22434;15533;26118;11201;29617;29996;14022;27138;18849;23162;1468;25538;32448;20804;26417;21807;13136;14926;13347;357;29647;11951;9634;28735;20348;19518;16250;15980;14358;9800;19986;13253;3815;11908;31636;5085;769;10824;16462;23770;9416;2044;12889;26756;21168;10448;30840;9116;25416;29354;25666;20335;12408;15970;30596;427;26630;30258;22753;22128;17759;30824;31675;2218;6293;4702;32599;25759;16036;10156;2363;18628;28409;22940;7899;10453;565;17119;17013;18212;5678;7038;22330;6194;13110;22803;4270;1148;
22177;7992;29009;31895;1665;5184;7295;4991;21172;28197;32661;4909;26401;19394;5717;16231;4926;11842;20108;15068;27350;9945;20209;17008;25609;3250;9553;13013;5780;20264;8169;3163;82;14392;22036;26889;29443;13110;9254;6380;3917;27584;7831;22703;28928;22769;16484;22124;28830;2262;22706;30914;7707;16422;31668;7208;22753;16941;31440;14976;10519;21770;10237;12528;15907;22042;26736;6125;13933;29364;23159;24984;5222;22807;4773;12878;1226;30112;13359;10106;23074;4161;26774;174;24972;24110;31366;24307;29886;23513;6143;3677;27977;801;32690;3554;23835;12742;7598;18795;
12360;21537;23355;14892;7178;10258;9734;24881;32518;11321;29311;20538;5840;3945;15744;13513;11954;13401;20783;6521;11177;7581;20773;20881;6577;21973;20944;17113;7746;10277;32533;429;29723;15589;5690;29519;21566;28313;14084;27266;28732;27427;20508;29268;25010;30007;10935;15163;13076;23056;22902;24163;26025;28513;3723;27463;6359;11663;7454;29567;13985;14877;10735;2264;18798;30312;20284;25002;24332;26260;14309;5990;7412;1222;30158;13167;27088;21651;6021;32299;20538;19129;16677;17497;32455;23821;19578;1701;2372;20149;13413;18297;20287;3223;20354;27415;11210;11793;7689;24037;
21115;28139;12018;29959;32183;12170;24669;15667;21040;25702;32560;11201;7085;26046;2562;26114;18186;5770;6968;4819;15743;25009;15981;27250;1317;26748;13592;30864;19125;30026;28264;17575;14483;1670;13939;21645;16140;1495;24720;15690;12764;32662;28929;13863;24308;28293;2518;25095;634;28606;7949;17146;15376;29417;13822;3088;26969;15026;13303;17771;2489;16763;35;30360;3933;22093;31920;19232;16764;1557;6960;25945;5084;9485;4160;21378;6039;3192;27240;23311;26911;24722;4163;3650;16256;29383;27104;24571;229;5155;14695;10705;94;27658;26368;22625;18656;10025;17392;12774;
6542;4780;2309;27403;30518;30641;5173;32253;30495;19197;10626;30659;9986;1262;15137;12242;13910;13745;31962;7644;17616;10677;18098;16874;31275;12896;2760;21162;19237;26368;25213;9738;4042;29188;30423;2053;20212;15980;18472;29629;25363;6526;6378;25291;23594;7355;32750;9939;17178;29713;26038;347;8739;21586;28959;28125;30376;13797;10050;21018;28722;10172;17053;2226;8376;20101;1390;31218;542;25637;2912;14061;29947;19298;24169;19150;7327;3039;21235;13932;15445;19022;28474;18975;31205;4321;25077;20947;10589;31745;19512;18266;1553;8003;25241;32519;31969;13976;10642;632;
27578;30660;20774;3507;31328;6161;29639;25205;28778;23108;15480;26054;11406;14544;14383;15313;8478;74;22141;22003;31187;28189;23920;10002;20170;10111;21689;29232;2252;7331;11274;26431;23250;11312;8386;567;29896;6899;9932;24679;21394;13264;22724;8;21069;9215;13148;7704;24791;26485;8191;9830;913;22943;4788;27113;99;15958;16196;3925;23809;22288;10655;29168;4717;22611;5500;25250;6590;21360;6464;32588;13855;26733;22561;5211;8218;21571;10123;15517;30231;12106;9154;13139;5663;28657;30666;3207;17638;1458;23684;18336;17929;8261;4889;28723;18836;30484;24219;16668;
21191;9456;16618;32206;31770;27650;32469;30183;15486;30212;12162;26376;4582;25777;23312;12515;13574;18041;27770;3989;14938;17274;31423;20535;17515;5804;11584;13231;11086;10075;16233;29644;15725;22235;26515;7827;32138;22135;9513;15315;512;6570;14858;28928;22860;14482;21295;5949;6093;22177;9358;30651;29384;24982;31806;8770;3247;15531;4315;4621;22179;11280;3884;5339;11063;5273;11011;10307;1655;25524;14181;16712;32553;13213;2539;12845;25938;32725;11624;8843;10748;32208;10188;19872;29751;28141;22345;31466;1886;30892;10932;25844;24219;27676;14637;625;8621;28050;32002;25991;
22249;29600;13777;9581;30335;7237;13805;1592;17151;13154;7939;21234;2844;32109;20990;7661;14511;6761;5671;23382;20735;5398;15249;2573;19007;29285;15540;24244;23128;21806;9048;9479;8937;2597;13493;19307;24204;4107;10456;19657;29532;28705;29000;27804;3764;31458;21226;31049;11833;15601;22306;2224;14874;16465;22587;25344;5270;28116;11529;4047;17087;8918;14284;14698;4734;20266;23640;23145;25048;12117;8563;27015;27503;30458;383;30641;15436;32662;11865;29789;14043;20334;19584;3101;18231;3269;27002;21876;11432;12625;12659;16360;31851;4592;10280;31064;16817;3736;26883;15760;
24297;32396;12935;17435;5186;11478;16623;16472;20332;30961;15378;10193;10399;28614;15498;12999;12511;28890;11285;19218;30078;13253;1339;23848;23778;16870;13874;16251;16521;14421;11006;9224;26697;26137;17116;18476;19165;6811;13537;22202;14237;14427;10207;12364;19853;24546;392;3542;25497;18168;12502;12673;17951;4118;30634;6582;28078;13854;30643;27256;4878;24650;1681;248;17536;12898;3386;25955;24646;27955;30365;3839;6246;29500;29062;11894;25516;1450;2498;29298;32750;19847;23683;31337;27027;1326;27654;27579;27734;22018;22130;23802;12616;15967;29700;2952;28180;5073;8297;3944;
6535;30084;13163;334;18768;17148;27856;18168;7428;27398;22399;31169;23141;9967;26597;7028;7907;30195;22935;3422;19043;27896;4153;32167;1856;11901;32670;16098;5007;7885;24368;15842;12200;10360;11411;2511;21986;9475;16773;8826;8093;15839;265;238;31622;22936;24516;3656;6422;26959;19367;31944;11612;10858;14030;14119;29949;12426;18856;23083;6009;19389;89;27770;20399;7926;14172;18604;32164;31418;27501;28067;1408;20507;12454;10527;8153;20458;9448;20621;32564;2601;24956;31776;28361;8639;12282;30755;20103;26735;1642;24718;4184;30475;3754;6871;6822;5605;15632;8714;
13342;2439;14927;22812;23732;6052;9375;22397;14311;22606;27672;25580;27718;10088;20063;4495;7219;19039;13701;13123;23527;7701;32300;6449;18614;24862;26860;19618;9620;28207;15093;15892;8409;31443;20981;6540;10049;11872;12092;13615;26679;9514;15902;19980;28499;13302;22936;1853;30497;32690;21815;24366;22820;15715;3382;3900;16154;11870;16870;2434;31106;11451;16979;2287;8028;23559;10789;26524;23344;21049;14020;12125;2385;19687;30656;6295;2915;18106;24175;27473;29979;288;28888;30349;30278;22080;9167;4568;9741;26419;8290;23840;4983;31345;30836;12998;16175;7817;3752;32756;
25224;25878;13697;30513;10174;18926;18887;20786;14207;6812;19500;4083;16297;29201;15919;30727;22358;7318;17985;13357;25622;30725;24358;22307;25723;9273;5791;12223;17371;6083;8006;9019;6993;27870;14777;465;1029;31398;14586;2439;24237;3716;9750;2893;13396;23021;18181;26181;5210;26700;3282;19810;5053;12604;11516;2868;20886;6907;27163;14338;9447;283;20422;5658;22419;4987;26037;2149;4782;8566;7715;22334;24567;9562;886;14212;25763;9244;26914;18414;14685;13642;9163;30879;906;18240;3242;4347;13265;29599;21553;18360;3547;30715;26610;8504;23895;9940;28605;2070;
31810;25800;9736;21503;3685;1542;3988;12995;5663;8198;22094;10155;18020;9080;19316;5390;13830;21114;21752;1055;22579;26381;18985;7945;24128;32202;912;4414;26276;6353;8728;16907;7496;20227;20851;7537;12542;31601;2488;24368;16974;275;5201;5156;12153;30398;22548;17876;25016;20304;12464;1097;32709;21038;21835;16924;10652;30704;4713;14035;8579;32602;23312;15214;1608;20110;29994;21820;714;29825;17706;25331;5818;24236;31986;8192;23715;5892;12788;29212;28968;7723;7832;13600;24462;13800;4830;31002;14202;12245;22597;26272;12283;5207;3307;15716;31690;13779;14837;8457;
13009;1055;10545;10293;29931;13367;15866;25064;10731;4146;21853;17676;735;884;29050;15949;8342;14116;13356;20522;863;21217;27884;31052;10260;13744;15858;21783;30295;15161;7326;10880;25628;24884;12567;23838;29288;24862;22834;29827;26455;4656;21141;11724;26980;10129;20508;19319;24549;7883;32379;6005;15573;29308;15397;19328;5078;25934;2157;21423;8822;31016;28139;8008;11698;26278;27682;29653;22713;10439;9311;30330;22770;28902;19940;24453;11071;5868;13638;3143;11908;22979;19220;25379;18275;1038;1465;15844;29002;18711;6820;20051;24752;28168;21158;12554;6811;4959;32155;8835;
9574;12956;18764;2676;14017;9276;32660;20831;761;16875;28610;13412;4474;30966;1855;2907;14994;24831;23921;13599;12919;10996;14046;7724;17804;31810;17301;5485;10720;2629;7370;25423;2551;2563;17856;22298;11470;18459;13292;16001;24345;31992;8791;31608;463;12618;13380;11333;25064;18103;11027;6618;15718;30925;13157;24674;6546;27196;3457;1562;20104;4674;5366;29794;27637;7782;27522;1812;23328;7273;19251;9748;25127;122;17356;7464;27787;23465;26474;9738;15599;22174;10855;22716;27677;17547;31359;30236;22858;25183;20785;16568;28571;5693;17768;22499;25832;17196;24667;18697;
21951;1296;14770;19263;25260;26841;7914;22814;12983;29946;18938;7378;32559;5660;27447;25198;3238;17428;2677;1154;13629;29459;879;1776;26658;9501;8553;21499;16982;12221;7699;20385;9396;2550;1969;13611;27439;13948;21113;29442;10587;7717;6460;30916;4143;28314;20809;11159;24841;20818;30095;29886;4594;3777;27905;7786;1827;29132;12351;29394;1481;32641;29298;20869;17414;22277;20855;12031;14904;19917;20801;12923;6525;7185;9848;26121;2935;11646;5222;11488;8012;27180;25108;29685;2033;3023;10928;20685;4009;21297;3378;655;25800;12768;32576;2397;9149;15395;18254;18404;
16975;30515;25097;25394;16423;22440;22262;21704;16527;1074;16470;25329;29049;12425;2638;29522;25539;9383;11588;27585;14521;17460;26508;5467;18652;10818;14916;13776;10210;11578;11644;21250;10749;24342;8091;21711;20064;24017;9213;31018;13056;2076;13537;20081;30103;27219;15491;10234;9711;30639;14725;16624;11613;25533;659;349;20363;12303;27975;6535;10363;16945;23626;26496;19401;5598;30909;23289;26929;24436;6871;19287;6736;12966;9679;29705;15791;369;23292;2840;765;1873;26683;9727;3228;29876;13713;24766;19040;28335;13841;31530;29075;14064;16384;24711;13884;4084;12344;19800;
10656;12666;23754;1910;25098;24887;6887;23648;20424;971;23553;22994;25462;14836;9773;29849;27007;24065;27596;4517;16096;30090;1642;9568;17199;27487;22758;23870;11228;9662;23763;1941;7352;19657;7967;11696;10675;21814;28658;5151;9706;9033;18905;5456;25569;23039;13348;2660;19212;10893;9357;13883;26261;14344;9242;26321;20825;25446;15172;16590;9012;5029;26968;26968;17278;20042;11038;556;17621;13325;21689;11245;11805;13779;17102;699;21702;5596;9960;18696;11341;2366;29467;13479;12038;3474;10472;4646;17432;18157;3937;12894;18121;31250;5261;22088;4860;30437;24078;3347;
15095;1827;19713;14451;19050;13649;31014;11067;15021;32754;26433;5678;31818;19709;32448;14098;14779;12686;669;32263;14197;25052;4486;7447;29989;23915;28988;13838;29753;11139;10553;6796;18338;15328;12437;21080;20696;16299;13098;23543;19999;3753;12791;23422;7690;27827;706;11172;23613;17254;29441;1307;15222;9243;4603;12321;16591;9753;26155;29778;17469;29962;4581;15040;23133;9132;11068;5701;2928;5833;19234;9752;31651;7273;6097;1695;26773;838;20074;17540;8211;18048;4060;1547;21542;8594;29960;24227;28751;8325;11811;187;21521;100;12635;16854;5808;29679;15549;9442;
14393;8339;12118;24261;25538;26522;32152;2362;9971;20384;17664;30683;17093;8774;17142;25470;31114;4650;13045;24517;32302;32022;22507;20209;26812;7799;13539;18423;21539;17937;14561;8918;2363;26354;25101;7975;23299;4772;7188;22774;6189;13479;24012;32720;13788;8734;18967;1053;6060;20937;22537;11953;6387;20531;17997;22173;15174;17453;24004;10571;7743;6010;18288;14538;9342;6092;31121;17510;27118;9200;13;28540;28489;14661;9237;23180;7903;30066;14086;21136;3731;24664;1165;2700;8998;4678;12303;4967;30904;2668;328;1529;13451;18835;25650;4965;9227;1291;8232;28585;
19723;1508;2635;19059;21330;2145;14117;18999;22358;12201;28556;15742;12871;25024;27849;30337;13135;8118;8186;1270;16921;11806;2229;16938;2704;8642;24302;25424;5609;9365;5147;1560;29923;1769;28565;27524;24397;28898;19010;21752;27849;18475;11633;14224;19153;7655;22789;14773;5111;14571;29910;12019;11377;4138;29012;1541;18388;18800;23406;23858;31776;4180;10162;12509;1533;22888;14517;22615;8772;26034;9397;17655;8385;6752;32381;14189;5176;183;9609;24403;17317;589;24939;6405;16584;13688;19565;15795;18401;19974;20856;14772;19641;1582;16692;23837;22753;5063;17009;6803;
7998;32184;8646;10333;26822;26032;17527;14269;16004;6679;17052;13953;29922;1092;27776;20181;31783;18160;16200;6491;6719;8426;3285;13694;29115;26637;23275;15363;31256;12400;15762;16352;19780;29660;12476;20818;28254;19843;13609;14122;28093;7662;13448;21095;3637;11064;28895;24586;20373;4474;812;3366;628;6022;11597;4407;18734;15320;797;17076;10793;3529;12000;23016;5981;9990;21729;22013;3859;22849;23129;14426;14828;25638;5011;2607;10790;18321;7502;24653;8219;1534;25955;20796;30730;27457;9895;4487;9498;11127;23571;10843;23964;28220;28450;32336;23697;6686;9595;4231;
23660;29778;4560;16885;12057;26790;3078;30974;5949;3511;29846;26438;18112;14692;18227;25028;9865;14722;16557;32536;19336;1233;7189;28702;15610;30767;11042;18115;28648;29708;19923;7959;7153;28190;3414;24228;19786;19286;24105;32255;22531;5650;19839;4252;4236;25748;7653;32486;28023;947;5925;9871;30335;14800;3434;21797;9418;13836;25510;20711;6251;32696;3377;25558;18219;31246;21171;7439;2185;20510;24131;15447;8959;23818;21200;31736;16007;25718;29376;11468;24670;12091;6616;22679;21512;24667;3676;24217;9620;5690;28023;15972;4385;11275;14044;1260;2977;12168;15278;4061;
18653;24294;29854;6961;25274;17160;851;19713;1466;14835;25358;13211;18117;1410;3214;27094;1578;12890;4401;21922;993;27425;29021;13539;2323;3051;12830;27776;19163;2549;30224;19894;27215;918;7552;17843;13754;3186;12750;11104;3884;2545;8213;8062;7221;13296;1806;13044;8941;3510;7218;18279;14391;27433;27679;24076;9031;22081;31293;18618;6754;26814;929;28996;15589;28182;26930;11013;28297;25010;1290;17084;30693;7513;28447;16539;4149;19437;29986;4250;13401;29781;18855;1297;28449;12474;11911;26502;30407;26102;7810;3011;17341;3913;14889;6444;1193;29262;31740;32336;
5039;20270;30671;17086;20718;24852;10610;11034;1613;17121;5776;25456;14455;3104;18392;9159;2340;14908;23899;762;3739;14832;16949;27587;17524;9472;17264;26649;31139;2087;3621;14012;24498;17744;22756;24334;8014;26121;15446;14116;5637;29236;32545;4125;8526;7935;22796;31922;6858;27159;29028;26127;27081;29977;7326;25313;19984;13642;7485;1201;18394;19335;27639;3952;16668;6271;19219;20307;23565;24863;10517;225;2790;5966;5789;32586;21734;6875;21389;11514;27802;1715;14186;19054;31579;24152;30981;12102;17944;12174;6490;6556;3926;31832;30136;1941;23156;290;17698;20277;
29748;11072;1270;26744;25719;21399;6348;7582;11592;4506;8609;5574;31516;14969;20533;28094;10840;24724;14001;21274;17940;26422;23949;21891;25631;32384;8113;25170;579;7075;4570;7774;18634;16723;31040;4625;22080;11384;5494;23490;30843;14630;16785;23614;30425;5071;12428;4520;20937;2743;18667;5252;7053;5033;25503;27406;20030;23017;29226;9936;17168;26729;20483;115;11991;17471;17212;26070;18378;2903;28770;11869;30855;27493;17829;27020;17496;1310;8504;31700;16565;4008;14075;32172;18442;20559;31064;4324;18874;14969;2410;8246;23395;19420;29285;15647;28516;30958;13362;4077;
21660;15773;24921;3608;25461;9793;21540;27349;31777;25807;16130;30185;14884;17999;7209;23739;275;7312;16511;430;18075;28698;5563;23981;15812;3684;16327;8200;18295;18503;12649;126;19519;29875;29731;30619;25420;2977;10072;20804;27325;27976;31407;19856;29983;10644;10173;17369;12336;23508;11998;31763;10473;28339;23395;12893;4284;23657;21235;30934;26651;16178;13355;27570;12857;17919;2184;27533;5652;24940;3463;20990;4275;15603;6410;21616;7340;22623;7422;2349;29418;21891;3643;17084;18605;20011;12971;13677;11986;18003;6831;6962;30293;3735;18878;18864;15892;10987;21072;28310;
3542;4492;26874;26158;8843;22071;13018;24626;20438;5528;21301;18144;6856;13573;31839;7248;29167;19052;2011;16902;9871;16522;22980;24260;2863;2910;4971;22177;23383;222;22850;2399;20633;10728;12281;19194;2254;8059;13542;19069;8610;18471;13738;23321;11603;2498;27410;21368;25781;17245;23355;30543;14970;9078;9978;7987;13232;11888;18042;4781;10635;2368;31015;18576;22629;23656;27851;394;24579;25385;24567;28922;6426;31476;17317;26625;25617;18211;8219;14044;21769;15590;16659;14449;24859;11136;27928;15399;28896;5299;11315;16891;31799;27000;25031;15569;4930;32500;15802;20231;
30898;20392;18645;13648;12613;23784;4206;21440;11404;17550;13636;6435;27378;24303;25002;11411;17658;30990;27368;6474;14280;32528;8670;27828;23267;10992;5866;31432;25401;2932;21772;15513;22372;30560;22600;32040;22827;16617;17228;18557;10316;15724;6227;20726;17017;30048;31049;16094;17568;4234;13104;7745;29039;21103;6338;24319;280;15119;28760;6944;7761;8144;30986;5991;13471;20665;19224;12842;29653;7648;6025;13409;11479;20774;2833;14588;27556;28705;22584;7802;29332;23130;11449;14007;31454;6073;5672;10501;24156;27453;6616;14975;3731;32240;1020;28826;31982;13851;12812;16893;
22602;3766;23659;18835;17335;802;9030;12254;27261;25371;25279;16014;5470;8936;4683;21074;9499;31700;13144;7918;5690;28898;4916;31118;29189;3005;25642;7513;20694;26094;29166;7754;20882;21073;30011;32315;10868;15050;19130;6211;14092;1588;4390;22082;10119;6810;29358;25786;13616;20394;7578;22753;55;25958;12338;31988;31409;21277;7131;14029;1249;666;17284;15544;7862;19355;22848;3203;21140;17285;16180;22740;15704;13653;28596;24767;22422;21978;12457;26008;25636;2082;5686;13062;10205;17970;6299;27993;20127;505;16729;6686;8598;4743;13207;5872;29373;379;5060;29329;
24993;19642;4734;23609;23913;28775;7858;7469;2067;19727;773;20628;24320;15907;29299;19846;19635;29868;18486;30567;2006;27194;32490;26739;25469;29;8942;10905;29871;7896;17421;29325;12579;27091;10846;4377;27463;23376;21096;3764;20358;23712;29834;9557;18123;11927;7067;3209;25153;13885;3789;19396;13406;454;4823;1780;15135;6597;18003;31068;16277;29340;7524;4768;20128;4663;16541;27164;12027;15866;21278;31866;30840;17655;25600;26500;12429;14949;3828;6198;4112;13389;4134;7960;22079;25223;20328;7883;19715;4581;9868;2273;25206;28590;26385;7410;31650;8526;25347;24043;
25740;1099;32028;29098;369;10875;1071;7880;9551;26229;24007;23734;12711;31813;17419;10764;25473;19044;6884;7453;29106;32487;8290;25295;24666;11510;31836;8106;11696;22144;29527;26414;15362;15917;16553;15722;7415;5524;23519;22218;8728;23471;11611;2609;22158;32651;30274;10567;17965;6980;28565;13077;13746;23345;25757;5327;12361;25948;19597;27888;3667;21813;10083;1164;22885;8071;8719;29410;12692;29354;17879;7986;6128;26363;14074;5326;16974;5001;18067;23922;23627;23313;23489;21976;22925;1325;30725;12424;15692;30664;23275;6894;31505;9429;2285;14510;21694;64;14740;26940;
22991;4645;28896;2983;27615;31041;18410;13493;27758;29094;10440;2869;30689;13234;433;16017;20938;16193;13153;19363;26218;26402;16063;969;1397;12488;30142;2620;14868;23618;13185;15261;25648;10350;24514;13265;30446;10089;16756;26127;118;14153;25767;31543;24313;29455;6061;27238;18162;12247;17275;32711;32428;23122;9041;17836;29444;18550;8094;989;2416;21364;20510;18735;21312;19947;26949;13145;1572;10843;6368;26884;24047;26076;5626;31265;19354;2832;26620;6783;5516;24918;10521;27293;19736;7232;18409;17085;15688;8008;3156;13369;14041;10686;25522;13594;23942;32517;14384;10727;
23178;24319;22390;16827;6240;25286;11399;22682;27597;4509;20712;21509;20000;16934;14596;11724;3257;7125;32719;8484;4552;19620;5546;11769;10839;18184;22151;26246;28043;7204;19277;15138;10534;17981;6782;14429;30545;30575;27671;27467;24985;16542;17591;24608;13623;9391;7172;28413;27796;27639;12874;19210;21004;19443;26982;1989;16370;14138;9443;2202;8661;27057;30050;3763;6914;1278;4927;22801;30282;20799;27761;2780;17158;30203;18866;19447;17240;16216;20193;22488;4019;17295;23204;28311;5021;31902;2385;23620;18355;10813;24335;2686;19694;4114;23864;20545;19750;25640;1794;29696;
17620;414;6495;5108;6684;13212;31265;26803;9483;11403;8802;5636;3357;32134;2083;32242;8194;8715;19251;18975;1441;29687;10579;8027;30046;7089;32151;12149;20632;20645;20239;7505;18038;32244;12967;26427;25828;8041;1100;19323;15064;27312;15184;23338;28634;6338;24080;12100;29891;25508;22740;29694;12741;3153;15350;15961;21931;31989;9543;24567;10850;23387;22702;11565;4793;8105;19474;26971;5477;843;10874;19832;6472;23597;4723;23793;14067;14381;5043;31924;17257;19664;12283;135;30757;3891;25410;8863;23647;2117;30479;6510;21388;14644;9511;16316;29988;9253;19816;761;
4519;19752;17141;3026;2274;18283;29843;21762;21871;8878;29779;9323;29051;19702;8818;6757;30923;15494;32637;19286;11265;30219;27064;6019;14620;17175;18881;13605;27967;11472;29297;8384;13235;3818;14339;26544;1582;22226;632;260;12886;17196;24377;10384;6273;14208;22015;28734;18367;30768;1264;31653;6938;25262;18443;6621;15388;30187;28613;12689;11922;16147;19188;13141;18832;32375;2029;1594;16821;6347;12521;8864;10416;10385;18350;20300;1539;17365;17515;13499;27911;18971;31715;15029;13361;20118;12493;25637;12691;29338;21627;7463;8358;17492;15035;12131;5446;30137;17659;20634;
8190;32700;18608;32638;1926;1476;13560;8903;15242;3421;15229;7811;25773;24109;157;21421;13774;7723;5833;15874;25226;32267;18731;9232;24322;2556;31116;3472;19678;29334;5492;29685;14738;25102;26259;24901;4575;12717;16991;28968;28317;4992;23807;26687;7865;1104;17256;21942;4730;6612;16582;29469;3080;294;13085;13939;14638;16756;4912;19076;6751;5880;13218;24950;23287;31274;31579;5534;32452;10036;7981;19608;2245;14758;7863;20630;32561;12395;2186;5112;28859;28156;18827;21277;24341;2259;2969;2169;12979;35;26479;26344;7121;10438;28107;20034;1207;26230;19408;28208;
31036;1345;3752;2878;10121;18231;19055;6705;24095;31334;10316;9626;11036;11016;8161;12715;185;17914;24550;4682;792;16240;10768;26468;25405;4584;9784;13188;27482;10588;28857;16548;8271;3772;26650;18243;7281;26523;32237;2999;1930;7721;3830;26053;20514;17761;1680;26223;2557;3459;20813;4109;5605;23749;25309;21663;30378;24645;21297;20066;30566;10563;22239;26273;1797;10893;5833;24270;27909;10810;11002;28625;15227;31643;15568;29600;8791;5487;5216;19728;2024;22614;5398;491;2723;6537;28060;15170;20512;17863;32509;8196;17765;12435;16139;15824;13415;25500;6654;29704;
21198;637;5981;5415;11769;5798;17954;12884;6210;22426;13337;17719;31619;17244;29833;11275;13529;6947;31254;11252;23975;6229;18406;28051;9694;28083;15875;10200;9084;26833;1280;27928;15187;18378;23776;20064;1804;5937;21299;18696;23659;11339;9346;12939;22997;3963;19693;5782;7183;27389;3091;15198;328;20951;24626;16439;7514;29453;15503;2659;17229;3349;32537;29735;18460;13706;26953;29220;25276;18725;8268;8933;19803;6120;30820;31925;3046;8604;3980;3507;31693;30334;31579;552;4362;4150;3626;25879;25696;14088;30585;20246;30432;18254;17295;30557;20146;27430;32353;23325;
20754;7272;32181;28435;32153;731;5767;3932;28350;680;16812;8587;17308;3854;29621;7417;22262;5464;11286;27996;26488;5132;32648;25499;5439;12902;8619;10465;22684;27652;12784;26609;22037;9443;20406;8377;13229;14730;14771;23081;21350;24453;31894;9797;5891;27157;29930;11385;4370;18214;10302;11821;18218;18561;14723;14746;26994;3395;31925;32476;9058;8078;28094;31560;27086;6782;3735;28415;27168;27743;28848;20675;32485;2333;28050;13322;19851;8443;21187;21841;29032;12168;1257;16563;22527;30416;24115;18106;12927;15055;19445;13173;8333;20779;28562;31691;30787;22818;18079;21774;
20345;12224;7749;27348;10819;29782;21991;9986;29370;12585;13573;16425;7680;31847;22625;534;8830;9567;31328;1188;9072;16880;6834;17621;30116;12354;18741;21537;24958;24757;6167;4622;17984;31767;31036;9217;648;14874;2783;8020;17947;31749;6011;6568;12512;32681;19692;4989;25392;16023;28369;28928;25421;19856;2102;29987;31791;20541;24688;29427;31111;21792;14151;10535;25854;11723;3163;31732;10429;5968;30144;297;15155;18168;18924;4727;14354;12088;8403;23056;2715;4320;28752;3445;3356;11414;18375;19080;16823;10371;28425;19177;2148;32332;27767;24959;30265;1348;13931;30293;
12778;27872;5075;29864;31116;15211;28703;24382;13726;9466;9822;32505;15689;20131;1955;24491;12263;20970;8366;3884;1987;5244;712;21162;18975;18464;5103;17985;30844;9962;10803;6859;10005;16305;30304;26106;23725;26308;477;14500;8074;7897;17364;28509;21442;3654;4499;29003;20149;21620;28211;20790;17371;21392;32119;1247;28352;17027;7670;9875;7756;6949;28285;29951;1352;14509;17071;1350;29726;14957;19182;23377;24544;32444;29567;23655;23180;18995;16104;20477;24719;28444;8093;25295;8071;2343;5340;24623;6733;8543;3798;5533;20019;20061;24079;5273;15754;9403;12807;18101;
872;3020;27418;2030;21672;19082;17317;15164;4657;24784;5226;3432;20604;202;14390;23070;30800;15529;21185;26435;25808;15515;32469;27272;8888;4346;10162;3392;13540;29891;4530;25199;530;5195;22057;803;20456;11309;22159;17671;28473;5255;27361;16181;32132;3174;20292;4428;24509;22910;5356;8386;23120;4127;6716;16508;27236;5988;20014;30364;17500;15790;17142;21659;7076;29008;21474;5527;6058;29068;25221;30446;6698;3007;28436;32523;15023;14552;4112;9856;6999;12046;3365;5973;31446;15315;8531;30368;10173;31235;10315;27734;14589;14434;15132;23905;12198;9285;14;3059;
26101;3215;12750;4633;28558;20703;8652;27283;20230;20744;14818;31715;9380;28866;16694;22948;14953;927;26721;12317;4429;13632;24785;3606;21452;16840;875;234;20897;4753;19061;14046;26834;4894;8884;7089;32748;21073;22481;9077;30096;17374;8194;14237;10542;13824;2790;31318;273;20331;22448;21531;4508;10625;30343;32643;18899;23240;14637;1886;18717;1436;30431;27393;16967;16161;10109;23774;4045;25212;14827;20312;23893;9283;10679;17365;2685;31281;6140;4116;10966;11039;27526;3521;18224;6959;15414;26694;17433;10315;3496;31973;4512;10958;7444;259;2143;28288;18034;25287;
6072;14280;17634;6116;10590;10525;21066;20147;24087;7358;27201;13701;1985;18083;13356;19511;1171;12979;22694;29703;24486;29495;17958;12709;23220;5007;10459;21902;17695;8995;6619;32405;17461;27805;18813;10946;28850;11606;10499;19040;28038;24845;22397;2386;23513;30175;21994;17062;20557;31859;18079;21101;11651;10358;15341;14793;2016;13639;23038;18759;30353;755;20480;17775;30156;32611;27781;14746;15961;12244;20778;27908;13906;28296;2423;11810;24359;12475;2311;26678;25828;26841;21737;14112;12983;22766;23621;28023;12461;26974;17475;16600;3772;22486;11048;4222;16646;21122;9923;31251;
4444;21377;519;12486;27137;20630;32249;19102;15793;4896;6605;30734;12514;19532;9803;22985;26698;14729;10360;26839;8353;27964;20339;9449;29608;4021;413;31978;28266;11362;17660;9686;23746;24387;1762;21455;28189;30366;1737;2414;6017;23796;26754;29015;22223;24371;12687;30224;15173;9005;13773;3091;22342;25161;14166;25121;32606;15481;15781;27610;31361;14188;26619;31371;1939;15876;16130;22599;23598;13322;18864;6457;159;29217;26991;5944;11569;15864;16763;19356;3247;4804;11659;31568;2084;19950;2995;26921;32741;5128;23945;630;5585;518;1159;14809;27864;32427;7600;1109;
442;16449;16502;11431;273;23181;9436;28890;16018;26882;29912;7702;12688;10549;19707;7865;6849;6545;12371;11944;14149;28748;29585;10728;9444;32409;25447;10600;23448;21536;10804;25121;24651;13995;14563;31329;5345;16930;14096;18788;18809;17593;15981;13605;29424;11112;25957;8819;10919;4764;23807;11079;23431;20268;9732;3925;16450;910;8548;4833;5851;5451;32726;16340;11624;5808;21695;15631;11287;30918;20565;12287;16495;6533;25860;23666;3544;581;23569;30377;1886;27253;7549;23470;5810;21135;12076;9192;13425;19275;12102;17388;21929;15636;19934;12182;21146;17336;2513;13145;
10937;29283;13553;30675;18939;5070;867;25508;13135;15028;10822;20353;13420;13958;20885;16516;1742;16479;23887;7366;507;29754;20949;3632;17163;27235;22419;1934;28007;1323;8674;8165;26833;18144;15661;14343;16549;17404;2131;7780;2142;1437;23885;9507;26971;28725;11537;24178;15844;643;4790;29466;23912;194;8664;18262;32264;24608;29758;25061;20314;1649;15034;18782;12902;12837;21841;19396;13045;7799;13980;25690;9740;14312;5742;13240;4531;29932;14264;15903;16890;9955;17833;25610;12094;22346;3097;18693;6569;1331;3879;7362;32248;22258;17953;31338;18305;5146;32165;21041;
25460;31656;9478;4397;6497;19069;2801;31592;19706;1554;19793;27700;3355;24423;111;28862;5127;16956;20830;28902;7413;25732;10134;23118;13003;27159;2527;433;23593;28839;19057;11895;18601;6133;15961;1158;25445;23108;1054;16474;28346;18702;7589;31064;3404;503;24914;24159;23626;28671;1648;8353;756;11515;20691;177;23386;5958;8123;12764;6246;28596;25596;1981;3356;5063;16732;8716;31009;10278;24381;2743;32378;18250;11388;31284;9367;2171;6808;13845;3216;29435;5143;15837;15022;12673;12837;14866;6445;6632;30079;24979;6208;23849;1679;18732;3926;29575;16600;20840;
17308;6409;3477;9894;14275;28205;20893;1903;10499;4315;29322;17671;23904;16792;14106;12866;10028;26876;1750;29849;16845;4454;19697;27517;27584;10478;626;8684;25054;8091;9110;32321;8158;13783;5231;9296;2588;3871;14546;15794;25752;23807;17264;7262;15170;13886;67;27513;8053;28246;7724;25200;24257;294;15322;11843;5869;26347;15341;1316;19260;25709;9307;6208;24304;11126;3347;22493;6413;24456;25057;15781;5471;21199;31634;4417;18110;3925;21592;23338;28305;117;23408;31164;11665;20626;11265;3213;4560;20233;11080;10748;17913;29283;20978;4877;17881;19152;9417;22900;
15390;30929;8339;11247;27999;31796;7479;15577;21597;28485;27682;30461;21385;579;13801;29864;8134;19217;23344;27906;18543;15662;23754;2973;156;24039;3874;26191;3489;2251;7385;1341;32472;22624;7344;12601;4769;1812;16041;31822;27814;23670;21609;14488;356;31398;14561;20825;23271;8202;23341;14922;6868;12611;28860;26927;23981;8032;4786;3502;25425;32337;19082;31585;8386;24478;20992;31274;7979;17753;2606;28871;19490;16721;28149;7590;7978;5256;926;20986;14460;25319;4545;25358;23815;20273;7014;17881;29621;4918;26475;2260;26608;26697;5926;8200;5477;21491;4170;14187;
8455;11497;15887;32620;25431;27708;28045;10189;18403;7888;18793;31921;17933;2831;14516;23030;22286;24286;9488;26820;3387;31184;27669;23398;12422;10138;32755;7001;1095;24264;31576;7587;6717;22446;11412;20838;22223;4000;23547;23733;2712;3174;20874;7078;17699;29674;24014;5545;17651;19508;27138;23832;10439;30616;21368;3343;17948;16686;5690;22909;18674;3459;2800;25979;211;910;15364;21469;32530;16870;5637;17927;27217;29746;30537;15619;11077;23776;25303;4304;22206;10010;23171;29180;30945;5365;9307;10613;9656;24044;32578;2716;29422;20878;2779;19355;16083;4723;26281;14328;
26790;32116;19572;29035;24084;4379;10734;13037;8700;26969;32150;18962;12405;9079;31453;15000;25618;15951;14727;16448;16485;19132;29781;8924;17857;79;6881;4266;12868;2628;15049;29408;21525;8372;1039;28808;20715;16908;27840;5006;1743;8381;14292;17432;27170;6453;25430;3605;1249;17423;16837;25881;31528;30854;17081;23144;14581;21296;11977;31057;11567;5353;23213;15805;13799;28172;5536;22791;8669;2538;22280;14606;27462;28276;28505;1417;4044;1083;16439;1947;10711;23195;16347;12200;12043;31794;19383;11622;30738;26519;3677;20023;30107;73;31901;5558;13986;3046;11757;17551;
9202;3998;5135;16789;5353;8678;21997;6414;8572;1137;20936;1617;21882;6748;2705;15252;10517;3753;1175;23551;25246;16110;21859;23557;17808;15950;27360;15347;13008;1193;19904;20681;7731;7696;25370;3914;32065;28284;29016;3407;4921;23999;27728;11616;15957;32698;19633;10373;10830;3281;30369;27226;3107;16028;29604;29538;19223;25823;960;13725;15096;18109;18911;8029;19367;9256;6004;18517;20949;27548;7009;29939;19723;30733;30745;25584;20205;27422;1281;6693;26559;30611;16157;8352;15400;12297;11496;26871;10294;11748;14723;19420;5027;9354;19218;22002;23383;13519;6244;22239;
29741;5295;466;26275;11002;24387;29033;21800;9676;8430;1611;14361;2671;29656;3922;2808;28214;16541;6391;5483;29431;30534;4722;3031;13656;21624;20003;7728;28745;1771;24881;26896;31186;18718;9841;32006;32015;17225;26761;28720;5497;18836;30549;11788;12134;19078;11401;31115;20948;448;9112;21863;13666;17131;10453;18103;19615;28911;9176;9665;8583;30053;292;28943;11339;19536;24327;22213;1873;30727;449;26673;9340;29046;21224;11172;26541;26758;28682;128;19082;26842;3221;2451;28030;14012;10996;4515;14848;30807;28923;7754;31257;32550;7045;9477;2336;17836;21851;5767;
457;30054;30040;13395;3422;2302;26571;25737;14411;24257;18205;30720;28640;20307;26548;5782;3411;7329;23318;17860;4612;19736;11858;15734;30981;18197;26524;32537;16858;16540;1847;25333;6269;22348;3992;4029;16038;25746;22728;4196;6728;25118;13066;31795;3423;29331;7358;25881;31465;25219;3973;66;7474;13722;10406;15594;4437;5145;12464;15732;15360;11398;18017;26294;27511;23970;12487;31128;23260;15516;7333;27357;31405;19332;18712;27968;8846;29698;26490;25027;4169;6728;12935;8772;22547;23621;190;23121;10769;20764;22026;25149;4378;23764;14498;20595;3775;27729;19758;13579;
14472;11651;32299;13211;14977;6109;12944;28496;25333;22793;22450;32061;7034;31194;16997;20722;29485;20354;11108;22353;7743;3333;19187;13213;3761;2285;22466;21204;2651;2880;27925;18751;25139;14255;7202;11847;11980;26640;11450;27274;13853;2830;20780;11310;24196;23327;20839;30069;21259;439;29022;31122;15593;31420;5809;15292;13900;19513;29065;9344;23125;26198;11459;347;5732;16264;26962;8840;8343;261;2270;2839;14221;22395;2993;26431;3952;15361;1492;15605;4146;18766;28533;2749;18710;28968;21644;18625;15731;9760;10175;32;28341;19837;15490;27784;18340;3446;11394;23559;
19689;19364;11332;16670;14029;28598;4873;11032;22597;15975;6646;6297;30508;24749;5745;22650;31183;27443;13262;27860;3502;31242;28715;9307;11137;13468;24728;24046;7290;19937;124;10860;25802;21717;4148;16584;14182;26921;18172;30816;22283;10296;23571;15754;2175;26174;11034;13424;31259;1988;30653;32287;17542;3935;5270;21466;26819;13210;29006;27828;28526;4401;21510;24926;3394;19840;16885;573;28895;15674;23378;21439;7626;25438;11892;9456;30902;23655;17976;29768;26882;2500;30627;5831;13186;4487;13000;21829;29314;1633;23276;29699;20232;19406;27113;22661;24410;2701;25296;16804;
20160;18771;22482;17887;12939;32192;1889;3058;12374;10642;21650;29098;22924;22553;7878;5367;24619;4075;15497;29507;2247;3288;7610;4866;32209;22048;22765;27530;26649;1252;10253;32549;28818;20187;6214;23397;3925;10566;28961;29624;19433;6182;5873;2620;21186;32172;27759;6869;1031;32241;30625;31868;24473;19175;19968;11482;29264;27792;3033;31253;10376;22893;23284;32490;10716;29498;19572;9468;8753;15320;2558;8555;7159;22155;8733;8105;20395;10597;29669;3721;3232;13058;32215;17305;7936;26742;5125;26802;22285;12164;16759;26573;5549;18705;22732;18712;550;16343;30756;14154;
19750;12126;1086;7731;9478;30504;24286;6039;16207;11820;23666;6716;7038;27271;15604;8002;25348;12653;11282;12723;2705;9061;3213;7259;6290;14518;4831;10714;13561;8732;29472;10999;26172;8640;9770;14135;8096;28775;2556;23471;1207;746;24924;11286;1575;17382;30401;27166;15278;5556;26223;14084;8035;12444;21476;870;3647;12613;3699;12630;12763;27504;26927;7340;14203;21734;18954;32160;30796;7343;13374;22936;30442;17029;20972;30270;22053;17033;16643;726;11525;10548;10084;27599;23564;9103;21060;3223;18362;24487;25809;13236;7255;20795;23064;11537;32492;11961;24102;18069;
20371;14953;17005;762;24816;11239;4458;28381;18688;19926;1413;19473;12049;9171;26425;1849;15122;11432;5748;11158;2573;5314;17217;18717;19442;27878;6564;205;28310;14623;25797;11071;31227;27643;27985;19839;466;8694;5918;20506;20542;12599;526;11384;11739;24954;12853;1132;27391;24654;830;22538;3648;17792;27402;19897;19510;15319;20379;16521;11394;8705;29745;2246;14;14286;16818;13005;3223;11164;28239;6174;4457;7187;18533;3763;2410;25106;10401;8848;20058;14056;20328;3484;345;2760;12662;25007;23722;8055;30661;6380;21174;15176;14000;81;7764;2122;8280;12428;
10311;29632;13895;2320;26120;8657;15955;24937;5575;18817;32453;25804;31660;3296;1467;19443;1122;8577;32715;26920;28886;23854;25065;15007;28476;31450;27275;30472;17748;11223;15883;18533;28651;18762;8780;10521;23460;14811;7584;5954;6904;24497;31977;4681;15740;8861;1279;5816;11362;27285;21330;3147;12355;7781;12753;23113;1052;31393;25098;5652;6550;21726;9106;32767;29322;7969;31143;16993;13252;16280;29716;9960;21767;4232;32597;13871;4690;7303;32764;30098;610;27371;15699;14145;30328;28802;24387;12435;1884;30852;884;19101;29602;6597;11702;24836;13100;3119;6048;25359;
25584;29296;9078;2816;29691;27632;30288;8101;11446;774;32121;29738;873;19307;25366;6705;21245;17647;13832;31268;25350;22122;18707;17866;24577;29942;3391;31001;10457;19291;27518;23884;5553;30155;24976;16949;7133;9680;26148;25043;29489;17026;22592;8743;8319;22781;32226;10564;2395;28946;21992;30630;29985;6717;16685;31940;7994;17623;18165;23016;16026;15245;30859;18239;9869;20753;14376;20268;25780;5647;26391;21474;74;11107;16151;4914;16044;1161;23297;7329;4377;11861;12970;28094;4022;28132;3595;10419;9685;19410;13215;6425;21366;24493;22029;31505;10254;28586;1287;14480;
23176;14487;9586;4346;8842;29201;13511;24307;14073;25335;23481;28786;5567;6687;5144;9494;30924;8007;26101;18110;7258;12366;7;20564;14966;24228;12109;5865;24508;8447;31221;2311;32098;11599;24957;30786;23672;12021;4120;8465;22125;11567;30035;25820;30422;13783;5624;27222;27243;8270;4914;6157;24402;31923;11507;7488;15009;856;17299;31984;18206;6262;7354;20281;16713;14367;28543;11491;25756;24181;31697;31029;24081;16410;12566;32265;18405;26343;10259;3622;4763;1761;29708;8649;32581;8040;3884;8581;3839;15538;26151;21325;3004;28024;18205;7632;3653;16623;14274;5637;
9598;24826;30396;2822;747;7326;11340;1057;20596;30390;3633;25900;4965;3304;31433;11546;16569;27351;20346;716;26264;7578;32336;1065;3870;7022;9959;2929;16478;21415;13964;24270;15783;31469;21407;32301;28166;26532;6203;843;3083;4780;24602;18451;720;4171;11698;18215;7224;5479;27300;27325;25717;23801;1879;15788;26317;446;15840;12998;10141;8240;31782;30313;32670;21684;14659;32337;15463;27157;14893;19376;10803;19505;2453;4993;27365;4850;9999;16665;15945;14720;12660;1791;8093;21941;4228;29181;23632;25554;25040;12919;2057;31344;11480;4092;29163;31417;8816;15131;
32536;4311;27496;29048;3699;6317;19051;10271;18859;15045;5416;12311;1909;21898;18608;2363;8984;1720;15647;22341;27951;26896;15487;11564;6570;23120;233;8880;20247;23906;24045;26674;15136;27860;6453;19658;20564;20872;13924;27284;4394;20909;14916;27978;3138;19437;10529;10008;28143;4840;17520;26539;19187;7394;19381;18828;2185;23480;17571;27052;1449;20761;3716;15680;27015;13042;17627;31182;15197;13354;13640;17288;10090;17808;27821;5594;5434;25362;8079;6719;29481;16687;29119;24920;23331;28335;24889;12863;29869;16017;22604;25625;14377;3653;11003;30186;30549;15387;932;22702;
20246;25084;735;8101;26228;10328;5801;2798;7909;17759;19650;8279;6606;31860;9299;18036;14151;12766;8916;5614;29215;26305;12333;21790;15647;12621;32283;20954;17811;1334;32470;3471;16135;24676;12017;28560;7247;12267;13953;29102;22986;317;9601;31497;15591;21407;20341;23846;11495;7641;2638;10049;2277;23602;21646;17380;7956;15003;9900;5304;10569;12075;29626;156;29369;6347;7493;10228;2819;13875;24189;13123;10865;2325;29333;28669;11130;31127;31341;12182;15756;19975;25967;7391;13577;19146;25015;31634;7312;3734;6006;1579;27517;32482;13208;24058;1459;22682;1444;16759;
26777;14614;13540;31957;10594;13133;20679;18650;10386;17734;16515;3053;7869;16848;22014;12657;26258;627;2031;2897;10265;30118;5952;29148;18745;23874;9144;5588;18301;20791;29654;14529;24344;23166;29696;16267;8998;14927;12509;21320;27444;12691;20735;1107;14851;23708;20933;9118;393;30484;2943;17993;26681;7219;16596;10099;29572;22325;15713;23632;15264;6156;18339;3707;3208;24658;27159;12430;6212;15489;22431;24817;7786;23910;28456;28399;11493;26067;8842;13839;24053;16533;17583;17313;14199;4773;760;31383;3943;7587;3548;10646;6563;9855;13523;18253;753;13434;31090;18694;
15684;15437;24023;18298;24891;2983;29255;26090;18667;2269;26134;12139;18398;6877;8135;24194;9307;19813;8309;17136;13800;1394;13938;14799;19726;23034;17197;27614;18524;25821;6233;17946;31407;8218;12363;24718;18096;9022;17828;18283;5021;21795;3633;23131;32589;26070;7439;13843;29038;9433;12307;23591;29714;1931;27752;3363;30058;29668;20090;2263;22224;9061;20755;10482;27915;12879;4036;2515;21967;12052;26759;13723;18052;15883;24738;1415;14408;9575;20687;11645;5431;21866;7321;9700;19178;16598;30985;26553;26173;6565;1666;11999;7254;17913;16874;14007;25827;8534;4362;9457;
2466;24079;28216;5794;20263;6910;30515;918;6874;376;25422;27623;14911;32640;9425;974;12154;29243;14748;20922;10002;21669;28429;29343;31477;18049;7460;30865;26300;32662;7397;6033;20785;792;32254;5287;20238;10085;16298;11057;17160;17906;4309;23674;16140;10116;23425;23950;2761;163;8040;5965;29550;4683;24547;27839;18613;17126;10506;15271;11040;17271;28701;19291;3970;5400;21283;7634;7106;678;31696;22271;16604;25275;10668;11869;13864;13788;10098;7884;14815;29940;12214;18587;15067;9217;1227;14822;20382;32014;16356;4386;7830;18273;7033;11766;7072;12021;15597;25676;
16074;12331;16749;26025;6237;27580;4635;21689;26139;30450;17260;14127;3525;31768;974;14796;8416;16175;23951;31420;19897;23266;20474;20009;24999;18876;963;12555;16528;3993;7845;24125;30126;5978;31305;14806;16787;6365;17002;1718;18795;6957;15927;6751;19330;26357;18680;775;32006;32059;15861;21483;29965;26186;23443;3045;18649;27888;25025;19009;15707;6634;28562;17869;12791;925;25643;14895;10375;17927;18144;16251;3746;14068;31386;16389;11294;10869;16508;116;23251;23438;19910;28184;27554;19759;30969;10110;23735;14181;16956;29505;17674;21714;15102;6434;6444;9307;4317;20827;
11584;29472;16326;15921;6215;17073;12126;9161;23714;24447;16289;21052;31185;15248;2249;30189;19329;24951;21106;16923;22982;4996;1531;10674;32421;27448;8239;6759;1237;3323;26149;28163;9158;17425;24932;1535;31971;6859;26443;17746;32277;17146;12209;23687;19848;25257;16072;7186;8881;6412;9799;16612;12432;20403;25032;28477;1330;11267;21102;20418;635;13543;7628;719;21538;195;29698;24078;1789;32682;297;10313;9599;13776;3570;18300;32127;31298;5001;5423;29498;3540;18112;19714;1436;7771;24169;18826;26555;2589;6403;859;21413;30598;17818;1638;31323;5405;21480;20870;
13597;5558;12224;21589;23528;15592;27565;32580;25918;4033;32470;6635;13093;32185;6692;21405;12658;5605;22695;16960;10567;7277;20278;17243;28123;5184;16214;29553;18041;4358;29022;12174;14796;25943;31192;21791;7769;298;28201;13318;5197;5264;19573;26350;19577;19106;6845;1500;16539;12471;330;26375;16607;7643;25679;25066;31397;11901;16586;18583;23685;10344;20651;2894;31632;23285;14904;14926;24025;20350;20144;23019;20021;24085;7214;15585;7486;31350;22225;22760;29598;19771;23834;18825;6538;27983;23445;29999;22412;19877;21436;2177;21638;13098;2584;15343;5364;18168;8105;6027;
32625;6348;23176;10523;2685;9658;25035;24684;30589;14111;28841;1513;16131;11736;17631;32619;4688;3505;19537;22355;5655;23840;22005;14807;14980;11572;18925;23705;21629;24008;11507;1150;23592;29180;29434;7613;29869;2278;25874;6710;8509;20100;7821;2566;19283;30965;25952;8792;32313;9705;25036;9853;31695;11351;31037;26432;3720;13934;20594;19571;15541;14285;14558;7374;16646;5110;3406;30714;27725;2304;16845;14056;21638;12941;10948;9831;29973;14588;16230;20470;9294;224;23371;17622;570;28336;17243;8036;17560;4800;29166;11942;1059;20847;28210;36;28435;23458;13004;15353;
1254;2930;26562;1833;16224;31010;29592;24629;19665;23636;10169;10733;16278;3452;3097;22662;22242;15252;3609;29932;17599;10770;5803;27225;5455;2839;19382;21031;7000;18921;188;12771;1535;22947;6842;24482;980;23595;27471;152;5903;13669;18209;21990;32537;24230;23421;19380;23375;3692;1853;32384;27394;2124;15087;10933;3778;10539;9267;14976;28380;945;10341;26079;27425;8443;29308;6395;14313;14736;6194;5303;19544;31383;6758;32137;1504;11079;17598;19593;9479;18078;12432;22215;1899;23894;28419;24290;17155;21525;7793;25814;1703;20964;28432;10262;25555;29410;23250;4059;
26024;4921;5257;28091;6451;18002;29263;20093;27378;20037;22309;19756;32148;10132;24538;7274;24065;32024;22319;14855;14490;6203;13624;210;29634;8552;11781;3247;21405;17600;4994;9450;2839;3855;3740;8395;24105;5886;29605;31339;14680;18058;13818;965;25214;22708;16099;29200;9932;24442;11194;13133;10768;26119;14160;16924;15156;807;21132;27603;20999;28669;12373;15569;6721;30456;18610;1808;12225;20227;5936;14074;28696;14076;6277;27262;1355;25960;19314;32354;3541;8293;14574;1499;1516;4575;18304;24667;22021;11271;24045;25002;10906;12801;6419;16440;31019;14557;6421;15794;
22147;13513;10680;15827;572;26245;18957;16253;19333;15639;22353;27656;13091;32703;24337;12506;28342;21549;23697;5943;12606;29938;25967;20059;23773;11317;2436;7110;479;26279;27147;9688;20215;29369;19461;19613;22219;16396;10716;1258;20147;13096;2118;27049;10942;24946;4716;30577;15095;18776;16716;9818;11750;23247;4699;22031;7257;25599;4463;16420;612;13884;14813;25770;18854;5945;29406;9473;18638;21112;11064;238;23646;32517;22554;10733;31919;19812;23367;24777;30005;29128;5238;20841;8453;32390;8697;24813;20628;17096;5278;8698;15554;390;6867;25425;11031;5298;26381;3239;
10060;20659;21866;15793;30221;15381;5269;25470;9469;28543;21994;14345;23547;12773;18650;24591;21412;9470;26001;6942;5400;5625;19159;14831;26369;18028;13108;20213;3026;16781;17752;19766;13645;4516;17337;2394;20808;27072;24446;20737;5040;6057;12956;3162;25038;21015;9535;7666;713;14113;17003;29897;14701;3832;16355;1195;11050;9941;15690;6333;14432;22576;32392;13399;10714;4147;9583;30225;22424;27502;11935;12577;11473;14796;13734;12516;11576;32454;17516;23226;24447;16854;12751;8727;16665;17199;21386;727;10053;26795;1883;30162;12616;30469;22373;5041;12281;27464;15827;23040;
9859;2183;19390;18052;18535;28111;14160;15566;6336;18522;5418;27152;3787;30213;16644;6960;25510;11268;14739;14619;27992;30165;29616;24412;11026;8306;26806;16621;26293;26059;25644;20300;3987;27763;21668;22482;12922;28570;9186;2881;13039;9019;23105;9116;10679;10390;4435;7227;3228;9953;31176;12318;877;23611;30865;4738;3655;15073;8005;5554;24851;26276;963;13344;6224;9883;15129;12212;11027;7957;31652;15204;15947;26577;10873;25349;15690;21106;22532;9568;23425;29997;28655;29833;25483;19909;8261;4204;30574;4281;15320;28585;9757;30908;7136;10914;31297;10853;17636;7377;
26168;40;21214;12384;12638;21125;28826;2035;19084;4223;24159;31433;9183;15440;19409;5891;31675;8283;2326;7747;14095;20578;21304;12409;12506;19193;16330;6394;8942;20282;3023;29139;3060;15035;20951;4444;14000;957;27499;30224;18054;9126;427;9371;27965;1458;4406;11317;11780;19941;25930;17711;20914;3140;20013;15819;28754;12356;5835;10577;13279;20611;32160;1375;14412;6838;13528;18817;11463;32738;11701;5377;6719;28880;13106;28417;29476;16059;6118;19654;20590;29771;31530;21079;32736;15047;27006;327;18318;8070;23593;18895;669;19878;23584;12832;31562;4097;19497;2038;
9773;12125;7744;20593;8895;227;30778;27169;9499;14547;2984;5471;11521;21877;9470;22244;11808;13907;13813;26772;3477;13221;24365;11419;6319;18957;15639;22203;22773;11908;31762;16356;26986;24212;30676;6150;12559;201;27148;27171;9898;10594;27717;9896;454;22347;20750;10237;31995;15696;6232;25947;3439;11147;799;18398;13213;11550;2637;21979;18773;11816;15579;10355;28932;15857;18745;24424;2614;16744;13808;1840;20313;10704;3462;9544;196;950;417;24267;16632;29222;18800;27971;1573;27166;16199;21951;17648;16963;393;5670;14451;27347;6859;15562;27525;25051;30006;7744;
26428;14250;7469;7536;10929;14213;5936;14824;20483;2204;19713;22646;671;23357;22021;31221;10942;30280;7916;21607;29231;14563;13461;580;1622;25710;13867;15378;15221;17082;12949;20534;29994;31861;29965;19722;30777;13289;1294;4399;2444;14311;23924;13861;32376;25341;7903;2328;8770;31471;16728;1533;5346;9317;2359;2270;1798;16098;17219;10610;30554;15605;3100;29937;21767;19635;9942;31270;11129;25700;9959;23494;15206;1917;28995;23808;9484;22479;22725;7253;1978;18173;22993;28842;14993;31795;14648;7324;652;16917;2651;19475;27070;4342;24724;4122;7131;2379;12241;19694;
27642;29279;8322;20052;26521;4424;23222;30256;6882;27673;3200;14676;27181;19801;12192;24214;9413;7092;21087;13349;13551;23025;26555;12061;4392;25380;25284;10584;21167;14117;8518;12680;5443;27456;27048;8578;1070;4910;20;28381;14466;13892;5849;27068;19619;9451;7693;24040;18693;16976;13942;18978;20023;5725;19371;8631;8225;15335;6518;19540;30346;32553;8317;22556;14045;16497;20001;4600;31532;28441;23463;30766;2677;12473;10389;15158;9764;2203;5215;16585;20698;4975;6979;23866;29293;11072;14962;14089;32048;1959;24432;2230;30836;11839;26301;13523;5198;18264;28085;24669;
10907;10992;31669;1868;20802;14815;18047;16233;25017;22353;5600;7520;6603;5753;2704;28694;14744;28804;19545;17980;17117;5836;25467;29221;15733;13647;16720;32724;9504;14687;15404;20826;25732;28827;647;21855;369;5149;18782;3070;24169;5109;14806;19926;13664;14038;25123;2397;12224;25104;11688;27256;16304;7614;10335;8265;7830;10561;4476;13640;5338;13293;333;11670;28398;3585;9829;24462;17291;26077;24057;15004;28477;25967;11146;28754;26913;17391;21444;13240;21741;8140;7847;740;30258;13542;1252;11979;26846;17149;19594;5463;17157;14441;22753;16826;993;29964;12694;26369;
29719;14726;1305;26860;23355;5799;10820;26365;11927;28970;25917;32207;7464;28064;29597;12969;7402;22698;9170;15699;23894;24427;31682;9256;17192;11325;12976;24173;20837;15267;612;28897;9117;32128;4998;14485;23917;5766;2380;22526;13129;22000;28757;31305;28792;13172;5332;24814;7776;26995;1008;28552;12548;32628;15467;10724;23755;22736;21122;22616;31107;7086;2837;18006;5797;1074;12808;20288;9435;30706;12265;11646;22719;28074;8915;16335;10982;32048;32402;14556;6429;11178;30727;27923;3314;18430;16334;12978;2935;27530;20511;2082;4674;29462;20978;29831;17848;1030;23911;22165;
21644;29140;6500;5541;13442;6078;32384;26888;7289;31420;16672;10651;24488;18357;9951;24987;3624;498;19252;3771;32434;30163;5967;19060;9643;17345;28995;19613;23901;5987;26218;31803;904;24341;21765;666;4121;6038;22820;5277;2361;0;198;26194;30857;18942;2880;31945;17836;6713;14307;21031;6663;27923;26585;32758;12740;13208;5968;25535;15901;15537;29147;29147;15575;16027;1556;10886;26892;5272;23687;25909;10542;1253;30155;26154;7753;8939;29682;29253;14472;8633;29476;21789;29947;10930;21894;3407;10391;3203;1632;4886;31871;22105;30848;27932;32642;13136;25561;1936;
28900;6702;1648;377;10337;9553;27769;25674;16239;9958;956;31158;24516;19804;32318;13253;23320;27672;18462;23336;28716;15467;5309;30666;24843;10945;18209;10151;16015;1051;14748;22497;3368;6079;10408;5136;9945;8493;17686;24538;32387;3670;12648;20165;10342;30217;28283;20040;19429;21166;31593;22056;25225;21814;11437;29442;26697;25682;32392;24355;24841;7139;26276;7584;22368;24754;26872;19364;14494;23650;29675;7172;12814;30115;18364;12569;29560;6312;27937;18638;31466;25562;32558;28408;19896;3278;19577;10726;17090;4468;4988;21817;16885;2450;24122;7926;7445;11377;16678;23258;
26041;24279;320;8174;25751;23860;25985;25691;5633;22048;14201;2942;20400;2309;14135;6719;29633;15641;1641;1439;21757;9360;20164;20369;12381;15;10150;26123;24525;5731;32506;30812;10801;21619;2397;14016;21670;10611;32126;12338;22794;29531;7883;17025;26046;3992;23370;20646;2730;25601;196;13141;14210;29708;19753;6098;28488;22082;24112;16646;21779;7664;17470;24274;30222;3360;15497;28579;29891;8903;22141;24647;31130;22848;2143;24063;3228;10489;30512;3797;15485;9069;30164;9263;14042;14930;32627;31653;13759;1811;12576;16912;26220;9856;1720;19683;11609;31941;24333;7615;
27511;30104;2884;17473;10425;5303;28028;4639;18387;27282;27313;21875;10050;16708;13279;3414;21388;5576;10858;19633;11977;12650;25533;16208;12642;30587;4145;1336;10265;15177;18737;22587;4937;12879;2717;12233;2927;22184;23403;22281;20202;19914;27028;10536;23807;10096;7470;26610;16928;2264;26325;24735;31086;6191;19792;21231;1916;15434;32370;20089;12886;1174;26429;31295;31426;19794;5966;31367;15045;29691;29557;26854;3433;12296;31651;4766;25534;25560;10249;28970;27423;31209;8574;4374;10422;8778;22817;23316;28227;1107;17216;29517;3096;14483;14713;8949;25704;7946;18463;34;
17346;26008;27360;18398;8921;21174;31908;7802;13702;10340;24247;10790;27408;13154;6955;15295;17322;23203;1656;31208;7997;17151;9318;16988;26984;23336;21549;13699;18118;25567;2010;8259;10095;18536;2804;14360;25281;23355;7264;23911;16480;19196;24450;22543;4731;25517;26789;16962;17745;28707;26781;5523;2036;20406;15274;3663;29261;5181;24480;22801;19553;15418;5445;16017;23250;23889;12539;16829;21673;21247;24223;25611;26194;17800;23728;1037;26088;7473;29364;2630;7348;13744;9943;22588;18928;26081;30422;11726;17104;12218;6171;30920;21443;11393;810;17077;18166;2364;20027;12532;
13337;10090;6952;19214;32103;13808;7306;31559;7648;22102;30239;32115;11481;8755;31856;12299;15031;9446;6064;31616;27384;7559;19942;17359;28531;7454;14415;6230;18656;21778;26621;5606;28826;10724;32197;12057;20388;24092;31064;20198;9962;27012;944;2418;19658;20629;14510;20265;25555;4143;13313;22030;28365;29069;25929;11599;26105;23159;28540;12061;12698;28089;6025;17594;11699;4053;1596;12500;6931;9205;24930;21521;8591;5411;45;8171;18319;32700;16090;11198;716;3874;13712;8223;18007;25522;22156;27760;12766;5366;14203;31409;17963;9243;2599;21913;17133;29349;2134;29926;
4539;4449;22255;9201;25174;31643;9311;13957;23598;4754;1595;32753;2344;27945;23079;16476;23967;20447;11766;31833;425;24833;29459;29372;16283;27935;287;9387;15311;20412;11227;9208;22948;21577;28745;7086;29127;9045;32014;18153;15793;4094;6683;18923;7281;22955;13196;8557;5292;13821;3024;7219;14306;14082;22795;4835;19186;25004;20920;21015;22497;2178;27795;27313;3287;16022;22454;23663;3178;30391;27394;20159;4895;8935;6592;19412;5678;26640;10120;12793;16262;14834;9314;20261;27409;29536;29740;23248;2361;16044;25916;16902;2731;25184;6726;31162;14683;17966;19327;19292;
8904;17450;8962;20398;30593;6711;14451;3027;1000;4031;28643;25768;9782;9128;16372;23640;26047;22147;9022;20011;3960;25862;14577;7327;31670;1724;22715;1466;24888;1275;7660;4510;22888;15895;11736;20318;31198;26837;15740;21520;10022;11298;6757;12324;1219;24325;15054;20212;9843;1235;6409;29851;26293;22946;24096;19979;1673;767;8123;18266;31351;14564;13636;7261;2258;31460;26698;22392;7486;9641;1059;12980;30064;31904;2262;3858;2869;31731;1336;30240;24502;1720;23636;22985;3066;17768;31248;1649;15020;18578;15118;31554;28447;17360;3025;7360;15759;29947;801;30116;
22698;2971;31664;31207;6222;9377;28925;29;23957;11865;9081;25860;30735;18586;18409;3421;28750;30016;17931;14842;23464;11483;19068;25113;7480;11177;12249;2032;14374;2754;804;15241;5928;31123;10090;16336;27977;11149;23715;1515;5098;19998;11738;29385;2566;6881;2702;8958;30906;23058;3927;8398;24836;26948;16845;16519;22219;6742;17317;5909;27935;32419;16669;16080;14275;29305;7835;24216;1512;31949;10640;10020;14908;22316;20643;14999;25635;12789;9996;12884;32324;2246;14141;14100;30280;6964;26824;24374;25054;23999;32125;18262;1283;30468;27090;6432;3456;7477;3209;29798;
10164;26567;2444;28273;20627;26986;19484;7061;2287;9790;29738;22280;19959;14916;13061;15605;31485;17427;23350;2763;30844;26572;10152;23003;23641;32335;32269;26658;24425;17583;12412;25443;19508;8164;607;27258;19192;18624;29836;14572;12017;29733;7346;12482;10456;19316;3063;13976;682;18760;2271;5105;18602;20069;8304;21453;937;747;21140;19838;26757;22480;23998;20919;8432;15500;28112;11750;4466;23830;12861;31171;16561;31760;8042;25385;17393;15678;24411;27686;21719;29757;13707;20302;29810;19314;23067;32340;16252;22336;4143;28379;22492;27006;31638;10633;1904;14632;31145;20317;
10;12884;373;2371;23736;616;20252;5606;18505;13451;24184;27078;27916;29273;30978;5514;4571;15579;23282;26263;2136;12726;13224;30177;20599;12450;1355;6401;5437;29982;10160;27017;26311;30819;29309;22164;21901;12182;21134;29857;21224;31297;20119;32673;31442;21764;16139;17230;10989;9352;15677;23999;2760;11445;3526;4153;26973;2085;2598;4681;5086;13272;19886;6927;2481;809;10653;5341;12729;4096;9353;12033;29911;31562;2304;16862;25008;4518;18288;14658;15793;10337;12100;30963;10065;18085;17232;28555;11670;28397;11631;19334;219;7356;5482;1690;8400;19087;24348;15175;
11202;5136;5076;30894;13085;18572;31483;2214;14639;423;9719;23565;15406;4687;29518;4444;29309;25070;19727;18814;7211;2020;9838;16099;3517;15156;31918;21200;22573;27261;24388;1273;12850;4141;17209;2385;1730;5873;9680;28705;19669;25200;17001;5207;3181;20536;24485;17441;13523;17656;30667;22459;10275;6641;16490;10886;8202;32423;21824;10841;20431;8924;2651;28955;26512;15550;10622;7314;23759;16224;7878;22646;7213;21863;22669;20170;2164;29702;24207;29292;27355;6700;25675;22506;14470;4091;23213;4247;20813;14973;17641;15326;7102;22418;21674;17111;8805;13869;4460;29208;
5707;16064;3878;26062;23228;24565;30765;31756;32333;13215;28245;16738;17694;28656;1881;2994;10333;30956;26749;14143;28427;9757;17777;14855;17411;4233;18041;339;27960;31969;6603;19852;2110;13819;13368;80;28684;27522;1295;4293;12288;26861;8511;6701;10275;14509;10683;14523;18095;1963;28963;10405;31438;23793;9376;23419;17573;31143;31760;30647;1681;30018;13667;30357;31664;27128;24388;21541;30628;17783;14076;1438;21395;4566;7572;10741;11378;19148;26682;10414;22148;4896;4071;13043;10781;24160;1086;23267;3500;25302;9654;13612;24824;26552;11003;14556;11690;17311;30098;20852;
16652;7994;6588;22334;4880;20548;7582;25057;7828;24755;13214;10547;3812;5683;29712;26702;26241;3538;23058;30438;801;16381;1972;3290;8950;171;5469;25608;20275;20440;28778;11366;20429;3637;3351;1615;3198;27166;28579;30490;32528;6348;20655;3057;6872;12236;24808;7904;19841;12975;28645;29229;32011;10500;31314;5608;10002;20611;25423;19394;1364;16267;23827;23843;23406;3023;17621;6006;20966;18764;30188;25288;622;30078;22581;9873;6503;8915;11701;28881;12453;30816;25471;4959;18290;22994;27096;11134;31701;19368;22426;18354;26900;26528;23766;8146;20343;30063;18621;4957;
26959;31669;9921;25105;4407;23856;14071;21178;7578;22064;17856;15433;5493;28235;9896;9509;8798;12881;22158;27846;25542;19075;2310;13183;1915;16639;9467;29851;19312;3199;29849;1708;19649;13123;3177;30240;18418;6732;11710;28181;11896;21707;10321;9071;13690;2009;32552;30247;16856;13928;21692;15589;21869;2426;25178;28370;24977;26769;32458;8103;8930;30310;30767;523;27205;17885;17710;25627;30503;23353;20818;23114;18185;19852;26799;3179;32315;7282;1734;22796;19943;3583;3241;17158;31570;10486;8800;23890;27743;7996;18314;10526;23893;15500;22343;6688;9185;11627;854;13611;
9055;12895;2683;32000;22101;4956;11812;8550;4416;26495;11083;9341;25236;1279;15006;27215;13310;11616;23518;26280;4332;18921;28805;23848;13903;19545;27051;26518;20383;2006;3370;13943;1312;5670;5633;16351;16229;7457;13302;20616;17426;2150;11904;13089;4070;2894;12003;25064;4600;32542;30109;30331;11328;29057;32513;19435;7514;30517;23330;1811;14215;5892;15602;31016;2293;24822;1195;4241;22848;1477;18798;19448;8248;657;9770;25505;23013;13525;19904;7418;23496;27290;10853;31860;3940;17130;3143;18834;13821;29320;11123;6463;6560;16606;246;21093;20323;20791;15170;24763;
28398;3118;20948;2527;25402;15718;31764;6308;14489;14716;3965;21165;3063;8250;2301;27707;32607;3854;17823;28227;22465;22458;11879;17092;10226;3916;23421;23383;11508;2385;29327;9736;16248;4934;17520;17508;32417;1103;28165;14547;6155;29996;97;32296;20748;13416;29743;15735;13625;19155;27728;5670;3628;9267;3014;11335;2181;12343;25297;28965;10799;4012;14167;23069;32229;8691;11401;31152;6132;1715;3524;11990;22594;26571;16565;24212;3471;8075;8897;27600;24059;3875;21924;24933;6344;14683;16216;627;21858;30085;16696;13560;924;20144;27237;31397;20797;25375;10601;27626;
2235;22522;16666;26964;19782;13634;1217;30488;22536;15882;8060;30448;6828;6373;27361;13349;27421;23707;6372;30189;7312;21792;13563;3064;10692;5318;16512;2374;21640;9649;28246;8507;24191;28555;16847;23285;16160;9594;5325;3805;31488;20559;18728;25212;84;18689;10576;13969;11441;14169;15412;15200;24599;26862;4194;8012;16686;5204;17007;2984;5839;23697;17049;25547;23238;10448;7595;31330;27095;9306;19745;12555;29951;31425;21133;13855;6139;9310;8761;21710;14607;22270;8462;2930;5632;28377;14772;23581;8802;25540;19707;2932;6938;7847;378;16833;29467;17200;13942;16963;
32115;16841;7685;11465;30859;17864;17010;32127;24234;21478;31460;16135;8124;11507;4923;8907;10322;18632;11067;29586;23017;32124;4332;5714;22639;9947;6720;3397;20739;25107;16887;12607;7677;12721;3008;5439;27694;7628;29601;18500;17769;9344;27800;26978;9281;3743;12931;16916;29973;31906;29501;23252;10314;16358;4874;15849;14808;21525;4149;23681;21000;3297;18935;18943;25468;19449;11931;16790;27247;21301;5344;10775;12606;1812;17567;3079;15911;13673;29357;11765;20049;13393;13315;19210;525;28008;11292;6114;7772;10557;31391;2458;1969;12035;11326;4907;23032;3209;13022;19702;
16854;6764;10488;15008;31539;4235;25663;8991;6390;16059;7043;12053;31247;15804;9173;16733;4027;11372;2284;15844;22787;19771;1223;12987;14214;6111;6804;5994;377;4937;22737;5766;29932;3031;1713;5510;28751;31179;16577;28370;5172;11260;18635;4637;12887;2763;3322;32501;11739;1881;10816;19864;12502;2807;28149;14858;23312;31454;6849;25956;19976;9249;29883;16751;14904;9183;22738;23153;20890;8125;25453;29511;17259;25235;27214;10164;9519;12646;19900;2297;27893;27799;25825;26790;24796;20825;2417;17839;8150;28520;1676;4034;10156;9977;28390;13528;31811;17132;7717;11531;
21533;841;27018;30887;28194;11242;17364;17539;29857;27509;22625;10386;4498;11918;24983;13493;6174;13130;16002;16339;26465;28902;3006;11564;27246;10169;17304;7146;22931;11623;10608;13561;8415;18776;1122;2841;4066;13672;27941;16690;14004;5856;13106;27367;5177;934;7465;23405;31138;26544;2161;22174;18231;24254;11295;22601;26196;22089;794;26061;9394;2998;8572;7654;21736;15056;31035;31430;22578;4213;21000;31336;30064;13711;30839;8481;8562;1607;26721;2680;7282;18805;30343;31799;2274;31834;15735;12226;24425;1681;20916;17832;25640;27203;273;6008;321;17563;8542;23510;
10906;12921;12870;20685;11998;28011;22136;24679;6597;13529;26629;29563;2966;22399;11273;26311;10730;28960;27022;22078;3506;12409;26541;12963;21115;14709;5878;21847;10993;30623;27155;1648;7842;29916;8615;10506;21765;2138;3964;482;4539;29124;5342;19489;17940;13496;24642;4213;23509;18554;11820;29286;7481;28650;4431;26600;24117;19891;1525;3884;19200;2246;21665;5820;32723;5383;2035;27591;19950;29765;31181;8889;20955;880;15284;19983;16118;10246;24185;14186;1069;29135;23832;12002;11781;1226;12000;25756;10717;24423;17620;159;20087;20726;30290;27875;19892;13408;8434;1451;
29599;17173;32689;9237;22189;5189;32079;14064;23876;7251;1525;24013;15481;16519;7195;14937;21534;21251;13481;27626;3068;2808;7772;26967;5725;19737;30828;11533;15310;22608;31852;26463;5154;10928;8049;11038;20666;12972;20086;18538;31748;8326;18943;18887;21058;27658;25853;18292;6029;25211;10994;1272;3865;20686;12629;3325;30650;7702;6200;16225;12711;27200;32296;1419;29055;1280;27477;8443;9353;20747;30707;18469;27200;26503;12767;1408;18191;4031;1414;3290;29785;24348;11779;31470;29116;5457;28807;13112;15255;2261;9982;20488;19145;14230;24047;22742;16828;20460;2468;13013;
27299;17867;5772;32714;27391;18494;22749;24351;20584;11024;8061;17715;23178;6348;28195;23797;9838;8425;8890;10161;7931;30270;2566;20266;22204;29116;10121;24040;12003;11611;13480;20947;28558;19285;6922;15617;13642;15763;28225;26829;22485;8548;10412;12073;11817;885;12187;32309;21429;8190;25269;14864;21230;29497;14999;28909;22790;11800;15038;5482;22267;25399;15015;13086;13268;16;18996;20849;29736;26222;13650;30897;31455;14884;27353;3426;18236;14078;19124;30165;21532;8952;8001;15868;31864;12462;17914;11644;2353;26132;19286;1028;19469;23399;32234;20445;27644;26211;15572;4803;
18081;1463;1369;10484;2829;8374;973;9862;29134;28495;11187;7933;13864;7743;6950;2845;13474;901;19832;16637;21189;30486;24856;12893;5152;9171;29881;25913;143;25784;24496;23199;16317;598;18846;22461;3560;25731;25936;17726;28132;3152;21219;6359;15459;27195;27948;32028;2163;25766;1623;11161;21832;8840;22477;11550;10556;28259;10588;29786;3604;17782;29586;1707;26245;26419;361;10037;15607;30963;21802;14386;28552;4585;21643;18056;23892;17236;26;29601;30964;28921;14815;12663;25668;3537;24381;1262;31081;4351;14874;16999;25875;14084;3392;30866;13824;25398;16386;32131;
1474;13679;27938;21001;7873;10242;22770;20283;17283;18931;4794;21075;31531;26983;17754;23232;1856;16985;31536;20086;26288;1423;22844;22665;2581;19404;5506;5626;7478;18760;11440;1233;2513;21853;6913;26987;6040;6787;7265;7702;19833;638;14290;219;30754;13014;6670;29595;31173;11656;878;8798;18200;27131;19722;999;13729;31285;18722;18572;32560;4175;701;11076;7853;30758;8335;22786;27155;22868;28448;25153;3517;21855;22059;27360;19681;22063;15684;3121;11098;8390;9150;7501;25770;43;28620;21930;21567;7335;14566;32239;13045;21300;4463;8966;19933;8499;5012;32627;
6717;30813;13687;3813;19159;3836;10381;11;19054;91;18500;30889;16263;20859;23530;24555;32109;11783;12234;8953;1655;29066;18840;10187;909;20704;15375;25151;21737;14315;24024;16233;8219;12167;26542;23338;32592;24511;15808;13316;13779;577;26710;20780;3540;22799;32696;3809;17257;32120;3916;1277;8402;6983;13310;15306;12289;27706;31204;8982;9562;1973;15650;32650;26551;23224;4620;16951;22959;23567;30859;32370;18456;20680;24258;29154;8650;13546;14065;21207;23718;7268;9369;22749;11223;8260;1249;13202;27480;11305;22072;25524;25782;16379;17212;10878;20760;31193;21722;821;
15484;31827;4023;23294;11843;1242;207;31474;15088;18036;32093;22644;25389;23733;6650;16322;25615;27370;7432;3275;23706;15255;28753;26177;27784;29732;21996;12014;12358;12499;25697;8523;15936;7413;3596;18767;2398;23390;14279;20613;19662;21270;8899;20577;25861;13393;11703;7892;14848;18849;12605;18718;7888;26987;31608;12516;19029;7064;12027;32642;19786;18316;2278;25506;10625;32348;21074;19726;28272;13627;240;6850;32493;1078;19180;28486;25654;15650;12824;7994;21044;28370;19014;28210;16641;10381;16117;3525;16295;4542;23601;4833;25643;10734;7860;21857;31946;17648;3921;28130;
26242;5979;28051;17874;11476;26430;28065;28105;22217;13582;3428;11805;1331;28899;17644;1457;17973;4068;5648;2829;16901;5632;16213;25524;9457;26592;5650;17841;27296;31001;19409;14196;28315;10917;8951;476;26123;28052;22184;2197;9925;32255;14821;31908;24451;19006;20983;7488;9588;23130;28689;31460;31480;19397;3633;28834;13220;13641;29511;18362;22925;1855;25241;14699;30659;15361;23142;17161;28187;27810;9673;80;12850;7644;17889;32760;8622;22857;30255;18057;18887;26326;20543;29553;18439;14966;21131;15444;10317;27155;20124;12963;25624;16330;626;1904;26370;15447;24870;16769;
15499;7630;20174;6563;19224;16013;21409;28992;16444;24686;2652;5940;4661;14401;19940;20189;15034;19833;27180;19825;3828;549;21593;8597;22730;22306;11812;14635;5473;16527;6272;31083;31971;7810;6525;7477;14208;11769;6509;19877;25523;1556;15173;10473;20935;30081;5190;11087;6297;21559;1756;11938;26527;7527;17606;29623;14889;26031;15479;27203;20455;402;30140;10991;3756;28709;8608;22447;12657;24074;24973;22095;26781;21666;2483;6479;20356;27007;25261;27376;23341;536;11874;28303;9816;32705;29738;19506;16063;26586;22579;14945;22429;23622;546;23095;1389;30751;22269;6584;
26356;25767;2632;4197;24449;14978;19054;2574;18036;803;3171;13288;12285;28293;14984;8159;13094;4379;19151;4653;20756;15881;31;19756;24969;20884;23290;20328;10414;32727;32093;14329;31248;31672;1511;17680;3304;2587;9790;8399;26015;21846;30895;28766;30865;5348;22804;22843;27154;23901;17659;28881;4014;11429;1796;19021;5813;1636;12683;5805;29688;13495;11399;2841;205;294;23218;375;26969;31189;6635;1850;20494;5886;8920;20090;19058;21662;3023;13642;6946;5231;29431;22342;19735;23575;5034;23915;5161;17311;19230;44;5841;10278;20549;28609;1331;30423;8945;5827;
8540;9240;30268;27382;7368;8964;6695;16486;28455;28956;10369;21173;2656;2617;30987;30899;4055;22726;8409;13871;27372;30251;251;8205;29892;20364;10333;18073;1355;692;3308;6683;5497;1868;24570;32172;22229;30801;484;31815;25656;4549;22770;21539;28628;13988;3966;19520;4724;4889;32089;2112;8197;12018;16490;20089;9558;1106;18584;29768;29468;28325;23275;25768;23097;1497;20461;29955;32062;14796;4439;31816;23342;16896;6889;24637;30597;13718;666;3351;17272;24442;19441;2888;11391;8923;2739;10136;29713;990;6334;24951;13486;10387;25397;5009;14371;26152;4829;2724;
778;11868;5063;32398;14736;28983;16432;8619;16763;18168;12965;14941;17771;30288;875;31468;32095;10957;29981;2961;24700;28569;21655;31437;9226;16996;4115;2047;11200;21151;18834;31798;20289;16619;26750;1348;6374;29393;28301;18196;25022;20147;5096;5949;28371;29698;28301;5846;29615;17330;10481;7821;7711;19691;3050;12531;3895;29186;24525;26394;26006;22951;26835;2914;15596;96;706;22160;18105;32310;8137;800;24663;21677;11947;10973;19002;22778;11296;8878;25719;3697;25464;18611;5251;1341;8833;30864;14397;4435;25771;6665;18991;28073;14698;32208;6929;8098;27100;31898;
17551;11981;8620;3192;14669;1232;7990;16485;5671;2463;12011;26139;6333;20466;30199;13868;24367;26101;20514;19021;21797;7745;17652;19957;29203;25867;22557;7463;11451;30107;14612;17803;18419;1024;5629;7620;23720;12035;5584;26366;17699;20057;15800;11462;19851;28957;17849;22303;19883;8317;8342;8914;4086;15027;15090;29701;10696;31287;13749;14095;10479;32050;8113;17291;14954;24886;29318;30123;11888;18221;22210;29136;32181;21392;29517;18007;13288;32474;19461;24501;25472;19003;29605;710;1720;11408;5355;16738;29144;19347;5882;7474;15031;21839;24829;19649;14718;3544;269;22230;
1710;25912;14933;30722;6757;10668;15987;1653;28893;10769;5666;18453;22581;23705;32022;28370;19316;24002;13608;12083;32459;23433;5299;9525;282;16602;21566;31574;5814;13644;24411;2029;12650;17675;11470;21692;10683;17685;25074;17608;7536;18346;17753;19561;5970;13565;17587;28573;25649;23600;4593;31393;14631;4223;7082;10435;3873;9916;25789;11634;22426;26363;32568;21399;28330;18062;11896;10024;28224;32308;29842;23801;18091;20621;3826;27862;16480;5329;9794;4560;19191;22978;13710;9428;15734;13535;27813;1410;27602;4571;4546;1339;13747;5709;9835;2172;29304;28073;21402;21099;
24187;4463;24859;11952;28054;24994;15413;28038;9958;8572;20876;26130;28110;11360;15942;29427;23615;30480;7277;7450;4663;12576;28308;26844;7816;6827;28350;31045;25819;25156;17531;32176;9460;7983;26196;7572;1848;15314;10857;22177;21100;25702;19033;268;11967;19954;24162;28199;6667;27002;5066;21812;29016;22387;8829;635;13218;12155;17911;31898;25052;28743;15716;5149;8244;11229;5894;4430;31897;17411;19160;29774;32378;19191;26737;31589;25553;23648;23594;25495;12129;645;3971;6008;27707;31677;26819;16449;19079;29734;28127;27938;31105;1946;3741;17626;25282;8159;23033;30086;
10945;798;8904;22198;6809;9879;22427;29126;22285;6546;4582;25708;2249;7321;8290;20877;23018;14564;4271;21589;27841;27669;31806;10630;12244;15398;7278;784;13094;18335;27125;14819;25273;9740;19330;20993;19024;11438;6049;1239;18041;27505;28126;17869;18123;30238;11053;29980;1389;19922;32137;13535;22488;32431;23260;5230;31965;17873;24351;1511;3049;21379;21954;21005;27016;32179;29262;32342;25896;30372;31817;22847;25632;23523;29274;8419;15856;12668;26797;30668;11722;7533;9881;7177;32082;30555;18304;5248;19619;132;25335;18566;7058;22517;39;13741;30774;32509;22643;14301;
30376;481;11612;6055;22023;6353;13729;21205;30399;21787;26026;21318;1547;11935;5926;2041;697;1411;21492;5223;32558;27688;18495;2582;17577;19804;8174;24683;15308;17105;21307;7872;15960;12237;9889;27830;13880;29732;25084;31948;11713;19300;748;1329;13624;11343;28282;15063;16788;15502;26110;713;26758;11427;17216;19902;7607;4128;16349;20974;21841;1558;19436;5924;12224;17873;14306;2325;4794;25538;13747;1008;21372;25277;30010;3894;22103;25957;24539;15052;18284;5092;14183;21071;20660;2527;7231;23207;28995;24744;16061;3551;22989;10678;16335;18739;29289;27987;1253;8555;
28053;405;782;4456;3194;19855;17757;30461;30834;19656;12946;20992;21960;26349;22006;31136;29631;28610;12167;15352;15829;25438;20309;7141;21064;12952;16428;8469;25050;13245;1395;28257;15569;2948;12372;4701;12611;8771;20510;17965;7824;31074;16871;3738;25136;29968;9077;29541;431;28214;27999;16602;13813;8361;30831;1961;15307;18852;29259;20210;3483;2677;1364;11423;27255;25462;14287;14326;20061;23359;17987;2670;16314;9754;32033;17090;5676;25016;21930;15941;7820;14626;23054;31861;16428;1265;5329;24786;1885;15298;3955;18161;14645;18149;9296;7372;21647;3925;10181;30556;
9298;22253;11412;21866;18167;12760;26506;1186;20293;13386;30303;23785;25183;10349;3549;17904;30465;24735;21316;15113;6663;31194;25838;16698;23599;8819;22063;912;19743;14600;8831;2486;10154;22452;23515;15558;4943;8068;6248;11871;7938;22575;25434;22008;22832;14337;13588;14452;10493;26649;13968;11766;19664;6356;21506;14838;8721;14985;25272;10645;6705;11895;24133;27693;235;1019;222;23085;30666;5639;15108;24100;19180;7375;20068;13339;773;1989;4091;13096;22694;13256;5501;21824;27840;20888;20984;29005;27236;4238;26036;23424;30156;24970;9567;24553;3231;26156;7270;19269;
15217;24647;3750;30231;19593;13714;15684;1530;21480;23457;29401;22837;15495;16404;6867;20624;15071;271;26648;27494;18606;2538;20204;27132;3577;26665;22036;27153;23373;27822;827;12726;6475;27949;26262;7264;20836;14817;2500;24124;13280;7037;17912;4546;16165;28006;17753;17293;27702;10271;13225;28778;1146;28676;25125;10671;1215;31804;25261;21454;12670;27113;24101;13097;16480;20385;10779;15144;15106;9506;25002;21385;32501;21313;1438;2040;32522;36;26584;21984;10700;27569;26101;3200;6477;28742;14122;29505;28710;31659;20850;10823;1977;5189;10732;31046;21433;16012;21630;151;
7917;22207;18111;139;1328;13014;16916;11007;20157;8376;10521;13104;4265;5294;17474;4049;14001;7191;14786;9051;23094;26718;15531;16037;2694;1578;14167;12724;27229;5332;29960;24276;18092;4638;3787;999;2712;3618;8098;11774;13510;23432;993;2854;12758;4092;10201;3717;16429;26847;10676;6821;16632;26685;21152;9743;6765;15872;11056;3612;3924;20835;12030;3080;12231;32425;25494;72;18230;23822;22159;2077;27566;8446;18171;4458;4698;28293;32258;24771;19786;12295;6857;15814;5747;17713;21913;14766;19447;7727;32317;17445;16807;5919;14763;602;3014;10182;17127;7252;
26384;15234;13093;29830;25083;17792;5422;32163;11069;25903;18436;8883;10638;12021;29897;30055;16559;27936;7133;5801;26539;27935;32071;3448;29789;11506;24662;32755;16434;31967;32391;691;2609;26983;5546;29278;14904;376;25921;2937;27016;19684;6953;13438;21635;1810;29564;11823;6581;29172;4021;7721;27154;21816;18709;10172;3710;32195;582;1786;26259;20827;15423;25102;17566;19107;29287;17616;19178;29005;509;31382;11842;8843;8375;14924;433;15814;9897;22727;28556;2451;12137;30038;946;25827;22129;21658;27411;6265;4804;23960;19567;23714;30165;27917;7776;26400;20900;29441;
7835;5479;2602;3743;20083;1804;5623;7236;6303;15482;29210;27094;1084;3559;3393;1367;6422;3718;28193;22970;22819;12286;6424;3573;29520;14876;30993;23127;4992;27332;20393;18460;29650;21038;28816;3903;4899;16207;19505;1679;13525;20628;3477;23045;3534;31958;20356;31573;17091;10379;11502;195;7094;6969;12426;26168;4285;26929;26557;25749;5126;9593;7357;21319;15640;28682;31734;18460;14683;13371;10413;26964;9691;11134;1251;9724;13897;30794;12412;18551;19779;27992;928;5982;27092;21778;2146;30858;3647;19785;14239;19054;1016;2854;32041;26538;8436;7011;18213;2270;
29218;29370;9394;30908;28474;25246;14284;20066;7093;17962;32367;8678;14620;31575;14079;28466;28294;31857;25575;6930;2397;11724;12929;20107;15200;13235;18742;7279;31214;25761;16614;9518;25217;11188;19849;11503;18553;28510;23063;22495;20507;20574;7078;201;15065;21742;24530;24040;18643;21566;6754;26617;21407;13858;30249;14227;1605;23303;27945;19643;22158;16428;11263;29876;9087;13327;17531;16916;7456;12069;29582;19229;22914;9421;32361;8777;15103;24711;27363;15655;3012;17249;5915;15718;29325;30131;29791;20527;9392;24844;26957;6073;31069;1644;7992;21271;16932;1204;16078;14420;
3255;25434;24567;13505;12786;30049;12544;1934;22040;26761;6392;27288;15968;21699;22874;15746;8112;24551;29421;26375;19112;18857;20969;24718;22754;29642;1371;8191;16248;14987;1482;21462;27335;12647;20251;9590;18291;6145;20914;30143;23724;7004;32474;18402;23471;14154;29799;20084;18575;19495;2970;20162;8245;15558;20292;20069;8101;10412;7470;16150;4228;5756;30393;7363;16087;8883;17602;12770;31758;1685;4808;30213;21313;2920;1361;15022;21177;15839;3977;6757;3762;30169;11309;24073;16735;1612;7591;19556;11311;10619;31099;6145;7759;32112;737;24386;17520;9382;6323;29357;
9674;24326;14986;21895;29281;12052;26917;11428;1671;24427;26122;3965;18338;31847;5743;28547;15919;5665;3418;2483;4359;24224;264;5739;17889;30797;12172;11132;27417;2216;30392;1152;3760;25402;9024;9582;9875;24778;15133;2923;20000;14036;18224;24547;31974;25399;24616;25049;6828;46;677;31099;5301;5249;28317;10746;22595;13309;5632;21912;22106;1057;24215;2051;29894;31002;15154;15073;4192;24306;24578;18604;29836;772;5700;448;27654;4531;29471;6066;20191;31835;30160;21220;12738;31624;20740;18006;6780;358;25477;30143;23995;12409;9241;8669;2582;10894;1192;12041;
1102;19442;4252;23054;14548;9953;19085;12091;1675;21313;3358;30647;18126;26257;29474;4373;5813;10268;2820;25384;17812;21874;22885;26649;3269;2840;28422;31414;29864;9599;5609;24333;2791;11827;22963;14650;19967;10581;28501;26237;29180;22347;16363;27792;25219;16054;6884;29495;9750;4772;21348;31768;1684;18696;19686;19661;8959;30055;15142;16184;20098;15315;6462;27670;24755;28701;7183;25559;23317;13639;9186;27054;2017;12600;29007;25828;30214;10419;8543;31857;30318;6026;13549;4301;32387;6415;10066;2052;5106;13516;22593;8201;9646;25460;19695;15180;30265;24601;3191;23438;
31519;6558;7038;16116;21955;22640;23314;21339;18781;27761;20184;29676;21060;30517;3687;9456;17001;9841;26095;16869;1828;29360;27166;20945;31796;13896;836;30166;28673;12429;13237;9735;15651;18756;7535;12410;7464;10331;2812;11934;6290;30167;32666;25807;14368;22029;4762;16424;23375;30229;6662;26265;22559;15484;26758;3385;18458;29241;8836;2269;9875;30690;28303;19689;9260;23328;1277;19558;21403;24673;25301;29013;5037;21708;9196;7747;23178;15482;18509;28190;17980;12515;26846;9799;5739;918;8001;3816;29546;31022;9465;9608;9848;12417;28110;24029;10047;2586;16754;25825;
8865;9194;6244;6696;24244;15674;16405;13168;8203;5860;2634;15994;29752;9155;3009;29976;1422;7528;11799;6024;23596;20750;6377;16640;12343;14544;13882;27274;12646;13594;22036;4114;26564;31326;13682;11197;4529;1800;27742;31613;9002;13747;1879;17635;19019;16285;20469;2868;7442;17240;2256;27582;21606;9155;8349;5228;14424;21305;8346;2201;8616;24328;23085;10274;13451;20261;6087;11455;14507;11806;21775;4499;12912;19791;16957;6401;8574;6489;5827;25794;2175;4816;30515;21556;8738;16180;29277;7413;26467;9763;22967;20913;19214;11980;30979;19256;20094;29095;28971;10196;
21419;21092;14960;21721;20580;30241;4547;22141;18136;27103;21875;16874;10075;3383;5385;7570;32615;5449;22641;7107;6625;15350;25178;25467;29854;28495;29150;23421;12070;5452;18278;11172;22200;14274;28872;26744;13198;11407;8371;7423;31585;3607;5453;9942;3376;6133;21018;6271;6718;15338;12576;5629;24666;793;3913;24478;22882;3959;6152;32537;1034;20861;29759;19160;10714;17952;24673;13207;18038;20738;28116;4142;29730;1770;29593;23467;389;31858;29230;6564;5293;27903;28339;21708;32596;19958;2381;27587;10338;8749;21192;8243;11955;8608;9600;7192;10521;2406;1409;24927;
10149;10211;19437;22451;23074;31038;8606;27796;32739;26645;3341;31145;1215;1648;6002;25943;28505;21236;19757;12690;1189;24154;7525;27891;17575;25887;23791;14859;9342;12668;28785;24824;10658;22936;25031;7989;19050;11773;25765;10679;14289;27720;3710;5429;29817;2597;17829;6343;23792;11387;11187;24242;1331;7908;1832;22402;3952;24416;28757;17242;24592;4682;17785;25993;21237;29323;10794;5725;22016;4621;5622;10044;3287;32371;13899;19696;25061;7687;10132;1091;10402;22771;18853;9420;13588;25269;13145;5640;3222;14285;2425;23213;5080;9144;15584;26170;24103;25378;29661;28883;
494;13912;8921;15692;5757;30716;6202;1412;16138;3068;32647;244;26357;15044;8140;14727;4945;19635;22848;8876;28063;31180;9765;9898;27612;431;8944;7733;14783;32711;25002;26174;18236;20420;3222;2063;8268;5708;7188;10134;29168;16877;9157;11265;24691;6231;31472;22156;4848;9160;17444;15255;6165;5319;6175;20988;2086;27669;22511;3231;2117;225;27223;12871;4848;14139;26740;26540;10699;31435;32160;8145;21664;20931;32407;26259;4516;7186;31705;14722;6908;21211;21327;25329;9599;23589;1328;2889;31934;18132;20518;29859;8257;728;22701;5269;17940;27044;24508;75;
26243;10977;19624;24282;13601;29028;3653;21970;11023;21598;5966;9234;1658;26835;31239;24289;25446;1870;26400;1338;20906;6610;5085;23910;3132;1555;19316;20689;13743;2022;12215;14870;15866;4087;27890;22876;21883;31418;25879;25317;4412;13220;5656;23524;9332;6298;16277;14735;21329;12714;2999;30326;756;4345;16220;4627;2750;28412;13684;11938;10954;22251;10666;16691;19386;30579;5704;2045;27575;27564;10580;15093;23731;4170;5375;10911;14321;14615;16193;16676;10952;23201;5309;6566;164;31791;746;8656;3661;1530;23924;31153;25196;16282;13024;1482;24395;4799;21616;26469;
8668;26145;5446;20265;23037;9402;1227;24044;30714;17714;10322;1992;21331;26011;30713;11633;11968;20318;8912;24517;15731;30581;24126;421;3485;20187;17568;15364;31795;30529;1842;30781;5618;12291;30515;21674;2465;3930;10820;18290;3990;23507;15890;25506;27259;6656;32564;29824;25938;8813;30551;25372;29367;21461;9880;6695;20837;13718;27697;23560;23036;7779;25176;16173;23042;13113;12644;17567;8231;21140;7730;15578;7629;16354;22471;28379;16839;9016;18486;13690;28769;12612;27844;1786;15521;3971;31051;6879;18125;18611;19164;8703;25645;25996;28072;17628;29714;32171;14881;23601;
1560;21711;19804;6091;13735;22599;24762;1946;24256;4267;17607;15112;4086;23499;866;27273;23994;741;27935;24436;31452;283;5609;3601;14927;3619;1260;5619;24109;16705;7090;7304;22522;24690;30859;13806;24109;12266;22579;20488;31468;21953;15023;21458;30744;9706;20344;28913;19593;27236;27867;18319;28315;31668;5792;25701;12265;15762;22506;17177;1624;21475;29790;19147;26200;9191;13447;30955;4710;30132;20857;11853;981;18915;17333;21119;20687;14217;31053;16730;13207;26217;14153;14039;5904;31079;10824;11556;19587;32064;27243;24823;20125;12153;30318;28707;13751;12693;27160;18025;
16731;31883;29654;19600;6915;10359;19875;3511;13859;23696;15658;18155;29034;31578;24367;5365;23877;24349;16939;13429;19366;14997;5174;2101;3331;29163;26666;22967;32417;32740;22022;2064;19986;15193;31376;6393;5629;4327;6719;24612;14365;1255;27479;12492;6284;4512;19286;19856;7746;13756;25487;2689;7384;18169;277;21882;2962;23841;9178;6320;11677;26940;2328;11145;3989;19716;13552;17842;32331;1689;16210;10348;23236;17526;26652;29222;28549;30116;13958;20561;11021;10797;10173;880;25508;22484;12494;26990;2131;22275;6086;565;25396;11269;26647;8828;20716;28789;1598;18656;
4469;28919;9891;18743;5665;21286;11201;16929;28891;22477;12166;4319;18608;3417;15357;14185;30607;1678;30506;26810;13645;27002;17974;12143;29676;27303;11212;25232;20765;2197;26050;23726;16643;7015;3580;10542;22074;3293;17037;7140;19224;19586;6432;1764;12339;21543;24983;660;25635;20623;31729;31750;14473;17004;17777;32133;26704;11146;24828;25966;17202;7243;24260;32578;12926;13651;1827;13048;31513;29060;19657;16024;24771;19501;10778;11781;3740;6014;28114;1306;26855;5952;15083;20473;11277;13251;16320;3488;31973;22807;26738;10430;20018;22142;4235;29380;16238;21026;30689;21822;
22726;9476;32446;11620;18533;13109;27965;1516;1269;5192;18935;8995;31075;8199;991;5436;7651;13157;29547;17640;8757;16820;30453;11815;3366;1560;11872;15709;30041;26940;6654;680;14151;28483;8369;12145;19589;16898;16721;4673;10310;11116;29518;1238;15648;5197;31383;119;4115;23356;12986;19588;31943;6090;5452;31569;3861;7680;32651;10548;5577;22025;31554;12765;21158;15403;3821;20454;27563;7420;22814;23211;405;25042;31519;5724;4005;379;5849;19025;30883;26926;25588;4509;25891;29122;8256;6629;22279;13598;24404;17523;5701;22513;32117;23942;23275;7075;14777;24044;
22624;19595;15211;27347;3564;24674;1714;2013;122;22775;9326;12146;16797;16165;355;17754;26578;18946;18585;6027;23557;1626;15618;24895;8278;4700;22110;1098;29724;16786;9564;27819;31018;15639;17154;21089;15954;29700;20302;19840;21288;28715;17182;28803;18696;25352;6477;23780;17755;32500;4895;1514;2325;28828;7135;5571;4482;3250;4038;10450;13891;1506;27167;21322;26772;16136;7849;9468;30672;3488;8765;8045;32566;125;26288;21036;24813;32447;19963;4450;29254;21247;22681;31403;15682;30412;4913;15396;31572;12891;1909;20934;11623;25722;13386;11506;29987;1734;20777;31308;
4972;16926;24773;31181;12332;10071;22254;7444;20307;24625;21941;24573;5916;27786;17873;3957;19345;16338;20033;29325;9041;21183;28467;2509;22929;32066;17445;22730;8545;11449;12618;28154;24112;19046;47;7368;17811;26144;12190;7652;20034;31048;31427;2525;4195;22015;23437;25073;31500;5782;3159;6948;771;8518;19656;24463;11976;5154;28151;31227;9173;11593;27091;8110;6436;864;2499;3205;21234;8768;24713;9539;3011;24555;7020;5161;28326;32197;28310;5063;1722;27137;8379;23569;18417;13657;31227;26037;5396;4354;6666;30636;26375;26847;31118;13071;31055;28149;6856;4397;
8145;9503;11639;2010;10716;19970;10745;18442;30314;13892;10164;19102;7587;19705;29364;8061;21411;2654;9365;13031;26749;32714;17572;32006;2432;9185;13121;20422;10169;12043;25736;14055;10168;7205;11824;7761;16023;8566;11442;12967;8249;13796;942;12318;25296;30311;32139;5008;15266;32703;20063;25036;30988;4194;32270;31025;24007;1721;15797;8571;16746;3979;11337;19932;6704;6330;20091;17743;21500;23597;15839;9513;6298;5901;21326;29168;27976;16692;20617;10865;18805;22754;19742;4365;2760;5810;27280;8020;27236;7629;5042;22485;22379;31838;19284;27187;23232;4166;20001;23932;
26642;9232;3016;13495;16406;22567;15194;16828;18451;11334;3827;6729;31396;15665;19101;25425;21946;2723;17009;26263;27104;22919;1024;9852;28355;1642;12017;25621;241;23601;16619;19329;27873;17159;22709;14970;11060;23450;13467;21801;29242;23175;28692;23871;184;14354;17571;32577;1512;2075;20987;2595;19138;3662;12646;17689;122;25241;22631;22442;22602;14819;3742;30726;18545;9979;31469;21401;8828;26574;3033;26080;24260;4830;16179;12668;16696;14575;3319;3973;15196;20227;31092;2336;12178;29833;4781;28500;31129;27090;23808;9497;24659;19140;29445;20402;21707;25042;23737;24893;
8822;10028;25052;12681;29881;16434;23447;6439;21932;4911;18786;17092;2590;17220;11557;9910;28377;10402;29341;25812;15142;6396;26114;28811;19604;5181;32231;17198;24566;10614;31841;2190;23467;10266;11115;31179;3874;29037;14473;23145;2972;32314;29612;19366;31284;27844;30038;27147;4893;11008;28670;26946;6700;4353;12470;8743;1174;32692;4875;18209;11258;22477;27693;12979;12962;23809;12624;1102;32006;22902;23889;32618;25745;5496;22941;24789;1960;30573;28239;7754;23273;24587;32152;17477;24496;5832;3684;26134;9184;23186;27194;21556;28384;27329;21092;3285;16355;7242;4177;6843;
365;20277;25911;22097;5651;22609;7420;15606;8834;13094;18519;21145;14530;4139;25139;16774;18620;4921;25684;11391;31226;22080;3900;26383;21167;1081;26960;2075;20471;8283;14647;2746;21343;19858;32643;28999;2472;10797;13203;7860;11976;5078;18359;23072;21298;26568;14486;12460;1623;4924;11213;10635;2669;2084;25049;89;30063;27164;32567;22958;25445;1950;28873;9714;7653;29557;28540;9843;23770;21108;26408;18612;1156;12647;17592;19465;1216;30538;28554;25952;15754;18361;29209;21858;3264;27048;5593;9403;26920;1620;30306;31413;11957;21625;20433;16908;6;966;3179;4094;
24880;31886;21892;417;28605;18368;11168;889;23541;13081;18903;14154;1884;1432;22654;27691;27771;22579;13059;23772;13283;26312;17689;10329;6768;27990;17173;14511;3275;25965;16792;3087;7218;14307;28783;5153;12412;14025;31927;8090;6999;29597;24133;529;28885;17857;5189;28175;18727;5420;5408;13669;20392;15712;30116;25538;17181;7324;2911;26500;19258;9042;3659;15567;18281;30683;32177;20188;31432;618;19527;916;14704;30015;6043;9566;31485;9501;28341;7989;30283;17917;27640;16125;10877;24580;9802;29207;31044;4275;15733;12339;13918;27742;1484;2149;20572;5087;5905;1148;
30377;21131;17046;22159;24776;22629;13475;1240;6877;25746;17688;1989;31599;29709;15187;3661;9836;18588;2388;23681;16749;23555;16927;30819;15676;4983;20322;6394;22676;18261;10840;2982;16423;29460;7149;946;28645;8569;18467;2088;14716;26889;2228;29673;5147;3268;23289;15356;6524;5392;25866;28711;21537;29940;22055;10684;17118;3974;9815;23734;13719;12711;31054;16132;26443;21485;10388;14885;31057;14561;14564;6901;13282;15211;16083;29639;12248;24970;30386;25779;19893;1864;5044;15922;7655;13806;2644;12776;7755;31604;23025;1472;28911;22075;6587;32062;28700;2303;19667;27921;
17300;27399;16814;11496;23320;2206;187;23431;29229;10183;3653;10522;288;1325;922;7113;16200;23897;17261;652;6795;5671;19833;2625;18467;7291;30055;10492;21154;18992;242;21406;18740;26705;29001;12713;29733;8588;31668;17234;12963;30947;30075;11736;26052;6309;14084;8725;3275;3485;14907;4435;30375;17033;30774;9312;11452;20430;18970;10469;31462;29545;20792;26867;14523;17705;10876;8415;14353;31515;28936;1872;31937;21062;21532;7062;8618;28569;17465;11837;3832;19746;31622;22498;26022;1921;25970;21062;17473;8091;10651;26529;18671;1171;24047;27705;29873;31222;9232;30258;
21477;11829;13821;18344;4111;5465;9712;7931;20184;23538;21890;24938;599;1616;26645;21476;3728;4086;13427;22042;26682;8012;31155;21465;4294;8596;23389;24727;5020;25375;26830;12620;26792;30657;13277;26755;24597;1922;15038;26800;31576;21398;10535;8388;22385;1936;13490;1791;3181;10962;6275;13829;9776;17992;29738;24629;6769;4694;4554;3382;24582;16654;22395;21970;2914;14503;26606;4616;5212;21034;13904;11612;10546;28783;4464;5490;13005;840;27171;30427;28230;19196;22760;15407;16298;28663;9928;860;8698;17087;23936;32061;22646;14378;8930;27503;17691;30159;25465;12384;
2155;698;4204;9640;20076;28772;29860;11421;27891;4066;25905;11553;14114;1884;20714;30399;10800;23489;29524;14327;22376;17081;11974;32725;12149;20699;20938;32201;4828;22561;19397;29618;19402;2712;5339;3644;21776;13660;19725;5996;4716;10180;22180;14201;24074;6874;28627;14302;3914;11534;3992;31917;24260;17963;2531;10278;19338;30601;16122;7304;26028;11397;23068;20519;8706;16174;25444;10175;6949;17729;10481;19208;25535;10584;17220;10122;19973;25694;14569;5555;19585;27462;1370;21543;20501;9468;1824;19799;18237;31900;6459;23381;8852;25571;23492;32231;666;23011;28625;14042;
29364;18938;10905;152;21876;22276;985;4861;26139;26320;17270;27239;29532;465;12899;17676;14179;23318;21189;2705;28950;5244;25429;20952;8859;4899;12806;31001;6426;30750;489;1076;8644;4463;2125;13637;4116;22322;17706;4985;31060;18712;15040;21537;18788;16407;18555;23045;5303;2144;11546;16123;19358;22418;29712;7096;13001;29485;21034;485;17674;6985;13683;23670;25181;3464;3157;10807;28710;13385;2048;18087;20153;22046;24080;13578;18463;22913;19817;8634;23576;28866;27238;3518;3420;16964;30260;22685;5158;24809;17784;7284;6643;10443;31288;4167;25223;21549;5368;25749;
1586;23729;8483;20015;8529;31947;173;13130;7447;25973;6903;11986;30094;31780;29427;24065;8408;13563;26760;11313;31675;23871;10552;4334;24413;27148;5120;29776;17483;8006;5247;11655;5824;8913;14683;20408;8229;20485;2529;14600;10708;24412;24299;6134;15649;13934;17159;23277;9371;29728;7637;15897;4751;3352;11953;27515;4302;3188;6802;24888;7600;19643;4402;4663;6745;15635;19824;29930;28219;1717;29938;29804;988;9887;6926;30669;730;20360;27371;29610;27436;10265;15587;14848;30122;14682;6956;31809;24016;8555;31160;13224;30911;24180;9561;25546;15748;17886;11817;27503;
8861;31684;20777;22431;29881;32420;9512;27904;2752;7003;3815;23391;31507;23888;16506;20364;13845;20207;18417;22379;10730;7769;28984;19528;21375;31321;32572;14187;24778;15259;79;25836;18515;11800;16846;6345;31219;3797;9985;6710;3291;4557;26434;2356;3801;1067;30562;12901;22743;24253;8776;21791;3237;23718;5339;4031;8184;27219;24867;26176;6322;176;15530;5900;24163;16539;32297;12817;17680;25241;7776;9752;13620;20167;16454;14418;5381;28948;1122;6708;22264;7598;11129;4485;20871;6586;19561;26294;17458;7240;8533;3441;11716;23430;12290;15220;22487;31283;20865;24992;
15258;26967;23823;15181;9170;4658;31289;26593;12319;23666;24132;17057;7553;25769;30923;27847;30746;30461;21418;15828;6710;8738;10779;3623;7304;30341;31519;4047;7094;17866;6944;10654;30489;30329;2260;2174;27838;16372;2404;23304;14000;25261;20430;27475;3449;12437;13192;2826;13286;31192;14950;1474;28683;12743;31165;3466;5511;24597;4809;21955;1289;12871;20044;20530;17683;16742;7032;16467;6142;24567;30223;6384;13119;1069;30665;22515;31720;8796;6390;21625;27762;2993;25700;13095;1977;9505;8835;29889;32072;2719;16327;21240;25303;29330;29262;24452;10002;25990;25283;6515;
8604;7713;23682;27841;25684;9561;18684;20520;12759;32485;31325;30009;15686;31217;2413;16044;5961;31254;19124;28917;27731;19593;7906;20760;30760;23955;8814;9661;21149;25153;124;20103;31135;19036;27908;26018;15479;3739;2609;8091;27724;12056;15623;23925;30186;30209;13641;9465;18626;21136;11418;29517;12081;24637;8418;7624;31749;28210;3571;13573;12605;6911;27245;7734;1040;22671;27614;22203;25137;27738;22062;5620;23634;16349;23099;16723;6631;5447;18368;26293;14892;29814;5755;12530;18025;25633;2703;2738;6516;17239;30759;25475;24696;22312;27228;19241;6390;24738;12633;22325;
12297;20223;7100;1754;9966;25116;24384;6395;24771;20781;29849;2184;32143;18864;27296;8971;26243;23199;29872;28030;28544;8170;14416;19296;12761;16932;7698;7176;1113;7804;10683;16952;13448;10992;7587;18933;25898;27325;27999;8342;13833;1818;17310;4892;6388;24613;8017;1729;30728;10782;19471;8148;4398;27347;14775;19139;10981;27483;30551;23418;1602;29191;21836;14059;12852;22678;29355;15086;9229;21160;14816;22604;14654;30838;4245;4886;1634;27071;16086;23868;6015;7430;20850;32602;1416;12026;31652;981;1318;17974;15346;22567;21175;24362;18518;6263;8088;5209;1436;14701;
25759;14022;3595;1092;15852;19112;2887;6433;13282;15461;26486;27555;5488;25022;6562;28091;18325;6983;4446;23742;11811;10779;1453;25784;4547;3533;11039;3588;10041;32418;5437;10521;7145;22525;18215;11431;19354;1818;14204;14819;891;20991;19322;15134;30307;2736;3431;20637;18013;675;8751;32677;18276;21107;16974;22485;24427;18904;14832;697;10145;7127;13399;29083;13042;6966;22142;7580;7633;6963;27900;3588;19253;18550;12586;6359;29409;3651;27016;4521;25833;23540;26973;23218;9842;24231;13214;3109;19385;820;17681;9662;13143;21602;18866;32410;1731;2394;16726;26444;
9240;22619;22414;12845;21784;25008;29390;5619;30577;18143;16079;7814;31296;16932;13873;8207;21716;21021;28517;24657;23220;19911;12490;27196;4323;29865;4118;16319;26722;20303;8440;24031;503;29690;30460;18182;24365;918;32430;1949;9372;29420;29186;26844;20842;29721;27635;17889;4114;5183;24427;14080;1124;24954;30051;1883;15054;11542;5707;10418;7385;15871;8876;6524;3830;1912;7948;28982;7035;14352;22290;1787;20201;13522;15338;26197;10608;21693;491;1619;18869;28788;16759;30427;13522;6710;7971;30786;24478;4623;16152;12570;23856;19024;1978;30283;22174;4158;30599;22886;
12298;11527;4673;28981;32480;4858;10575;4247;13657;27382;865;24458;10052;5667;10067;2698;19461;30689;20052;31770;25054;7166;16711;21664;22125;3372;9577;5237;6262;28594;31796;11325;14051;13409;23172;26484;28937;30666;6905;25930;7213;25006;3996;5041;583;6326;30405;24756;7685;7780;14140;5642;22547;10058;10142;4843;10650;17274;25858;22562;18439;27453;31965;6756;15885;17416;28195;20192;5613;12715;17839;26135;30965;1996;23013;10478;26694;28564;27030;27649;29403;21928;8739;3387;3271;29787;20710;28580;27582;20002;17357;27001;3287;11336;7496;22658;18320;30178;8038;20640;
4627;29446;12859;6310;23224;20536;10628;26985;6858;30245;3470;8987;1678;2452;27475;27860;32385;10137;28646;29298;9698;12811;21266;13475;17008;16441;21822;8000;18805;2009;21652;23005;15875;21057;15715;1694;17534;20954;22977;25420;3930;27601;17524;167;2342;18959;787;1022;24522;18796;2920;9982;21773;6175;14361;27080;30810;6265;28807;11078;11715;23508;2039;7102;9798;18886;6128;15783;11599;18330;23011;26812;28543;29696;17426;848;7852;19203;28074;26081;5929;17980;32306;7407;27207;19781;11305;32014;29211;2673;3819;15675;21122;30650;18389;2924;2915;14331;18089;20331;
52;4192;11572;4067;6336;5658;5678;11707;24359;25687;17249;27044;16166;28273;30478;26606;19096;16997;31884;9888;10045;20360;9266;6599;2491;1397;13943;25102;25058;24394;8792;20879;7220;12052;27386;13033;7333;15751;6289;1683;22175;4595;12416;10864;9801;30323;30914;8099;20233;3176;2696;25252;17224;1317;30755;2451;6517;21228;2597;7373;21068;26138;22467;23998;21592;19102;15998;28662;16566;14767;32003;6270;1309;29631;30031;1900;20251;30378;23062;24501;17569;25652;19302;28995;9666;11442;9864;22855;15288;20999;3367;31953;14632;22226;26547;4510;28583;11750;26376;10544;
32380;15867;18763;29220;24231;19875;26133;9153;28707;27519;17876;18381;27753;9906;18542;22180;25141;11158;7975;22923;7820;6318;7620;1857;9982;8156;9968;3799;10537;18388;14304;1218;894;25041;22323;9775;19272;1927;27420;26262;29673;13656;15042;31634;31591;21706;7911;23280;16424;19257;9672;24325;25594;24777;11845;1349;24663;5023;15938;31506;12262;11089;6221;27858;12612;8346;21633;19268;9989;11603;170;31508;30966;6302;2986;8877;6821;4965;27;2638;15140;14595;21045;16992;8713;2112;17650;1031;23993;26755;10865;32759;9959;3907;920;3977;7511;22975;17150;31757;
16872;28399;14088;20578;20945;15802;24402;26821;26411;11113;12624;13543;688;1628;4149;24642;25282;4347;31763;21676;19375;14576;15428;19245;9523;20116;2314;24334;4414;20646;30834;22322;24568;8259;12926;6570;1282;12562;12418;32131;29183;2496;3023;28386;31316;10412;8079;6484;9259;8419;496;3167;2750;846;6277;3677;13778;26666;19433;4490;2689;11449;7845;32603;14653;14647;11091;19985;19730;25360;19972;5263;16427;16208;31968;4200;14744;31067;5132;21053;22607;478;6353;1094;12144;10757;14330;32558;22477;32495;893;8484;15017;31071;13150;6959;31168;21940;28113;10433;
6280;10267;23199;26000;19127;259;1482;13729;3077;13777;21876;29605;25907;8661;5885;22921;588;29565;26476;22345;32299;22985;31504;19461;1853;9727;2151;21846;16776;13728;23102;10466;2540;14490;19738;11310;32425;10175;15319;16052;28962;32630;8079;27190;9441;4785;26301;27985;32730;2591;18338;21589;4084;25506;4584;5204;2501;1539;17286;23673;9373;15589;25827;4507;30663;12535;28734;10258;15627;12398;18509;20426;7287;23475;548;9878;25952;2648;1625;25798;22691;31825;19814;14331;26672;11105;15182;16442;4042;20690;24196;25408;11016;29545;5640;27157;27808;4505;25299;7396;
23268;15351;26741;20746;30093;13294;24829;7533;26808;25268;2073;10511;28974;15484;16766;18403;21992;25582;32394;23007;6867;8660;10024;8274;20688;1302;2549;32120;9983;16104;6049;21067;8509;3906;28055;28317;6123;21904;29664;18276;25842;6572;4676;26453;25091;8457;16563;19892;7204;25649;30436;12138;24680;30833;16188;20056;1533;16850;28913;23275;6508;332;21871;5104;19741;4919;15611;6314;21274;29186;18070;8482;1044;20775;24356;4287;30635;25694;15309;5910;29162;10002;21412;21251;18961;14353;7302;11257;11928;7559;3909;21910;27248;1325;14086;12667;3980;21694;20456;858;
10912;7851;14567;11088;25641;20239;15615;23158;12973;9445;30612;30131;580;19321;22545;6868;30039;10268;2256;31710;8872;12316;15674;1186;29842;23283;11055;32403;3475;1215;13224;9941;22023;21746;32410;27286;5942;32075;3614;15777;18321;25861;3280;16176;27705;5198;23412;8450;13249;29690;8672;1198;11829;13689;26390;17207;18011;30470;29872;21216;24632;30754;2433;16194;16598;29249;8057;26523;9029;27075;18633;30569;7904;2853;26696;19768;17105;26745;18709;17336;2776;11027;22910;4370;4424;3462;3361;12412;8786;12751;10833;2572;5253;10191;1724;19657;2710;14335;30538;12040;
605;18015;30536;2294;21793;25007;19141;32113;3349;21218;8252;9500;13346;16592;30068;28594;32743;15403;17317;12186;32511;18356;14044;956;11138;12462;29856;5012;1742;19347;13782;20868;8839;26887;14306;14191;15068;5898;18703;12675;17932;625;29745;11094;7465;3223;3977;29493;8733;26960;13032;26553;1770;22814;22807;9114;6710;21416;12407;7112;15622;13927;24293;25528;26058;19363;15584;3068;21658;15774;19438;20247;23743;18959;27707;143;26485;18897;5508;29252;5103;24797;5939;17407;6300;27254;9164;20814;18857;30115;11143;12688;26823;26082;19007;32332;8750;3099;19594;21447;
23265;19411;4138;16341;13364;8354;17316;4847;26764;6119;18734;18310;25959;4794;16590;29591;18076;25634;32193;30848;5859;8072;27418;25874;31127;11116;9131;15847;8635;27735;16680;8181;14908;7185;9866;29028;9077;8467;18866;5277;10744;31295;16463;20900;6796;4815;5121;27047;22386;4748;8639;2263;21229;32320;2166;2678;4865;15469;27378;17201;8826;21055;2306;17841;4912;27840;29655;21869;30090;2635;25006;31682;26945;22595;25775;29509;11110;6404;2324;23896;17831;9754;7821;30203;17102;25266;12515;14821;3210;12877;29660;13012;22130;18364;9824;24097;14919;24648;12505;24983;
27001;16177;736;645;6125;32090;29717;4882;1022;322;11342;18897;16322;13110;22261;14229;8078;16837;9643;20359;29116;2677;26161;13685;25515;31412;12169;18029;14344;32017;27224;3979;12876;18092;14479;9999;23430;6379;74;7090;1115;19311;7673;28219;10315;12871;445;18765;5686;13411;15381;27523;542;9803;15801;30655;25646;15633;20166;8126;18683;11651;284;23792;30475;19366;8708;11143;3476;15968;28439;31694;133;7029;4699;19901;5578;32693;10670;10954;18380;30579;23912;29185;12600;19256;19004;10839;26114;1209;16991;20284;23977;16391;10732;19311;21180;7430;29320;5654;
15261;25888;31298;9742;16517;14650;20924;12160;21192;23527;11664;24501;18779;27612;1773;2859;9875;8869;12161;488;27439;27542;23708;32270;6809;26371;28050;24752;21609;11700;29025;12516;10027;26771;12179;4377;98;4264;14438;7851;24013;27463;16427;28597;9192;5768;18924;8999;15798;14840;25937;14104;27070;12174;964;6493;22611;14561;10452;9818;32537;5271;31191;2584;17861;2081;28884;14232;28708;12710;13984;27239;26975;13884;26694;26227;21629;8286;19372;27165;1577;667;14196;1679;19382;12939;12833;21072;9056;12295;3195;10773;18901;3225;31540;29659;16628;26418;29643;6194;
13268;20507;20657;9692;23560;10542;171;21398;19489;22086;17783;21558;17269;20980;17842;12534;28447;31348;30201;7696;15431;10975;7503;32139;8100;29857;30910;1108;30270;3374;16961;13712;25465;17393;7906;10289;20559;5253;14368;19143;28637;10536;1171;6553;27937;24941;979;31477;9730;12593;29077;13764;6032;27599;13335;13921;24462;20376;2495;5548;30510;25981;14847;5722;2843;2319;19835;3215;5308;11434;4462;25518;6328;11756;27209;13936;11957;20076;14750;11571;13926;9385;23357;5781;24004;6465;32157;28226;23707;17508;22909;17930;2377;16263;3274;17719;10946;16221;7364;12829;
11224;2563;25437;14834;5050;7547;27617;27360;26554;6747;732;5209;23123;18118;32057;427;27498;15772;31399;17108;24020;7662;10049;30615;9753;20149;16493;20687;13943;10947;24836;15364;19498;10489;22708;27964;8683;21691;4771;15123;11191;10913;20309;270;16337;11631;13776;31789;20746;18248;32766;21951;7744;19230;18002;20602;31525;10861;11950;19403;5697;13097;645;4459;24635;27125;28733;8499;30804;21653;31703;28465;16948;18598;25297;18427;2281;4748;30539;20291;21293;2221;13930;19628;19687;24285;7674;15068;27125;19992;1367;19667;9769;25719;32141;23931;1681;4445;31934;32128;
16380;16881;22724;4961;9913;8658;21784;16840;19362;21510;18418;2071;27226;14387;6834;20803;3282;4113;10623;25829;2066;6431;17966;28302;13878;28309;25189;3931;4534;18330;9472;11722;5611;26040;28339;30668;2255;18317;4593;19228;4613;29635;16909;30670;17177;28738;32160;4395;29960;14755;30762;16572;7939;20200;18172;20389;2672;9579;21845;23093;2098;6421;25547;25018;2858;11472;5868;12442;19453;12095;22822;17567;23064;6060;5092;13203;15858;12098;1018;15885;4241;23164;11587;1162;11344;5853;12680;4799;23263;226;3748;13614;9355;30261;2022;19704;9408;10275;16055;5618;
1996;12880;15997;4858;5605;2473;32703;5260;28526;22427;9865;3472;24182;5506;18;10870;24962;31845;924;24197;21388;7392;23196;23408;21835;13153;13339;10027;23477;3224;26460;17404;1987;3624;10687;7893;11124;14243;23525;14305;8212;12213;12821;14685;20926;12703;15326;28841;9248;28391;3838;23967;5246;14670;6531;19491;15609;2307;24368;11259;7442;13078;9762;6882;19306;25647;22196;21719;29899;13184;4767;32443;19564;25080;18278;32539;20849;6586;16369;22859;3506;16845;31095;16052;12733;14869;16290;19054;12830;4994;21486;6930;18910;6279;9299;16073;1609;14798;21795;9641;
16372;13098;8757;3650;9471;31949;23363;8307;14488;23739;32657;10883;27584;11390;15567;13420;13138;10011;21825;23930;16193;21318;12573;14357;14113;24018;7989;6107;8169;30827;2261;1523;20215;4231;7407;20381;3668;29338;13941;25357;22074;11657;519;28281;16339;19042;9934;30065;5444;11338;30376;20591;8938;11447;27013;19119;11747;18399;26641;21056;13265;28016;10643;28252;22490;18817;10516;28661;8436;6600;30149;4240;27999;25358;25243;29526;16242;6881;22844;15464;18331;6537;21534;12916;20386;26685;17389;7814;27437;16278;25646;24096;4489;19011;17187;23436;1191;32767;238;24689;
10597;11456;2552;30373;13583;30769;20628;19266;21542;355;18912;18428;11872;25279;12780;22193;27631;12864;23327;834;8198;20959;3286;28578;15514;9294;13645;20012;29542;31208;29379;22074;10289;18921;14297;26355;22611;3034;3900;19556;7030;17744;17027;23251;8602;8150;26715;21583;21084;6952;7649;19596;29047;12194;28495;32494;27787;29943;13275;19172;13853;8486;24796;19063;20959;29610;6191;14115;30258;24817;30169;4325;26346;4624;24813;15253;27985;3253;25521;1654;4462;5981;20220;21004;30855;11719;11490;18477;3300;6568;18067;23131;21206;928;16769;31313;3832;4205;6081;16604;
8629;24159;28596;30444;15370;30475;5862;13547;20877;2372;9270;3149;27567;32583;1336;28521;16958;17718;31447;19335;15662;21448;18751;2362;17304;21310;7930;26352;31747;27289;30552;25031;25059;3850;31765;8354;21599;26538;10806;5501;599;6507;15924;18685;22438;3918;11100;1099;20388;4823;8822;19747;20719;18623;27557;26664;30316;26088;6030;21883;27016;12438;19388;31627;12740;8667;11843;29743;7536;15187;13476;12274;10166;25874;23025;25517;32731;26587;50;29788;5570;22418;262;21802;20402;500;12686;3022;19800;13702;23942;20250;23568;29899;32181;29649;96;27066;11656;7098;
14533;11631;9210;23282;23987;14369;13238;18310;17111;3412;5760;10049;32159;30800;2001;12227;29948;27857;29377;3283;7783;24576;14122;8439;3106;11682;18955;13377;12480;23952;13610;1387;31719;23911;14846;28967;13397;640;7115;9136;13089;26659;21775;2213;25667;32247;15389;27927;12375;23229;23304;2017;13214;10046;32450;23607;26182;13698;16773;10882;6635;6211;5234;25451;28765;20129;3193;20790;12196;22552;30328;27474;5953;17582;30375;2094;6839;5489;14131;24910;9546;288;27177;7581;19207;28969;8854;22021;2820;19155;18669;18493;1769;22717;11944;11234;21423;26759;1330;24010;
18344;28879;15365;21909;27072;21343;2575;6532;26114;4004;9819;9359;11102;31075;29677;29361;5801;18343;9454;10119;20197;4094;6409;793;14019;484;31508;6392;5990;30336;25075;32137;26730;10382;30905;23968;22821;10397;29201;13392;32556;24954;19165;4866;19993;16620;8220;12229;15500;22689;7185;11749;14960;2921;16034;21695;23680;6818;1278;10451;24841;10227;13442;6939;29169;32574;19678;17052;18424;15567;25971;21562;4926;9178;31232;19664;19718;14628;27262;384;22201;30208;12872;2632;2606;10109;6783;15062;7976;19934;27565;7582;2592;4170;25256;9513;14405;6341;27834;1968;
19650;27743;28414;30953;17215;5035;7437;13857;7082;10099;8922;6283;29495;5546;9691;8664;11941;12962;24938;14087;6596;27264;25194;32127;8244;9964;9773;3675;879;15629;8341;29701;12809;30644;28026;9734;9271;4567;12620;30492;24975;13634;27898;10637;5134;20873;18706;7612;19551;24385;7209;20218;23386;25455;12413;4766;25804;18241;3289;19800;3958;22524;17593;4802;30296;822;5039;25400;16175;9029;18437;31722;31292;28663;16548;27951;12103;26500;564;27421;15332;17344;10117;3158;26357;20373;12590;27428;19824;12465;30836;23753;3170;31100;18797;13072;19508;5965;26725;15400;
4397;28893;1664;29874;30009;18684;27041;8217;12009;14722;19339;15138;2490;23177;13382;31940;13210;27097;21445;22841;936;1700;7877;15189;7740;21876;13048;26647;6695;8289;18019;16510;2876;18311;9732;21917;5647;5559;1977;754;28924;19821;13149;756;30315;514;18228;12779;11347;4387;7049;29444;25853;20610;2453;27557;23819;17355;6563;2302;31416;28378;23666;993;4705;6187;29659;22227;21573;3986;3763;23139;18313;19756;23539;31674;30335;31893;14614;16756;12327;18523;8131;4782;758;31155;5804;29792;21719;16491;10678;12526;15472;14112;11610;7673;32678;30641;20811;29819;
23395;21491;18009;28435;30870;1703;31637;8861;12924;28841;14006;17670;4639;13930;3003;22110;8988;20895;30674;24623;1448;27451;9081;16142;25045;4507;4067;10863;8210;7937;13213;28350;2801;25668;19057;3499;15918;27590;23691;14533;1772;26789;16602;23114;6465;9782;7865;8253;16117;2991;13007;15802;25479;2083;23347;22151;8561;31412;11988;18667;13485;27396;9241;18883;30328;9708;2756;1746;18006;4721;23836;17241;1110;21235;11339;8935;151;1704;11269;5747;1035;16201;8554;8104;22139;32523;14638;24192;26060;21201;2295;7444;29312;23712;16390;19891;25984;25171;19226;12081;
13080;13456;28561;2945;28483;506;8657;17542;30505;27304;6886;8999;21478;26583;29036;7330;14989;23515;14768;546;19820;24156;28946;20115;658;6334;14510;1717;21391;18145;9019;24431;6779;12299;6706;7783;16442;11298;7731;26831;8189;2335;26278;29826;17420;25791;9374;20303;24516;20091;27906;12436;10971;17851;3566;2319;492;26695;21335;17650;28719;25854;32494;29749;1671;1738;30535;19760;9155;27603;29243;15721;4637;15603;7819;31915;7687;31083;4293;22104;2600;10964;30572;7423;1185;5464;23123;31793;404;14369;26954;7313;7911;12818;7676;20011;30021;24245;13592;11527;
31334;16245;17071;29693;22673;1294;26078;29130;24415;19777;24492;21604;29121;26828;4405;16011;5444;15769;9481;23457;1684;6454;26575;26043;30527;1925;5166;20984;22716;437;5613;5906;22700;2416;2136;16946;29279;1110;29670;19977;14746;27563;3866;28700;17048;9292;1703;20575;19278;4840;4311;24326;2548;16492;20525;15512;17600;8895;18762;26693;5877;23984;28685;10361;1820;4141;4094;25009;21137;437;5101;20366;4674;17423;28886;21543;7348;7485;14344;20900;18759;19884;5254;16905;30906;1709;14254;335;1777;9513;31000;32185;2550;1167;11713;16997;575;32274;31337;4130;
24623;26642;9529;30849;734;10711;10921;12079;5149;14213;6561;1409;26037;2636;31454;17489;13296;26848;18328;22537;29019;5161;13154;765;32713;11323;19793;2558;31387;24968;15456;3883;30271;18004;6931;3851;22775;21610;13915;13273;12508;31502;13242;29471;11042;18738;25255;10631;4253;2029;15668;10477;27524;22824;23534;27832;14966;11931;24837;26731;21690;11512;7853;9335;25547;20325;31939;7508;5652;24368;25012;6351;28408;5054;8859;26022;22549;28357;16041;14674;22474;10427;27082;8228;4342;16783;10885;13203;28675;2454;3876;2773;10532;14024;15894;6572;27610;23084;26001;29059;
28605;18833;20092;6329;15993;20863;5771;27709;24343;17261;21932;16219;18046;13364;12962;11733;12601;32452;10991;21558;19066;24342;4600;25187;17503;14690;2916;15475;17781;24977;1221;7616;20347;30453;29306;29246;872;10296;21460;23052;26287;29586;17015;2889;3521;14143;4355;1577;20435;9777;15604;20296;26594;29954;14279;9278;9973;21292;19295;24179;7075;1148;7590;30773;21204;11972;6007;26631;5580;12241;12988;17980;18789;3996;29651;28869;21147;25284;4663;8520;9294;12604;5212;10610;23108;13633;25306;18829;1390;1680;5838;21845;3436;1493;1917;6919;19282;7270;23355;16572;
16813;9265;8076;3061;5569;3060;11400;18295;11797;2988;22404;15193;6706;32079;14574;27483;10151;11709;2425;3961;18512;14836;23162;31424;11736;19588;11666;25697;15997;20292;12174;18180;18195;25922;6795;19038;3660;16640;862;27398;11574;10973;5683;21636;20741;19409;1651;8619;18963;4189;13804;30506;3109;14274;22316;11357;1008;25458;3885;30313;26076;15044;23096;18823;23047;30443;14339;25760;10637;27433;25373;15131;20743;23872;6027;12531;7249;16938;11444;23820;12177;13065;1658;17863;8564;11873;8618;19412;2747;31109;16278;14151;12023;13903;29952;6894;8848;276;8250;482;
4620;10967;2700;7005;3726;25533;14550;22731;925;27073;12150;12836;14887;4009;11628;1144;3270;12345;8892;16076;12609;24998;26132;20772;15190;32078;28079;4577;15543;20389;3961;3405;9810;1139;3188;29557;20181;9021;27482;6199;17010;12288;26244;14747;16352;17446;28938;103;1698;13234;5932;28397;23179;4798;15857;12840;24706;12071;1549;2311;14467;21127;22024;13833;30950;24675;20381;12042;28388;9382;13409;32605;18519;26190;32165;4122;2753;4710;11164;19129;31632;4916;4033;18912;23968;10163;5747;3194;10242;20292;21474;24329;6652;7584;22575;28477;20560;2833;3791;15813;
16321;5346;11569;25189;14548;16915;29856;22089;22740;24658;19306;14489;3096;3367;28994;16717;1417;24431;21219;22083;20318;17675;16630;30350;22826;26841;3638;28690;10009;13539;22738;4942;1654;17623;786;22904;27505;23736;7998;12495;23584;14290;21180;25389;3267;17395;29816;19163;4428;7384;27273;18858;18463;23526;2833;13887;25110;4123;1124;13231;11208;29251;4205;10060;31755;10607;30542;16574;27575;13219;9543;18517;15021;18127;22489;10141;1560;15872;9771;24627;13299;26328;26796;25816;14284;17212;17402;2244;5319;4940;23299;31036;16613;15256;27754;30055;19846;23440;24364;14430;
31021;10301;643;18818;3716;24367;1290;10002;13472;26039;26402;32509;5253;26710;27797;27124;30701;3700;20858;23748;17733;5717;18009;17379;31993;27978;30607;32072;7153;6180;9203;9344;1884;32750;1721;25855;26028;30428;6295;18100;2273;2430;27687;10464;19979;28729;10637;24359;5642;13560;27993;9448;15257;24863;3759;23242;10891;18369;4261;17047;31827;16402;17132;11598;15818;25631;21939;20339;16941;10172;25800;12202;10085;23486;15872;25476;28556;29035;26330;3737;21420;4655;9567;22487;13258;24465;4172;18713;18467;28516;27251;19707;30645;22594;19807;16109;30721;25142;26423;16775;
6672;12217;20452;20253;26804;29408;14710;14482;31760;723;32708;1649;9818;25985;23379;28729;24032;8594;15226;24057;2121;27805;3011;10269;2846;2460;26771;2440;17801;27549;1806;30691;22364;28858;21557;22068;22868;18762;3921;13746;27296;24409;25493;6360;14237;21078;17663;27832;24036;23308;5247;11410;20870;11220;20315;25509;10134;8456;19922;325;27112;21946;21760;13102;22553;28838;1;14872;14799;15718;17497;27787;9794;26085;5523;23541;25852;24598;27689;20474;19421;25574;13220;3083;15969;32111;25604;4922;12838;3950;19042;24140;23720;23031;17620;14352;28239;22887;30097;13296;
32429;4507;12630;29382;3584;6495;11528;10737;16383;31273;11930;8359;13267;14344;17713;6028;7523;5591;19590;20100;980;27062;16268;7366;18768;5563;7764;20275;24583;30948;27437;16613;20596;27728;783;25098;29922;8367;21818;8435;3630;28664;15898;26984;5582;30554;2414;11839;28946;3444;24489;12589;27050;26824;8856;31963;3945;2669;32070;17724;26441;16645;11037;8735;2990;22511;14925;22528;8687;18110;19826;8996;18706;29929;8305;14565;26071;26051;21666;29514;28665;24750;18485;23258;9392;27020;31950;690;17018;7543;20851;27350;12827;18354;5032;23749;16610;17119;11224;30288;
20527;31346;26871;22187;7730;8293;12134;8645;3061;27438;3863;19925;1181;28654;1265;28469;27117;27883;27510;30324;10763;6208;24227;5287;25223;18131;5911;14847;13465;32648;120;25249;11946;20148;3859;9649;28438;28117;6338;15024;25649;4992;13587;26889;19848;32666;26790;5606;25193;6091;8151;25672;16805;10288;15517;6999;3732;7248;15282;18167;24410;17490;13557;18075;24681;31341;15116;15966;20807;15519;24141;7760;16018;3746;22239;13325;7489;14364;6684;31381;11052;13078;24378;7255;14543;24239;22315;23439;16458;18961;7105;21714;28077;11173;6678;20455;31859;22659;31787;4825;
3660;20525;21967;27466;24352;12412;6339;25098;31312;9690;5147;19689;21823;11186;743;13001;29457;12581;28179;13815;30130;30207;25996;30907;16410;13289;21668;12333;3536;26592;30136;22859;9133;20453;10512;17481;32227;28918;13062;27176;7998;14654;9579;16522;26025;4745;30758;32709;2035;30970;5406;3894;8403;27136;23387;3032;27434;16262;23912;7444;5001;19306;24315;3035;17139;18225;21975;20467;18148;27641;29170;1934;31377;18094;28883;3361;21874;7297;16447;8051;17150;29590;13332;20469;10166;5117;21365;11089;14180;5348;295;20549;165;18955;827;26802;20901;9592;11758;14576;
23082;24939;13773;14693;11988;1684;27933;28246;4515;8836;28793;29180;9145;16994;1725;25819;25697;1503;14371;14415;8529;24171;24748;1896;15404;20138;16834;29175;26955;15905;22299;11753;19389;13622;29408;17108;4748;5463;25871;9168;31554;8569;12830;7048;23980;27332;7393;16017;9438;30092;1965;22522;22903;10884;28862;1060;8487;26670;3542;28115;22382;18582;19239;24966;9126;28480;12659;11012;12355;29535;30578;28984;26458;14919;17012;1086;22624;22053;23111;20926;11061;15598;21595;29561;17504;27541;31268;3105;32413;18817;28352;26222;7573;24638;22490;2670;24044;15219;3534;15645;
18048;1300;5901;7733;7920;12760;29380;22599;12124;20974;30392;5899;11628;23020;17524;14325;31380;30728;6567;26888;6038;18826;32712;10735;29000;1153;7931;25418;27287;27061;14392;2118;18380;4830;2730;30320;24334;28947;10325;1995;12840;3973;32252;2847;21901;28269;4674;5781;18585;2627;16399;26753;8986;25393;28725;19071;15375;6343;5716;10945;11696;28144;29947;24487;23214;18725;27919;18832;22715;1248;23665;18161;25677;9300;20443;11940;16799;16475;3083;17538;12025;16560;12836;23603;19506;13662;849;7749;7027;25720;1963;9084;32573;24587;7261;23145;22958;14417;11525;27454;
12544;7719;7262;3553;32082;2497;8221;1599;939;14749;5144;15075;25148;7605;2221;6599;12773;761;4194;16234;24827;4860;4297;5154;11081;31726;6823;21428;21332;21706;3412;13090;228;4560;2405;6340;26815;7478;30345;6810;8632;26651;8369;14049;19176;1980;12404;31460;26428;13034;689;3093;4656;13244;9078;18268;29145;8577;28704;27311;2601;30456;9412;31971;21871;22724;22734;26562;17949;8218;12008;30813;5582;32189;15390;14756;1415;18732;27199;23859;29501;20505;22918;9839;26776;14878;1401;3026;1783;21676;12562;643;29876;23364;24093;10282;12201;4073;21473;16130;
26867;14293;30978;12336;19957;20587;1190;2131;25248;4205;19159;8796;20722;2415;10281;29856;20925;32139;20636;13355;4778;15703;1475;16983;15741;8724;30758;6302;1179;30760;22502;9901;22729;28111;22687;22201;11318;23053;11410;11286;26300;28647;15108;12294;28515;12754;5601;8399;28455;14700;29349;5904;12539;10090;10876;5460;17165;20433;1448;13800;15692;30314;22052;27370;20776;12143;9607;1187;1688;14475;31274;29207;19042;24066;30605;28633;12695;16427;24055;6436;5724;3367;11613;3880;29168;717;28549;10914;6123;19684;28012;27567;14020;5013;21476;7138;16790;19999;2945;22164;
10020;11725;18358;27515;31258;13606;4412;20351;28310;20323;20403;4040;20710;31782;5772;31516;22932;25448;14630;30056;671;26035;27191;10652;16908;31890;27246;3516;19869;32583;2647;27956;19425;8123;894;28013;5741;13243;27863;16541;29032;7776;20061;31459;23629;28111;6138;15763;24556;291;32679;11471;32178;19112;2772;25431;9259;586;18186;22689;19653;23629;30159;27949;9943;6206;12234;4371;29665;31785;17191;14558;30998;4108;20797;5276;10775;11660;28526;15670;28930;14311;20303;19454;14251;4138;12809;4231;5673;6564;11008;22713;19093;25242;30130;32548;24078;17724;25313;13205;
6912;5336;8436;12775;14502;11086;25499;23324;24526;27332;11954;25773;27869;1946;18536;4637;4882;11936;5792;11476;17679;23431;27543;11819;1685;29590;1479;20420;2959;30878;18188;30236;18514;26672;26374;10595;22307;6925;9406;4235;22265;14558;15244;8863;10117;5158;7992;598;9840;628;17247;14312;20964;1245;29208;15648;29773;21673;30168;4018;15713;10317;6803;15824;27742;17562;18980;8440;28562;11827;18415;15120;7457;3908;20421;27060;26883;9585;7176;25551;15436;19469;5903;13672;20912;30349;15307;11711;15174;12092;27051;29593;30092;28208;12222;13272;11180;23676;21272;7758;
4349;22439;5238;9427;29645;18781;31013;12437;27998;10085;6943;16816;21294;12243;17528;11519;19835;13695;23032;27697;14087;4277;22794;13343;10777;2094;27860;17756;24260;17983;24232;11022;15979;11857;26011;23549;20613;9873;6515;29162;25758;10729;3271;27426;7582;13870;21089;10835;16974;27291;29159;10397;30488;27262;4027;3564;17679;22577;19487;9094;4655;31820;7581;21728;28389;27929;10918;12982;23762;19016;26233;11354;29388;24804;30022;29517;549;19334;7059;15628;8496;25289;15584;22316;16130;4605;11654;16809;9334;25632;23525;17276;1652;23818;5310;11627;3442;29415;26334;16165;
30266;15338;27133;25230;12270;9280;27877;12632;6986;16451;20183;30931;20266;3825;2090;12294;1612;16540;9781;5118;6742;21986;15983;24166;12315;10976;7381;19032;31002;17059;12684;23411;11847;26335;456;6958;10255;28644;8172;16491;14230;18637;28403;30032;9539;1019;13582;12114;30846;5058;16782;19858;27832;31585;10757;29037;14252;3128;25256;17742;1253;821;13816;9671;19073;6800;24482;24801;23348;25528;20131;32688;22928;32141;21167;20010;28803;31439;14548;5433;29985;3286;7003;15118;21923;18052;26863;15801;31152;2937;26369;15350;30684;32645;13162;74;17519;2659;2386;16975;
15719;17316;19793;4684;14272;23273;9429;8969;29170;20565;7364;26082;4028;4418;9058;11545;800;19763;22900;18545;1711;5898;32422;20472;3334;9852;32042;4388;18841;19905;22690;21025;13999;30608;1088;24426;15534;16714;25643;6039;24217;1398;32293;26997;4055;27245;7532;30812;5942;18774;28125;23229;9007;341;21087;9979;29548;2816;31359;17020;15239;24595;31576;9983;8981;2916;28598;4656;1763;29977;25467;21369;24447;16152;3649;11292;28922;17855;8512;30079;10221;6358;11378;454;18362;193;24310;27303;19988;25594;9907;17018;12226;8383;29501;23440;21151;12040;8188;6598;
26854;7868;18827;602;4524;17956;4702;32253;25262;13472;6824;297;16205;15769;12155;3764;8407;12214;30001;18598;13320;3155;4364;840;28625;21295;5657;3709;2391;13924;14682;10581;26943;19101;4387;21472;1577;1923;25541;29504;18554;11384;18794;31746;23391;23944;9536;5807;3855;3228;14810;29341;12368;753;23763;15115;31036;7881;3508;25197;32581;6497;29719;14341;17015;26914;2317;31667;16893;5147;28606;25614;14823;1711;16719;19123;28202;17035;20489;29406;9960;31196;9655;7735;16882;27326;16719;25582;32140;3831;22485;32265;24688;29669;7293;253;25365;20149;21520;12668;
15920;8406;14224;27791;636;173;27167;21988;23990;23179;1565;16489;12524;15836;1425;1306;23544;2721;2506;15382;25160;4896;17990;3065;19680;1497;4818;870;28065;13245;26867;12515;26571;1691;20613;27882;8641;15323;32674;2620;1036;14190;12741;24697;10659;773;31279;25838;25961;19841;5514;17838;16632;32427;32461;15076;22685;13094;19295;615;14499;13474;4735;14735;8149;16977;25571;2376;19262;15775;4511;22628;12083;3870;20809;30774;16788;22463;30811;32604;14670;16968;22488;18140;26404;2306;31539;15731;2992;946;20076;1321;20132;20939;28540;3881;15190;29922;12019;10704;
26236;28514;992;13572;8499;15233;30449;28871;23879;11891;18651;6667;9902;7133;22524;18888;22101;19852;2367;19021;25120;9063;14401;22228;28204;28578;29362;31064;855;25397;765;31403;3842;7821;3627;6339;4117;14977;18692;30548;5444;23943;2168;32421;28817;12584;12606;7324;17426;19377;19131;7194;19445;25132;14629;1679;2497;22158;25320;17349;13534;30258;17737;27648;5208;31878;15433;73;9696;11781;460;32007;13844;8037;10234;31439;19968;32017;4838;20861;6628;26329;13677;29060;11575;13288;5474;26498;18413;13047;23272;15896;246;15041;28446;12792;31239;7863;28162;27711;
156;23540;28559;14086;16446;4723;27689;24627;27137;7808;16443;16021;30034;26220;4895;3377;24047;12421;9534;4310;823;5445;18808;15352;3236;25034;3526;17595;30614;32390;22301;24909;12882;11832;29846;7801;26698;14619;28109;1145;25503;22621;4230;32268;10212;30162;407;13769;10789;5098;21762;23987;18983;29153;29025;5389;28914;16437;17031;24688;30861;31069;32612;26650;16649;12984;1833;28809;5824;31172;6573;16713;19935;4496;28431;28170;14114;9332;29342;13813;20959;15871;9461;27968;24390;8497;26986;9472;15079;20202;17066;1343;7285;20643;17053;3407;9929;7004;12688;11869;
26665;7893;12434;29769;12235;21761;23326;12470;23701;26040;11259;23645;2343;12972;10593;8870;14619;24478;7261;19321;27531;10962;22390;30545;14036;10688;20625;24979;20890;15884;4626;7455;11533;22200;18244;32548;1130;20889;26619;11320;1476;4359;18296;31656;30724;6617;2700;9484;559;19857;18689;27679;30695;5331;24117;16078;20277;3612;11528;31119;9093;5296;23288;17908;27122;13268;18059;18304;15044;23102;15598;2745;21559;25034;13019;27262;14975;16238;1215;24475;6408;28528;541;28315;18690;29142;18477;10206;8477;27423;12234;28139;29329;15664;21131;30214;22370;11409;27439;14086;
13794;26073;5438;14945;7543;30567;12269;905;24734;4947;26690;379;4144;11684;11898;16020;15333;19140;6824;17063;7190;4657;1182;23374;2247;31092;21264;15997;25060;6999;17911;15197;19659;3923;16436;27991;27403;21832;21622;9582;28267;10609;6493;32211;11823;21654;2272;19379;8598;19587;28396;25428;25511;14522;11085;25184;9261;12133;19154;29825;10753;16014;15276;17965;19079;5522;8472;6596;31355;25299;2622;13016;23534;14766;4184;3019;28043;5293;8214;2464;16159;18429;29249;8715;20313;30754;30624;10186;30414;26857;15384;12600;1087;14494;1302;19744;28191;23424;12082;31183;
15696;27506;3852;4717;5422;8179;22906;9869;31950;592;22246;28674;19847;12824;26097;23284;27314;19921;4444;21556;9903;21481;15657;20941;31017;4080;12029;18908;27290;26628;30153;2977;22801;7820;29865;11989;31283;23593;5389;3390;15999;5609;25622;31362;31191;9150;8003;11833;30012;6959;29772;5189;19930;16974;30798;30566;17732;12010;6697;14857;26368;26117;5158;4449;10054;3976;8414;30393;24325;4662;30551;17161;18727;11231;21103;10439;25878;22998;1918;32767;25215;9637;28727;6310;31318;10750;11215;1836;22810;25589;31586;8016;32346;9325;15762;4408;13688;13776;19825;23745;
2989;2564;18593;3860;26445;1178;185;32378;9292;13640;7147;30833;23042;5785;10468;5631;11819;9443;10740;10822;22834;24954;23407;32601;16303;5667;14675;21838;17710;27851;2090;22420;15410;12153;25906;31879;6009;17538;8636;834;16514;15100;28114;948;14157;31604;5660;17655;24418;28900;22789;19932;7700;15839;5913;25547;11783;21007;25265;27594;19440;29665;13011;25051;8348;4735;15700;23179;3124;29695;15423;17096;14015;5081;8827;20979;2536;17823;935;25142;30721;28648;13129;8984;13385;29582;24360;23118;16490;4889;10486;9940;29510;28282;818;31293;23795;26365;21837;15432;
11268;32633;11020;19635;30731;3273;29485;22356;5468;19072;4429;11877;22035;10201;18185;7968;23640;24813;14436;29836;25057;14377;3944;7318;6329;25598;785;9059;2368;1242;17766;30949;4468;14168;7401;13484;26990;5812;11569;19455;20783;17281;13014;28204;19357;17054;13965;31516;2761;18534;31636;18474;29043;17447;11601;10037;19920;16341;4150;25588;12683;26624;14823;11146;2825;20484;5279;4699;25585;18048;12752;11293;26860;19977;12297;27186;7849;3615;14365;13365;26661;20575;21890;28371;16937;24059;11767;25820;22548;20840;23657;18073;21978;12374;29464;13153;6989;25061;26870;359;
13467;21782;30287;14294;15384;27519;9391;28448;2366;31812;5633;2962;20722;834;18164;1581;6921;20621;20643;14257;12555;19485;28020;23034;27191;8644;17728;13199;30919;26979;17589;8569;7285;8030;1017;29521;24125;333;144;19869;14693;8949;11904;1629;21947;20342;9395;12256;14110;2757;26780;17884;1599;18269;7454;12478;22185;9266;6313;4927;3583;18151;9894;5688;20613;9792;30741;9911;5858;22746;1908;23122;20773;15386;29667;28091;15109;1891;6023;4501;17773;8076;23852;31110;14648;16017;6446;24974;30521;17288;27033;32151;31102;16087;24975;1869;31189;3749;1002;24111;
24976;8078;20771;28134;26246;9627;27763;20182;31066;24945;7223;21748;26880;17864;10649;215;24444;4383;25453;1809;7149;12206;18521;25023;3531;31133;7225;8287;13677;8563;27841;27106;28110;26321;18788;25858;912;24928;12917;31446;15681;30728;909;10148;14558;22627;23852;19958;17045;625;20899;16368;2255;15501;22833;29408;20846;927;20844;4375;5203;19348;3042;24056;7972;9227;12289;8270;9804;5457;29748;1763;26435;18832;29263;15182;16399;22083;6957;5900;24587;14829;3479;11986;30183;25099;21608;10274;32496;19783;20463;3357;7057;7662;20117;4760;3354;12452;6336;1137;
16577;2903;29687;19491;3047;14449;24902;17817;32156;25170;6884;22080;26980;17149;5395;31328;3899;15377;1608;15532;1240;11004;14988;19480;17455;19819;13858;9194;825;18948;27498;31252;14583;12632;2053;26561;29621;2835;7482;46;25740;17270;10136;18875;17450;3336;14813;19778;29910;2696;20247;12199;1454;21797;2057;2480;31539;13042;22480;29207;264;4500;25543;28126;26871;6461;6823;15075;6965;27615;18163;10420;23527;25753;8339;29604;2532;27510;8638;22047;15037;12630;8990;17466;22523;26668;815;1422;8615;19306;23785;8519;14864;3258;4510;20600;7880;30959;10789;27314;
13040;26939;21304;212;16053;21666;31003;6692;2075;5550;18046;18335;26874;14437;2725;398;1605;25720;19142;858;3218;14269;691;6561;5591;9439;22712;5769;7282;10837;18631;24661;8045;30096;2770;20022;23551;18041;14457;18275;16470;10010;30181;22635;31635;19355;8692;13002;20247;11889;20886;19131;1277;15570;6775;1870;12263;10092;28894;14522;6142;11094;7381;18676;31028;26439;2698;23169;30413;4358;31221;18824;26653;7969;20923;17195;25235;15074;6482;26391;9462;3711;24166;10074;18415;17297;2428;23158;22472;17863;26070;13235;15219;7644;24726;5561;3278;30918;17190;29533;
17957;12081;27862;12988;26872;24875;20423;18054;511;31265;13577;29085;11884;12554;3072;26847;1648;22754;18700;18239;4352;5466;5992;2075;9433;18382;25171;31690;23234;18551;31086;27252;29969;16354;21606;22822;24688;13472;14802;9509;12769;8512;19807;27011;17920;9850;18730;25329;25992;11693;26221;17876;4889;3980;14686;15003;26169;4883;1108;29775;6040;22721;17964;5483;8856;1537;2027;22255;8204;17641;11684;9648;15936;27686;20125;10738;31291;25399;22701;27960;32320;5850;744;4699;18843;4548;21375;21466;1434;3477;15585;15473;11225;4107;5670;19949;25026;26742;29358;2622;
11605;8556;7429;4814;26405;15037;14602;21009;3491;16297;20817;25438;23967;3409;21445;11517;21516;23916;16786;24705;32004;26939;5698;21847;13324;14527;10789;29088;14744;29225;5111;5436;16850;15762;19901;15143;24727;4332;8432;17673;30402;30777;7645;9480;1198;11771;8780;23009;1526;6123;13152;28983;14975;31725;11966;1067;185;324;5873;25132;9505;20994;32526;24080;19211;28867;22931;29028;21150;5787;11925;10753;24608;11597;32027;5600;26740;14782;19397;8496;26336;19113;11441;6821;8212;16275;14494;21010;5736;31746;17746;1338;4966;23274;23354;3812;27272;30312;11857;3117;
22850;6066;7746;27682;10307;25423;465;7566;29177;5507;16759;20241;12883;25358;1356;30066;970;21014;31275;3126;11682;8033;29200;17522;26477;967;25540;5597;30162;28135;3517;26153;1164;1050;16447;14996;25013;677;4808;10170;32325;18995;2219;29613;22486;12930;26875;7751;12202;30044;19882;17343;13038;17865;11762;3451;30784;26499;26612;9509;30320;23210;3488;24065;22659;28601;30932;2174;21246;22457;27336;9227;24161;1204;15017;25387;31473;28269;22404;13772;25018;3918;8550;19925;18133;11682;24002;20990;4327;17668;19218;13028;10730;9239;6081;22109;19760;4728;16457;3336;
30372;4849;6297;1577;22356;5616;1209;13748;29484;12343;9392;24744;19460;10708;30630;17310;15838;31060;14918;1954;28776;32564;1126;31041;457;5528;27114;13795;20121;18495;8933;17244;31537;18615;32514;17853;8742;29389;10275;18288;19472;30024;30791;18308;5264;29399;26289;581;8337;12103;20551;10256;18893;7417;7992;30309;9107;24212;5601;26430;15560;4343;16626;27295;17197;29042;21708;24175;27615;13365;31278;14470;17700;7944;19985;5895;21860;15421;6352;10992;11126;14819;140;12527;17438;18749;15055;27768;26835;4723;367;22804;27589;4230;20150;1532;25886;27017;9407;20454;
21896;5903;25635;27935;20976;29408;30166;32730;7306;31728;19531;8904;20246;26513;32735;9192;31329;21223;2676;24993;24334;10396;26204;32270;9110;3798;5242;23705;11150;29030;19875;7627;29737;31811;25418;3426;6653;6710;4957;13988;27658;19414;21354;4852;12280;27319;22278;1699;31648;11487;21871;8200;18382;31865;21104;19667;8261;30670;28293;31134;5380;11632;576;20421;20680;26808;2283;1400;30930;8819;7791;29710;14826;27097;5237;26780;9892;22975;25290;25287;19170;28173;30472;13782;6298;19825;10099;16396;4570;23381;19745;11316;21513;9743;18782;29053;26735;1368;31310;1416;
32248;32000;25300;29888;28724;14304;2483;21738;16291;12047;21491;17916;24368;20825;24199;30003;31483;16108;6956;22112;7259;27989;13460;1923;20260;18347;32196;4762;11301;7946;28859;443;27893;32579;84;31073;27888;15314;16749;19716;15228;18705;12105;16876;9105;13739;3891;29766;19576;22610;14180;4728;22482;1461;15655;25266;8413;25260;20027;18117;243;9910;14713;12857;15699;25254;27318;18073;548;8089;24043;2578;3767;27179;19860;27709;30477;7659;8277;3384;7833;1292;23011;31483;20550;8285;4898;22761;6076;11131;15755;9638;16351;12612;13777;4905;6809;17552;27076;9490;
30170;12572;5493;2365;25053;14535;23451;24215;11436;12545;15669;24112;14054;5248;13425;6802;1472;23860;30413;18770;13898;14974;8828;19172;13812;30621;23307;25779;25680;9833;6468;24945;537;25155;12883;2988;4469;16204;23079;13987;2935;14805;9499;18775;3816;14871;19670;32741;27719;36;15471;22290;13070;3102;10197;22056;9271;22183;12911;11009;11775;28056;26879;19553;21738;18678;4812;5769;11783;27682;7680;5640;20085;10063;11087;29909;21542;3385;31961;15771;27619;28949;19538;26964;30864;195;19552;27417;16306;20299;22852;11832;16174;25479;7357;14984;4179;7965;10537;29433;
31771;4529;20462;8815;9390;3160;14104;19153;26664;2383;29252;27228;24732;15341;8892;11070;9561;23766;25315;12640;12652;1650;212;31363;4966;13725;19526;1166;19039;17056;31667;11814;29754;26208;27833;1408;12587;8150;17344;31091;24695;3519;11997;8402;6779;4245;20470;3064;3056;18621;4647;21668;5741;17666;28261;24584;23085;30018;25441;1820;3347;13671;9391;6456;17131;1177;17704;27874;2803;15539;24717;29413;1690;24051;2157;32675;23943;17141;30792;16043;13021;20706;21748;1166;32702;30693;31552;29423;30478;6110;8664;8922;22137;7515;21096;18775;18615;27332;32260;2622;
15630;25045;12488;27980;22553;8529;10427;10615;25033;19189;21497;14975;21673;26027;31250;29894;29286;12289;5293;2913;398;30425;7025;15471;6296;17506;18213;6057;6693;31559;4117;4923;18053;12838;27576;25299;1661;25411;3473;17655;21319;17534;12115;15003;24539;23426;9288;23795;26477;8768;15347;17798;17719;20380;14325;15492;14712;6245;22829;8537;32701;31883;18467;16770;6751;29836;23719;4511;30541;4912;2229;31946;21003;28534;27292;15912;30459;27342;19039;30909;19420;10120;1628;389;16784;17293;13099;4032;4898;11085;29385;18317;30215;6392;18166;21178;8100;5105;25307;31707;
17425;1152;16368;32665;29213;12231;31261;2125;28818;12279;14112;1998;186;15555;7470;25478;10785;22549;7389;9932;29597;13056;4673;12142;11660;24311;341;2188;12637;7996;29085;26541;14930;28314;11530;12;15235;3415;26142;8243;22311;11109;2384;19915;23311;728;15794;21427;26227;30365;22737;30287;7409;2408;18909;16931;2771;16622;16394;10400;7825;18773;4149;24381;23446;27880;7627;13514;10823;13328;19175;20737;26946;16767;13242;4703;9187;16047;14640;32306;4621;27787;7888;30450;17703;11372;16357;11476;9828;5446;8155;31901;10824;26916;23019;12468;23912;32465;13307;22652;
11889;29656;22719;10720;6507;15023;32037;8496;6207;22832;29936;21291;31863;27464;31394;9565;5702;15859;11936;24747;19656;5736;4497;21036;2954;31120;32263;28218;10573;1981;25953;10697;11271;16537;21488;32248;3627;17245;88;18918;26922;24387;27193;1735;10554;2109;19471;567;11862;999;25687;4813;32390;25274;23028;31476;28000;6531;16336;28150;23759;20244;31686;27482;31507;12858;5312;25712;8713;27631;11292;24618;15277;464;9813;4397;20445;15569;18143;4648;8032;26671;17234;15461;28710;31910;4555;19614;28369;3045;30351;18961;18805;63;5362;25558;26524;1187;1912;14449;
25486;10446;17209;15268;10447;5567;19082;11911;23528;26219;29401;24026;28522;30899;16857;6809;2609;19091;9696;8401;8934;14236;3469;24755;29895;10916;8877;24038;12715;6076;11359;6434;5440;21090;23671;14331;15768;5112;3105;24314;27876;18037;11207;29170;6271;26459;27188;11921;26926;5865;22265;21814;4262;10129;1039;21506;6222;16812;27327;10290;3399;28525;6079;27052;11690;9491;25246;13527;31504;6499;13409;26288;22104;598;8559;24347;2212;2575;23210;15734;23973;4111;14815;19316;13081;2732;28000;2601;8593;7359;1775;5473;8824;13214;29150;20790;22353;16714;5237;5602;
22080;26345;8340;19921;8140;9078;22425;14843;8675;23223;17796;20592;27678;18543;14170;26932;31047;13270;28871;11598;12825;30534;25862;31772;3398;12343;30470;15081;28863;11117;1221;17089;14383;24944;16896;24708;1224;5949;9743;6970;14915;30523;28939;13478;19746;13936;3121;6174;17977;6645;18827;11162;8044;28839;18125;14090;23994;21792;30589;21997;3195;19430;6742;10015;32229;4577;7663;12018;29909;12051;14488;8065;7117;8579;14212;31553;27960;13434;18734;17881;28918;22514;18165;14132;29460;3148;16905;9428;6107;13889;22411;5481;28941;28443;4080;12962;30827;9509;19879;3395;
4986;8288;3835;26488;1159;16247;1850;31080;27881;245;21271;25614;17542;11446;19533;17988;27289;12699;16517;10273;13234;2946;3962;12421;6398;17782;29787;22770;27848;27682;32369;5022;14400;1164;32001;6086;9851;23296;25204;18500;8380;15945;25269;26724;32754;31528;20699;4852;30593;11262;8;10138;7493;12492;11152;8811;13012;25437;10846;4536;5124;23490;29076;7723;28334;22783;10866;22803;10161;8708;24441;17661;4409;29407;1232;19588;22081;18991;24550;7018;16214;10972;4697;3559;13470;9733;19479;10816;8474;16698;26819;22684;6952;3308;31834;19732;30284;32545;4886;22537;
8751;26220;10386;4282;31464;2333;6704;3605;28283;17589;6328;8654;7071;16797;23873;18863;19909;3863;9557;19247;31317;15220;14928;11589;9019;15496;2057;1150;17058;15451;1716;17742;9215;7713;31751;4259;20050;20332;22428;11968;25513;14753;11927;11337;6629;26536;6792;19866;12480;13288;32659;19549;2319;4723;32206;4956;16709;19325;4586;27795;31545;14867;10518;21898;12073;25354;11296;28130;12286;30773;17885;13357;17617;7131;26828;1283;31663;30823;22518;4178;6553;98;14104;14581;19407;27295;26116;4744;32335;16053;11077;29051;31640;1458;29186;16742;14771;29454;7973;5532;
30836;6622;16827;10243;5374;586;8862;14883;13957;13121;30546;3196;14424;1132;15406;24605;29982;19552;31164;13938;22367;16151;31074;17246;21319;4257;11585;17801;11687;12311;20317;14588;13373;11985;31742;6123;19253;10200;19287;7633;29679;15262;11878;16579;12547;29677;4891;21757;27523;9246;5052;3778;15744;6539;13704;22115;17871;12359;31387;8861;26892;8204;19217;19751;9184;5492;31086;5516;21120;27500;26174;17975;4470;6374;1784;12236;7076;9935;21544;28351;18822;16961;25293;12063;5559;16121;11520;25266;19127;7691;19927;7495;15851;27860;13449;2888;15333;4145;4819;13967;
2534;20462;2714;3450;8353;13954;24273;24642;1090;6393;11165;18568;23983;23345;27063;12081;14606;17481;16659;25716;3463;30551;28351;32305;29259;25689;16909;28805;9429;17775;29940;5275;17520;31815;25524;4549;26361;25560;26553;23755;27366;27219;22978;16771;10887;1878;32578;10913;29836;25187;26374;7121;28104;15762;31001;4611;16436;30850;15845;15878;15159;16277;8346;19801;18724;15197;12500;13630;24069;21585;10104;13327;17303;24261;13022;31957;26261;17177;20022;16663;2361;30256;10276;3312;32513;22051;23726;10596;21935;16183;1624;30964;3987;27917;27277;624;21260;31769;17729;7693;
13133;8021;30677;30904;30301;24119;7995;25001;31841;28384;21850;5690;11294;150;8628;32762;2234;2676;23878;6397;21698;29280;3503;27255;26226;8254;31637;22921;4400;20835;2117;13915;18521;16461;1689;16747;24384;29841;6943;6949;2676;20244;26487;20915;1602;9854;1277;278;1659;2028;4777;14710;21368;28646;23091;8118;14426;3984;20602;31820;9878;29220;29990;11344;12978;5791;21900;10450;20041;20923;14035;6257;25429;3102;11093;7977;13486;12497;5960;24685;10189;24563;26782;26486;23510;14767;1577;27098;12758;21867;14851;6240;10824;14658;6957;29203;15327;26037;14966;19861;
1919;18845;5791;3254;3468;12900;7100;11845;18536;3189;12765;12839;20535;2033;7918;933;27622;30116;16348;24074;13163;28727;23802;24430;10062;9639;7586;15821;24936;21750;24351;21084;17131;21536;29386;28444;17314;12880;1908;12975;18042;19028;16900;20075;5954;22862;18785;29357;30127;28077;18835;21871;20899;16988;12837;1821;7342;23097;13261;2469;21718;28617;16719;24014;11411;3370;6046;31434;29726;24649;4420;25614;10219;8021;18693;20833;18548;4467;20415;7475;24377;4019;31125;27953;21765;4674;1612;18710;32114;7650;10485;5060;31663;9624;13005;6803;25729;13476;25953;12009;
16776;29878;12278;32267;22980;25695;23591;6962;25432;20934;28112;28642;653;28060;14891;1655;14873;2642;31289;25345;12450;23433;23652;24145;28542;18890;22882;14164;32445;11895;20572;20128;617;3073;11856;16461;15628;5724;9396;20486;7027;8112;13148;23391;11698;15698;2461;18025;12648;14578;691;5765;4420;8726;16736;12149;32200;5063;11990;26297;845;649;24791;24856;16712;9873;11035;28285;9931;22067;24562;22532;22607;25754;1066;21589;8880;22715;31283;5681;8057;4235;26753;10570;28258;9328;24370;4440;10263;7926;241;24425;28219;23748;13082;12664;15533;10446;6430;20546;
24586;26828;24362;24405;13683;28138;6147;21354;6032;15809;12853;8948;7380;26502;18540;25849;2819;14721;20770;21025;9202;27329;29050;23565;12175;3343;30572;20201;26400;23328;16163;12613;9680;14095;1955;22048;615;27914;31407;21830;13913;3659;27626;24029;30210;30793;4924;5946;7728;23600;18039;1017;23266;23183;30267;6988;11087;1873;29207;3219;26410;27119;14320;24877;10533;19940;21159;28814;17076;30560;3062;23186;7443;4160;30107;31761;11146;24894;3513;4532;21232;11109;635;32007;27246;13769;22778;24527;14725;25460;31585;413;5970;26019;29263;13219;3857;24115;19836;9927;
11745;1622;32672;26614;24006;11658;12688;30395;29172;9420;20650;10768;18507;27144;23668;22388;9246;10197;14208;28733;9784;23903;32659;2352;1569;17060;12549;79;28829;15588;6507;13554;12150;30546;23924;1561;32379;29712;5649;2817;12745;10586;18649;14837;4425;32514;16299;29031;3450;16412;917;5951;12657;21754;32500;17011;30238;22875;2781;8920;23248;25311;27580;6968;26363;3006;315;16804;31034;5562;11622;14859;1936;14674;14092;7948;13555;30009;11112;27913;24587;29190;768;9085;3895;20013;3534;4239;24017;26158;27294;31463;20147;27916;3511;7616;10233;26881;6845;11070;
15369;26736;5590;18690;17361;795;12300;15101;11856;31638;13043;12417;2392;5372;20363;26526;26514;28896;21607;6827;26562;2438;3855;27683;16716;7251;23716;17587;31224;6275;11714;22416;10482;26138;426;16654;27413;6429;7329;29551;27752;25857;32147;26104;10985;25700;22268;14923;22154;2299;3849;19440;29306;18380;2810;24117;7077;21917;18890;23608;6270;1964;4626;24386;5628;11424;14123;28502;13794;29120;14738;12810;21060;10339;18065;31638;6727;32679;23324;30251;27688;1638;3578;21382;4224;2406;17701;15556;15046;8656;23154;29816;29461;2020;29556;24315;19759;32234;4254;25859;
4291;26476;6057;25719;14059;24738;23861;9090;24825;27182;29107;31207;11379;32010;13698;9364;2140;6846;30808;30585;28597;11734;10212;24986;11588;20115;20914;30563;3220;16353;31822;30524;7229;14473;7084;31838;25957;19624;9415;21477;15495;2912;1161;10278;3956;9421;32235;30274;21655;11322;13149;508;32636;19093;24424;15303;7828;29985;146;19747;1586;31851;31874;16170;11482;1919;32356;28518;7355;20315;5263;18150;7802;11940;20837;26513;305;22936;29563;17338;9144;21060;22779;21492;8995;27895;16966;24359;21131;30966;10205;2275;24594;24945;10113;6645;19233;23222;19609;14136;
4084;28581;14293;31406;11353;868;27153;8911;25012;6996;13948;19489;22599;1347;8185;26889;1968;11747;9669;27617;2227;15226;17242;22346;13370;16604;10132;10436;13210;7319;26387;20860;26136;22637;11744;12644;16300;7431;13395;18569;1285;3559;31540;4770;2252;8607;4896;16612;20013;19008;29486;17950;13460;534;8915;26881;4276;4242;15107;20671;22222;7048;665;16345;14896;22683;10745;28977;26108;29429;27124;19303;13098;31035;2540;24162;32720;26559;4408;24365;2977;8952;10185;5637;32180;30256;27150;29360;30600;27261;13334;15120;22852;2546;10229;2039;6979;25366;29544;1085;
24783;24725;6332;8720;10285;18742;16107;14988;15323;31757;19721;19339;18709;15602;21726;18367;16285;9522;4309;11518;24252;3204;30997;21724;4996;32318;13293;13183;3161;3784;25973;30895;9648;9553;8818;18221;5141;3522;2683;30278;28531;26352;19802;4519;912;16662;8117;2931;2519;130;25326;21651;12378;22670;1095;20302;4631;29394;22346;20505;1146;5784;28520;8368;24100;25744;15584;14693;6891;31430;28898;9400;290;5328;27892;16681;11290;31820;16790;21834;8168;23946;33;10776;19049;21637;25589;8075;5508;17944;5843;28524;28335;22894;5256;4711;26549;9659;29132;31585;
21686;26665;2665;7436;2927;22038;23200;28088;10171;24444;1992;23916;31066;30128;23608;29237;32498;10832;14951;32446;4691;14966;19282;10017;10751;23090;27678;10237;21482;21560;7935;5065;19838;20949;856;31335;23778;24360;6436;12028;20348;32654;21396;8192;16821;26206;16121;30097;5116;10199;15845;27149;12557;30294;8589;4319;2419;16332;8562;32665;26699;16240;30273;3396;1356;22449;7159;7155;30724;18543;32584;8351;28772;5482;6722;23854;22655;12539;17454;213;17295;16130;14519;8864;20025;1055;6734;19023;21522;21797;29644;31588;7777;6859;32089;30330;28711;15781;10381;9432;
4956;3667;14294;25158;19324;32249;25882;6432;20802;15087;23453;25768;15283;1465;2340;11680;31327;21049;2651;29977;17636;2339;13940;16774;9139;32178;3601;25108;30231;27545;4452;31806;6515;4413;16788;6043;5579;14881;20835;7163;29573;19873;18703;30131;7793;13796;8565;21557;31240;13068;6780;14052;2801;28335;20657;15398;22986;25483;22063;26298;29476;28021;21186;19788;10447;5523;28492;26694;30809;28363;4199;29162;15057;5755;9291;3230;464;11627;2035;9094;17851;23808;18299;14680;18754;15538;15821;6508;22060;11199;22396;7955;14167;29473;31984;1834;5114;17342;26564;32751;
4142;25824;26476;27411;22189;9956;22811;1552;28633;28214;22243;27836;2560;27261;25119;10782;5854;19986;3342;19329;25187;6583;26560;10696;1719;20614;13366;23809;24956;10279;9669;3645;28243;2374;12219;7070;10913;29764;10053;17073;26259;7725;15504;17662;10079;23019;3887;15070;32461;8633;25021;2189;31735;21722;12483;10624;6476;32138;12507;17913;19419;13109;30742;18136;6095;27879;22172;23476;20021;22532;8850;10026;22534;1849;31553;1397;12897;3506;18292;8511;24;23181;29473;19127;21614;26767;12364;17636;6943;5654;16169;32057;16801;14671;385;24937;1450;17577;23894;18301;
3314;3978;13002;7203;10810;5952;26941;19273;29581;19514;22454;5866;3526;16248;3204;20520;20818;17472;14373;9884;11319;23059;16230;490;25941;29407;14540;6552;9452;26998;22835;16160;26207;15423;5045;3651;14136;24619;28877;30625;26475;16363;24764;22919;3807;15201;3372;6920;3114;15188;28180;32079;24733;11623;9691;5939;3456;31820;26816;12044;22174;22581;29561;26309;3589;25483;21786;28211;19719;6115;4153;12197;16004;30510;22352;10941;24172;23855;26722;29054;21119;1331;19426;31653;16471;6140;31440;17469;17577;22014;12325;25966;28616;12750;26993;9878;27498;28375;23235;12443;
11695;6223;22985;23679;23903;25705;1080;20532;19315;22476;9582;23986;9688;15685;8023;22600;18287;17848;23181;21551;18776;25693;451;1125;14704;15144;3171;10936;6680;11145;23670;20001;3897;24406;29637;11092;23685;24070;1085;5013;6399;543;24472;11725;15293;25329;2618;19933;26092;1669;30041;22066;3606;28625;9313;22426;28832;23853;16791;25430;27031;19211;26108;17264;7084;3810;6260;3407;2172;7787;18471;17032;32277;22288;17960;29687;32182;22946;597;6927;32727;20042;3966;7534;14697;9410;13001;11956;18015;9412;596;1174;23917;25283;22301;4398;28944;27866;5663;14229;
25038;17410;5310;11956;9663;30087;7269;1623;2380;26813;20846;643;27959;13551;322;16650;9692;5016;7105;23900;24502;17109;23524;1696;11556;27675;25504;15364;8557;25381;20238;9041;7426;20785;714;11714;12036;8300;14745;32534;12294;15275;5454;19172;31252;30299;14062;7215;25076;12475;8722;15162;21931;3145;28557;9629;17476;17529;4943;19609;13004;32685;14729;3497;8865;11362;32530;6489;11501;16039;2314;15451;30573;25044;16317;16088;26231;29304;12489;19972;12347;21651;23684;9205;13641;31238;29336;25013;16979;11591;16880;20374;7988;29785;24536;30661;3890;8188;19039;20258;
9856;23329;2560;24655;6407;20128;5762;11527;26215;11565;797;14770;1848;15241;13790;30518;32661;10485;11853;32527;31451;19436;8012;21922;21678;5905;24642;9934;13117;23143;31097;12485;5831;9408;20421;20762;607;22904;13159;26651;8684;20066;22064;1632;4467;1539;27882;6308;10649;23038;32755;1492;30051;10704;12075;29542;13633;25021;27920;9196;4939;28170;29992;9193;27850;28269;416;14563;21754;15810;1074;18105;13582;8703;26188;7991;11637;14442;5230;28648;7260;29194;22739;16939;28020;13403;18773;16777;5877;29254;19595;15430;26595;20815;31284;4662;2960;12049;23256;1490;
26210;6887;19116;9099;12246;6125;951;13151;28101;15143;4915;26793;13542;31231;15926;17469;21141;15605;6545;23732;17362;2706;22776;261;7565;24221;6500;26966;18977;402;10934;27153;16414;29776;7325;23865;5707;17426;4793;13823;6379;23200;9217;29328;17472;7879;18786;24626;18510;30982;8104;25999;31201;4234;162;18256;21713;21597;14209;6894;29573;9434;21634;23493;8118;12644;25549;22123;24693;24151;2972;24127;10608;18239;21919;325;3953;12616;10144;11825;9767;502;12131;193;27433;3606;17872;10320;25144;21749;3411;7337;18116;31695;20356;5401;30386;7562;24067;30152;
31325;17060;31398;10056;19931;5483;2775;3183;20353;9836;6711;2658;30633;21805;28808;22259;15794;12575;16073;301;20041;26318;10146;26668;30439;3419;9987;5171;27291;26668;7433;9720;17418;28898;33;20546;26804;15755;31343;4022;12665;5913;30321;5358;31835;21524;24287;5324;2949;19339;5590;29454;21901;29776;26422;31522;10998;1125;31305;6971;21753;9393;1701;21924;4484;3319;20563;23637;4228;7177;12080;2756;22112;16441;9620;12797;10181;17425;18994;27381;25257;21316;2367;25371;26762;19427;215;22321;32247;12244;31900;12378;17234;19073;21664;30580;10964;24269;13189;4775;
4049;29004;2018;318;21310;691;9449;2486;8560;20109;22087;3605;17702;25136;27468;31358;11210;8176;32076;513;32500;658;30021;7607;30512;13572;5313;527;19457;21067;1534;32355;25894;25020;14157;31439;12571;25455;1464;2114;17635;241;31463;14037;10501;13881;8773;9820;30677;1757;14686;1339;12532;4998;16267;29052;26138;9122;10450;28702;9491;30552;14344;28335;17160;30145;17464;797;27904;2901;27977;24009;8614;19619;986;8669;30797;12614;10353;6112;22833;31508;26069;28295;2816;7576;19128;32206;14745;14787;18073;16456;23059;478;19945;30387;4097;6595;2413;10704;
30708;18253;5347;32370;31554;1805;4328;4052;4358;22846;3097;17455;4200;23291;1913;20364;30751;32688;6675;22743;20276;32463;30688;30006;776;18884;24554;28057;26264;7722;13746;657;14080;2111;18895;8805;18750;27029;5593;17763;17721;22539;28549;25716;4610;26876;30481;15859;22361;15542;17635;23743;14451;24110;6765;5519;11258;19186;6739;28294;5462;14174;19408;9480;811;25363;27990;17867;14114;4517;23156;2865;23277;31636;2301;30165;1669;19326;24935;21347;31670;31634;30321;10158;15070;10056;24584;11260;21746;9551;15724;22692;7873;32199;8847;11484;10621;4273;29886;10444;
9335;164;31362;11751;3114;13761;8905;14714;19067;3305;18241;11653;11327;1837;28165;7115;20478;3461;20091;18213;29174;7365;7548;20251;14691;28110;25782;14773;27390;28161;26959;20367;9412;7162;26059;32300;1784;7290;6960;13452;28267;7076;32104;28161;9211;20077;32486;24382;9562;10318;16269;31153;27409;6459;8909;14611;20420;26585;4367;28477;31927;31724;26707;573;32657;11534;24599;20649;28000;27047;25723;12339;14046;18969;11428;14974;4595;25659;4190;23600;7290;29449;24837;23113;7240;9882;18853;16819;106;12370;31328;29977;1967;24408;8976;19709;12391;24906;302;32261;
21865;31536;1267;14742;7259;20143;20924;15524;6445;32640;7603;16585;19175;19744;13484;916;21925;29896;8781;22563;7647;28575;18290;30452;10478;24879;24271;32760;26316;18965;13528;25321;18716;21245;5853;8670;19306;17358;15738;8733;20659;31522;13870;32560;31272;31225;4170;5179;23343;22446;20749;12172;11947;12842;29453;9332;29053;28247;29912;12117;1611;23767;15068;24573;18047;5879;18564;32306;9363;10206;5284;7310;17293;22027;32023;19854;10181;8446;7591;12005;25838;18228;3628;16150;27988;26713;19448;12609;26211;6074;21107;13117;9833;29433;9987;23016;16285;4356;23599;10171;
15455;23879;20483;24994;28865;13089;10678;9738;1351;19861;23178;31291;7915;24387;9716;16872;18532;26262;29949;21764;168;4670;30952;10200;4784;18913;24853;14675;6779;12045;10277;15265;23381;10866;15455;11007;19289;22862;1874;18125;30773;28456;6332;8420;10541;24513;30891;14123;25187;25928;25826;19301;11605;14029;32126;27981;19111;760;9434;27365;12579;763;5807;6923;32254;14789;31360;13901;14940;13176;30005;12798;6679;22814;32262;20873;6076;11416;31386;25094;4567;214;26224;21515;19825;590;2431;10181;470;9126;537;24391;20892;17076;9749;27425;21728;6569;32557;17717;
6355;20617;26277;11718;14454;17119;1070;16082;29345;19886;13321;18850;24906;14762;6255;12959;13828;5544;23089;16231;8134;5460;23708;2848;15854;18466;26783;5389;17541;15495;4912;7518;13765;25448;25323;17485;21720;18387;30972;8038;13795;28397;16704;14630;3907;29739;28071;11976;12311;13765;16605;24668;16382;9576;27689;26393;11298;4396;1173;17908;25973;30917;21327;2162;21562;17149;1359;17338;9416;26466;32314;11758;20874;24635;21126;16315;3659;30913;11488;5167;30896;19340;8906;31435;12806;1356;15497;28634;17982;16313;13374;28417;1078;2253;12371;21526;11067;27184;32024;15925;
4555;1268;2478;10513;10655;5506;11301;12425;1257;29652;28897;12924;16602;25573;31042;17117;31079;19046;11652;9738;10829;6579;17891;17753;8530;2821;28419;20980;26062;30697;3472;2536;14699;26609;25889;21368;5673;9897;9827;8887;19877;30156;10355;23894;11674;12216;20875;12474;19880;28192;29409;3665;27220;2305;7116;16935;29009;471;10281;22452;8958;12048;3581;16633;27951;15297;11868;29643;25392;20376;11657;29038;30471;29458;5726;27749;22522;1005;19694;137;6737;19937;5226;12633;3165;7051;11329;8849;23737;21418;18571;16126;30160;30349;27048;16784;12959;4044;22308;21681;
20669;28727;16862;15317;17304;17420;20842;15186;19713;22893;8371;12915;32491;11024;28133;7111;2671;825;394;26559;20;19173;4339;25976;25934;22856;8153;11734;17220;22394;9540;17618;4822;3182;30636;25877;10719;9507;17502;10693;3511;19742;5666;2719;20221;11031;12059;24134;21139;5619;14830;22234;11241;5618;5671;11469;27775;1578;17368;27634;3237;27188;12930;5847;20870;19493;30521;5205;21604;14015;11780;7013;3877;8169;2691;4405;4623;22365;23508;3452;18128;19873;1974;30986;25793;18232;16623;31395;31339;20505;31980;9741;12363;864;27816;8552;10450;31556;31951;13502;
8624;32073;8482;30683;14930;14006;28445;4703;937;7498;19415;16913;15662;18475;12587;7030;25379;21791;19989;14499;29211;11774;1630;19023;956;17000;5500;16172;10436;2483;22708;30072;9290;24871;1153;10958;27719;6766;18745;7747;4948;20038;10990;6318;32693;18297;4242;20295;5015;6671;20063;21620;10902;15042;12150;2783;4226;10930;17095;20172;21859;2906;28464;18858;8890;11971;4841;9191;30218;30711;12831;2313;25751;8121;30943;12795;19566;12659;5174;27044;5797;21616;9879;16318;28388;13643;23420;24038;5157;9128;24144;13039;9911;14369;14477;26748;6025;5764;23330;22222;
7333;8251;22295;27354;20219;11019;2419;12959;21856;4098;15966;950;16598;9898;3971;28715;32270;131;440;32139;43;30896;9697;21054;2249;27633;16657;19735;12606;11473;16371;15146;6431;2081;31081;8158;24071;28068;1138;17219;16531;4364;9553;31397;6833;5925;5612;24417;2843;9041;11634;26615;31262;22836;11072;5985;23456;9904;10502;13987;21089;27156;30757;19620;6273;18576;28252;18492;20803;18669;26020;4238;10256;1658;29528;28568;24767;4170;6809;2824;15635;18588;32241;24401;23429;22683;21558;28927;29508;3144;9394;10311;4475;10932;3712;2787;15314;7794;7993;18461;
7223;588;31953;19241;6622;26165;26299;18359;902;24703;21076;29897;12031;16206;9854;27074;12777;28237;23179;20928;6078;25759;31838;26924;14611;12057;25036;31120;6170;27310;2376;18344;26220;17194;28096;10171;6149;18980;20930;11307;10128;14893;17891;8780;28646;31310;28257;20850;16081;30130;19463;12366;1301;7071;3153;1146;18353;7083;9425;8274;13922;12844;15825;13062;2921;6384;12346;24301;6286;28718;6837;2588;9573;13245;21007;7480;720;4228;12514;9352;30661;11826;2674;1870;27473;16687;17621;18776;28637;30930;24151;2770;5041;7636;25116;14942;6838;29956;4103;11623;
1408;14909;15323;4785;2443;18325;10144;29493;24261;15576;23881;13613;1613;15157;19347;21867;28283;2358;10800;19182;6176;13046;26917;18615;8463;31374;12145;20953;22492;11472;11503;21456;15587;11832;17277;15123;5260;21535;19294;13805;28366;24114;30429;6536;18418;9251;6451;7499;9882;19358;21675;24677;23297;6783;29700;28074;17284;14658;29463;12703;14946;31162;31418;5840;4288;30214;21475;15466;15088;7106;5649;31493;4594;30586;5351;11202;20027;21604;20762;26006;8118;1102;28814;9445;1801;25557;444;4435;21529;28376;3671;21975;28112;31020;16687;16145;18206;24465;9045;5085;
9533;17637;13440;23592;6970;12184;25263;2562;24241;7008;9488;14581;23000;21294;15905;30613;7870;10080;26901;20313;8149;21560;30329;32425;20911;11405;7191;6456;6661;23744;31771;660;12285;23026;10100;30460;20908;20852;8061;5745;29402;11391;6877;9743;18694;31782;4524;31646;22698;24968;21719;18277;26561;17994;13509;12350;31109;31045;31546;30192;14205;891;15484;3512;27575;18768;17333;27945;28755;19447;7833;30519;14401;7978;3144;16270;21834;26398;21366;6184;8021;29366;17353;7454;24803;17911;26242;12990;11485;10428;8800;10719;16783;3498;22209;32369;7412;25959;12811;25688;
9780;12807;18250;5755;4203;28359;10011;7191;23212;8190;32712;30810;4422;8016;2228;30765;13381;30757;15610;4689;26428;26713;10577;3501;20034;22838;20787;25062;15419;25759;28478;1585;5721;14989;5338;8805;4322;31424;27932;22101;10547;22190;9962;2908;261;4032;19040;1081;32495;9661;32115;7965;22572;18822;31700;32259;26527;26629;17943;2368;30228;24928;19477;91;22473;16498;5775;3358;813;1659;13332;3309;1255;24342;27940;1111;29978;20588;917;28907;20967;15272;310;27981;25396;16811;22963;23433;2988;24576;25528;2470;11015;23058;27993;1151;30092;17052;28594;3278;
25812;14690;9674;25226;9680;12575;2750;23155;10254;20926;795;29163;12855;19148;13707;21767;8157;10798;22196;2790;11379;2831;27741;15425;28573;12573;19410;18500;28331;25589;22410;7068;26463;7899;16392;32210;14327;26799;19455;18647;2151;26652;27577;16096;6375;2067;7097;29299;22957;16504;23200;29890;12284;22299;13901;15929;3165;11497;13384;1363;13869;27492;6497;30641;28759;9808;21652;2413;23395;17839;4400;20140;14512;19440;13369;4978;29437;19556;18698;9659;4142;9713;8510;1479;28749;22026;11217;28853;32208;30686;18307;31059;13082;17360;5245;9013;6468;9000;2359;13316;
9244;11272;20121;12057;3950;6561;10081;12106;8579;5286;26308;4868;30440;24577;14936;11931;15216;15814;19249;30941;29820;8293;31306;26093;16506;31779;15399;25679;12204;19659;22457;12351;6699;9120;3202;28999;5931;20887;25594;22032;31104;451;12848;8825;30050;22545;2484;25574;21357;26677;9909;16346;21739;6372;5479;4297;11606;18244;6055;17703;13593;16033;3554;13509;14743;22625;26419;24669;3694;22586;23755;20332;17405;22690;31894;63;10020;23431;18204;7761;28234;21313;25765;29396;14245;14277;13728;17294;15541;31771;16965;5094;24338;30738;19834;31807;29288;6706;3827;2948;
26560;30194;22686;26372;15873;555;11070;7297;23478;7117;32341;23171;13841;8401;16200;754;26928;14190;19390;19428;9632;5520;27465;25268;5920;23686;3144;17748;10407;23802;18444;17892;18856;22311;29241;27779;6292;2886;14191;11109;5793;11849;3882;6437;18634;5836;1255;9565;27158;13897;7305;31605;4894;12939;22010;1976;31433;13157;5141;21165;13403;14499;27332;9892;3758;3137;6245;13199;30910;9435;11891;9491;3948;3173;11618;24287;14459;7964;6090;21309;28383;14012;16584;10214;9271;5620;22946;7451;23448;10263;681;27377;24972;26900;25444;2285;17754;2472;3562;5072;
30600;9170;12688;17844;12703;5000;24772;13400;2862;18344;28217;18873;24593;7985;9541;10978;27635;9907;24967;260;16146;18948;18892;22729;28738;20021;12851;3046;12341;10180;27024;26864;8697;275;30223;3440;7362;1305;1306;9785;15082;16984;4732;2553;23094;14863;2758;25103;29019;28592;27889;21916;24257;3220;12102;27357;5254;27630;27515;4792;17862;8958;5663;4756;31002;22919;17720;16494;9310;1666;18986;17705;13752;25876;8922;22822;11733;13758;1556;12053;12150;8148;3882;267;10284;18224;19678;29652;30303;27175;14210;17546;12437;7100;21086;29798;29169;28180;31826;26327;
20474;8490;13245;9681;23967;10692;20893;16488;24439;9382;32759;30621;5453;2565;28537;11640;15579;13630;4190;19031;12758;5320;21138;3205;20267;5735;12566;30222;30089;9123;3239;19666;23327;17017;6554;24793;2215;11856;25867;3302;10147;32047;13622;9551;1510;9516;18725;18699;29271;30248;15244;18701;22258;23481;3313;6608;13327;31592;6415;820;24807;797;31613;648;13652;15319;10123;4840;216;13472;14189;20425;29409;6593;13979;9682;22603;3122;27511;1518;21031;3412;25648;20127;27067;21218;19175;24469;9673;5925;17681;2943;1301;14696;25117;23585;545;17068;23894;23718;
1083;8861;14090;24120;25017;14532;26860;27343;22404;32253;14775;23110;6611;25132;29716;15796;25145;12844;1214;5369;7906;6664;17380;663;10010;5998;28111;29124;6414;28768;3780;25277;17623;557;26156;20828;18612;31904;1266;27117;17047;23927;11053;62;15076;16406;10495;31989;11381;21885;18108;13606;19937;6264;30799;24613;32766;4629;24538;8089;1444;16987;25501;19922;26804;313;23321;1629;12377;27581;6005;7381;19598;12679;19232;30203;23265;22140;5304;30473;10358;15551;12587;32580;5454;2781;6428;8145;15561;16967;3464;1481;1898;6662;22441;19088;2523;29098;16410;7778;
21809;28803;317;302;7280;9492;14554;32168;21330;14533;7432;6810;10820;3032;30801;30330;2994;19870;12561;16706;32388;25835;24607;2172;4585;15559;15023;2460;13907;18790;21367;32403;10179;22875;30481;6305;19782;1800;10145;7531;12735;24153;31671;23117;31208;2738;25719;25073;31636;8485;7927;18465;23095;23273;21736;20441;19623;21511;12409;16289;28708;8791;26488;20505;19607;22699;442;26838;28183;19018;24254;8044;14257;8864;16013;11468;21353;9523;20964;19665;25468;10713;5525;15381;22760;10537;32043;18441;4910;27951;12493;9541;11607;14948;25189;28;7221;1244;32257;31604;
491;1474;14713;4564;23216;17666;18258;3263;26319;27461;12514;1601;30194;28706;7093;10439;30625;30866;32304;8500;29958;31141;1908;30512;22515;29556;16005;16323;8998;22615;7340;24100;32715;29784;10009;18123;17474;26855;19405;30925;22563;4303;1463;8553;6527;24680;3101;7646;10089;5646;4414;20352;13749;20179;21558;30219;19968;21361;2593;1079;8689;12675;25219;8845;21181;29940;10984;21624;20977;5559;21959;29599;16236;28088;26796;30066;26794;19219;5526;12035;19785;29317;926;2840;19653;9759;2778;26238;24967;1090;26497;1696;3358;21191;10320;24152;22988;2686;23596;5380;
5444;14042;17160;989;10418;32234;1545;7556;12796;25739;15080;29662;16967;8925;13977;20514;26046;7411;29482;4400;22670;21455;3309;17445;3381;25229;6873;11052;26621;23518;26158;9879;21443;7096;17752;13358;5117;24908;7702;30918;30716;17721;21211;2070;21358;24575;8053;24263;24614;13494;10476;17098;27936;13312;17581;32238;32447;27452;15079;9906;17498;13308;2102;27479;1783;30649;25215;4922;30038;23494;1307;10849;28978;27011;2103;2900;16835;1747;18298;15150;20359;21200;7145;19443;19778;15037;27912;14628;29252;23355;23874;29329;10730;448;5515;2415;23655;25158;29764;13226;
13508;21824;9055;6525;2086;12754;22979;8511;16976;6209;19442;11648;31592;16553;4073;340;6910;8686;30792;16111;11338;1268;10930;13426;18357;22547;30071;27397;13724;22213;10352;11302;11856;22946;29995;28992;23393;25231;6728;29056;32284;14642;24099;16868;24402;11177;7348;15253;27739;18299;27827;7286;9563;7886;8191;5629;16580;28123;9024;15938;10268;13472;203;5973;12801;6356;2759;8405;15722;9248;28814;10174;4655;12940;17238;18563;10956;9528;11793;22365;19298;11596;25746;8930;2558;17201;3568;17625;11294;7682;11823;30029;32113;16189;21277;5088;991;26303;2171;23394;
13513;751;22365;29602;3986;28985;21716;21892;16734;8894;969;13652;13849;31049;3628;26458;15036;28805;6479;29359;5323;26478;14732;17999;13090;7686;18734;17518;23538;15177;9871;6160;31751;28514;7549;2260;31564;1567;32738;16656;14992;32163;12708;14883;7818;30043;11211;17159;19483;2355;15074;21798;31188;27913;31903;11119;31416;23649;24774;20392;26179;12891;12618;4614;427;15843;26037;7931;20069;9768;17867;10063;25067;29519;8042;20082;27325;3944;5045;21265;1701;21409;16242;9703;20032;30137;17071;25302;14778;27064;27564;24630;17113;3038;2293;18541;26685;9945;9935;29119;
30182;10811;15317;26728;14070;9514;2275;24296;29880;22873;12339;30879;26338;31288;18374;8857;30999;27752;27398;28331;2480;6514;4009;9407;1468;11192;8664;32364;1605;18092;11153;16586;21206;3903;2890;10372;27961;6301;32215;23598;2693;2327;32653;22745;7513;2912;18600;3301;21858;24573;26858;5399;14371;8951;18053;20459;14069;6611;1083;15148;26188;7619;4804;20417;14909;30238;29040;20426;27709;14094;25101;15084;28204;30857;5131;23784;3730;31106;2782;10867;12840;864;17316;24642;18074;8623;24072;6244;21131;533;19558;18900;18137;4232;20272;26191;29987;9151;16272;2659;
20361;19942;27982;29641;21939;9622;5109;12788;21269;6916;11057;17642;21105;11641;5756;7763;27293;5378;30713;14543;18566;13416;10912;14733;6773;26466;10140;20506;16529;266;23281;18550;26278;3726;11106;877;27428;12840;14738;18724;14187;10832;6761;10739;27973;22832;4281;24946;3508;24664;2594;28631;31983;9395;25395;23935;1959;20153;14033;23754;19854;6887;15581;15916;13594;3692;31761;27265;19590;25638;21291;22433;15387;17868;7502;11061;11693;9581;30117;32713;19816;19225;24137;34;18381;27358;20069;19665;26871;22262;27544;24584;16675;8766;29338;25517;29295;18154;4899;11693;
3042;9591;17160;22163;5549;28642;19623;7769;12976;21784;7302;4989;31552;173;4663;12376;29992;17104;22655;25260;19693;29823;2231;12668;13399;27639;7537;29984;2604;5487;30815;21912;12095;1029;32625;801;11433;3833;5438;23814;3927;20249;28837;31417;7365;4220;6068;19234;17672;3187;456;15927;30226;32701;9462;11469;13362;28922;29354;29357;7130;15202;1934;28395;12453;12727;4782;24179;7576;28024;14297;17637;19113;7768;29002;22435;27517;28143;13448;7976;27510;19374;24202;17051;23277;13592;11039;12707;16828;20015;15245;8318;31488;24109;28792;2637;32285;1141;6918;11698;
14594;14793;18753;14237;24494;29117;12733;4195;21746;28780;634;32529;4217;10345;5899;5887;9735;13561;23032;9128;20990;17535;21858;1720;12070;1847;14053;15463;31149;30247;19139;31238;877;1619;12862;6871;15726;7217;22853;20258;31404;21340;28499;16773;20506;28300;26517;9868;13798;966;17483;27266;19967;14544;12656;29062;29653;9192;12957;7649;31072;9397;26667;4246;13667;18814;12184;22587;18162;5274;9003;520;12850;13864;15579;16686;14944;3584;8302;8297;7444;2537;20702;29145;4807;13324;21760;28942;14483;1448;3943;19298;18235;21000;19847;651;15211;23986;21014;23920;
21313;30178;24248;23356;1291;7222;218;23729;21331;6827;9694;30656;8729;5064;14969;10582;29023;25369;22874;22904;8427;25055;19725;26002;8520;25606;26910;9484;13838;343;32385;7199;11619;32495;28465;20711;12482;27888;9496;30393;4859;19574;28719;25526;16251;20941;4070;1184;11982;5857;27590;17133;1122;20981;16213;4378;14734;25752;15674;4418;31186;22229;28065;2543;5217;4779;19425;7472;9948;29629;26460;30188;25953;32585;2983;24437;9156;22622;13292;31584;1052;17482;19852;2453;28290;21330;3592;30370;13845;423;24609;9301;3906;25749;11326;8329;15170;14332;15;15936;
3299;24580;22896;17650;10892;13069;6288;10789;12667;8165;23890;2366;7762;1086;21491;19863;7890;18271;13550;17105;12518;3353;31772;32620;13027;5373;6944;23956;18702;6604;11010;30270;15455;17711;24858;21108;13956;2984;19248;18157;32553;1225;5857;11745;7799;5028;26692;29467;2266;29570;974;9808;14344;31960;20339;1967;21823;13942;28430;17081;22733;1794;3;19283;17110;6821;14371;4378;20818;20740;27600;31990;22357;18290;16225;27890;6547;21347;1992;8779;21539;292;7793;21958;19843;27338;11374;26183;6877;31593;12498;21920;31112;29318;18010;1959;25042;15310;27731;30603;
14077;28424;22199;22376;14471;3144;2458;19992;6319;18533;17348;18253;23604;32174;31904;2524;26464;5337;31061;2140;23621;31292;15666;8176;11847;29504;22863;14689;3802;26642;24433;112;6029;30107;31791;9578;21832;23475;31827;23804;6353;7057;16771;4681;12437;23174;27169;32570;28582;23788;12399;7957;9728;11609;17655;12114;28176;17432;10282;12970;29559;17113;18247;10864;5899;6311;24702;31268;5150;8731;29270;10566;2820;6607;14924;30568;5327;27926;1724;30343;17501;18666;24581;8091;14485;29478;19689;5485;9197;17398;13874;2473;27951;21387;11675;30772;19838;12307;7149;11455;
3988;12264;6761;18077;21581;13319;31590;11985;105;28357;17979;13420;14221;701;10847;17174;2188;3597;11727;26602;12005;30146;6832;6279;3469;1424;28726;28771;18158;14279;23236;22627;5679;14722;30549;19625;19894;32545;26138;13486;7915;31994;28772;400;3903;22604;17861;1709;15982;9332;5234;16496;25088;100;236;32107;6678;10320;16608;7590;867;20394;23883;23607;10873;22353;24545;22291;17478;13318;28592;18724;20446;6431;8449;10908;1403;15231;31871;11144;14017;16581;411;15528;1095;11972;10286;6782;3156;28468;9568;3749;30438;15270;30666;23396;761;1470;32471;1411;
30981;12188;8560;28765;9929;10395;18392;55;18503;16958;11476;14032;528;20839;18960;32313;20673;28618;25534;5607;4558;29090;30592;22023;2430;25506;4744;15633;2615;9519;21245;31648;8444;29388;6305;29313;27444;29910;10418;22282;31149;9841;18702;29101;25824;10434;5786;10957;30327;22111;6883;22991;3084;11011;25862;2677;5940;21383;10702;11367;24252;31245;12061;24851;25906;8831;1677;23479;6311;11064;23382;1980;12212;17920;22387;26950;22459;32062;25600;27657;6255;6505;18663;5214;4247;31424;28603;18070;28687;15163;19940;6286;21263;11457;14845;24963;25263;1947;12410;31784;
24235;23849;19342;28406;29796;8915;29260;28356;1832;26947;780;28567;19891;5073;32016;14267;26870;9279;28007;10515;22551;28327;8978;13485;28088;18865;28262;11417;10876;3849;28593;26620;8391;17;14624;28000;17862;25299;18400;5966;21424;27449;6276;26399;8523;17536;23207;31247;4785;20202;2002;21651;1876;26035;24992;30701;26944;16711;6943;30205;16800;18866;12666;30554;30340;27992;14293;26529;5601;20454;6777;15373;20953;25992;7473;2120;4669;20061;6387;21889;16209;1576;15555;28607;10703;15432;21973;7541;13358;26602;25330;30038;8483;27773;30492;18026;11113;25190;12149;18018;
19134;22517;16477;31273;18990;7832;24027;3259;5011;30799;830;2106;21597;14688;24068;9535;24463;12876;24570;9326;28938;30209;15525;26189;13838;20561;21985;13654;16126;163;23496;30282;15971;3305;9173;13001;14644;16594;31561;12832;3157;11584;30926;5218;27485;15356;4443;9146;15516;11177;29783;20479;30301;2038;29441;2185;24936;29208;30479;26691;25803;19832;19605;26626;16090;9384;17193;2837;20341;23196;27205;14878;22409;31767;27885;16416;20953;17763;20625;7640;18687;12357;6964;10065;20141;7728;9422;8115;30777;29369;6127;18267;1113;12875;26022;4145;3627;31004;12449;27702;
29048;24159;29589;27229;17465;6076;26337;5532;2394;28925;26990;19010;191;27658;28889;30091;14469;7447;17620;29554;17290;5916;2505;32454;14639;31877;24257;26496;25180;2091;4741;852;14277;8836;13314;3206;5484;22294;498;25343;18279;15922;32185;25504;21476;11998;9613;18902;9834;19731;6618;20335;98;18473;12773;32428;21205;23951;17327;27287;25975;29631;8988;16790;28389;24945;7252;28225;555;13583;28010;14961;30089;4202;828;10393;9847;27819;32154;30554;16102;23180;16042;849;24521;4808;2442;31540;21716;27343;29752;6685;13699;447;12463;23589;5983;14736;29011;24885;
13693;20622;27791;29209;12615;12045;17341;23510;20606;15704;20806;5438;23680;21994;8714;25281;1735;10209;7682;27782;30387;7599;9251;31419;25737;7187;7558;19497;26043;11592;19399;15115;20074;27772;22187;9248;19497;17795;23813;17407;7684;23757;3290;32427;3521;13205;1731;17767;3685;23644;4243;3787;9210;21398;23354;5400;30864;20643;24553;20169;17026;8960;6263;21866;24570;28607;5892;11949;19383;25396;16604;11195;20238;10994;12445;21192;5423;19446;925;1770;938;10529;5766;25131;31794;19948;30019;30173;27552;20823;544;25901;19003;25890;6188;3579;28982;25920;11490;13289;
27002;31625;13577;25010;6054;11183;20697;29886;26964;23411;863;1779;26527;11032;31011;10957;21218;12824;8711;11697;11201;29719;8818;21630;19822;8725;24494;18022;32037;31719;11151;6652;4857;26088;21334;14477;8147;1772;5588;2996;13496;629;17619;10537;12106;9002;5553;28890;12178;2436;25934;20797;6908;13003;29481;9700;20643;27713;22469;25682;29391;1693;14930;2829;27068;23994;2441;1780;926;2193;15320;723;21985;17765;23231;21813;17333;30269;23930;121;19914;16791;5856;31016;3928;11099;14987;9862;3171;14862;15673;20839;13629;31816;5234;30020;17228;616;6507;10126;
21261;8326;4907;2370;24409;3241;11244;30398;488;11578;21956;27091;7443;11193;25220;16923;21214;8111;21217;26509;27957;26084;8401;31566;7030;30673;2360;2762;10544;22360;6340;30980;4651;25267;21;4650;6056;9387;29474;32109;15081;29962;6104;272;16628;32082;18436;19646;9109;30127;10866;15904;5026;11819;26454;21423;28802;14369;31724;16839;22768;17396;29020;24061;14589;1792;31456;21683;31060;15825;16168;23786;13250;7827;20734;24151;4342;20426;6950;15800;13189;14148;17288;17256;21553;13643;18833;20529;29546;8223;25558;21602;17429;5027;24826;15650;13197;26966;4050;19460;
13031;27781;29384;3292;9595;7871;17021;24016;6303;8330;947;15794;10422;4692;13417;21645;14186;428;21575;27261;22325;14002;19517;16580;4134;30156;31080;283;25058;2459;24373;14150;9961;10542;17608;2283;15642;3701;16799;8100;6010;20728;32114;31059;7473;22728;10078;4790;31189;32182;26691;8251;17131;9924;21611;18709;5803;32217;8300;6287;6148;3001;7503;6560;27616;20531;16369;20672;7081;10909;14250;2043;268;9853;22573;8516;7933;137;23215;25355;3067;30674;14924;29458;20885;16188;12198;29564;25901;9009;4047;30247;7676;14230;4713;14907;19542;8702;17163;26627;
22063;21534;8679;16124;31967;19074;14250;27180;12322;9086;8356;28341;4707;8806;21289;26794;4666;29441;9527;2593;15667;16700;21848;4234;12241;31004;6858;9279;18130;17142;222;22108;30133;4066;4510;12496;26234;19053;5042;3252;18089;32654;24453;8924;26005;5084;4003;2732;2018;22781;4198;6957;5189;5986;21201;25184;32139;24625;9916;9939;3549;15235;49;10097;30530;1744;11287;3486;19813;6055;14349;17796;19609;30371;4505;12455;4634;18074;8322;26304;10645;11287;24698;30920;5099;18699;15872;27219;11059;8383;14981;21791;2046;30733;7118;27373;19422;1488;10905;18831;
29993;1945;17539;21827;8186;3748;17705;3391;22649;6410;2702;3725;25180;19255;6333;14617;6574;23967;8367;11017;20687;4781;28270;1612;20413;18684;635;13430;22673;32202;23149;7371;21837;21418;11484;153;4820;29048;7293;29132;11578;19858;9870;6076;4414;14661;20597;13897;14101;16518;22692;11050;31338;12771;28351;21890;13218;25273;14081;7092;30308;934;7388;889;6489;6465;14559;4144;27440;27913;19933;23413;14566;2716;8524;7156;2372;7466;13035;3711;12713;16680;6056;30047;10249;7753;31680;8680;13878;23978;4136;15441;29278;20556;26412;15810;8405;22984;1110;20653;
25365;29502;9105;2914;22532;23183;31630;14558;4469;16844;32615;9188;752;4846;25474;6224;19894;7111;27065;3751;3584;13880;14519;13810;3464;16549;17061;20429;32586;31398;32519;4795;10380;6655;31712;1724;6940;11219;2589;4130;25817;5652;2352;7328;22644;19774;5628;9892;21368;4677;8433;742;9608;19659;12152;11329;31976;21911;19601;451;31808;17731;27834;11008;23964;6964;18708;5803;18102;20688;30145;18279;12920;11498;14224;25306;5053;27521;23772;14083;5464;3499;7601;10702;6999;26060;18225;18150;27017;13323;13878;24523;4925;26375;25913;29220;6221;21701;4467;18518;
21339;32750;15169;2133;7515;15671;1485;9403;19025;19744;14827;25623;25436;15841;28737;29319;16884;10657;9899;12681;28784;9450;17630;14862;29643;29018;21579;17616;25255;18587;28486;27878;28050;21397;11111;149;15497;8673;816;21610;17850;13697;753;19589;398;30415;15593;4152;8167;9396;18606;7121;8871;5402;20943;9395;369;22948;31159;940;15027;7324;4308;6530;30180;18989;27385;25039;6922;22994;21249;10255;896;19470;25014;4856;10230;12382;15345;31242;28601;18284;31746;14694;1333;5509;19025;30691;21432;31053;26950;4959;4728;6833;14439;10067;216;17950;29376;25002;
14311;2032;11400;6612;13609;7214;21505;24086;667;1652;14752;27428;8177;26160;25454;16881;4386;23313;12206;20422;13862;3517;2752;23698;20478;12483;15429;13185;22262;3536;3972;14799;1575;29477;23309;26591;16447;5448;11163;22663;12677;14586;5695;25262;21271;14698;30139;28954;13174;16040;5932;3203;10309;14428;6637;19436;19790;28856;1719;7987;29894;19371;25101;10214;27858;1624;15831;5208;15946;2758;3661;12532;18620;11225;17942;9170;24500;23937;32177;1672;19770;15665;10773;21059;23965;32403;9876;21014;22639;4218;5637;3985;2769;3608;24354;28054;18161;20593;18479;25960;
31952;13327;30173;6661;20553;26359;20845;13750;20559;21213;6680;17892;13174;30612;9647;2349;15796;18888;5247;25527;13161;27119;31863;28100;32158;18301;20365;20615;25482;1111;349;25911;32091;11403;12307;19041;17459;5694;21644;25474;25456;32230;15800;30421;12080;12985;23363;23914;25620;26468;7028;31096;5189;31489;24661;26356;26037;20035;20500;6754;1448;30964;1193;25068;30066;29602;24249;31921;5250;2453;32698;15455;2975;9988;12121;25860;32114;22408;12312;16161;8261;2256;18236;4097;9482;26007;31718;27720;3999;23763;20864;6351;25680;10543;346;28079;20126;27836;30613;28572;
9534;13539;5953;4981;28517;31391;2498;24600;20291;29417;7544;25211;30157;17267;30623;10233;960;28568;7539;13033;31715;4499;6296;7541;10892;13296;15034;24234;9829;24385;17521;26059;20080;12306;29543;32747;26953;2335;15292;15290;18860;13764;12457;16288;7222;4276;24676;17928;17008;750;10052;13311;24329;28397;15910;32253;30563;23583;2063;20226;20050;30361;25363;9701;23584;14089;117;23785;2004;18156;2063;20370;1459;29953;2804;4791;32520;19965;2389;29399;26401;11648;4001;11441;8602;23368;12016;5134;24030;2213;21666;7394;19434;16940;17731;31379;3668;10672;16050;18841;
3468;3182;1411;30535;4195;10632;24993;23528;15817;15541;20024;15118;27611;8502;24786;7719;24605;8460;11200;15697;25859;17512;8123;27248;22711;13667;12491;12925;6422;3055;17000;10529;28923;5645;7903;4738;27329;28737;32248;24413;11267;579;24278;12117;16038;13304;14622;19850;27418;28320;18780;23406;2012;15953;31906;7636;25152;10148;16242;8266;9325;1454;13277;8873;23721;1074;4845;1258;2519;2580;15681;9531;20797;10257;16119;25682;16779;24494;19151;17410;18201;22126;28812;21516;13681;18760;4766;24887;2573;21592;24319;6819;19554;25301;20315;8538;12061;23363;29811;13864;
22188;23530;4291;31149;26880;7046;18018;29360;19089;16960;23595;20150;11427;20189;24090;4307;20680;23606;7416;8897;9639;23272;20795;31791;8443;4940;25896;21595;31455;938;10810;4579;11848;28329;32199;27865;25299;11786;8417;30485;9153;7574;18299;32463;2111;12885;8908;32621;12523;4609;27385;5273;16021;16058;11246;9111;9794;11003;22924;11989;1655;18893;28426;1988;25012;28475;7573;21223;25150;5381;20026;4650;2849;22425;31494;10612;31350;16190;9068;4479;8418;10643;24550;11496;4703;26424;22751;29570;21567;25035;9425;26608;19566;24086;20907;2931;13815;11910;7541;17408;
16073;27103;8758;26774;12988;31279;30998;26574;22479;6145;6336;15540;24499;1490;29450;9685;4750;8137;5592;21145;5881;5026;21309;31443;31562;21740;13540;5271;25625;8564;16047;7244;1021;10753;17565;8961;16535;13121;22513;5893;10450;17156;3985;31409;8296;11688;12204;32137;25769;6100;29855;11140;20088;16490;1306;9895;30102;9910;20350;7896;6435;24812;22154;31730;29025;14033;12599;28181;20156;21688;16864;22592;10759;10928;26790;18721;2569;19452;13587;30251;25144;25283;23294;27882;20164;3081;28334;28307;20951;12254;11330;10720;30236;10709;20047;18202;31358;21944;14284;31351;
27442;21626;29995;4263;19447;7533;22729;10666;14236;12213;13960;5604;6339;30717;698;2419;24550;15977;22594;6592;23191;12491;10741;14676;4108;23833;9031;9710;18138;12319;31779;31954;6145;19569;17434;26979;13097;19876;26816;8692;14379;19389;31571;9948;18899;13034;31134;30664;15845;17264;7709;13142;3677;19941;31586;21727;28667;32671;26295;1171;12799;21356;30213;11724;19250;31363;5365;20380;14373;20923;30036;15272;3773;14075;24252;14138;27375;21234;8561;12945;6345;11016;12425;2684;8114;3988;10064;2087;4850;14927;15850;4916;19317;12553;28986;18957;28363;16538;25091;29817;
26484;9244;12109;1134;12891;11351;20491;6439;9632;31613;12282;14453;5274;10520;5068;12890;29981;25152;2182;25300;27128;23057;25127;17911;22210;7772;3466;4670;24791;9373;14733;19747;413;9005;7027;3565;3596;2745;21127;25290;22381;13299;12034;3101;18785;5511;24623;537;10534;5713;19917;30863;23062;20429;8373;21764;19312;21711;16061;19207;29531;20596;15835;4802;31528;4440;4750;28110;216;21769;32121;28236;4574;26556;31825;13361;17190;27711;16890;5345;2645;24623;31213;24832;15443;12395;23261;15492;21767;29128;19610;15631;27745;4615;9525;17021;31902;5380;16741;15800;
24007;12847;31785;22996;6779;26176;18863;15192;495;19751;31093;18905;6963;22594;25518;14286;23991;13523;1511;15519;21261;30385;21226;13567;1520;23358;14819;7548;25222;14488;10433;6996;27618;27924;3551;1931;27341;25320;7396;12346;31174;31783;23272;17450;4679;31475;13784;7329;32586;14830;11035;22908;22796;18673;16757;894;28177;16897;23084;10472;15720;27262;7530;10314;26160;29854;1507;7576;12379;29978;20407;9600;4786;24871;20122;27387;23065;10408;28466;13091;22037;16546;26560;23364;11915;12784;23555;32053;18123;56;30810;11753;20940;32029;18472;2625;31673;23478;19324;1572;
19629;6207;4082;12754;10428;2063;20692;26997;4402;9674;25221;8954;2847;28120;27936;19998;20243;24342;14940;31436;9766;29643;6835;14758;6203;9949;9667;27362;20358;22853;23028;28503;21836;11200;24411;28631;3050;8391;29150;11968;2585;6850;13977;6094;15216;2681;129;563;27179;25035;18503;22762;5674;7842;23424;7496;15677;550;1794;30676;30878;18481;16529;19288;5055;29443;5051;32312;70;32568;22016;28163;19286;5111;26166;16712;30737;875;31532;2987;25435;12151;17806;30775;5344;9893;26888;28150;8536;3424;4270;25279;522;10084;8860;20560;1422;5490;22233;32669;
15832;6984;13698;7783;3954;464;16420;21263;17929;27032;19049;17069;21035;8578;17911;15709;5199;21949;1429;1241;22806;10995;15247;24909;27344;6596;14172;30822;23618;7796;9855;6828;28839;4320;23723;31507;17652;14519;26410;1228;7776;29158;28544;17249;548;30036;12619;4353;31359;6608;1901;32537;11518;8520;21613;11556;9722;26171;18971;451;32098;32112;21619;31248;14523;8169;11204;815;3684;28947;21010;4647;28191;30015;32696;28144;29389;19541;17233;24526;8569;1223;22745;15837;6552;6853;31760;1004;6799;30640;14879;28302;630;1488;1662;19567;10780;11337;5909;31205;
16971;18251;19362;15047;5709;28810;9306;26242;22446;11246;3027;6761;22340;19595;30753;26189;20333;9683;10048;10062;9112;23818;31410;1264;14599;28411;13928;17522;19667;15850;9958;26203;27440;15305;29347;16981;27634;1199;6830;5438;6224;32133;28311;13693;24040;19203;30605;24978;13060;13531;7876;23793;4124;18739;4890;20241;8860;21593;12793;6336;7398;178;30591;5049;18331;13044;14812;28792;14359;30357;13308;9805;20538;3716;9063;10672;27502;32278;32101;23764;23781;7747;32613;28287;8995;4882;7839;6936;29885;13650;6905;1026;2656;17547;14631;4392;18964;30004;26647;4313;
14274;12070;21900;2519;20212;4177;13833;29610;10717;1966;17392;18746;6553;7284;14827;10653;5046;13711;19595;31534;6386;30030;26415;17631;31046;32092;12328;12752;6436;12017;6170;29472;7166;15177;30885;29699;6151;6230;1605;5140;14141;11698;6519;23533;27047;19927;4894;24565;3291;20370;24612;17786;11460;23477;24676;7680;16802;17165;13512;3288;3922;28819;14510;27380;2512;19430;10897;23801;25338;8185;18405;3990;9623;23049;24642;3605;407;13523;9157;26415;11676;9219;12468;5157;442;5103;9312;22028;12155;20869;13136;32104;15143;11906;3227;20477;6722;13798;3222;226;
6997;1188;687;28375;31474;6813;3737;7384;18930;14287;22698;6387;2305;6602;10625;17750;7517;11620;9451;14252;730;2222;11272;8874;24362;16679;10921;32228;23131;29231;21501;24550;24737;1982;4717;16000;12630;8533;11972;2401;24383;8501;29331;21223;9745;15312;18900;31542;14643;7037;10189;4488;28614;27759;13111;24516;29155;25832;32160;21585;19235;7594;18958;15916;1637;20143;9957;3896;14027;17433;24330;6358;4614;8044;1609;30390;32724;14587;9460;7149;17094;13728;18125;13895;7751;9392;28966;23518;7642;14894;17479;14059;24995;31039;19472;9181;5161;25310;17376;30120;
27994;31953;20917;21600;26320;17628;31892;27142;1362;25652;25131;20898;23454;14134;28597;31889;10853;32089;8734;545;16792;17762;4455;3419;1762;27095;19277;23840;17782;12725;16677;2680;11018;26981;19723;2342;5667;2029;4667;5760;6548;13412;15551;2685;22849;16296;25675;16144;9257;26195;5733;436;28580;28394;19400;17224;6120;30808;19723;31262;2514;3227;19070;27215;14820;19390;11093;18513;3210;17159;22536;27083;5025;17521;1017;30887;17721;21084;14936;23657;3994;29572;12867;19904;28294;816;11826;18523;26046;20908;27283;20222;1224;10488;24497;13781;22510;2498;23258;26376;
27274;13458;12993;21903;16001;21317;6945;4680;23822;22204;23459;14151;25793;23765;28162;7533;14535;12954;18285;4156;13675;18105;20781;29673;3549;8245;21639;4531;14130;11610;24036;32372;1197;32502;23343;20342;22845;17350;31103;4487;4678;6191;1526;13904;4004;32302;21993;27618;31982;4498;31296;4754;16375;19561;16928;17671;12443;28600;20680;9873;32184;25711;19129;27580;25466;10395;24090;20774;5852;7390;10842;29837;2667;17948;19223;17452;28749;22392;2623;30792;7555;6271;32117;19206;12907;31650;4790;25215;11401;30954;20540;8470;17798;231;19362;20490;17273;7146;7242;22599;
7782;2420;19708;32130;7940;29677;4303;20356;23236;3225;16205;17862;12558;9161;23506;14655;11726;4430;11317;12410;29999;307;8874;12779;7334;30892;7911;4227;5427;10057;19078;26242;2788;22639;5291;12941;23962;6409;4326;19200;5903;25979;15707;7045;536;29655;29728;24806;18216;28244;3046;22303;12822;12796;27612;3512;1312;26020;5840;22097;32047;32033;29079;383;27485;31929;18608;24022;1972;4312;22820;11591;24888;19972;24752;1197;3880;11539;31014;18850;1922;6044;17169;17047;16069;6315;9112;27940;29946;1465;6565;3740;21493;13275;28230;13029;17113;3385;17491;3462;
4826;6850;19281;28930;26951;22046;6550;20581;2759;22500;29102;32540;27619;13838;30462;8969;10948;9898;5543;3287;22078;15058;8621;27275;9742;17885;29017;2140;2144;17623;30427;5061;10389;23087;7476;5336;21314;12720;27731;4565;23420;24754;14462;4347;25939;5778;24820;27806;14748;12639;25041;11642;1780;2774;15665;24391;13313;4497;32664;5006;9979;635;25490;1722;9835;22151;22678;7026;14131;14498;28976;8230;7119;6118;31840;4840;22746;10768;20029;22398;25300;29236;31709;5045;22818;8111;3705;9720;29270;22878;29133;27168;32177;18701;8638;16526;7654;31538;23359;2935;
8481;26332;21621;5760;6728;12774;16409;7307;8065;1392;8223;24528;20980;1679;11157;2095;4818;18244;19405;15300;2454;17323;29886;9661;24459;16245;23720;24424;21646;6040;22263;28560;4373;23621;22122;21514;22896;18203;23156;18827;1615;24986;19427;17853;26245;28634;3263;22417;28171;29565;16245;25046;22088;23266;2356;25611;5007;12443;21400;17777;17386;24354;20870;22117;31510;23751;19287;31725;4046;21485;30264;14737;20045;7030;23248;3436;13326;4988;3876;21122;6358;14914;18360;7508;26868;3434;1015;18098;21703;2920;22997;6353;6530;26934;9395;21149;18220;20553;7043;30032;
10219;14533;4652;4164;11393;13293;27184;32517;535;15069;30348;19883;13626;21883;22240;14183;1571;11691;3535;29531;21051;25282;22185;17327;14046;12606;32327;31457;20831;17076;17207;27484;16461;14857;282;30029;18933;20453;11081;9906;19496;4965;23231;8627;22847;8976;29491;15670;9819;29197;9092;5038;12018;28051;17754;29747;12679;5792;24587;27096;27064;25582;21179;19769;11134;35;27080;5203;17329;14407;25445;21657;16842;11900;10116;11076;3821;9449;14074;32746;30247;29944;5597;21842;500;1729;13617;7303;21252;23750;8132;15915;21566;2016;28247;19982;28678;6009;18174;7423;
10939;23036;27594;7394;18052;394;7332;19203;21581;239;20604;5290;22028;13524;2468;27120;22089;11573;18806;29392;6365;11030;26429;6785;18682;9842;20051;25859;18539;28789;26502;17145;1053;17899;12736;22454;29151;26103;19944;26010;7014;264;515;21663;23188;5129;30623;1839;11002;984;14705;28985;13467;3322;13373;9603;29682;23437;16118;19778;9015;24445;28199;15848;18655;12539;13969;8509;3938;6443;8981;25521;19008;4893;8661;23792;19526;22783;11415;26296;29453;20881;20586;21991;3013;29145;22667;2521;30000;26391;8329;1520;8945;7419;20904;18804;26119;29718;3971;22942;
7829;15503;22518;12783;15076;18711;6715;3782;10154;11806;18771;17970;5517;327;28072;8965;14307;11546;31216;30250;24764;11514;26452;21048;7714;17750;23762;9542;15519;3107;26080;9474;21248;21897;31826;16637;15193;22748;27005;3913;7497;8655;17053;26438;28031;8676;1140;7865;1661;30247;4660;7454;16028;13596;7071;14656;8017;22774;11885;5382;8622;6665;30446;27536;5164;19842;29680;1410;3495;7254;8675;18336;4522;9848;24891;3996;18925;26191;7190;21291;31004;26727;28447;13662;2778;11111;22962;1584;25862;15427;14657;24668;24125;25266;5110;22897;32160;29155;30361;30759;
26583;4459;27061;25844;7510;4739;16886;2267;28126;9584;20438;3717;17735;834;12920;31122;13694;24513;20948;18481;25034;14245;17429;21230;12115;20229;8767;24268;24292;29714;4117;5524;29680;23045;31546;22636;3283;8278;21910;8363;4187;23087;20219;25324;21639;10784;21001;10338;8846;17940;18511;21099;15395;30596;27058;15463;17912;27626;6931;12234;15233;27001;8236;24176;20474;15371;9403;22321;24747;28251;24803;10422;23659;9076;23759;9866;17507;9321;6040;1140;10772;30279;5481;15365;20124;3144;6369;28781;18228;27209;3000;17555;19198;19326;23206;22372;3582;8549;18560;23146;
19813;32504;31909;30369;28950;17447;20632;29575;26211;7557;8430;21619;6167;11330;9579;24615;10170;27225;5224;18088;19472;7946;5495;22862;30947;30603;18250;2327;13314;6139;23761;8000;15242;14487;5539;25623;24932;9008;5535;10251;16399;9437;24531;25349;11424;18413;30877;24059;2567;27167;29455;6850;24979;790;28056;28195;25785;12039;16865;50;15377;20917;27638;9947;18337;26015;27814;20158;13406;19319;11052;26173;2800;11735;6671;32466;7094;19760;9030;6310;27658;18435;8096;19552;2246;13139;23907;18235;25094;5978;31283;19804;5168;9339;5174;13922;16946;13432;5750;6206;
25867;27621;9351;5189;13453;4060;26985;31363;3425;25587;19887;14163;30795;9323;22753;16173;13999;28842;16928;27838;30805;14827;29704;1342;7785;2613;2011;22270;12230;14217;31707;9792;25204;22368;10487;23628;24174;1621;15274;11456;7593;22558;13345;9512;3411;960;12700;23246;21592;8195;3350;10964;25387;1060;1832;16511;12483;8395;3371;21974;18660;25916;22941;25196;3999;1233;29637;11386;24092;12456;21146;28720;23703;6553;9954;4429;15785;20075;4247;2798;16073;19015;17294;4515;4626;18284;24411;7112;5447;10789;32367;17427;31252;6136;16515;14953;17302;3873;21562;14070;
15646;4671;17409;9084;20018;15436;2618;28395;20437;20690;12443;16179;18185;7260;32464;30038;10385;14635;31848;14273;2555;3115;18926;30428;25566;3622;5462;8160;18785;13622;11676;29161;14588;4736;31143;10572;27267;30751;22131;29994;15968;15199;8303;27461;12831;26412;27684;28179;32305;29386;12824;14609;16617;20678;29170;1882;23243;27180;4318;2168;24582;23034;30515;6010;17215;31957;12628;26694;7568;10491;6100;7985;14289;8825;17117;1741;14614;8094;19666;22530;7800;29103;10291;18529;24601;9692;3265;21172;26466;12915;16355;28122;14991;1108;15433;9682;366;165;31951;19221;
18275;20166;28324;11305;7856;32391;20139;3443;2291;24217;30241;21325;18672;5955;23169;4696;401;23894;17572;31251;17963;20835;813;19885;3;24363;7204;24344;19729;12631;16865;16479;15364;3434;3884;7993;2438;11251;20130;32478;17088;24839;20827;17433;28961;10478;6345;18335;13147;27933;22499;25247;26543;5476;3971;10650;19307;14697;18957;18805;13233;1621;14930;15053;17273;11469;16820;16266;17113;27428;8586;24247;31621;1999;23494;21137;16018;20505;1749;7389;30591;28440;6342;13695;28789;12511;28079;1865;11214;1525;3404;12049;30421;23302;29674;12550;6604;6361;25219;6212;
18740;24706;31275;13477;15432;22489;9898;27354;3275;6698;7275;19131;17411;8494;28053;24540;14598;14906;31351;28769;9268;23479;16681;7699;3077;28370;20592;7603;28421;24948;25059;30862;20252;5237;24396;3153;531;31245;22353;15647;27476;30859;9556;3553;753;25929;20631;4829;19944;11231;26276;29323;11174;30103;21740;26787;7369;25889;1454;32635;26410;14984;17434;29584;15131;29541;11191;30050;15853;15187;9986;15750;7606;16546;16728;9974;4688;16720;20501;17323;28581;25652;14078;8046;11562;12925;19420;9451;1706;17755;7530;22791;6725;31740;8561;24691;10168;19898;3634;897;
21727;3219;25348;9271;7032;11225;25662;23203;17449;24362;3671;11117;4805;9635;17484;3251;1995;5457;15682;11536;23343;31464;30061;12542;5213;8632;9776;23135;25468;22492;2438;20054;8175;693;27808;27995;4130;22423;21968;29071;24195;3265;16805;18252;24526;5779;15192;21505;3726;17659;21606;7997;24545;21809;16255;4617;21883;19364;4767;16507;28909;10804;29819;29064;27687;22177;14622;22810;23356;17731;12756;14434;7014;15356;13383;22640;13130;16748;7400;4865;2173;3171;20624;23960;3654;1948;359;2768;20902;15784;15110;13808;1685;16680;31192;3264;31375;25919;20934;27547;
4175;23111;26643;32710;10459;707;17540;25600;7616;5269;15813;27482;12447;23154;1288;3657;5096;10642;5359;11770;28902;24492;1964;8677;3836;32033;6247;17317;46;12152;21471;27911;30434;24586;15445;7265;10472;6910;25766;13093;25529;25208;18103;693;13820;16910;22805;7033;21071;13948;10205;4656;3907;15768;29914;12163;10408;8840;8942;15840;9740;23090;28851;27013;2686;1012;18017;26331;12696;25237;6899;21254;32188;24956;13445;698;15261;31264;18433;13136;24321;3520;15354;21017;31942;1876;4824;19954;9763;22979;16438;10008;2353;11862;28040;12606;31402;22381;29185;15325;
19696;23409;436;5324;6225;11273;22521;6416;22665;23953;24850;18421;904;29384;9998;3166;32118;4296;1518;12377;3573;12092;27399;12022;15014;6349;9127;22618;10990;20445;32507;31759;30970;11128;18224;3486;5120;16519;21977;30560;6088;27463;18321;3985;15724;3322;4833;25510;18780;20957;1636;19936;6820;4953;29224;2338;16242;10877;88;14080;13010;18092;280;3096;10173;7315;11697;5797;1362;350;9966;21329;30819;17964;12998;1099;15923;26560;32058;32410;3198;26233;24705;25009;15034;23172;30819;27971;4253;6224;1251;26968;24031;31042;24608;21665;16193;7339;2941;19720;
13518;13559;6144;26252;28001;13607;28152;25676;27495;29313;14307;2017;26342;3717;29838;27377;4287;15652;29822;5889;6960;15149;18063;20363;11164;2312;22491;16977;6543;15782;19165;4592;7933;1464;18903;28344;24010;8991;22640;12731;24207;164;26786;11812;27804;11754;14035;11467;29497;22432;12610;17926;16434;4091;28325;3521;20370;31588;30737;17873;1198;13678;27161;2693;29797;522;12602;11646;9383;7934;25975;12993;25908;18835;2368;9227;9638;19598;12184;11877;27826;10850;19831;15863;21675;14244;14957;3105;12615;14783;9353;21448;17062;24041;31609;8174;6544;7254;5874;26758;
4351;23467;7251;29062;221;26805;26501;8253;3598;5723;31525;15079;15281;6609;15333;18047;8611;30479;31535;30420;27717;4482;5388;25823;2432;13569;9541;32596;9990;11010;6088;26999;26074;12302;6220;15409;26386;23922;9528;23907;5596;23352;18881;24954;21183;28245;17235;11076;25635;14116;5683;15874;20500;13331;21858;30142;835;23709;8644;6622;26957;26744;9345;32250;23104;5903;2220;9451;348;2866;14371;6692;8470;3852;24502;30022;22627;21590;32395;15342;19762;1227;1216;5585;24634;14044;17747;1804;19959;6820;16191;9397;24815;29470;488;30646;6458;12182;12473;475;
27969;14685;27148;6441;1990;18881;5450;3442;10021;23612;23635;19494;473;4332;21536;30316;21569;4931;6311;7537;31652;22784;24574;6400;17012;19806;18628;11348;16847;15499;26557;27946;31819;4955;22716;8474;5619;18238;22214;1318;19853;31344;8052;13204;6943;12399;9625;7161;6065;9906;22309;16791;4691;9624;31305;13288;30306;23967;26076;30075;26376;9430;6398;17663;13314;10389;30203;31902;2982;26475;9330;31628;3620;1880;24246;19935;9740;23612;11892;1697;18960;12944;23702;35;3084;12884;6248;30357;6467;28232;6649;12500;4075;29535;17349;11139;19949;27761;1936;31325;
7398;11824;4757;21449;24433;16221;1248;31407;9128;12604;14329;31371;16104;23621;22722;27072;22229;21788;22690;9774;31646;11715;31203;16390;14211;22287;31577;1757;14228;13912;10053;27904;29115;17269;18808;13576;27644;17127;20668;7598;2300;28757;8047;32736;32192;11577;20337;4884;21688;2008;27969;19420;8700;11895;28258;2234;19669;8908;26372;310;4735;16819;17120;11055;9773;29474;1380;2671;4686;5727;21776;7810;16143;32368;22048;25287;16929;4820;6251;5319;23484;26736;7307;13510;17636;26316;13374;29848;13035;19839;16908;2230;13367;11752;7210;3985;19013;11551;5791;806;
25838;8747;30885;26835;8937;25718;24914;13161;31634;24190;24439;2946;13801;14540;16585;29205;20702;12586;23614;28999;16588;29201;23482;20356;9795;32353;18667;30927;25098;1364;24945;4694;10852;12981;30275;27722;1427;20301;23118;17901;19867;17823;9311;6125;8520;24277;18498;22768;26226;19449;19244;28784;16768;20328;5974;19401;9771;6788;13035;18832;25989;13226;24100;28455;23865;30820;23729;7310;11284;4063;28252;12924;4036;24991;15081;24239;20448;25713;13632;640;23081;22945;14798;26554;29712;18542;27688;14252;9592;19899;6129;26749;16572;5127;6399;5312;11252;1951;3769;29000;
20340;6930;24259;21822;19862;12262;19166;2160;26554;30601;7689;19436;13450;24714;13548;20686;2947;25609;25975;4438;18865;18285;2503;16446;21433;9813;12873;16970;31005;22736;17185;26144;7356;2512;205;20058;18072;4572;20485;16858;732;27142;11494;22109;12830;19229;7504;10579;12001;19747;8845;6895;27742;6913;28211;16250;29316;3706;24139;31468;23357;18526;1202;31421;13555;6400;15808;505;28243;19689;6696;15251;12112;12750;8223;1787;17259;26560;10177;29426;31026;21155;22192;23198;6919;16353;32510;22745;25891;5216;25933;1487;7387;5809;12852;13000;11553;10634;4837;6210;
27725;2678;19725;10819;28446;26827;18940;1773;3323;26844;23814;13139;31103;26481;18729;6795;5941;4468;18928;773;26528;9197;9110;28186;15487;26673;32367;5608;3662;16469;4484;32094;7184;22505;24701;18067;14412;19683;4293;17244;26454;25818;6632;29725;13007;8821;21824;26847;22127;20258;12496;14499;10754;19723;2416;758;27825;17734;28715;12230;21891;1611;24293;24948;3364;9900;8256;19754;29924;16384;28353;28015;24322;22048;3887;17145;7211;16023;27196;6082;574;7251;26984;30814;20562;17313;6945;22411;5114;6744;25135;4106;29640;18515;13391;14509;783;19493;11294;32434;
749;18441;29241;31311;13449;6936;16803;12686;8346;6847;2919;15707;30761;111;32126;17627;29335;24470;28914;17152;19681;14287;836;19035;20003;30549;24332;15153;30043;446;30687;8144;13424;3814;15733;8995;23667;30249;2571;21893;7972;14805;20487;13267;18872;26334;19163;9413;7385;7380;14123;24702;26095;21011;22066;30305;15774;10298;16482;25895;3983;25822;19274;31022;20340;25215;1725;25876;32582;3514;5425;18565;27345;17089;25445;6481;15475;7945;839;8898;20257;6978;11796;3884;25002;396;12737;12229;3904;5096;19866;30391;12596;30444;16937;22388;3585;13500;6233;330;
31116;27701;25563;10295;19114;107;1225;20478;18915;23638;11401;19834;32118;7880;10741;29235;30364;17058;16568;5679;1041;5960;4091;29707;28113;7506;19522;2890;7711;7045;20624;31980;23500;1;19154;5698;31158;25019;1914;32258;8079;13870;8299;14231;4064;3918;4885;28858;3917;30142;481;19782;20762;13122;9423;9544;3310;8567;11613;26966;8663;20674;8620;8483;27279;7046;29406;14416;9982;31130;21186;3460;7935;10234;3251;30654;25191;30908;26045;13802;19012;24390;18434;31923;8034;3263;15708;5785;2580;12483;32068;19011;12080;12891;4595;31510;7772;29996;22726;14342;
30088;32494;25063;11436;23996;4384;29482;10393;17684;2810;12853;12523;31241;10148;14820;20510;3057;27813;7916;6180;5321;23710;10174;2743;20531;16952;15278;23534;9147;10075;19796;17166;31838;19617;17458;19875;9549;13578;10648;26832;31726;6641;7365;5348;9508;23358;21071;30509;10192;16350;8901;15889;4248;6768;27794;2906;743;9793;19748;22738;23348;12411;30030;2832;18056;24985;7403;9873;29498;15134;22981;23307;16125;7559;23989;22781;1566;27262;24587;9611;30726;5968;13871;24713;5382;17313;24457;12502;14676;10335;2207;19179;22864;29428;18813;17843;21260;24768;9050;12702;
30988;11974;376;9713;14922;12709;16716;14432;2941;10699;1503;4830;30107;10213;23156;7092;28061;5529;26731;25552;22914;13944;17509;20320;26262;13614;5801;11424;5364;4348;8903;11504;7242;32617;29307;29738;3548;5684;10195;12850;22476;20876;14996;31439;3480;19075;9435;20409;6628;12737;17152;4339;15738;25205;27327;18266;32655;8594;32154;32127;29512;23863;31353;6834;30332;110;21140;29791;19900;12058;1426;2462;16784;32299;18674;7429;8452;31764;16043;8384;19811;7551;32527;10468;13123;25151;31221;22529;21697;18054;29463;31223;18702;21592;7609;16650;21803;26943;7052;22840;
496;1089;25297;17865;21331;12303;20417;15657;1255;23935;25901;30451;28579;16956;98;8270;31973;4028;1103;27260;19126;5747;16362;26544;25936;10567;5071;10784;14814;21827;6954;22876;9858;16783;23512;12766;19356;19360;16841;8930;586;13228;27049;32376;7211;28001;32447;28631;20585;26838;12309;11252;31222;26562;217;4179;2837;13036;30723;9245;23069;17378;29496;12148;11129;14062;8430;23811;7412;6470;26066;6617;22068;26499;12646;10103;8835;20564;1519;5159;22486;3956;14222;3472;12039;29913;9901;16776;29030;27695;31132;16681;8048;6276;6524;6695;29918;22597;30301;6752;
28130;17769;22179;29109;12717;1516;13742;9753;1588;127;30138;3559;12596;18814;26883;17529;27251;23586;30253;19702;17226;29688;23524;22379;10080;6801;22464;23582;23224;15739;13419;287;6382;24689;773;32287;14781;16335;967;29317;32453;30537;487;25023;28299;219;9916;18902;24770;8195;2083;2118;8137;3375;30241;268;17268;30065;19402;15360;10511;8826;18273;27749;11424;24262;11712;5823;1901;27156;15610;18660;30654;4633;12864;6230;5604;17269;26369;23248;31354;9958;18773;19743;6635;7868;13212;7219;31029;14477;26466;1142;8172;26409;12167;31581;27521;6352;28060;5948;
10180;32163;5775;10590;4264;4697;25227;15957;8518;17203;13338;30863;21541;15154;31373;31018;14521;13191;5021;19209;553;22347;28754;1064;29526;3952;292;4396;19480;19192;11617;24383;7114;5988;22990;22554;7434;7536;17041;25699;32442;22013;11342;26682;15946;2895;12433;28175;30522;31352;10604;29622;19418;10516;97;3517;19285;17207;25729;21757;30957;5540;11222;21103;22664;30784;25599;23873;9324;15558;22042;7977;4167;30139;487;13050;15730;10661;21545;4469;17526;18040;7248;16481;30672;26961;1366;30686;17393;20070;5607;12790;20617;32061;31684;22645;18181;1309;9833;1274;
25174;24003;29934;1871;11253;16469;31531;9718;2596;3228;8735;19716;886;3693;10131;7987;23441;14184;16634;7474;27955;8422;26012;22335;25971;27180;1011;23800;17482;18149;9813;24430;18001;20943;19156;14716;7116;30644;29283;21079;4328;3740;11066;3685;2881;27969;6779;16979;167;5827;18709;23650;19234;20125;14312;14337;32307;10456;32555;20385;8541;27262;32011;16581;29668;20050;22421;22104;7637;446;21974;3396;29254;28173;21569;18240;9951;8666;22609;8169;9370;28360;1903;6165;21958;3956;1301;2916;5458;27048;31796;9240;9032;16594;22483;16678;17048;27828;28409;652;
25623;26716;10190;28646;711;19799;22013;27964;5465;3874;22620;29215;14576;2785;14799;14068;31016;16211;22890;19599;22871;16646;24021;20996;787;16071;30709;15545;15860;10845;14536;26304;5274;22903;32401;22372;19186;13026;15670;31234;2486;15359;9702;14107;25395;6773;29182;9126;5455;24099;21806;15019;11466;10073;23256;21773;28100;32071;12984;21416;9600;26805;12490;12187;18791;9973;1128;25831;1872;2326;27315;27450;11006;21339;24629;12549;31978;12523;5573;19668;32323;4042;11434;22751;9780;30984;32259;11484;1125;14649;29030;27160;27844;27941;9927;3526;4229;18112;30619;32151;
10343;7772;4926;17035;5178;9245;14994;26118;5022;17837;24298;9510;31757;7218;10278;28244;4124;30333;9759;23833;23549;21380;12613;10291;15177;24851;16006;13801;27644;21182;10866;19099;21186;9498;16285;1437;21617;8493;31813;8262;26838;13346;23349;9027;19124;28481;9193;1585;26890;17439;1523;28012;32149;20754;926;31265;27798;20968;28624;24747;20949;2265;821;14620;24294;13241;19609;15897;28331;24947;150;28140;29210;15282;27760;16852;6720;6369;4157;28575;25478;27222;9289;27003;26164;23242;3512;4106;4147;12557;1645;19124;11287;19191;31787;31297;22877;17570;27386;31143;
23024;8150;14029;8480;22770;32709;18529;32640;3770;19705;29032;15814;26137;21898;23527;24817;1762;15764;2269;24085;27049;21480;8741;13485;22730;7938;9117;819;686;13884;8072;18926;329;15169;8753;20492;31463;1987;30930;24304;16425;25457;24499;18381;2890;22051;23446;26484;17575;27224;16979;7274;28799;29667;14016;25406;10743;12001;7123;3353;20321;19182;17163;17559;17341;13977;23051;21717;27008;16149;23433;26316;14997;22577;1894;10461;8610;8329;9758;5292;30860;30206;7011;18226;20541;11877;3077;7950;26021;18556;6933;5404;26622;10530;586;841;29781;14535;2467;19878;
27206;29985;8782;8635;32263;19232;10441;16413;11176;19749;4679;1091;28568;6511;2389;7829;26732;1237;15805;13510;17884;23995;27563;23652;10510;23359;24078;9133;23064;3251;28737;7333;30400;23888;21227;7781;32389;40;6180;12470;24548;22621;19161;21982;27348;12689;5489;9914;19603;23709;15280;29965;30884;1158;27612;26648;8985;20397;11039;18283;12302;8517;24877;26618;15478;3850;18214;28531;9242;24368;15806;25039;10462;8858;20123;11560;8006;16205;23807;10186;17466;32548;18854;13452;8198;30405;3570;353;6821;22739;4677;5162;9535;2406;17326;6606;7408;1464;11465;11149;
19147;29729;5600;32401;9503;28741;28758;12742;13816;26508;4422;11756;19177;6610;32615;19435;21001;4704;22579;13670;2108;11547;4168;13202;23732;31740;4878;24649;11703;8384;1434;27994;17058;28385;12498;30244;10030;27076;22226;3939;19442;29492;30607;2377;4137;15887;18618;6097;6326;22847;25832;21840;6245;26348;30191;21324;28020;21488;24211;11666;14418;9100;10082;21379;20390;9049;13020;31663;13715;7041;31959;30117;29242;20270;26914;19976;30593;24899;25961;30950;29203;29003;25176;30278;11177;1198;26627;9472;25223;4139;18822;14290;14921;13698;15336;175;10719;2417;21574;1626;
2775;30178;12589;6196;11738;3171;21319;21587;6266;23766;26938;21459;20523;9322;4813;29041;22158;26826;24397;24149;15094;21396;2863;31024;25893;25100;16630;7047;32086;15634;24919;20815;5505;19793;5787;11961;30682;24506;14150;14415;16026;28209;15350;4416;6403;24709;19597;25592;24990;22950;10386;14580;27080;25874;28373;12245;7788;6289;2130;20147;27154;32290;14936;23475;30745;23093;9195;29916;15680;8730;10854;23078;26988;14010;6501;7636;9893;14213;31201;12036;18785;427;25757;29317;22021;12175;21441;24040;32681;11385;14277;18650;1051;12426;21393;26801;2343;14582;9187;10820;
24342;20589;22000;24064;19573;15322;4430;27192;18200;24400;6417;30653;15966;28481;2101;19631;23221;16882;11580;18834;22113;21803;18711;15524;21370;23603;13642;32622;21300;27132;13644;4762;12900;2970;30508;11268;20287;26361;1914;27412;15460;12752;15461;10058;9501;5329;23585;3354;18145;20259;652;31995;9246;11793;2576;24763;21558;11524;31691;27413;5319;20910;19181;30085;48;6281;24418;28763;3409;1408;13234;6415;15506;11499;2597;27348;5670;18625;32042;32111;23953;11785;28409;17994;7783;13970;7288;28612;30295;29412;22363;15052;16489;14454;11152;7854;1412;24610;29658;6956;
22067;18645;8636;28881;29096;29323;15512;13186;24066;17787;23576;27478;21963;22926;8653;14248;11973;21014;30230;10346;7654;8637;3140;16827;31905;19131;29179;23996;29543;28493;11739;24736;11630;18018;12640;29443;31153;18583;8711;13949;32056;10597;15795;10358;23193;28825;24142;10044;29375;18437;24755;19794;8938;20854;29388;5900;9207;6374;3319;1624;28386;30450;6831;14559;19081;30606;5736;9293;26290;6391;7354;27884;10320;30441;15042;2680;2818;13843;31686;12079;15325;17352;31255;9511;20843;15863;30524;5604;17651;5981;16204;28714;4347;19449;23452;24592;6412;14784;22682;3414;
16053;29075;8953;5112;18386;5230;16399;27395;31247;4322;25979;11688;4007;21701;13322;31375;26994;18216;6620;23918;8734;7817;8130;30425;26300;26442;9707;22108;14463;20066;21440;15047;31681;1107;16140;11465;30791;19548;3680;10176;11974;3055;6838;17616;10150;28261;21588;7218;7941;28913;28403;20687;12799;27346;6433;31246;28973;26061;17124;24554;31851;23259;14240;15687;3039;10015;3898;31878;2615;19738;14974;8791;9265;22050;11966;23246;29025;26640;29884;23738;6703;25402;7883;5938;7967;7329;27184;23920;9557;2155;4046;1251;27736;26771;2051;10623;20758;21471;17869;3160;
552;10514;11569;16495;18776;16995;18653;6603;3680;32047;780;4812;30453;27115;26026;7101;18436;14428;9656;2216;27708;13322;32243;4462;17356;25842;7344;6166;8558;10363;10507;10598;6308;22187;9024;27568;321;18331;9305;28655;21548;19752;16650;6419;17761;29932;5081;3480;16184;9837;12929;26461;8938;29075;4761;5556;29265;8544;8561;9653;18159;26331;4925;25817;14898;12365;11637;4548;8950;176;4219;3937;19532;23397;17535;20020;2426;6181;3488;24556;19267;13114;19283;26936;6760;28143;26377;26076;7022;21317;5644;29444;32674;29927;29354;5080;1883;29792;12438;9296;
31103;11404;28811;28234;13384;3916;30514;5338;15176;2942;19270;18913;26283;3885;32502;481;6077;31236;10379;6671;5804;5129;20042;9386;32142;23688;18844;20364;21669;17740;25964;6399;17378;11797;15313;18129;32169;13383;5869;21419;18132;10976;22805;18078;16378;20140;12337;10495;21489;2748;6246;3701;28561;24852;29171;25424;26299;19364;11865;29980;10906;10618;22719;26998;13609;3125;32148;5919;19958;31165;13686;30031;3109;30257;22355;5452;14775;27169;5582;23098;31757;14590;3044;25397;26023;7118;31951;23453;21810;5156;19242;9649;17858;2896;27479;4960;29788;29139;21790;8539;
32439;29462;14486;26735;24387;4443;31305;14610;27243;15859;14995;5436;12567;16817;27723;31864;27766;2464;16037;15930;22266;11249;24151;18035;5796;14647;20987;6243;7297;11735;30133;27566;7541;6073;23061;8115;2103;17476;2623;31001;7325;2698;32073;23978;2074;1471;14052;613;11141;21488;23359;16334;28187;11505;14888;137;16840;26008;5493;32295;15522;13096;9890;16448;27574;17168;10171;4546;17160;31446;25468;24712;20181;29774;4280;15151;2587;2575;31991;24869;32348;2087;19043;6402;4254;21774;17637;16668;8118;9945;4747;20053;22470;6320;17197;11576;24325;13442;848;14661;
16318;17655;30282;16008;13212;935;31655;14705;13348;30601;25548;18655;29827;6062;22490;1662;10378;1583;30933;14675;15607;30564;31238;5781;25846;6486;15005;1215;8423;3959;8859;5347;8802;22161;18159;9793;12664;9469;6367;26648;30524;6933;9386;11708;20867;22507;9068;18665;5095;17980;25665;24151;23058;13727;20653;26766;20281;5122;4156;23804;3814;23383;3941;10053;763;1931;28084;28378;25332;10424;5929;23245;14444;26011;3291;18404;3298;584;8416;9452;9406;16156;10609;26959;27535;9204;28490;23017;30103;2972;23376;4120;14985;907;10102;30482;28049;21453;5857;13180;
5781;17216;31051;10552;20667;27651;32165;4990;21035;13356;6144;25390;8470;16057;32429;22372;6647;26826;675;1101;11032;9997;18210;15418;26968;22393;7318;3827;25133;23359;702;21326;20197;3325;5645;28416;3377;26421;27729;20658;227;28415;9362;20568;17143;14074;11837;27070;16848;3720;2946;1379;14021;12603;4858;17291;5340;2698;29837;32144;21717;25033;1427;29049;17003;600;6201;19405;11990;13338;25126;938;11412;6184;13919;15633;14441;15815;5736;9604;29605;920;24237;32467;21413;6415;4640;19507;27292;13350;2338;21904;11668;20307;1959;29988;23471;951;32405;25417;
27315;21400;31854;29835;7365;30993;4399;32258;9077;3336;10616;21471;29691;6753;9452;5700;12480;29041;11227;16473;19489;20406;2079;11676;18543;12229;1347;2424;14650;21891;7147;23834;27087;27288;27759;12160;19711;16161;19658;27602;6690;677;28083;502;15196;2379;23305;30047;28959;29002;23412;20005;20209;15520;29514;8283;30064;13063;3759;7581;11667;8229;5889;25832;18738;16899;30579;1198;27849;31680;21751;25386;9849;8327;32098;242;30287;27326;20938;18891;11209;29568;12339;26560;15510;15950;8299;19574;30878;11521;18483;25786;16194;28675;27295;10844;6629;18111;30400;2112;
24491;9302;27008;17586;18048;3220;1740;26106;1373;15650;11769;17712;27590;30461;19808;17234;4760;31782;14668;21652;2561;5532;27159;22007;10448;13703;25999;24861;24815;2486;22430;4700;15661;4683;7723;29969;27713;4277;19515;2615;32012;25311;26716;7480;12319;7847;27203;23298;637;402;15284;24414;21922;2238;16546;11389;22724;17688;10904;16596;5976;16334;6999;16171;20696;776;23233;23792;32196;6867;9205;2768;9703;8797;19900;2953;27611;12648;21028;27897;29135;15865;31082;6011;31624;18000;11293;26484;29094;22301;12417;1321;10793;16881;22322;28372;6707;6131;23305;26870;
21775;15572;30787;18670;31859;9733;32480;19915;1538;6695;25674;31583;31253;1219;6199;11156;4027;12859;8400;18948;18943;2048;16915;28099;31337;3334;13430;17791;19655;22133;11981;2508;16428;11426;18285;27065;12602;31805;28818;9639;22941;26572;5118;19547;26840;3415;4579;20049;6724;21605;9987;23379;27733;22568;32278;15947;23840;16885;28780;11094;20506;10231;14803;13337;291;17443;9147;22104;10435;5998;27544;22724;13747;19774;26760;27157;16287;29471;13366;13913;5930;22712;23294;26252;5939;11261;22354;15976;6998;9638;23644;19582;16310;23007;13284;24710;19962;321;13173;15348;
31638;19969;3259;12492;23884;8551;32048;8886;13298;13698;8440;7765;30325;3867;27912;31445;15646;19431;5262;14787;29204;8448;23949;6434;27427;7574;10440;3003;20667;1506;12514;2996;30268;23132;17603;31588;1904;24366;318;2150;12121;14312;19952;17644;7214;27509;8555;27478;1184;25678;20628;4;4705;16621;27977;17768;21991;2181;30791;13919;10094;6128;27211;31425;6460;23273;22648;2614;24360;9595;14329;29004;20317;16825;1255;27847;24668;1456;20589;20281;18496;1434;31274;25810;8518;13909;6358;18808;14220;5139;22057;25882;25625;8530;16888;578;6430;21007;24738;13034;
891;14134;30890;30609;25989;32350;25509;23694;3847;6579;26199;419;5767;9267;21529;16341;14282;22046;381;24955;31642;7591;18997;8342;3270;12272;11825;24416;24171;9781;18952;20264;1906;31560;11929;31068;30554;32061;23538;24296;26679;1894;25457;8638;12795;6274;29992;27830;25333;6449;23686;3481;16791;26283;12340;30072;7036;30130;14654;4931;1450;8645;21875;15511;29204;31895;22798;6358;15971;12735;13206;17021;8181;21169;23554;4786;4390;7917;18465;19229;9167;7286;29497;4601;23821;5254;14319;29803;32324;18560;358;25362;24419;29478;6059;23775;15977;27148;2897;15399;
10280;29516;1112;23030;24136;9084;30804;31655;24208;22493;3018;16049;28513;8405;8926;30404;21891;12448;25899;12821;5925;8770;14579;22518;28702;11456;31096;5545;23417;5775;27817;3446;22065;32077;15361;31739;16185;17839;29869;18372;30911;18363;21229;12059;11954;2871;23740;2081;26242;10337;4019;18206;15399;8416;9771;16150;28772;17659;14242;20637;11341;30985;14432;31467;7687;28456;7257;819;21199;10546;8534;9777;29245;22253;1104;2051;16074;25730;9756;22073;32657;19761;25422;20527;14162;1602;9047;10651;19644;5695;25328;31586;2028;11360;15804;14000;2353;19527;15144;20039;
7442;25069;25239;2583;4498;20957;23228;14607;28850;22944;6214;13620;17464;21624;24515;28144;18095;14417;7870;27820;9647;24308;24619;1953;14686;28542;24582;14058;21815;31760;566;16350;5642;10185;12471;10910;20804;26865;25848;13802;2417;15223;24706;15673;3071;22430;22747;17672;7237;16627;6826;8562;20420;16770;26651;27393;32684;9545;5765;13764;29602;18925;12107;16033;10688;22188;6144;749;24541;12435;1486;30266;16911;32497;16408;19056;25199;21515;30302;32288;24092;19985;11617;9492;21379;17489;1928;7979;3549;21675;27779;12644;2552;25925;21550;13624;14395;28288;14520;21037;
8165;8490;29700;30120;18325;15605;3151;32002;1807;11047;13332;17887;9789;12692;300;6331;28020;20937;7994;8646;2809;10379;326;27634;29124;24960;22184;4682;5507;4907;18216;7045;10210;5918;14947;13275;15114;12906;11889;14615;28007;8795;25028;19694;687;24930;21587;24975;3616;14419;25592;29819;4617;28624;2071;27543;14475;13829;28801;18559;2465;3223;2968;9758;16990;21206;14259;13436;12662;16442;9156;9942;15616;25357;9016;18420;30074;30565;31006;10423;23054;10837;24204;7410;12819;7524;18494;31354;8151;15934;12161;20097;20636;18090;25167;32031;28128;30908;7868;32562;
13282;27468;32145;12904;20833;31399;28726;28570;29863;12675;21973;23388;10694;15929;27580;9426;28194;18478;7427;9925;7471;14738;30063;7925;6780;20814;15255;28593;23793;4407;30277;8102;16213;23688;24863;3061;14866;23183;5255;136;27197;29094;25791;10917;2513;28261;15441;6595;15675;11030;30126;17053;23068;19305;30741;14470;2890;24682;7094;4348;30232;2223;6424;9599;17623;24790;1976;10148;15004;22575;12275;15205;13380;15797;13349;3003;15030;6467;21779;3439;2664;9476;21894;25644;13349;31532;16697;7642;15117;19429;6901;14375;21469;12172;13819;9318;10608;26910;16034;15773;
19078;11501;13889;25817;9413;16280;26191;14277;12541;313;3785;5499;13488;14560;21460;26010;15570;13377;11940;21913;13773;4009;26012;91;17608;14903;20407;13315;17961;2632;26406;18953;5464;30259;28475;17806;454;17719;12677;11244;5423;19633;5693;19346;3868;3474;7136;25871;14763;17937;29214;27244;31634;19357;15347;18623;19298;16662;15636;28669;26633;32060;30348;3344;31387;13672;30375;10793;1362;16506;24591;10584;17363;1554;27701;19802;24754;28163;27890;17586;9273;25604;4463;27387;101;17321;29250;13436;7730;16530;10457;30717;20504;7907;30236;2777;3542;20467;15438;25429;
23918;18249;20532;13616;19825;7108;25978;15483;25724;18713;6738;10923;10755;9603;26206;27117;11341;24501;28880;10937;10176;6420;4560;28586;13151;28707;798;2957;5777;3902;1016;17848;11300;5004;29758;6301;30353;24623;10964;16030;18818;12733;2888;291;11409;1524;7860;32234;23379;11177;13286;22175;1685;3842;19135;32429;15077;5605;20185;6995;4181;8368;25964;10746;1915;811;21107;24774;14268;2491;14602;32107;13003;24280;15131;30274;16748;25792;15417;16796;23934;22381;19404;10070;3384;19141;31343;20653;947;22802;7830;2644;10920;5553;19572;27844;31100;6158;1308;24276;
15737;13008;24806;9865;14175;11088;14612;31791;12827;1360;5301;21416;30422;14058;23754;20485;16945;22726;7080;5459;7887;9872;19357;27831;18709;25513;30934;28350;45;30749;14976;10222;26705;22998;18222;27553;25158;5647;10363;18707;31782;3851;20976;22201;24419;16902;7976;18388;24585;10604;32049;71;4419;3913;17206;6821;801;25600;32347;5263;3480;27969;13545;5437;19659;24885;25771;602;12936;16891;16536;22293;20758;3416;29105;29045;17198;5290;24365;18924;21831;4382;16852;18736;21527;18467;1705;12358;9302;21535;17611;18143;1989;25952;19101;17384;13167;3925;1573;9309;
6958;30206;19634;25694;5746;28577;17858;20100;16958;28351;32034;21877;17523;18502;24663;11190;21585;10760;11069;3521;11323;21868;2030;29272;18618;29283;26085;5400;6341;3742;19556;3921;832;7423;11282;29461;26050;2381;29673;7311;28827;13355;27983;11670;1046;27467;9091;26498;29435;12767;23099;22335;20056;27984;22412;1952;7809;18995;1289;11765;11606;28025;11311;1247;17860;17893;20993;18787;3215;4548;30191;3646;22094;27864;14332;22904;7863;31381;10784;16444;1308;144;20715;29927;29238;1332;5996;31583;19234;18102;14929;30630;21929;7756;28239;19119;12740;9114;17861;29040;
3167;9325;6556;23096;28510;17580;31089;9283;21214;23180;26358;32140;21437;23298;24725;4834;13148;27262;32599;17982;1187;26070;11269;8020;10822;30592;12173;10856;2631;3333;8870;14691;6845;16562;183;15142;11219;2961;25077;7454;4883;21400;8396;27416;7141;10783;28289;8535;24914;20120;6933;25828;29966;18810;5228;5670;30646;13182;24751;29106;1622;32014;6126;13156;8494;18938;8458;28591;28598;13678;13778;5937;1503;4641;29292;22667;3740;31438;29687;21615;32673;18152;19054;22523;14954;14218;16847;4421;16000;28845;18045;29239;20728;4765;26851;13725;15676;1966;17499;14972;
4878;23082;19790;10661;1481;9871;19100;6539;20714;32247;32318;9298;17872;19672;16682;9256;26304;6637;5750;2520;13100;12660;31169;412;2357;4250;27855;23091;16494;9524;2163;25140;25059;13743;5298;12194;8538;1354;27685;1472;31704;2178;11935;19751;8039;15822;1808;21013;23;32397;2217;15624;15939;23613;26433;31116;16917;24045;3832;32593;12364;12789;24346;12672;7229;10212;3142;18511;6936;1722;28111;30932;7277;4952;14946;20246;11247;23348;30697;28266;119;5969;8880;11261;31820;15215;20422;14253;673;1407;20135;18205;18015;8537;3607;30472;30245;13489;18513;22229;
27021;26439;14945;21100;13234;15199;27343;28233;16111;19057;17277;2510;21993;14881;722;7134;15823;32113;18456;7591;17888;13878;16163;6079;28718;19145;12084;1395;6050;1022;28957;604;14145;18266;4261;30259;13997;16768;7469;13029;24559;5357;28052;14570;25203;24805;23385;5587;1876;13485;14591;4387;31451;17147;1974;7008;20290;27051;12343;13162;7357;25011;17136;13835;25275;11097;865;19406;3688;2724;17094;26901;19063;10256;19958;5222;31776;10629;29323;26374;4452;22410;24387;31689;1176;8887;25510;16424;14625;7528;21225;23444;5501;15801;3603;8458;32387;31662;31070;16104;
6123;8113;24800;8447;28176;21826;4202;14569;27893;21994;8881;8348;18566;16496;19371;19264;14881;28752;8764;14398;14165;26985;11538;23706;1514;11254;14030;13954;20769;1215;11620;16167;9276;11665;4292;11979;28225;20971;13498;18203;29436;19450;23058;6080;19779;11719;25345;28977;26238;27312;9920;31179;1894;13589;10362;6435;26124;25683;13672;11675;21789;30454;11835;16435;30821;1322;32698;10914;8851;14195;3756;25510;16444;5534;6904;26008;29730;16888;24075;25411;18613;29885;26746;16118;6874;19411;744;30680;8684;17080;5675;380;14592;26298;24234;14773;19822;7014;28425;28844;
5773;834;17929;14127;31421;24767;31657;26444;17835;873;18834;6943;5072;5473;29361;1512;5947;23821;20006;25440;6545;18190;31069;29006;24402;19570;30074;10069;20573;2347;13307;8464;2487;5824;22168;28257;15496;32579;9838;15877;32358;23683;1629;5740;28374;30594;25775;4296;22032;31786;28666;19045;8451;5435;4935;56;24217;1160;32115;2234;8764;2915;14294;8183;28569;14166;4131;14817;5028;26388;22927;20203;3804;7086;18742;22227;29904;27146;29114;26047;25826;8338;8749;8076;75;29993;11313;30051;351;20323;21853;24973;22546;757;30691;5512;28604;3690;5744;20058;
537;12824;26452;17189;7060;29523;6883;25084;13509;24544;24859;20213;1336;9644;29319;22911;29552;21182;8290;23542;17963;20843;12288;14709;31464;29897;1386;28140;26023;10598;24905;25714;32240;7737;13829;2012;32022;31192;22573;16782;12733;28652;3610;23185;11418;19170;17103;29414;10874;15844;24612;794;24454;4872;5156;7195;1989;2503;1459;22858;24802;31152;15476;14545;28976;3421;16361;20023;16363;10663;12764;818;25281;21782;26622;23228;1168;13211;18639;27240;18802;27266;28605;32247;13303;162;23696;6438;28593;3799;12805;19403;9462;21682;18361;3104;14817;1390;4937;2911;
9370;24870;11448;14479;13015;28230;29201;26013;27299;26432;3661;17070;26719;12416;26486;9140;24070;27297;14349;17471;6069;29921;22442;32151;10602;29650;30434;8967;10763;12371;21101;30843;8107;25279;8584;30542;266;15972;17305;21853;28762;20791;28946;608;4937;3013;29591;3962;11323;1389;10595;13582;22743;20685;22504;27349;6598;29818;4533;17965;1975;23540;13213;4788;22951;21721;15638;22806;8287;27736;2015;18467;23358;16617;8934;13349;19000;7227;21608;8304;8479;26990;1882;1850;33;23427;10248;21421;21907;22545;13308;16955;3309;31289;289;6962;12053;16859;40;31632;
22496;17162;32299;8216;9430;27070;10640;26277;309;9673;24113;31167;29497;4877;31929;23148;20123;29163;20817;15432;28759;1023;19837;26584;26547;8458;6464;5916;12413;6191;16263;99;25236;12643;31173;867;31402;25375;24282;11401;8263;4183;31033;654;3345;25264;2122;21067;31052;5358;28941;27854;12701;16811;8705;2989;14867;2639;28228;20378;8807;10812;9211;3384;28547;19017;25076;23598;15938;10354;28810;7289;887;26574;8649;26118;3376;7361;31955;5760;10556;26994;14466;29031;5354;15999;18767;1634;6676;5104;1651;20950;32092;11882;10828;19383;8630;17573;12801;22686;
1319;6432;24681;20764;31436;23572;26665;4943;17949;27046;285;21170;31603;14432;27898;6713;18888;3042;12081;13470;4542;16341;31766;28405;28131;16161;9025;27015;4148;31584;31028;27357;6368;30866;1087;26907;19022;16658;28833;15760;15968;21961;4080;13962;250;28321;26555;31599;13246;7996;4973;30473;7962;13287;32116;15394;21637;23241;13219;6225;17925;28000;23253;18707;30453;28207;1492;1821;10757;3760;29561;23537;12418;20880;30740;30128;16088;7451;5645;27951;27221;20982;2508;12876;13359;14860;19671;4739;17865;25546;21562;3516;16946;15759;3628;28007;20718;1374;25327;20939;
17914;24791;15608;10651;2826;12645;23632;18379;11797;30904;31034;2977;14611;24950;31254;20239;14086;16429;16517;3904;2615;8333;20942;881;30658;13012;24193;5634;3156;11657;27994;29645;15924;30573;11623;9654;28800;11695;13165;26755;15290;23135;9865;14063;8067;28453;8211;14841;421;22579;17095;4994;7767;15224;19751;14103;19901;14358;11035;17676;17071;14871;19163;7114;9915;13915;14606;4969;14189;25301;18484;6018;18637;16120;18241;4926;20778;107;2954;25523;25110;14340;20965;17521;12978;17140;15116;27223;7980;23615;26435;16556;16773;25200;30011;31851;1944;9610;26677;31197;
27224;20801;14698;6253;10841;18282;6315;2233;13714;32433;8261;16613;6753;14730;39;2868;11215;10602;25671;25305;15126;21046;6721;4874;2656;16892;14913;19543;23762;28897;22308;9274;18377;23898;31194;13039;10595;14495;27663;17285;26690;14173;5642;18998;24716;23211;29653;5364;8758;17728;26014;27204;25731;28899;24413;2639;21191;22562;15287;17974;5745;26695;13858;8615;16968;20360;20555;12974;757;31614;9909;13261;14530;23513;30882;31822;24225;15697;26422;21208;25200;20704;12250;20033;21115;13102;26079;14499;1091;2125;28515;10418;6270;32678;18809;17740;94;21555;22404;26450;
26646;7407;16868;3511;10907;395;10197;22486;12967;10083;10387;31241;27908;27312;1987;24695;12295;14335;28942;29741;15451;6626;7951;13937;15103;20197;26991;9810;23698;31683;32334;9348;32207;19930;19173;18795;30036;8669;22378;24950;28327;713;6708;942;30330;5402;1568;30351;7214;16958;22579;22294;19607;14410;26753;13851;18943;4588;589;8161;25965;15008;1905;16876;23847;25383;25345;8978;1141;6710;3883;8661;6312;23915;12897;11504;26459;13956;6075;27184;10745;14547;1686;16261;14975;29421;15746;29273;1411;10403;5211;20768;23926;26931;2485;6961;4902;21951;16253;6868;
30598;11261;10974;9628;10930;26929;31586;30455;23598;6488;32090;6403;24686;9894;31615;20387;16284;15667;25561;14803;8597;5874;13280;7480;15157;17378;28642;4091;8404;17032;10660;29912;8720;31900;23116;32114;4813;31747;4990;9962;9595;27645;19398;25775;15000;15008;18998;28056;18805;28293;30032;24368;17980;1217;2342;11089;10546;27414;30911;1012;31546;27243;32445;14663;2971;5498;8509;15872;13058;4041;11519;17905;18379;16603;27591;13021;10108;18343;6658;17291;31122;16969;24493;14616;3969;15864;20595;26257;1526;25400;14101;24258;2911;12880;12303;13384;28589;25599;22393;32750;
24920;17003;3627;8502;31652;3674;6692;27957;2596;17572;9773;16292;9596;22505;25785;8757;3434;12927;23056;32291;25608;5294;4524;3085;11851;8992;17123;30212;15824;14739;10439;24547;26584;21969;4427;18910;11665;12002;26535;350;14743;19584;15869;5133;22202;13003;6716;31020;17410;30270;2629;25901;2544;19426;17228;31614;13575;27073;20609;21155;6539;19358;5360;32391;1161;12259;9382;5396;32279;24795;14614;24833;221;7713;17595;14059;19156;14937;27134;8360;11086;16669;22873;21208;29239;14650;23229;8380;25754;22301;1585;25164;23142;13192;28605;131;26995;23178;19078;7166;
16832;18093;18234;453;7935;7281;12718;25193;29523;14841;4550;32591;12120;28421;21398;16971;19300;28960;15046;29552;30220;24603;9531;295;3050;28345;24819;3711;15518;940;6449;15300;275;26304;7899;23891;18180;20055;4128;5292;30142;24853;9053;32713;12327;32732;6466;29359;30719;27643;6705;28482;5734;7586;742;20317;28062;24218;25693;21794;6163;32050;15088;5519;30872;11133;8385;29010;8180;24250;32599;4063;11165;17172;1164;4287;451;6028;24230;26411;3728;1587;964;5081;26287;19612;2172;12566;29451;18577;18882;1301;2521;15621;28171;3719;6360;25418;435;16235;
17623;7300;12956;23080;8825;22366;28441;9433;27701;32251;27658;26344;22944;48;22088;25822;31727;19952;13123;20089;17335;22023;13545;21248;5112;23819;1226;20435;1626;16528;19066;19782;17590;31388;28983;15791;7128;31067;28876;12990;11140;7955;7605;32013;22454;32345;17540;27128;24366;9862;5252;5039;15148;5221;7579;30601;11385;6958;25973;18076;6566;22968;22494;9354;8856;4074;5744;18589;3397;26739;27503;13591;28600;2746;25585;30915;15195;2328;21826;11984;3445;32582;20870;12511;26866;29969;20384;12123;15715;22869;2643;9225;24389;10536;23207;21216;21894;5974;4495;19738;
8261;18446;5320;10891;23770;29914;17156;27954;27414;3284;25416;17166;30667;9496;9107;6706;4239;19829;27328;15132;9406;7528;429;23875;6078;3402;22429;27119;18567;28616;26075;24909;12898;8084;30369;5571;2800;13658;21303;12673;367;23030;7519;14937;825;2276;22513;2000;10637;22263;25283;24437;13458;4430;28107;11121;14233;18565;10120;32608;23203;7208;10909;24415;21795;23149;28352;32102;1541;18466;16594;24793;19694;9444;1615;11353;2246;16274;20457;30176;24436;12033;32624;25869;13032;753;1269;3004;26463;320;30511;11482;24290;17246;2846;25976;19984;18433;12013;27677;
19998;19738;19485;23137;20508;1543;29920;13495;21882;522;195;9355;4554;22266;23696;6285;22983;25656;4467;16204;919;16869;18267;4102;7245;12370;18083;21950;5810;7096;15602;28816;22341;2090;18784;16706;16768;31175;5082;29467;10845;11572;29639;6136;21529;13386;27115;19100;22328;19211;29068;19272;7369;30939;27860;19083;19947;20973;12407;22108;23696;27899;29334;7526;2433;24890;8418;31907;2979;24717;25092;2860;15480;16888;17981;6224;28136;4184;27465;20451;19778;29010;6026;30936;30590;30858;4194;531;8901;15125;12257;20856;307;14128;32160;2376;16603;25650;20204;14253;
19723;32447;12839;9363;13522;25919;10604;12730;23232;6286;30834;265;20973;13557;2483;21798;3132;30554;11981;24643;15841;8883;16424;30011;6689;22977;24537;20189;19801;16634;25542;24967;22594;31943;11019;27384;12403;24559;25245;13407;18984;24147;32045;15031;28481;6109;25168;12631;1934;4019;6364;4805;13897;25520;28821;13260;28900;6164;28425;3278;29446;19322;952;11611;13264;26379;18296;3585;16484;7922;19224;13414;8104;22287;14660;23957;9031;16368;20392;8854;18937;16381;29529;19265;5893;31986;25712;17235;772;6547;21752;26050;27111;31643;26378;4686;6715;11765;22070;16729;
27052;13102;20517;2552;29384;23595;16509;20042;24582;30487;5125;521;26631;27296;14090;16222;24347;4451;21249;7674;519;27044;3949;98;24070;27971;23043;19338;31245;9707;31244;15526;9555;20877;29452;20797;3857;11021;31393;30079;2950;11067;1453;27864;10815;22020;12471;10437;405;26602;1935;487;21367;30641;28721;1878;28522;24667;15596;22583;30157;1879;10692;15249;24674;21238;18708;27228;29706;25886;9080;16347;32720;28226;3817;17452;3369;11409;298;17694;25978;27502;24932;28994;4315;5921;7437;10565;12827;14540;1037;31612;25604;28320;12324;32193;31712;13392;31622;31102;
21820;4038;19145;7687;2795;30230;11777;11565;16718;31920;7466;22032;26067;10969;21446;12852;1980;32604;4038;6359;11810;32380;14254;15490;20281;23598;11253;18143;19669;5765;18346;26314;6701;5230;21598;1194;28383;7325;30013;4354;11061;14535;19838;8515;20903;22802;26110;20197;14753;19402;5671;3253;24454;23893;29719;26225;30196;13417;4094;24210;7242;15996;32456;24169;24167;16508;30717;27757;25013;24513;2789;7380;25447;14144;12015;28768;27646;19713;13139;5500;23570;31699;20983;16263;13903;9534;27024;2160;19134;16313;8969;4227;10053;5405;1576;20610;29042;17754;16751;20984;
3444;24936;10560;16842;13930;12929;12869;4367;27617;398;27407;6177;22679;29407;14589;28660;5765;18974;23648;30119;29725;10886;32732;11353;7889;10064;22290;28990;22228;14446;4219;13810;4132;26492;7831;13581;9416;18676;7240;21751;31830;5537;20600;11518;19641;30806;5378;24741;22577;25567;9424;17727;19611;1336;5441;1469;10227;9725;32461;14533;17943;4898;6379;7428;31694;23524;19762;28612;25352;31999;1471;4545;15464;19490;15064;28216;2559;14240;974;22594;18267;11880;12072;21088;25280;17463;9725;29783;23477;26124;7842;25406;10946;13021;25222;4053;22137;19592;11097;12056;
22963;13580;23412;8468;16156;3065;5493;14842;5618;16421;30505;8562;9225;2465;31664;15409;30995;16363;18651;21454;18206;24677;27609;28881;9310;22790;18707;6926;6701;27472;17236;29745;9552;15234;24109;24729;2940;24590;24472;12906;10776;1357;13531;2781;8773;31090;7855;26075;1564;13501;26786;971;27446;12785;12218;9640;1650;11015;31835;20310;13554;3620;13162;1078;5735;16073;8883;12792;7311;30537;11400;15792;13308;24193;22187;26412;27158;9667;16495;30341;13411;17171;17433;26613;15622;7062;18316;2536;22662;12871;38;16726;2257;12012;11749;26703;12673;20809;4558;31448;
24925;9363;9103;1525;21795;1831;19043;3335;6021;23164;7478;22872;25201;28502;28170;26613;9621;573;9369;27068;22051;23598;11323;2485;27601;27536;30987;28070;12069;26985;26693;9441;15599;24274;32755;31073;25367;7849;20937;22293;15000;1925;1357;15740;8909;8687;19771;28530;492;28367;19495;21834;28368;31268;11364;17692;10235;1528;28453;9568;31707;24980;14050;7612;1612;16624;4349;18971;26463;10349;678;9215;22361;16582;23804;5656;15359;10052;7284;28181;8977;3634;22399;8378;17941;16785;103;5171;31573;25613;32378;25768;14379;30767;25195;22289;2172;2515;14837;28236;
8067;3037;18113;22124;26064;15912;7306;6741;10384;12223;27263;22406;19982;12624;29673;25653;13178;19421;31757;7073;6122;4021;10580;17572;14494;20387;9129;18055;648;7269;29219;8219;32011;5215;23524;21765;20996;23441;20545;17754;5895;20423;6691;9068;15339;19727;25260;31715;17032;5744;18206;1039;9151;14041;1529;8828;1467;28248;1892;26055;10103;32652;17614;23985;9600;29021;21461;2674;31741;6378;6247;22096;27116;32707;25127;19823;6574;31321;30994;2027;12998;691;23906;31268;14558;11106;16050;8025;23562;16054;28260;12921;7761;24114;20800;26933;29290;13886;5213;25946;
14275;6684;10565;20574;14280;7197;19796;21816;2145;30229;8289;27765;30652;22028;3745;11913;25934;25398;4551;8291;11284;3878;3440;11844;543;1854;19135;18640;29007;23146;22340;22630;19807;9998;19235;31405;19233;25916;14962;15983;7435;8491;21986;20907;14579;14820;32418;21989;11031;30783;20864;20161;6752;4622;27986;24272;25064;28056;30868;18090;25529;14665;10834;23101;30936;11175;23113;24676;8834;32648;23625;4284;24757;130;10973;9139;20978;15268;9518;10465;66;10339;25637;6044;32631;24023;27344;19910;16564;10280;13831;28906;16175;4675;28495;25991;27190;14289;18174;20652;
28784;29545;14752;22469;20582;15620;17562;4789;21057;19634;19981;25637;20181;21900;17405;11291;26591;27882;14003;2254;5515;29142;29279;6585;11578;2240;23554;30958;17793;32627;5515;24237;7029;11591;11584;9013;23846;9112;23648;4826;32105;17016;6407;18520;29915;1441;32593;359;5154;7597;21954;8591;19318;10634;12518;22334;2913;9256;31284;5912;8898;23156;24120;24974;15896;32138;26098;1714;27645;9510;16249;23625;19185;22108;31203;6690;17497;25226;14441;20647;30919;12938;8391;11698;16764;21036;2274;930;27436;20451;10157;18093;3585;17598;19789;29816;9954;6298;26236;6628;
22004;22167;20267;27435;26209;9672;14443;8749;857;14895;9613;5892;15959;20968;17544;18142;19110;4772;9628;15628;4643;23385;5685;4694;1860;24120;8978;30354;22617;5856;1446;30837;26642;28881;191;32680;12098;12835;28773;11550;27618;32376;4357;5542;16729;1583;16847;2748;11771;13786;18012;26021;31183;31218;19348;2235;661;27338;13263;2821;2311;29890;28218;16906;25440;20669;23933;7655;14619;24789;4506;2976;11261;17741;22808;20916;4693;15814;28002;6900;9859;10934;15978;9108;20407;17175;8593;15491;26619;21084;26571;6392;9076;4777;7934;6734;31972;30531;684;3601;
19316;31558;24530;4697;26033;18582;28688;5206;30164;19223;28681;7469;25414;1057;29965;24834;30051;12846;17910;17494;4991;8406;15183;19348;17958;13566;27324;10470;23976;2380;8597;23629;25045;11998;29397;6641;12038;26171;23603;27318;25693;25737;18062;15119;1869;30977;25998;19479;92;9889;14985;15070;21799;1568;16035;4608;17319;1063;30778;6525;8884;20414;32641;22724;11207;3333;13930;32529;4612;8228;14282;9721;2680;9348;16824;8772;10655;25664;7989;22266;14889;25558;21779;16064;28925;22051;5647;8037;8831;3214;16961;7097;23822;14211;30134;6046;3281;2851;27227;8801;
3252;7225;12572;23370;18605;2416;1614;1137;21828;17604;17738;14292;8274;4407;16219;29351;7945;2245;31195;27371;7476;16025;6040;25410;4544;20865;29053;28930;7292;672;8814;26760;4381;9315;2675;25551;13189;30134;3353;5953;2373;15735;3861;26828;25696;14890;30507;32057;2898;14831;13902;12217;8784;28338;6921;10177;14802;21154;29725;280;9807;12516;18028;14895;1351;9864;6677;23728;4999;12220;8929;5209;14505;5439;18398;10251;27610;19993;20041;2334;21984;10634;11185;27896;21595;21824;17242;9438;16970;5068;4832;10249;10706;14167;4636;1021;17211;13457;19019;10006;
25916;25067;26733;14692;19064;14086;20204;30649;20552;8299;27262;17663;4795;15228;20044;26063;2523;3755;23380;6720;3122;4585;30476;2557;23181;7009;5448;13979;6400;1127;6493;26665;22826;6827;21127;18440;6586;12723;6024;7677;24370;26760;17810;25476;18924;30639;9831;8551;19802;7002;447;19344;27793;28128;24042;3867;8201;18027;13238;18096;18590;28656;6547;2320;21467;19557;10741;1517;30072;14382;10490;9471;6689;16856;11597;6996;30586;2569;20554;27368;23903;24503;10595;117;11376;27801;6338;25484;5581;1499;9519;11493;2078;29974;28981;14068;28119;19839;2944;15548;
8378;8543;7818;23272;13981;11203;17271;10008;2925;17012;31805;20857;11379;9257;6407;1176;2262;30460;3292;30584;2913;2843;30075;26082;391;13760;23178;25340;29604;22627;26608;14877;21126;26670;10112;20960;7724;2481;32215;17783;27085;5335;28295;10306;24861;5400;27509;10144;13003;6641;13183;32518;1102;27537;1122;29262;21217;30678;9179;16977;26060;2935;1037;20407;13798;11139;1827;24590;28248;8970;9782;14618;27299;6425;32625;1644;21989;17132;3955;15670;20312;1632;6644;29278;14363;8359;1452;22225;3637;9535;12144;19994;30935;26917;30879;21299;27105;11846;5308;8091;
30888;9014;23132;18600;23030;2852;6979;18207;6483;8718;18378;7426;30595;4401;24964;3497;4688;1988;288;7188;14730;19429;29585;17280;5451;22484;12909;7736;383;22367;15251;28334;17060;6557;3089;16074;30671;19167;16965;2434;28144;2788;11074;8875;14422;13132;16244;20751;12918;25167;21128;20159;20200;7599;31366;9131;22450;8683;29248;3695;969;12726;31472;28528;1493;31143;285;27176;30773;23602;2238;12478;19011;14807;9378;11738;4825;2457;32015;183;27668;21938;10666;32634;15447;28805;25238;13250;4243;30164;19680;1408;27590;27699;26139;2057;12226;6845;21319;7529;
816;26373;5880;25594;22740;20304;29364;8758;31763;21761;30620;9418;18098;27476;2638;17131;25568;15951;24075;31981;17527;26102;11029;26898;10367;22975;9307;25248;25076;14405;28760;12086;13512;14144;10553;3679;30764;20405;10302;26472;23820;31338;8290;2415;32216;4253;19518;12733;7050;9461;13099;19542;11237;26809;18855;8909;7418;28992;28922;27997;29169;29097;6681;31286;7430;15564;4042;24341;15058;9071;11273;26903;4812;702;31914;16079;271;5877;6977;26774;11614;26208;15423;13090;13157;22661;14685;8283;8257;19872;6974;23145;26947;19023;26191;23826;16369;2959;12019;18755;
26446;5863;14557;5868;28252;6883;9660;6417;29662;13252;30494;2079;22370;26742;26510;1660;31615;29634;24320;21345;32092;11717;1648;8172;1393;10657;16069;14961;5522;23410;32507;1042;30761;23172;23937;25743;13507;5059;18656;12383;11726;114;13214;13567;19360;13600;14178;24458;22716;23768;29528;12682;29521;29849;10711;30733;14340;23301;24898;30972;2543;2141;3116;2729;7146;685;31935;18855;7945;25156;10078;24798;14950;31335;30857;6110;12320;31303;16897;7028;21411;6704;813;13435;13610;10498;4285;24821;9859;3557;24461;859;32018;4665;30412;7217;13593;1996;19805;16860;
23095;8016;5757;19128;22830;780;16807;23910;7913;2513;12724;23395;10429;5680;28487;23007;27119;30186;23144;7372;10870;21928;8047;18485;17155;7404;29476;15313;23103;17992;23076;19672;1875;1998;32647;21013;32174;24519;24255;13885;9730;22952;17603;1151;18576;8001;27758;9052;11430;10808;14881;12729;20838;10678;23216;14898;9160;28768;18812;12466;21987;32393;476;28224;15208;31909;24514;7964;20335;14849;29595;22283;18294;946;19830;16367;22438;26572;873;5786;3161;14548;30512;27108;23770;25975;7960;20475;23403;30843;22044;1531;9869;21751;30541;11711;32635;703;18551;7670;
10744;7971;30721;30841;31050;17881;12821;31452;11911;1591;4353;15682;3087;14501;27869;21366;16986;18515;20078;1080;6644;17703;2379;2773;32453;20986;16702;5883;20630;17155;24301;32458;7377;147;14266;22318;9608;515;27879;26221;22969;29931;17918;9468;8913;25749;2672;16535;11118;30130;7804;21904;873;2635;26450;21096;17684;25082;14969;14748;8128;2649;23662;13761;27523;13243;21134;13267;10808;15898;3125;30667;6598;4689;10024;24431;15270;7051;21296;18286;30111;29948;6408;18092;12244;8143;2169;13275;5121;21855;4548;10571;20994;18857;3648;31491;3477;29186;15428;21264;
22880;9221;12871;26653;25398;8400;3398;580;13718;24688;24167;16932;12916;12697;7131;24116;11068;410;6408;19030;14869;24721;18920;32176;16483;5595;21932;19127;11919;22735;15526;32140;30986;428;5477;13452;24207;18127;9506;10019;25513;23082;22363;20192;10102;31473;22717;9935;30122;20374;22855;29955;14806;7160;14765;21106;14315;10200;10234;25862;11770;27020;28538;32752;17213;18679;32727;7744;26715;3768;28546;27570;3304;21410;32084;20427;20011;1132;21878;12069;805;19882;7550;22280;18894;1020;3034;18233;31138;23686;3698;19991;8028;2464;17545;10979;26114;4046;20452;10848;
4385;26354;16687;29084;27738;15296;9116;27405;21533;25971;27597;2527;15285;25534;19956;22413;21637;30982;16185;32687;14993;13518;9820;19987;19008;627;32667;21262;864;4121;30678;8724;7530;8677;17137;24199;12551;9581;12666;2765;6868;6508;18827;19877;31586;7611;26354;8635;30850;16252;9872;9082;9151;21912;8447;28961;10795;365;14456;20761;12639;10176;32243;4742;1469;30201;29071;23580;32248;18319;8757;23859;14295;32705;28792;5406;4661;11143;30912;9401;2125;32712;26792;24130;21044;1997;17316;1898;28327;6134;23271;427;31239;22699;31876;19675;30370;32150;7635;6146;
27188;32015;1302;21609;29870;23512;13916;32499;17461;24843;10150;5040;2670;18000;73;24496;22265;14419;26515;9493;31547;15222;9905;17772;23393;18627;8656;26174;20641;14116;27779;17377;195;17622;32101;9876;20193;21787;17663;11724;18795;13871;11244;26056;14701;894;15418;23403;14101;30740;31252;8779;26480;17749;12190;262;18292;16878;12321;14293;10307;1291;22120;5475;16558;16843;17002;19935;30712;30448;6697;18511;19933;18140;20953;22056;979;3001;16197;2332;27536;31735;31855;6964;32460;29435;23926;7454;9288;12821;32189;24264;17935;11699;10314;17966;7420;15061;8044;2160;
21884;12481;1953;31015;29077;21240;31158;25593;3112;5992;48;9323;24947;7395;1003;28663;16601;26064;27649;1631;19430;11041;29933;15424;9870;23429;753;5098;31925;6878;29621;22639;245;22005;13104;28410;18587;15980;6091;21090;10482;17141;18884;27903;31173;22466;14801;17597;24863;9021;27399;11630;3157;25336;5113;30053;31302;7399;23332;16448;15074;28877;12939;1029;18409;7668;5790;23665;23285;4385;13408;10380;25787;3783;15049;9857;2446;19835;23401;429;18213;5288;15951;1782;10141;13188;27945;29534;9665;25666;31149;4311;9866;28554;25399;5466;11234;9254;32691;30771;
9389;30462;27581;12703;32266;24390;17927;6296;22998;17142;14843;21232;3699;1914;7586;2973;21447;6827;9925;25428;16775;2047;31570;20313;693;28156;8448;23189;25191;26611;4150;31977;5579;16362;28202;31938;26472;31962;12870;3821;10150;8475;15055;10413;1681;11548;5320;14347;15066;14935;31508;13934;6686;17028;20700;18795;1643;26381;6960;26078;21761;19651;15857;10554;4693;24527;32750;23837;18268;5099;6733;22824;9221;29906;22317;14093;13064;6900;905;3305;31454;22639;14431;8661;12304;12859;16146;20663;23733;31140;5390;3423;8502;6654;21162;16335;29269;28308;31058;27097;
30830;13537;27877;19184;29692;28419;7260;30264;19294;19052;7597;3807;9692;24283;16622;7856;14309;22922;24254;15077;9370;26793;26081;27453;6289;31500;27690;1871;466;10273;18078;32286;2342;21540;27862;15341;12434;25750;11173;8789;15134;6379;27387;18068;16858;23427;2825;27176;6691;7899;7334;24989;28963;6917;30962;23971;16535;32597;31801;19043;213;27742;26650;14611;15373;18972;12520;1992;26319;20083;14928;15244;8653;18392;18236;16561;18659;79;8440;1381;29524;19605;14739;8838;18775;7070;19849;1719;21202;6722;18590;22451;9061;16179;29197;32225;1962;21298;9186;3625;
6075;18818;4517;1543;21237;31901;25144;3549;10492;8999;8450;13710;5119;4384;19022;24392;10302;6493;30445;19617;15561;9017;27427;486;4490;18568;3265;29615;5765;4044;1166;12983;14431;5804;3819;2539;22045;16545;16311;17089;17455;15859;15729;971;173;32484;14236;32140;31968;26410;7272;22922;8196;21923;20878;8100;26444;21573;29820;1446;18215;1108;26034;23835;12738;6871;9068;4963;26318;332;14209;30725;28803;28315;15499;15686;29157;3145;15944;26362;10822;31726;31040;7066;21004;20713;15784;2967;13492;21074;31111;25326;11287;6448;11799;30973;24812;24300;21614;12948;
29839;4102;30045;19024;30721;30471;30873;29476;21551;5047;28440;2361;1911;29327;23742;17656;23656;6257;17721;9317;32201;22167;42;32430;3037;6858;6277;30211;5862;4052;15162;15273;8936;8759;30997;23114;6319;15647;24546;31376;18451;21398;11990;22002;24443;2551;10794;19405;31904;5029;21001;19638;14996;6396;172;4111;24834;14728;13252;18392;6327;32373;1304;18120;18785;20807;5743;19612;1175;19148;29872;27824;8730;28238;13896;17100;29019;9484;22732;27200;9277;3564;8671;27443;22299;30058;1879;4664;23053;2516;25243;26146;8039;8121;29519;12314;29571;6815;30004;18926;
25025;19956;19785;9900;27339;27207;4663;18800;28702;19128;29675;7802;30918;13997;18053;27267;13160;27591;13425;17489;22918;1045;23507;19594;22527;3207;23337;6086;24789;24485;4396;32487;18995;6272;5110;18861;24239;12777;9066;26501;716;9698;6865;10914;21443;8530;9665;14671;9091;8189;15427;10628;30198;1202;10804;31415;25478;454;9708;25076;1248;26050;14878;7216;19447;8281;1791;15067;28236;5021;7851;7860;17518;1394;196;5345;17084;17730;31068;19007;28530;23026;26389;2295;31204;19477;11398;29778;22276;24672;20705;14030;1834;22110;5075;22129;26901;32613;30892;9053;
15917;16841;3264;29861;17418;23631;27917;10079;1850;32229;20254;5114;21311;1424;4399;28114;25560;32421;5521;16642;15234;11580;27984;633;17213;16098;5652;26193;6035;29582;20293;28764;9943;21207;19058;29439;1195;16739;15092;28739;5828;2723;2254;4393;32498;12989;10968;10046;26202;9418;27677;27760;3590;4418;8321;29984;18593;4276;3239;2168;16763;24251;1297;21247;13524;16685;2185;10090;32086;28565;22976;16822;6883;3812;23606;16499;5777;5475;14425;18531;26611;10988;2801;1603;16283;22874;9147;745;23260;8510;5972;32143;17621;18132;10329;16495;10410;27445;19405;9104;
6421;17869;19643;12767;28958;4624;21276;9345;12838;1385;20986;10344;810;24947;8406;8740;13638;30316;17480;25596;29048;10727;10725;2622;29607;21952;23397;29139;30436;4949;27910;32022;14063;18163;11051;6887;11005;32655;19273;17402;23992;32439;9219;25205;1672;31944;12436;22459;18449;32096;25454;5250;14333;18454;3104;30508;5115;22889;21629;25684;18439;24567;6395;19879;10733;6640;8281;6901;3592;9929;30341;10631;6480;8501;28348;21940;29844;5457;4339;17071;17667;10014;30326;21667;3569;32053;22991;4354;24536;17334;24041;22810;30877;23426;20597;13033;14613;2474;27533;5170;
5064;15143;23191;25552;22773;12491;1645;9547;982;10103;27835;681;27940;20623;1704;10374;1758;11947;696;10343;1351;10895;22000;21836;6446;29790;26684;20100;8049;1290;24591;11461;27076;21519;20809;1404;1199;5473;21341;14434;7894;5026;17075;15184;30077;31385;12619;22612;27211;9696;19108;4612;9806;18396;11996;8722;28224;31986;2328;17953;3081;7928;25894;20183;29060;27882;2145;9524;30854;23263;20949;14882;25629;7739;26020;5197;1813;18981;10153;28724;13249;4156;18778;9857;22776;31109;28403;19605;28765;11176;12241;17256;8675;3677;30235;10384;16529;25889;424;23967;
1155;12589;4637;6578;9778;28584;31830;14663;16117;2076;12040;16463;4807;32551;27300;17029;10058;16755;12414;9725;19468;6887;11566;29696;30729;11807;8758;11287;8306;26;4838;19814;27821;27699;14461;2619;27549;5203;401;23015;11811;8548;8369;23757;27365;26633;28232;18104;3918;17804;8644;17266;25046;18712;9720;2450;6531;32040;3263;3989;3759;25919;26083;5936;26893;986;32061;741;28391;31906;17437;10709;22953;9959;27116;7637;21411;9290;26639;6083;779;20409;1295;32283;17985;6305;4855;14789;1367;7774;27902;19761;15569;8183;30822;24998;9641;5128;11428;16087;
7831;31999;26305;24760;14991;19851;3072;8079;6282;29010;16321;7758;26761;19939;12453;29472;16855;20459;16627;15938;11919;22699;3643;8980;4191;8105;7225;22384;17035;23718;9979;15674;7477;19921;24646;14904;15835;28218;7223;16932;14625;28809;12582;18176;6609;20976;3791;938;20768;6494;20660;21680;31795;5878;20413;4965;8929;14271;30498;10037;21435;16797;24714;16693;16713;2944;31605;30206;17559;1499;17367;10684;26864;10072;19461;642;25834;4554;7637;21729;9379;866;14081;16056;18761;26663;9421;25677;16864;8096;746;925;24895;19155;24985;20977;5468;13940;22292;22450;
9162;13654;16425;15998;3968;32549;29736;17787;3036;26455;28671;20460;8424;96;15524;16898;25819;32549;5299;8180;28387;29364;3417;9042;26401;9266;18032;14998;22517;13076;26091;9980;9341;16787;25205;11411;18520;17753;24917;2196;17584;20609;11157;8691;24183;26302;32355;10293;4592;13018;15031;5249;24434;12387;14390;16633;21865;7585;16215;2635;31645;18890;28356;12162;951;4985;4099;25635;25345;11101;8021;18549;14701;28462;2782;15392;10713;28902;27911;16121;1937;32301;17953;21533;32021;15381;31051;6973;4125;11015;4245;5176;9947;9982;3173;16623;29312;14322;16922;6485;
25345;18072;3568;1477;2075;2376;23587;21401;917;15678;19800;22520;28869;6;31288;13551;25941;23858;6750;29891;28487;25678;4723;28550;13367;23318;11671;12009;5600;24550;1539;17489;32738;4209;24813;17709;17091;2230;428;24966;8243;20016;14365;18647;27796;31565;11845;20768;27065;16162;14648;5174;16110;1373;12601;30557;12857;23163;5410;20760;1760;24635;32007;8512;9515;26194;8214;3924;28523;31584;29121;8976;26683;2595;6688;27457;3590;22250;19856;1751;4042;29005;18337;17468;16155;28188;27951;19172;25450;32149;22990;806;21127;12762;23660;12362;29285;2466;10033;28899;
2078;4910;13994;6495;30774;15231;13351;7388;23588;7622;22369;30781;4366;26396;2912;21373;9173;8819;23196;19780;15953;204;26211;9400;31198;29099;28026;13718;15127;8136;9735;31361;31457;9736;28334;2458;8364;4267;6907;16208;20981;32455;24320;2938;23311;30709;7743;5283;5412;19018;8650;9636;28023;1161;31144;6521;29163;24726;3451;14669;1737;12846;8288;16599;10686;11734;19479;31977;26147;7185;14180;14406;24193;19670;2996;27317;3925;24385;28164;24147;12048;12681;32511;16173;20322;3378;9830;18702;9144;25476;11701;1942;4356;11835;28164;23692;27324;18560;5419;16501;
293;21528;17961;29030;25809;32476;6343;1046;870;15465;15480;2871;418;18456;17028;18695;30364;817;21349;7970;27725;859;21361;12442;18766;25943;15034;27209;2019;14318;9267;25958;24121;4904;22548;22615;15340;12223;21887;2502;16588;4819;8035;31223;4321;8671;20641;13913;10669;13036;15213;2907;7344;27909;6135;2176;21298;3306;1611;2742;16188;25097;26486;16612;7656;6057;20971;24258;11994;7785;9509;29165;1295;18921;141;3387;21718;30407;8605;15947;25371;19661;27974;353;31211;29032;10383;10097;1589;15964;9344;25210;17102;20663;24894;27670;5304;1027;27767;31310;
31908;11712;32512;30386;16821;11538;7613;11178;14727;8886;16834;23559;20848;25914;19383;30941;15622;1390;18049;27029;28129;30486;15647;6718;14498;12769;10193;17444;19251;24223;13440;9380;22609;25774;28250;5694;7240;27573;2237;16364;7934;9621;20822;20146;22323;29853;3466;28023;4871;16894;18196;28435;18877;6270;19440;24233;15038;22384;25976;27191;32225;4579;2766;23403;26857;28186;4729;4793;28240;6460;10067;14506;22851;9037;1186;6519;2797;22365;15749;24278;7416;25599;5010;7188;3409;26621;8381;24676;22316;14154;22651;17271;7497;27704;9256;8268;18805;6379;7846;29258;
17747;11534;13128;2188;12380;25540;9198;892;14117;19938;14961;20643;28640;19547;10561;6335;24614;3836;24396;21526;4084;27481;21282;30987;19955;8199;2391;30959;2300;22539;23081;32537;25307;659;14947;9785;24659;21220;2946;6121;23139;31892;14101;19077;5320;32761;6506;20797;7619;6881;32614;29288;23324;12675;15285;30747;26727;17334;5924;28411;10886;16993;8266;18255;15471;22835;7790;3162;6448;148;11173;9703;10032;27611;14907;22565;2231;10177;2388;30133;21936;32021;19667;30722;8878;27570;3195;29137;31022;20911;32340;4121;9500;4821;24657;7444;31640;21590;5423;14742;
32505;8379;2208;16542;1042;2079;7849;2346;15541;4251;12873;31312;19318;2817;26459;9611;17585;8141;21437;23379;16591;10328;17330;28144;25540;10319;7557;5775;32220;31588;10352;12438;10680;2883;15035;16181;2963;8648;4904;28989;5579;11119;24975;5942;30364;32268;17094;16300;4910;30652;13251;28105;13266;2587;16389;7721;17800;1463;28464;3561;21702;14789;13815;30721;9588;15379;28222;15572;3131;27966;6784;10246;27903;3365;30831;18574;682;29597;9947;3852;21548;16743;25301;9820;31424;7519;8212;14955;7536;20981;152;8521;17883;24289;28556;6784;29238;21267;25457;6309;
2193;745;2937;18732;3931;28325;27697;20096;20265;27934;12131;24660;16819;28342;11067;17971;29215;27787;25768;24671;12931;22514;4357;13016;19109;7713;23289;9915;1029;5163;28316;30157;14109;24370;4315;29784;15847;11479;17949;11574;28576;20470;19495;1067;2508;5521;27452;21112;10874;26121;25225;12716;16329;1684;29633;26814;4267;3819;20997;12121;17129;26435;30726;15223;615;25215;10605;19761;11690;18596;9083;11477;11159;25997;16620;20282;20093;28640;5410;5200;26710;23616;17023;21499;29770;28868;4115;11554;31093;11432;631;19203;2794;22595;31736;5321;2296;20793;10232;31584;
1964;26354;13714;22920;32406;23371;9597;6696;9680;23435;12083;6373;9277;1432;338;28916;29455;19819;24898;11820;6796;22209;28184;5216;11281;5907;2746;28907;7511;21449;13124;10892;26869;20651;16811;885;6182;17048;26017;16798;6605;23162;21432;12639;2742;31865;28617;13886;21279;30575;30359;24070;15735;20636;27312;10777;27237;30620;18580;774;17932;30357;17945;2654;25230;29365;8462;16068;23502;4316;16671;9796;10363;4757;12536;29414;31818;16203;12974;21890;8066;28090;29530;29397;24510;16803;8711;11989;32238;29124;28110;16962;15776;10759;12095;20094;31102;24058;16643;25502;
24855;8063;19392;11457;17378;19909;2365;13984;3455;12406;17095;1127;22337;21298;3795;26308;13034;13629;4580;18749;4789;8564;18095;27078;29338;17030;4477;11923;9933;18272;8914;3627;29576;11241;27980;15806;21002;31216;13005;6584;1760;5730;27869;31894;28003;28353;5193;30712;7298;6865;3088;9208;18625;18069;13184;30907;1922;30841;25501;26181;22403;2001;23490;7826;4777;22402;24971;17890;11516;10495;6129;32084;25842;7032;20919;31670;18672;11086;25350;10396;13838;17865;13908;28079;13339;17677;10378;12872;21217;26698;28773;13630;27817;7220;5404;14588;29186;10163;14404;13782;
8895;4315;14065;1693;22591;19998;26143;17264;17649;6080;28240;16086;19734;28044;2678;22794;23753;9414;11794;7574;24381;4704;22174;24355;15175;9584;3113;17808;31004;1506;21825;577;30043;2922;8725;7866;17742;8381;29403;6508;12397;26369;15728;17614;25379;11650;22078;7344;16085;4518;24675;1485;27425;23331;2320;11167;3171;26735;4654;28791;17278;16249;28744;9164;23257;5782;32677;29395;17575;27070;5300;18257;20076;28664;27566;2222;11708;1299;15222;29514;19014;23447;28612;31252;26898;2811;20098;26200;7431;19992;3190;10712;8368;1502;5410;5919;32064;21574;2536;29714;
8915;25479;15474;6856;22006;11661;10321;7323;5738;22439;12260;7039;25381;30336;8316;19859;32666;20048;16829;24310;7738;25427;29768;9692;5179;28283;9111;23777;31384;2658;3879;22429;24665;11394;11997;25976;29204;16040;13987;22207;15028;27814;32082;22520;24953;31304;19156;6003;2368;13706;20874;26914;13573;22792;22251;23722;21926;29366;20334;31162;25833;8913;29098;5788;12737;18198;1212;32010;16845;26161;28138;20802;27682;28536;16774;28509;4426;8921;23316;13020;5260;13585;16559;23684;31342;1055;21928;2668;20601;28665;8305;30292;16956;11133;10169;28216;32660;6570;10969;15141;
22570;2832;14703;27212;12348;28549;28232;11349;12961;20506;20868;16117;25607;9550;9716;5315;31616;23937;9671;12103;9277;10155;29286;24404;3224;22093;15260;24472;26200;28328;25082;32114;15409;14382;6266;17411;16523;24630;18786;23944;31109;1523;17003;7911;28216;17063;27683;29063;14656;532;4240;3941;9337;16179;29974;17765;12806;31017;19354;12262;13976;29815;16104;9624;26860;7281;7762;17554;2710;6385;27802;21919;3582;27724;22035;31193;23976;11653;20994;22138;10424;12993;29514;13038;22709;16379;11337;15661;5261;3577;2557;26695;29913;15743;10859;6464;19811;2754;29249;5663;
12261;21791;17850;27458;3092;20237;18626;15092;4317;27217;27227;11074;13039;21617;16191;26122;31865;5994;28614;24404;2613;12965;15627;21989;22949;16424;24906;16914;19613;31242;20365;9939;1537;13353;5768;31000;976;7711;27329;4448;6753;24945;7156;23431;13549;28682;31157;14559;32590;5864;27479;18563;23814;10518;16141;2536;20867;22234;29775;3509;15778;1327;1407;10453;5745;14709;29901;24010;31033;28008;8280;28740;16572;24399;8597;22258;32699;12917;15349;32664;1211;29661;7874;6498;19209;22322;32330;22904;31996;16381;18496;28114;27514;27419;30559;4686;7869;19565;19024;31743;
25687;29905;25038;3784;32372;5201;2568;4394;22624;27803;13127;21083;25673;18353;24016;30360;1605;18146;32012;23995;12439;7673;5606;22544;5422;3764;7285;7525;4206;14456;21723;14944;12595;4162;15213;26646;531;5345;14356;472;30692;4963;8434;3408;10622;4045;20553;2254;13506;9743;20889;29660;29916;30518;27145;17944;28100;30436;8;18499;4363;11517;9780;917;16340;16292;19835;15187;11809;22886;25216;9380;2896;16308;23104;20641;5093;11671;29173;31915;28809;18079;9787;15617;1619;13853;9585;13713;7239;20113;16738;21775;31260;15718;9252;17989;25667;9949;19521;2986;
6436;15944;5141;31029;13227;11896;18551;115;5891;26232;4764;728;18337;7804;14647;7763;21893;10516;31973;10276;15292;25765;5065;18930;22826;24858;2163;29976;26246;3543;7;8257;3494;1006;11163;820;1533;16534;26848;17649;23138;25561;22021;20476;15378;18316;23768;16633;1785;644;31023;9081;23341;11271;16006;28948;28604;29569;24809;1720;679;24696;17685;1088;2606;20162;23514;19016;2894;31478;19651;2624;14729;13088;13305;7360;17381;32697;30565;4635;29495;22742;30485;12599;32161;15263;7393;22684;13146;13315;3918;30154;26797;11946;2994;1744;16709;10027;11161;23066;
16551;1664;6504;139;17408;17847;30784;9676;18721;10473;805;17123;9928;9840;10080;24327;6689;20053;7713;21170;19852;17928;18793;16633;15521;11348;22567;15129;6513;31121;30114;16978;5903;12316;2070;7160;15696;28932;17058;11207;10702;18694;3681;18551;25139;18876;3800;16016;7092;17169;17808;30080;7131;12536;6403;27370;5770;12638;17085;30786;11581;5724;26811;5783;29583;26802;26135;5295;7424;28273;1767;29529;14325;2551;15202;23551;6656;1312;1604;25979;24930;7355;10868;6955;12238;24635;23524;31304;624;14767;30649;22899;19246;12789;1965;28305;12078;17706;5297;26329;
3736;23396;3286;17707;14749;14756;16493;31396;30392;32518;14957;28015;15923;571;30742;25054;20206;9017;17364;31161;92;25905;14182;15830;30158;25794;10559;26089;5876;32364;2349;21150;29088;14663;28728;28133;26830;18933;26573;25997;21730;16853;11292;29717;31024;15993;28094;11199;29377;11611;22171;30693;1108;30667;22027;18576;25508;11052;30779;7239;27625;29024;19667;23589;22945;28033;8405;15919;29584;20690;4040;8676;17670;15349;12311;6933;19808;16478;24244;7926;18641;5639;28160;1910;30307;22885;15343;24780;32568;26012;29543;13650;25366;7919;31978;19351;3619;16762;25205;2735;
31724;2083;10920;30926;2988;16334;28454;2070;27084;6864;12863;9644;12966;22694;14285;16145;12942;5608;25947;12720;26387;22648;28045;22707;9602;11263;19132;11547;2732;25242;19680;11280;6121;19920;16051;30581;8541;968;26131;25792;29050;1208;25512;28169;17862;21665;13768;14688;2271;23866;25239;10852;28092;11305;3443;12818;20533;24953;31631;20698;32454;25161;19421;32504;20880;9153;26162;28417;12960;8779;26021;24252;31604;22783;568;27188;19387;19806;15802;5387;15709;836;22507;32273;6587;27928;19938;28949;29752;11334;26796;19196;19960;13807;7990;25616;9960;12255;20332;29850;
8190;6591;4771;10162;4802;5771;12596;20566;16909;27207;31082;29882;2064;32750;32159;9183;9625;2988;32161;18791;5778;7500;32603;29608;4042;14068;23217;16383;2553;15376;15531;24934;32254;19596;26070;30025;13930;24646;10215;6806;23106;14019;26274;32532;5377;28449;8186;22261;32733;23628;16250;29358;12363;26997;16611;26374;4037;8896;26135;31597;24779;13885;1077;21136;5416;282;11270;298;22902;32023;12696;1821;31204;8761;22312;24257;1079;4291;8005;5756;19215;5986;2611;10387;11884;27048;17038;1343;19824;6843;32047;772;1383;12367;4180;10558;25092;25041;1530;2301;
25325;22501;11662;6162;14971;19;28869;17002;27066;18621;28617;9627;23992;22869;10389;10941;29180;6861;11682;29307;31828;9294;12227;18281;17876;24620;24397;2713;5403;32026;26748;20073;11736;32666;3858;5022;27021;1976;11585;23735;19859;7928;6603;2939;16991;8845;14696;15573;20483;7627;16232;5857;1015;10463;24985;15687;25626;8126;875;24520;4852;17755;7250;5910;2366;10013;23916;1001;2212;21648;23140;25679;11209;16219;14742;4931;14220;22386;12148;9858;4490;14220;18728;7834;32739;30168;19067;23876;5698;27883;8949;22003;29719;4349;15941;11437;14375;9558;13284;14106;
19783;26115;6646;5083;29796;31181;32625;19484;12231;16492;20864;13165;29591;20727;12330;31181;16288;15519;30255;9224;1618;27037;30770;24132;1293;6761;16157;23766;29084;29997;16834;16218;8447;8057;25022;10754;2925;16952;12195;2350;20889;2531;14934;13117;10037;30452;28085;23715;18100;4766;17533;4668;21077;23483;20843;11745;18013;6;25506;31032;24739;13706;19021;29392;8530;18522;31621;26989;18667;12419;8821;24992;30601;17471;22716;31131;20841;23147;3858;16196;19625;28987;26927;11400;3152;11565;4329;15858;27791;17467;17564;22396;9287;10581;9422;27557;8138;3086;1299;6339;
30950;150;17455;12443;12320;25576;28539;24111;2877;20548;13706;24023;15623;13792;27659;31635;14925;27611;11505;19360;24620;19826;20178;20809;20365;14198;15501;2048;8687;31229;28720;685;23399;4697;5401;5446;15844;16710;5467;15520;25016;20839;5731;14469;14164;8692;10459;3078;22099;18861;12238;22546;15803;26130;17165;17480;27007;27349;4306;27146;24904;1424;676;30163;9332;27060;10618;29386;5983;6337;13603;29847;21986;31421;31461;4981;3866;23263;20325;28296;20075;7307;14278;10354;21956;15491;13845;4641;27940;29275;13541;30698;19293;1581;22070;17628;31768;11919;10652;28750;
26393;2754;3485;27067;23748;3372;16474;30416;19424;27144;25458;14274;1180;24157;30499;17893;11471;25388;4274;8315;18820;8430;20493;23497;438;14142;22704;18033;32344;11474;20933;30971;2969;7087;12687;949;24421;28061;22536;11965;10543;15577;15561;92;20206;11531;13355;32149;31589;20599;4012;22782;25000;28023;7572;975;23004;14377;19416;21817;15166;21605;29246;15353;5991;13298;1986;11820;15054;9465;18232;19301;5774;9401;1844;25853;30569;19069;18727;24746;11789;24267;17354;10579;3223;29407;27840;8739;23894;3160;17783;20445;14033;14640;28495;11375;20747;8177;19198;22729;
16389;24614;10035;8431;14213;22288;17017;1613;15382;7323;9310;17484;25936;19600;4565;802;5465;28684;8410;11502;18860;6961;12116;6404;26905;4891;16703;389;13069;4118;2570;30516;13332;28686;9534;18308;25500;27975;16993;2294;20220;11598;18458;16801;30133;15407;12950;23570;15095;18408;12585;24151;4199;12318;18233;5975;15903;15887;29784;13925;27638;6344;10160;276;20482;18839;676;6988;9820;25796;11956;5533;22051;10876;19105;13780;26564;13326;13010;11724;12408;346;10487;13447;22286;31365;7916;13693;5610;14834;10464;2612;24142;12910;23222;29201;16600;1451;5291;15470;
16204;7920;826;22765;27540;26126;22077;16907;30725;7830;29524;30200;7396;18249;10122;29094;30505;3536;7222;25119;17538;10926;4896;29;8347;14706;11749;18900;10141;24881;17565;3859;8693;24883;4026;907;7510;21997;10547;19310;5889;18991;10467;13885;6980;26783;24620;7131;32320;24934;30943;4069;4592;22569;31584;24390;32103;28219;5;3077;6489;15633;4032;15202;30173;21750;30718;18978;28017;5119;5582;31527;26943;26946;23622;29763;15007;22595;6690;32078;11740;20655;17071;13686;14907;11853;15848;13015;29497;30001;990;16460;7957;7731;1885;11652;5774;1951;13260;25944;
20974;24110;597;15963;18247;4661;27206;14771;32253;11549;12471;9256;31620;6931;23406;19835;28011;15616;19199;18937;13466;22204;16439;29263;13784;11647;20667;5536;5008;27288;3821;4565;13524;5729;26895;17973;15778;16242;939;5173;23654;8725;4914;25233;4289;25594;30947;22171;20361;14380;9966;14291;10257;32580;4058;12729;20138;14301;9508;26591;12393;21319;10537;4162;29739;17024;22597;2010;3287;20319;11581;5488;16611;5651;17626;20144;19226;13004;9431;21375;30876;30648;27134;21391;26662;16177;8589;4656;20115;11829;20958;23657;25763;31510;30279;9543;25084;3186;29248;15477;
10606;1126;16323;21261;2683;3071;23801;17070;15383;29425;15634;19151;29868;30604;16500;14418;17249;19179;30745;11100;3740;9583;14386;28517;23493;32620;15889;6539;17486;16929;27973;24876;15344;1262;26631;26291;3127;10945;1749;23730;10560;29650;29532;18226;17346;22416;27291;17735;15435;15066;27206;6375;23500;22131;19816;24827;30040;25008;7245;14775;21801;21876;5023;14119;8420;23390;9935;28171;3357;15681;438;32485;3102;26837;19837;22352;23012;23468;15546;7571;2411;2919;8923;31350;30508;7721;6856;13653;17635;1868;196;22130;17045;23635;17300;17295;26834;30240;20708;2749;
18488;12904;8422;20335;4664;26979;9532;3538;7965;27592;7960;10337;5449;7416;8354;29620;5570;32121;15770;13464;4590;14759;12094;17509;11931;4262;28526;20364;22594;10139;3854;25200;27789;7452;19372;14455;7446;28901;10338;352;28530;5068;3582;4311;32366;13303;13921;11334;24728;6476;26405;27375;22530;9769;16259;23608;12098;20565;7539;26693;26557;9783;24084;7884;7462;13382;32079;26661;16961;24257;22711;19617;6893;928;6580;17949;5985;30922;2785;20439;29878;14984;23730;10368;18086;24122;7514;31378;20115;7497;26604;24291;17354;3164;3776;28027;28938;21199;17688;20642;
19264;30305;3075;3646;26005;3884;26242;31580;26282;30683;6378;3597;25378;19991;30601;371;16738;22338;2188;27;2708;7528;32032;18573;19698;22642;17880;34;29505;30621;17999;10262;13723;24363;27662;26846;1906;11865;11440;10172;9938;8592;12100;6800;12518;25823;9458;19953;24510;27305;5346;20860;21839;6811;8025;32364;6076;27873;31781;3180;8916;17818;14396;26793;13019;9353;30368;810;11405;32013;14469;1636;18016;19027;28854;11529;22282;13258;26165;10786;27971;21975;10785;22365;5324;715;9437;7592;27824;4114;32367;19454;29386;940;26150;20609;10375;13794;32128;1994;
29933;15153;27210;5757;26588;10891;21513;288;17044;5055;20633;30253;27000;14901;1044;32357;8978;26590;30710;1896;18518;27755;28030;31875;18987;7357;12119;25033;12327;26269;9847;9573;29850;19630;13896;6958;25039;24223;9221;22140;21646;421;3431;22074;2021;7465;12930;14141;20009;32702;5865;24788;23351;4181;15897;24481;1023;8116;1813;25255;5956;28196;27469;3747;13213;14698;9412;7072;16064;26361;32626;28870;25087;7782;23016;12915;12307;26652;6450;30349;22553;9297;5121;4886;2522;28217;14602;15104;28495;16249;29865;23875;24421;26590;6602;31278;11773;11599;21001;25338;
15671;10240;22808;6053;13296;12009;1889;14078;32137;26743;28653;13564;30442;21377;5509;19283;27847;23677;31511;22601;20258;21236;4955;8134;15890;21299;21429;8875;21442;30788;28254;101;20412;27164;30655;5826;1896;7190;31517;21507;16335;20384;17019;28466;21669;12084;21948;31414;20615;5515;29961;1316;23169;21773;4722;15448;7379;5003;3800;18117;2293;3632;15882;18185;7384;22965;30254;15812;3439;29397;11875;15787;31342;13057;28836;9688;3922;32084;8943;22116;13729;14281;27559;4920;15475;25772;13624;2336;6449;28750;5369;10530;9629;1789;6486;19981;32530;1843;17198;24660;
27405;25614;11898;27677;25837;3072;11824;23958;14583;10184;24423;22408;20637;17825;30651;22574;5120;17593;21235;8263;1203;5348;993;4202;30146;7826;27786;28826;1267;26367;8583;22042;14667;17577;7339;7042;27348;14343;742;7955;22430;15480;361;15176;2564;9594;1547;11693;29744;23580;22252;24564;25826;4278;19800;18246;14700;13527;14318;19927;28930;20863;10241;31421;1328;3470;11838;19458;11180;30845;19087;30456;25934;27980;4928;716;32349;8635;22369;29022;25612;13757;16491;27216;29508;22314;14118;7262;9380;19892;4041;18669;14791;796;16739;11750;20421;23462;11387;16836;
31484;29386;13555;30188;20496;4140;13107;29501;32304;26830;131;1257;24219;132;8887;9603;7523;16297;23314;25177;24433;4369;7269;2307;2506;7230;11383;21308;3601;28631;29865;1265;24652;12373;17882;12440;31211;7936;5001;5571;3590;3354;27193;19957;21222;3930;9498;15284;1223;1436;9957;28639;1500;19158;6664;31042;16276;8526;31747;21096;10524;12042;30738;25008;5925;7816;21772;16291;14567;14256;31371;14213;26213;1287;20813;13866;9203;22821;730;6924;32502;18537;23655;8090;10220;27371;22779;18642;28076;31410;5840;5905;32238;8744;15356;26666;3853;3786;3664;16310;
22284;7204;17025;27052;29656;11005;18053;11058;10444;30927;2880;30130;5498;2938;4448;20527;18857;1336;15750;27354;23194;29908;14246;4320;23952;30231;22960;27783;27534;13956;29040;20857;4707;12869;22963;351;22244;15716;11947;7858;11385;11582;8596;16846;1499;13877;12184;25673;25371;20902;16368;5762;231;16411;27981;13181;3337;31681;32374;1774;1072;12060;21042;6547;7411;1017;17000;6087;25619;24228;17029;1621;28160;22876;15646;14730;16799;5124;29911;17038;24651;11291;27779;18164;3866;28910;6796;30351;17761;10252;27541;4999;25722;30203;22623;16557;7364;16169;4841;2572;
9196;5413;3804;23488;8299;1039;26917;23308;28240;21582;29412;21926;8512;5248;25477;15189;26555;32695;30252;21950;13216;5090;30295;12923;19444;27785;32703;29550;11231;13758;30079;31061;21239;19280;29815;7326;27330;22593;17651;26748;25973;2682;3976;3130;31234;11966;22847;30416;8530;18653;2806;20660;30927;31786;2050;18418;11814;22574;6169;25215;22603;23966;10352;19146;25021;20363;10272;19093;26635;9433;974;26627;13463;11762;1163;22770;12954;17083;5625;16522;1640;3272;14255;27414;10742;16844;7647;31763;12953;25171;17718;17031;9232;20659;32260;10133;29893;21567;12957;27469;
10064;23743;27903;9161;7485;6685;24501;12917;1807;15457;30203;9134;5508;28639;12066;11407;20507;27055;18742;15111;13524;6238;32479;19503;1335;19683;23685;31963;25751;28629;28855;2160;11160;5851;23502;10741;5359;3683;717;4972;10089;11159;27020;28514;303;31372;30742;8389;26696;7357;12111;13558;17503;27577;4314;15391;26055;13336;15929;31687;15804;7347;4918;12195;27628;3605;16258;19631;17718;11820;9117;31358;14257;17476;29941;14030;12272;6455;27986;22368;25476;10205;2417;24071;9411;12746;6895;21246;9160;3129;12650;6526;16571;14659;7906;29328;21331;8533;7013;8737;
2968;224;19435;27220;20462;24146;12415;20764;15439;7238;15775;25609;9944;31735;9446;28258;19847;9211;4328;21877;4419;32558;22622;3883;25116;2028;27779;26335;16597;21379;1725;1136;31135;29159;22912;27029;31784;30120;18543;22897;29908;14370;27589;24168;2890;11764;25332;25136;27187;24499;14988;3115;29758;23263;26973;23028;19048;12053;10464;9784;1914;19335;11475;4551;21715;20650;32292;746;15463;10798;32016;12024;23560;1331;20108;25124;24037;30394;14564;31129;23120;26201;13218;17353;1732;4404;11953;15105;22054;14632;21698;20033;28235;21577;19695;11340;5819;20623;16286;17659;
1204;16332;8873;29910;10354;32737;4284;3813;24494;13106;12286;14532;12645;7511;27635;19702;30426;14357;1697;14203;5598;5260;17649;165;12367;23729;14937;31271;27871;2303;30648;17007;15638;7786;8577;4662;17563;2197;12572;2133;17839;25668;25993;26586;14074;19988;10055;31835;26250;2410;25460;6282;19993;5033;8757;25354;31886;30632;23640;25985;14535;30051;21560;4591;16790;20976;30177;12862;20233;25525;629;30234;14575;11993;2767;4866;26263;9720;32101;10911;27611;25371;19315;27477;30557;27879;26966;7961;30225;23572;11829;7298;4092;29985;22247;20002;25147;2630;12305;17430;
6726;14763;11151;988;22134;23511;25878;2661;28613;13931;23063;13419;4310;18192;22758;261;15925;15022;27419;25209;13279;25823;16185;4433;15365;19363;21901;5553;25357;6997;29785;31463;11482;5853;10034;24900;12109;22568;19879;25130;13835;29909;32035;31335;21377;23345;14869;28353;806;31590;19533;24274;16640;4335;12969;31255;14954;8271;31218;2883;31764;32003;31489;19929;16715;27573;17446;16889;18555;13490;12746;29306;20722;15006;31314;24890;9702;26983;12615;3506;23226;4471;1460;18894;7293;814;16336;20731;15540;32399;16861;21889;22873;19257;4176;30739;17955;3225;9522;23972;
6920;9823;4806;22397;3073;17710;14700;20877;28173;24472;5317;31488;3448;17225;25624;23827;14685;642;12789;21542;10346;21962;32536;7954;6883;17888;5263;30910;24041;12787;16672;28653;5117;1557;1509;29018;26304;13806;30265;14343;1532;20397;20184;6098;6120;15172;2113;22089;32424;31189;26719;1471;5908;31079;22377;5792;21690;20702;31751;4865;24358;30762;25270;14459;5217;20670;13421;25658;5303;4676;16513;1361;15293;28559;24006;2384;10899;2001;26359;30489;18279;30734;22103;11247;22074;8400;17561;28368;3815;29725;20221;19973;21601;24486;10429;31479;28988;10049;23463;6212;
32111;17305;31755;11794;20824;6436;21463;14500;10752;6998;18689;1323;25249;12309;805;20702;26469;26476;5232;24140;17777;23427;10684;29937;31778;19663;1532;32520;29590;20102;19675;14753;15471;5974;24736;10995;31955;19030;22357;21235;11959;19517;19240;18982;4958;30930;2577;17075;28;19619;26805;8124;26720;22266;15499;5870;18674;2061;16701;4183;22648;12149;27985;14456;8511;16097;31240;30876;26680;9484;8838;18792;1345;21740;24116;5042;4262;19757;6755;5015;2536;13277;14130;29127;23485;23145;19377;1828;24919;15816;30022;32396;20713;22262;13904;18674;12136;20388;10251;6068;
12687;28462;948;20776;11813;21453;18157;13176;1410;19470;30562;6577;8784;25730;18861;5910;30607;32183;12151;23738;8155;32360;4320;7502;498;30193;13601;25399;7793;17157;7792;3300;27358;4771;23845;25438;24043;19270;7706;32544;4345;14429;30807;28458;6876;2554;15855;22097;2014;31950;21541;29401;4870;15957;22227;17477;1178;24910;2829;17262;23010;30318;25857;24787;6703;7509;9505;15664;32028;8641;20613;20562;17940;30978;2186;29225;30996;13230;1472;31263;19634;14229;14851;26792;32095;22007;24039;20250;26089;4597;27994;27072;324;11078;22404;8233;14729;16683;26098;24518;
10303;8613;7924;1205;11226;6373;10051;17623;30337;21764;26343;20776;31252;12788;30040;8528;21870;439;4324;7541;9959;9422;9552;6740;26653;1781;9666;23440;14069;21517;15839;4169;12252;31066;7728;32241;15699;18158;26570;19803;170;17765;31534;11797;14347;5075;11886;17400;17851;25083;11921;4861;15517;23234;4153;23891;5624;4835;21379;10158;29817;20451;24367;22497;6268;15176;14081;8623;27015;22022;29030;13790;14615;16442;12379;26510;8864;10522;8587;15305;11471;31532;18871;5979;4114;6327;8027;32484;18010;15480;14479;7467;18464;21141;4139;949;6822;24023;9774;22935;
4991;15635;32609;27784;30033;25833;18487;22586;18906;25009;7928;14315;7473;13747;18718;5687;32334;26518;22528;3888;26829;21788;173;22704;31727;7692;11035;9454;8930;15215;31873;4944;4674;5886;24833;9088;16095;14044;22666;24258;12737;20865;2813;11141;23913;24054;26510;32567;22618;29768;21358;25182;8408;4663;11175;31461;19952;6190;7751;4275;20920;4728;7872;16515;12504;8880;31119;20719;21321;7545;19228;24013;21085;12400;24033;19903;26624;9311;13263;17926;25405;4020;16109;4247;17924;3377;3395;10353;28714;19172;27638;24621;31665;1370;17844;22231;11850;17168;16466;12028;
9240;25642;23988;15364;6071;23143;9198;6594;27517;7509;4264;25162;22527;11969;23495;30211;25559;17266;19786;2557;2213;25623;10865;28804;10580;6781;32293;20469;15775;32517;16532;15312;22227;14934;8732;25615;25046;20303;32106;20150;19048;16703;13539;20396;25513;27225;32578;13001;14811;5730;26499;19504;12650;13741;1025;25311;5929;15433;10459;10628;1503;377;6555;14738;17666;13156;32282;17557;1218;13070;7838;28611;6986;27783;11078;3539;10050;32611;4776;11026;15256;19305;11192;8115;30848;13712;14060;7270;13753;14631;31389;25901;8722;6483;32433;11883;31790;18110;11127;20542;
18564;19854;20434;17423;10409;24468;21146;8296;14290;20166;4927;1797;4245;3056;15791;14637;24559;32166;5498;17987;10635;17277;31796;2200;8513;14715;14108;25731;15838;20427;14330;32180;26915;2741;27982;22213;28944;16078;23974;3858;7778;23916;4688;13003;5210;25949;5425;20807;24000;19417;1525;19867;19240;29108;2665;7532;1652;30936;7716;27137;32666;3571;1389;18332;5799;31341;26457;30475;9988;4765;21300;25978;22520;21564;13602;24203;22127;18714;32262;9385;23546;527;675;25497;10006;15925;22018;12625;18609;4692;8979;4366;27370;9374;18838;11425;29977;20637;16956;14345;
12559;18281;3594;13127;21919;30;13567;32366;6749;3213;6134;29690;14501;9778;6606;32098;32223;1895;25543;22001;21250;25814;18735;28625;23895;6964;3647;12137;7296;25901;5696;28905;10680;11674;15601;3106;31836;20986;24365;19100;22443;26912;22217;994;17866;25129;28092;21537;17418;4017;3202;8433;1134;29511;10178;24691;26728;23837;12590;22172;6372;13316;4010;15568;24455;31128;25265;1971;9529;24248;5365;16188;14817;31802;582;7435;18799;988;13493;25852;8736;32125;31993;11260;12285;25741;27154;283;20902;14786;25644;11491;27213;23820;28357;31464;21765;17356;22034;16801;
7485;24385;19359;7286;8327;18242;13879;3098;32159;32051;14595;28955;29864;23346;13813;5304;7352;913;20328;13298;4759;25737;11520;16614;1220;9260;2008;20057;16569;2204;16860;22933;9584;12411;3187;26228;7974;12194;25186;8634;4191;25622;22765;32167;19498;5943;3134;31949;1446;16187;11019;7968;22725;29915;25972;9548;20560;29004;17194;7755;3372;10353;9430;29494;29403;21327;29881;25947;32069;32449;19087;12945;9145;29293;1722;21448;27951;1014;10396;2532;6608;10868;25669;11468;1464;26145;15182;28861;10490;20564;7428;5605;22756;26548;20938;13869;11909;27813;13752;9558;
13933;25095;1672;5959;19892;1568;18611;165;20542;22486;2007;26021;31804;31778;30300;2846;12022;6081;12375;15843;24265;28973;9646;9295;30315;28363;28542;20001;30071;17766;5305;30346;31269;27356;532;11397;6232;8471;14624;21863;8671;11583;31414;15799;17396;3886;28825;11327;7689;19749;6743;11107;13765;10173;368;31922;27721;18976;30906;27323;22711;19064;27396;27938;11253;3752;31994;21235;430;26939;1609;26421;17050;665;9731;17347;31744;25217;30276;18007;20601;11699;8982;23528;26102;27629;26770;5686;29956;27161;15432;16291;23887;3269;9697;24900;25445;9939;2819;28472;
31677;10354;29301;3896;18168;14925;644;11632;9062;6402;16037;21389;30668;17621;18523;30232;7013;22950;10075;11266;32550;8992;23791;1152;31814;16692;18072;28441;27646;28869;5111;27132;27790;19621;21485;27288;30592;6849;23810;13415;11568;31128;5379;4618;31116;498;23535;9371;30233;12494;7701;15679;11575;11676;20854;29946;8869;16556;25200;30408;17735;3559;21406;12265;11815;26557;5370;23164;20667;20062;22084;5711;102;28461;22696;1014;28480;14449;923;5658;2586;21838;16646;3348;21949;9717;25766;20666;12659;2071;8882;7289;8905;927;22975;12709;3730;12192;13282;1036;
815;25484;25364;5329;30734;2216;31962;28536;9841;8124;14629;32061;24433;20239;6262;8874;834;3218;13639;23400;32184;14428;17575;18518;27658;15190;2596;25560;20439;32312;17133;20594;29542;19636;19512;30101;25394;30960;2274;24248;8358;21306;19029;4267;29221;18936;16559;18728;29773;17885;13857;23724;20605;5731;6548;9860;15508;629;7315;16171;10236;20843;26725;27859;14824;24636;11897;578;1241;5871;6152;8159;4967;21075;22773;2829;12862;5616;27128;4023;7015;6717;11771;8236;26313;2836;1732;10030;25583;2658;7381;16453;16651;19235;24208;19034;9019;22670;31391;2176;
5132;23948;22931;17685;26685;111;23243;11018;965;9953;22680;18815;7958;13850;14238;30099;29092;9047;1406;32378;26017;26759;27314;26576;14603;12615;29624;7724;12265;21520;30066;23033;15314;27567;4301;9345;15534;9462;6561;13131;16065;5298;25816;3495;23013;10717;16851;12423;5654;4116;8969;9360;31028;5707;14833;14961;8709;28095;2595;24948;5242;21804;14266;19538;6963;1088;5372;22604;25156;27472;13117;27255;12090;6987;31488;14168;23129;27116;3936;10416;27944;9779;174;21913;2608;28949;4700;16594;512;3699;6169;20824;14708;16969;11838;14646;17719;3624;20841;16029;
24199;25318;6503;6967;5432;6804;7000;26041;25340;20144;14093;14776;993;24220;21429;4541;14363;14927;20409;1947;21252;17739;10212;28416;15201;26062;6599;32331;16615;5197;17756;31133;27390;32542;4585;5171;9412;5749;23079;31731;27221;5265;9124;17220;23370;22071;25958;7459;22143;5984;8657;8052;794;26671;22475;32661;27336;28197;3869;32057;2378;17816;1052;28532;30001;5985;13962;10258;1509;14038;24503;8493;6892;23544;5099;10495;26729;19949;4872;32756;27875;4528;3180;7427;29768;28935;23061;3135;19506;28085;30472;7081;3432;29937;13555;19017;7848;26392;29969;11645;
21668;18335;26702;16528;21322;10571;6828;21134;5192;10916;19941;1623;14032;5799;26450;6387;31896;32187;29963;25125;6182;23270;3664;17219;12362;6465;4903;30788;15596;3497;3911;32539;8455;14520;17461;2372;9718;25843;7853;11164;15343;30021;6979;16501;9165;30637;24138;12266;26130;20531;757;4720;15148;4128;26044;25006;18679;19822;28161;11151;22916;3710;6900;31637;28441;7689;22452;28272;22904;23385;23223;9167;12388;23225;5227;630;22370;27178;28957;656;28349;20055;29211;29255;21964;19403;25109;26771;8823;20578;10441;23119;12792;20733;480;1426;14047;12154;6930;10044;
26713;15588;23953;11983;14001;11238;26277;25729;10519;1926;29587;13711;18593;528;17604;6867;15503;12367;15395;19865;31699;1283;15047;16047;14289;8336;466;955;25699;18676;6809;11985;288;7675;2565;17477;2014;23990;21305;17086;9333;19753;3444;29068;6598;6468;4409;26940;30716;17429;174;2665;2066;29243;12099;22229;4246;11422;11411;24760;22444;27229;30351;17495;1621;30472;5849;24537;20721;2320;12142;15702;2307;7291;14984;25394;31797;26076;451;32425;17564;29059;4222;7338;28220;17137;9604;25833;5583;2191;26604;2864;25794;14239;25405;27381;3713;9330;3798;306;
13044;27355;25741;14449;19017;15077;19095;15142;32245;24001;21672;16450;4853;1794;8282;1541;18778;17933;20691;28436;21764;11210;28066;30155;21422;30880;10475;27092;25643;26273;20676;11257;17134;25601;28638;23606;4048;20941;24936;11795;8462;6873;23600;22321;1937;14075;14604;19490;10355;28278;30840;16253;4030;29113;19328;5938;24695;6474;9185;19484;1499;25085;3947;26581;2536;31081;25257;5326;13599;28316;30404;29855;23433;23310;32421;12443;31480;6100;14170;30888;3727;21270;30651;25678;15236;6595;25421;27149;15141;10627;17510;24820;9753;7918;20882;16495;1257;21499;25142;4705;
18879;699;22131;19314;5997;71;13901;32171;31152;9207;19469;6464;29366;11988;15843;12204;479;18256;27344;27907;1985;23861;3779;15236;11118;2524;29187;17774;9465;16543;10188;18710;4406;25488;8253;29493;12994;4204;4466;13190;17475;14794;31725;16273;16369;24728;20026;14273;16470;456;27602;8893;24145;3143;6977;13045;12385;29487;8068;2683;20256;12349;181;28949;782;19077;18410;12432;32656;13668;12890;2903;20281;7095;8129;324;21831;27466;16390;22197;2161;13460;17435;4579;19168;12961;5670;25199;891;3919;23774;10046;23655;14269;20023;1671;19150;21761;5441;19498;
17376;15641;20301;580;17176;28708;25683;30720;1473;30163;16016;10928;8120;12058;9587;17692;19827;28715;16314;10521;10050;30372;217;14174;6613;4103;1435;18836;18431;1132;9227;4780;14777;6514;12949;22901;31850;16763;19049;16750;6246;19225;2336;5593;32692;9411;5538;19216;23060;2253;27719;10780;21056;9623;13884;23172;18547;5636;12329;15971;3624;15917;25616;21693;3876;24663;14969;5651;2998;32291;9932;32565;18494;23045;29438;15960;21996;11511;28271;13928;22730;25711;1043;19616;28413;31886;31697;13399;7496;19098;27432;11549;25809;19374;6424;26374;26152;19376;22848;326;
13701;30852;8772;22270;17489;13695;25457;3670;1000;17183;23972;7628;9630;3833;871;15308;7168;16370;9310;27776;16732;21170;26594;8681;18307;23126;23275;8751;21709;14693;5427;10293;29278;26374;14744;29297;12200;5232;21954;13307;7985;18081;25863;7139;4246;14419;31371;26312;11217;6188;22188;11942;20919;30517;27549;27888;26052;31629;5456;25311;25883;11103;2202;23561;28361;25617;15762;32565;8522;20926;22842;8558;29006;31463;23137;20310;23997;13413;3527;189;9464;4514;3459;10866;24418;9481;20386;8793;8991;9403;2065;2494;5403;18308;25021;12777;2894;28173;21240;12019;
9279;27731;4383;3288;30663;1879;26489;23244;17688;31512;30051;211;16893;7358;6058;5004;28516;27928;313;6733;5913;12104;18164;31605;22228;22461;25315;766;23670;26466;29331;14162;14224;1813;13497;28768;25637;30555;2585;25838;29361;10322;32166;8753;29033;3559;6123;8603;31429;1096;425;28916;3388;22685;14786;8364;4174;18931;25173;27760;10952;5752;26923;20987;20036;26862;3922;2607;7151;14938;5127;6244;1679;31740;1754;25600;21956;7556;1292;4167;28301;17283;26172;1653;1295;16928;7234;26122;7058;12300;19036;20326;29389;9656;22408;15509;20323;31941;48;23660;
14509;9148;11020;9173;5306;23039;1349;2407;17812;26623;10710;7994;11205;10160;22584;32505;12826;28986;32318;15416;18087;16370;6462;20744;25867;9096;12913;14537;5622;20865;31388;11584;2024;27368;18672;14826;9531;19009;303;6543;19299;28095;9489;4633;1909;20919;5350;17063;31718;20307;17276;6110;21397;21387;24899;23167;26124;593;17071;3135;28931;6668;1502;1747;2854;11080;15227;4426;13337;30892;5858;24479;9656;4908;27013;12431;19107;1664;28046;32168;32250;10708;9158;29091;30821;26817;18613;6387;3672;6268;9483;158;9109;11597;15678;14156;30706;25667;9333;25757;
12636;13607;30373;27328;18204;8366;15865;17986;12889;12018;18296;8227;2014;12835;10978;17967;24350;8570;2522;32139;10869;8303;19018;25487;25777;1580;20484;20691;14289;31041;31141;29325;269;29593;25791;3610;22038;17069;15671;8922;28574;22519;7147;24129;7451;32170;14488;5675;9672;17312;29436;15728;15085;14484;30519;1721;24417;17297;375;10642;26701;12714;1236;32192;31538;19436;14713;24788;11566;2449;22021;6656;10107;12918;30769;12330;30008;1488;178;26175;24172;14618;26209;20938;29768;25426;17561;16325;12972;10340;10464;23470;23277;14567;25546;19678;27606;31239;24859;15895;
23276;27074;19244;860;29430;4952;32144;20997;31677;10236;2806;16146;3857;4048;23121;30656;16140;1808;7991;26714;29083;7053;12679;17746;5433;7774;2127;10896;4862;24018;23533;17674;8665;15273;13172;14997;24346;29571;24913;17402;20531;9624;13102;11597;12735;31146;22806;12410;14275;28216;18394;24097;9012;10229;6836;2212;20666;21880;14379;25982;9396;31541;15926;22742;30844;15276;31140;8019;27884;28640;27835;18995;17953;9227;10528;16791;13438;19600;247;16673;12020;18225;21322;705;17025;31874;30639;3020;31479;13725;3365;20559;18687;31256;12352;8354;2397;2612;23686;5440;
4470;18775;32024;27861;25871;11453;28821;4249;31063;618;1083;13021;10536;9315;10831;15331;16010;27677;28607;30963;13689;31286;29959;16811;7144;9827;28241;1943;13061;11178;28384;1026;13759;25809;942;30731;26757;11542;24916;13051;22097;14624;10539;21205;24294;31798;2481;29487;31318;28079;15918;15937;21958;17065;12695;5180;11637;28670;18610;15581;2043;2164;6011;22337;14031;19252;1479;31739;16396;30334;10023;17764;5493;12954;18959;12850;15542;10514;567;5708;19693;7198;12866;3549;25960;4704;22686;9895;432;27345;9131;13211;20167;27900;4383;32422;26031;10602;7337;19661;
3883;15965;16852;26748;29898;21697;21807;9755;25376;26975;30891;5859;343;13908;12100;24048;8679;20673;21475;23447;4257;20165;30595;8953;498;2472;27283;28120;1894;20569;30108;682;11627;7707;1316;16620;9816;10619;19666;18361;9901;24453;9683;27291;22172;7991;11387;26785;31945;18742;24880;6578;17999;30656;20612;1568;20483;29410;1697;7296;21756;13547;20970;31162;9811;4896;6367;30556;20519;24241;18241;29748;4068;4588;5751;2845;32709;23985;13617;11289;7064;11046;4683;19360;706;26027;20212;7224;7042;8465;7183;1606;31610;28678;1753;21028;14699;32468;30925;14451;
3136;17996;28357;19635;23374;27388;11105;30225;9178;7337;26796;27263;22491;2553;19709;24586;6658;15471;10012;26728;31480;28828;13734;10961;7143;16020;32179;28689;23099;9888;29877;13530;26794;22066;420;13918;31089;14622;6488;11549;24033;11014;31286;10748;16155;23830;19214;18840;21528;17394;8516;12761;14572;8685;12846;3530;19275;380;13246;31656;12364;13290;12385;8505;26477;10317;21030;23134;3799;11960;26915;13804;15588;31666;12565;13496;4831;32743;6726;32497;27915;26654;6580;947;21478;22891;17519;14040;4782;15782;14915;24850;5925;13339;9111;13879;32402;31363;18069;9691;
29704;25140;30603;6692;17386;9620;26769;6362;18607;12755;7277;31422;5347;14554;179;11549;32366;8062;29489;12708;28441;7162;13961;20598;7758;6300;6688;12412;6175;11966;22839;18940;13707;19960;30040;26478;27132;25492;4084;10379;2579;5698;1866;15270;28584;27149;23178;16703;7949;24718;6459;3542;20883;26976;25050;15869;2384;14036;13252;20657;4639;19173;6230;15338;5095;20590;26450;12145;6689;5274;10884;31218;13460;13468;25766;17490;5475;21409;16258;5954;20554;27907;25942;24341;7973;5824;2428;25038;20402;18474;25674;23422;16023;30944;9784;13517;935;11260;9792;2006;
13153;15246;20363;26424;22969;30794;4681;7017;4636;29053;23521;19022;24750;31046;23114;15625;12502;14594;3768;14355;7420;27144;29564;6538;25489;1687;14629;12748;11600;1804;24300;2628;2244;32600;10831;3716;16139;12466;16891;19348;26073;25481;28655;14730;21184;7613;20191;17243;21422;2318;26326;241;20663;7637;32032;22398;15124;26098;7015;29711;28012;27653;4636;21604;24915;10977;31257;20991;24081;4413;31108;25467;1188;28077;20470;2079;23816;22225;28124;4531;18613;25548;6942;16530;32362;18680;28927;26113;29481;11481;11077;191;21634;18767;5273;2014;30741;11535;4656;22480;
25683;12627;4779;30149;22148;30673;25660;7477;27150;1258;13835;19384;17652;18981;18648;16158;28061;13531;4833;6588;11735;5428;23302;8452;10011;29010;3883;19033;31763;6347;23006;2593;13145;3165;15161;6427;14210;3549;10506;9202;6235;27761;31282;6419;29042;24831;8523;2236;6616;3813;31374;19286;294;31979;12531;25093;23998;6773;32409;17789;4179;9470;19561;5911;24748;449;29943;26660;30628;24505;11944;2945;14966;13772;24858;9580;27447;28996;27072;28053;12964;26750;5069;22392;30494;26086;18260;5355;9459;24355;13229;9971;19423;11406;31002;28892;13779;21737;5546;393;
23284;16718;6494;1800;22247;28005;25995;8297;17228;26586;31615;465;7048;14094;7783;7882;3528;30221;19569;20189;23875;15809;21293;8291;14783;11877;825;19864;12374;11579;18205;2033;6522;10882;8564;3504;10295;931;22093;15797;32440;21931;17360;7575;27661;21501;11813;1523;14123;30537;657;26884;6964;6328;21986;26484;22777;19817;8718;10098;446;5665;1815;8709;24381;14142;4913;23200;7405;19693;22055;13558;5763;28573;17403;23823;28601;31924;10957;30108;22863;22400;16381;136;10064;13936;2196;13775;7319;20612;8416;15507;3985;32514;10079;31341;19525;10091;20191;27905;
22417;429;23522;16853;30646;3738;4423;8291;9751;21145;20519;23148;20029;10395;28414;30352;32287;16721;3083;18716;27552;8861;24313;3875;29530;15174;19902;16336;29850;24303;18628;2042;11947;15946;12870;9209;856;12169;21758;3000;17068;23317;11773;9484;25596;8323;3546;28740;20520;18372;21774;25346;8477;21147;20383;25929;31390;596;29692;9430;24645;26036;2344;12980;11460;812;30747;7947;3697;29521;19558;1849;11522;32657;10261;18979;23700;6430;11993;22221;499;15407;11367;18729;3093;4968;31259;18733;9959;28566;26593;24616;2893;26528;11349;14422;4195;13499;8233;31410;
25098;7900;18631;16139;160;3443;30264;16986;28174;4182;30789;22355;11272;29947;11996;17722;28560;15339;31157;2296;11708;627;19252;11374;26042;13469;25234;10249;19473;7007;28984;663;15145;6929;12139;9049;3342;13860;9262;2649;17009;10258;9316;25341;6896;11409;19766;9437;663;18188;32180;14034;30886;7763;5055;18511;21396;16530;28710;21749;1621;25472;1551;1633;19161;29912;31129;26697;21973;3853;4543;8903;30661;9786;384;12020;20274;343;19516;14777;28720;21427;18786;10466;9516;2718;2888;30324;11492;9062;11610;22081;6583;7558;19831;22969;13855;23833;13464;1539;
4732;4501;29363;4173;8211;29877;29151;13408;32086;30135;17592;22903;22374;9416;13317;31057;1238;29373;20376;32133;15794;6403;1654;1814;5311;15833;2616;21575;5637;10428;433;14512;11915;6947;20177;23442;16738;8557;27593;12392;3556;28696;9072;23998;19262;8499;10470;1606;7468;26134;21111;10281;17924;336;31682;1691;14838;7393;21274;20914;30610;20650;5676;120;18826;27937;482;4415;21946;24137;31112;9268;7525;15074;10542;9271;21186;21468;10061;29162;10167;22546;22957;17672;31204;24629;8581;14329;32739;30470;4837;12707;23502;29129;15185;8578;14082;11510;15278;16891;
19235;305;14691;21741;31841;1148;27320;3722;26873;27564;17025;8805;4606;8217;32513;9931;345;23962;8201;16983;4367;27825;2144;22465;14274;19714;20071;9207;32379;25610;32765;623;934;1037;23969;19387;12126;24400;20694;606;31979;15241;8652;16862;32137;31124;12348;9242;30827;17767;13204;4318;19456;584;18004;11189;29813;18238;16568;21502;23419;32709;9879;27458;21834;1221;11403;21957;28390;16837;6226;26971;29089;14940;116;15997;16353;1001;12070;6044;28451;1924;11375;21173;17216;8245;13193;6438;28399;26979;6026;16832;15756;20879;23364;6429;2584;17730;105;1076;
10112;1603;20979;12586;7714;782;11714;19052;25229;17026;4487;24570;27016;14298;28386;31494;15703;4830;2759;4029;30777;24666;27686;16741;18485;3792;7627;11432;24598;11114;18307;11311;31157;27442;25216;19315;19830;21637;3326;23504;8981;7365;16679;24540;24483;3663;29492;16630;13515;2733;23254;802;21850;32012;27604;27412;21247;20720;16885;19082;2382;16678;1056;26335;14859;4859;706;11741;16038;4523;5488;11476;29442;24092;31694;32232;15738;26316;17839;8111;22566;7176;1661;27388;16218;13408;22492;6901;26992;5463;28554;7020;11208;13407;19593;4460;28940;1028;16257;21009;
9401;16743;21088;15261;30683;13806;21315;9417;25368;16698;1689;22105;2543;16217;17541;17139;25410;7997;1413;28977;19218;15725;8786;19445;24971;22267;19207;19709;23360;10422;31108;13751;9911;3744;25365;19030;2856;14243;11599;17189;9346;16767;27195;26651;24751;20743;8119;2736;25113;31373;24088;20976;27501;3739;10772;3278;14495;7908;15840;32442;26926;20345;26005;23158;24489;18496;31448;24357;14962;23203;17338;19365;18882;12165;14557;7198;9965;4474;30425;17883;20711;10039;24285;25945;29191;12871;10906;4766;13068;9728;30556;20428;16222;10934;3194;17910;24214;24878;24817;17458;
18239;31317;9292;13552;3806;30514;20167;32138;23345;9498;31923;31772;14517;10787;6428;6037;14954;13787;7082;5646;18138;10809;24005;11611;13912;20691;19196;480;9862;28754;28840;1958;10010;22051;12492;31151;9185;10352;7232;23430;12292;5199;14351;14617;5770;11321;12829;6347;21534;2749;18701;21446;24082;3445;27489;18574;23205;15418;20963;7132;11905;12436;6468;31657;904;4468;7940;6281;11472;30502;9617;18746;3052;19329;947;3197;23406;31329;25383;23844;681;1623;21131;3181;22204;21918;11898;5774;27852;19281;9719;9617;24976;220;24079;13922;14867;13233;30906;5159;
16821;15164;771;7631;2419;6936;3688;2542;27753;1411;31108;7368;15765;25103;11243;1195;734;11419;18774;20611;24917;16514;8192;13480;7866;25618;22095;4602;23618;10304;7095;29488;28311;28825;24796;29805;30497;14204;23286;18708;8836;25223;22138;21470;12394;15183;7415;1322;10370;24660;29245;29588;24777;16948;27845;25288;14600;286;11597;11417;12189;16010;14787;16461;13183;14119;32612;11323;22397;14613;16421;26009;19142;19029;28498;17039;15022;4990;16757;23183;431;25265;29561;16617;18350;23246;3343;19866;30592;8936;8785;26725;11693;10743;22693;2598;1140;21197;13029;26722;
24847;7244;26813;32546;9784;6613;19796;27906;28651;20483;2350;21893;15470;18842;11089;15787;9871;30906;21926;5830;5421;14425;2211;27529;1017;496;21031;25442;18814;11123;25509;4106;32351;16775;21381;14682;27104;20976;3527;7008;6056;14920;14314;19122;31430;20215;3084;13058;16881;28255;28498;25587;16660;21591;18314;8235;5130;16859;21519;25257;24229;19713;3565;20057;19958;27951;21318;15334;16072;6028;25077;22992;11630;32692;25968;4798;21183;20656;7155;11797;4702;29221;22235;24265;7743;11723;23120;13428;29542;18721;24614;8869;5106;26464;16901;4730;8795;18349;3784;12913;
16888;13202;3876;30843;24772;12719;32138;2642;20065;20653;30030;13;17501;7796;23816;13554;17333;8094;20539;6795;27543;23339;19508;16892;11628;20086;9269;3987;534;23911;211;19617;1142;4843;28317;2952;5426;17825;16382;4630;27573;29911;18021;15889;14455;29108;9890;6163;15486;10422;19604;2200;31269;8032;16897;25430;25372;31276;27845;15565;10160;7879;30767;15902;2892;18045;28072;27424;25152;5362;16533;3761;7362;1812;20863;16714;818;20045;11377;15831;1955;27645;1698;30917;20630;8487;16212;11612;24840;1643;26620;21839;432;24628;6051;16017;20354;818;3468;13163;
4983;23819;26391;26828;18320;30029;27877;9952;27929;31400;15165;24547;6187;12378;18863;10552;21620;20458;5623;19125;18234;13081;30244;22594;12958;23062;22009;2466;15902;8689;25491;17552;10334;16210;28492;3342;17960;20843;736;20474;29361;8491;29646;15330;21790;24756;29953;7193;8006;32528;27568;27146;10682;25631;2947;2253;4355;10452;32247;24312;14378;8097;6403;17080;21630;16688;26876;27680;26257;20820;4534;25024;17540;20543;19180;4986;6532;3061;31713;6033;32405;26113;14920;15875;4238;8550;12385;28185;10085;19672;11878;572;4781;7468;27429;5642;32605;19470;14318;31401;
27347;20210;11183;17755;18201;31309;2398;11347;13414;25860;26007;9672;29672;8228;20359;32071;30656;5845;264;21325;13391;10889;23053;15125;5808;24441;11073;27311;17541;11602;5099;12626;2295;18475;30485;10227;4856;30139;19437;20502;26827;17097;19819;5349;13511;11491;19764;25215;20312;5203;11711;18322;10822;2639;18358;21804;314;20336;16031;12494;29566;5734;2235;3267;27396;24297;11822;31407;29866;31986;865;19563;28092;8236;25253;30480;10938;28581;10521;11346;31580;3530;31437;7696;12244;6290;4647;8232;851;31225;7814;7312;4046;7344;30246;3491;12034;22803;8004;29368;
27830;11867;29826;29433;28224;7189;26764;8819;29514;12243;11516;7529;21462;6945;16507;28142;8064;26042;10281;28595;16899;4092;22592;9757;20735;14746;4084;14490;26362;8337;11421;2358;12196;3165;14359;6505;2399;31084;13929;12595;24574;6355;30374;31851;9421;30784;27409;4693;2002;26159;19588;7026;22099;26209;3347;2460;8857;19082;24044;5714;6387;17227;19585;31568;9725;32095;15082;6498;21025;7961;14212;379;30303;14862;30687;5121;11850;1295;31447;10860;11091;29274;5632;32527;19786;30224;29256;18229;9250;4330;15319;13168;16117;29480;2362;18990;27719;19403;15809;20621;
20367;6148;27429;13681;28660;1772;30318;13011;9300;17781;1044;6492;138;18081;28517;31282;10225;23538;20774;8978;10532;12833;22909;8351;18184;1555;271;15097;21261;9736;21861;8338;31920;4886;25748;13117;14917;22230;3101;11144;12019;24925;12050;1612;12800;877;6010;28802;23374;22765;1783;9560;14630;14231;15014;29317;4917;30193;26183;22233;24276;7806;27294;28440;18573;25397;19224;9480;30426;25906;9906;21705;27183;9388;14359;23653;7739;11559;8456;18856;20588;20970;1281;6706;4017;3764;14106;16842;31107;24747;32555;27381;18470;11157;14899;9671;5676;32586;23035;30970;
31548;20841;2038;2365;26129;32587;28524;19150;22469;11317;29399;29003;25680;20434;20622;4550;7244;2272;31392;11031;17403;2089;9731;2166;31626;10165;21742;12873;15511;574;24707;24890;20722;7908;17841;10125;9888;1314;14681;17584;9510;19713;18351;22292;26628;32651;740;24636;639;23427;1282;20244;12451;21075;18711;1155;6537;20806;8085;1603;1750;10999;16889;21489;13700;13578;18859;4704;9189;28185;3621;307;228;16369;11864;28331;8335;12799;18763;7613;6610;8197;10758;21096;29061;18705;27310;30789;30378;19120;21233;5984;13295;23647;30117;2886;6779;24386;20907;12383;
18918;5657;31258;31614;6537;6511;2457;12215;18169;23572;25869;9841;28110;21454;4469;23995;11433;6732;8465;16612;7029;6747;31690;24389;30444;7517;1742;1378;9565;19702;28539;27698;30893;32008;7550;29370;20893;20962;4156;5601;2122;5812;11121;6783;15866;22598;14102;7607;31765;6122;5769;32647;17522;10928;31464;23453;30420;6360;5309;1132;12213;4493;2273;13440;1090;18128;11418;27150;16294;17842;19719;8400;1419;7878;1470;24079;32222;29398;27315;17154;28115;14293;2396;6486;25130;18965;1298;3598;20144;7610;21179;3725;18184;9327;22438;31729;13483;15191;28598;10403;
11822;13638;7875;21548;21444;21810;28989;6475;21763;19684;20498;580;1003;5107;19410;14202;6436;10995;8978;31808;3463;7914;2062;28141;11488;24835;27026;14638;17906;18055;17178;14753;7100;17672;14392;14239;31739;16096;32566;14425;7920;29658;24316;5158;13411;27182;17461;18203;16872;25523;12718;12253;13921;13136;4094;12467;22212;1715;8300;26335;26655;30790;5901;27695;15065;32095;8237;22223;31546;1208;21744;27489;27437;22814;25401;13647;26949;7277;27851;31072;26879;28347;25007;13962;16455;5588;22997;10504;28221;14567;12798;940;16184;1150;28632;21365;29195;19123;12651;16740;
17032;29601;11189;9868;32067;21018;31889;9833;153;12440;21470;17266;20208;10869;14300;8689;5695;9566;26841;27923;20690;32517;10254;4667;25415;17174;26052;18076;23517;32109;6843;2823;14062;31878;20683;8705;19641;6196;7884;11289;19557;20630;7092;24185;26691;22855;3327;1978;5972;25814;21588;22269;4107;17526;24677;6455;24659;12278;9495;24780;18132;18931;24291;19296;12658;13388;9595;23017;1303;18646;4529;3849;4787;19025;31381;18332;23937;8603;3550;397;5771;31524;18316;1261;29040;22690;3275;9030;13925;27398;28185;300;13690;18606;21675;7702;32543;21468;7949;3692;
1510;25959;28938;7137;3466;4016;15051;16387;2865;3544;15171;11536;23278;13104;458;22796;28298;28401;13063;16144;22916;14382;5396;19173;24150;30214;9949;8914;24826;14366;18121;17329;25261;21327;11421;9032;27379;13979;15005;19671;475;3174;27124;11246;8068;31714;22101;31105;13536;7884;11491;32574;12728;32598;590;9502;11248;12900;21567;32059;3085;25082;14839;16865;25332;23541;2099;31207;19700;30970;27730;14144;1543;28589;17081;9165;4949;26659;11383;20597;9722;25497;10277;31352;6921;19558;12816;15104;15569;16942;12187;21754;10591;30297;10718;5411;580;11459;7059;30822;
18840;13493;22067;3173;4158;28181;16988;15958;22890;11993;32630;3088;22369;7361;9878;19301;25984;20294;13474;31667;25472;19918;24503;21942;22008;15905;23495;3488;28707;22304;21127;31596;27364;27573;4744;7535;19719;8710;14755;10544;2250;10990;24219;7801;4764;3501;32254;4270;21796;23518;11852;6750;9861;25002;24411;12056;8929;9788;10490;16256;4124;20596;27861;25505;12002;17376;20377;32645;7403;2536;19800;5635;11389;23368;27950;15833;21811;24004;22565;27899;8702;27158;22358;3626;16489;28204;32081;5319;5409;16272;32447;746;31156;29224;32326;5551;1945;1823;20397;3024;
5233;2083;30273;14969;17292;25297;25207;25687;20655;6253;13010;1779;30740;5591;31751;4670;8115;18362;23648;15980;9664;16135;24158;29702;30837;31138;28322;31291;23313;9051;26893;24440;31777;25375;295;20536;16638;2159;2493;20508;27287;11538;24527;2366;30576;7943;31913;9667;26347;9918;29519;26543;16839;32136;23838;29437;3046;2123;31153;32240;851;10874;1538;23460;20611;17732;3793;5352;3035;14092;16970;848;15475;28442;1250;8837;13338;27024;19842;3040;27802;10143;3303;20535;19005;30714;9289;9207;26511;9099;12090;4467;20070;21094;9426;9596;16928;15611;5129;18994;
32556;32143;32612;17433;5068;5613;7124;1392;13848;32088;30427;19390;15175;19141;18416;15277;5162;20295;28965;28443;29433;13515;29447;10607;32338;29957;22469;9769;13695;15530;22933;13758;27128;3808;18516;7330;29224;15603;29292;26790;31092;1609;5371;12420;4474;29848;5938;29112;26774;18518;5371;146;18859;2417;31966;16010;18720;4161;17701;2771;17192;6843;31806;8499;3911;16871;14434;23313;3346;25492;10868;1744;28214;21578;22572;18779;25019;28032;16756;15873;1162;19471;29970;18564;15149;21223;22664;19820;22743;17920;10040;17569;14244;4500;27852;23097;9761;4492;32469;4495;
19983;27960;14770;7829;30820;23362;1204;26987;21139;25061;24960;28720;6413;26458;2740;31512;19208;9875;26061;22206;19327;23596;19528;2236;4986;16287;28679;12922;22927;7351;24311;5699;21161;8519;27120;29342;28680;13083;29404;10203;16009;25135;26140;23532;19240;19231;25383;4214;12483;32223;22644;24360;13089;15532;5787;20556;2866;10050;7863;32667;18584;9808;12302;854;27751;11049;22772;18834;8489;6076;3820;24532;13350;25286;4625;22749;13282;19526;8116;17607;22502;13874;14407;28497;5571;30056;31865;22648;1877;12007;26019;6983;1605;5439;23907;14063;8401;6726;30854;28186;
19408;26893;22828;12413;30192;15378;31782;17068;24643;25527;30115;6195;24570;4339;24844;5090;28016;14408;2092;8808;9322;8437;1428;25380;6557;29804;26174;21303;10608;25094;3696;11998;9220;10998;26083;31999;31345;10876;3877;30977;20819;11867;11836;20193;7302;13196;652;23938;10285;23348;22523;29509;13049;11220;4946;14554;32168;29375;24038;15958;29643;22994;13433;24197;20941;1375;23899;27777;27697;20074;2516;24451;31771;27928;9927;28922;5394;10084;8335;24794;10244;22548;7725;21559;14218;25067;30629;530;8558;25377;27557;8819;8555;15632;22632;21432;28979;17456;31706;27180;
10679;11333;32509;24027;18850;1239;20619;19109;1318;23011;4829;13970;17148;19664;8459;4709;27302;14756;28501;10356;26616;15480;19137;28086;2006;11050;15366;26910;4671;22353;4521;9511;17803;11382;21862;24497;5872;32385;12497;27659;23627;7281;1341;31569;17181;31568;15069;16120;14548;3430;2857;6567;10317;6574;19075;21064;12438;10118;29979;32096;14584;21162;784;4251;1589;7011;18392;21676;13582;1788;24801;10579;15880;9334;30584;20415;26224;18813;23019;12055;17053;7066;12266;18260;11637;14761;20019;18001;22835;6542;28015;29477;23911;28196;18518;25520;26173;10614;25882;12404;
26883;28466;3587;6822;486;2906;15702;22661;24316;16701;124;31723;23688;1702;5728;10018;13945;32595;19737;1016;29491;19624;25289;12566;27538;1445;28101;6541;5164;27414;4086;27314;27607;11273;31103;7212;13164;20101;32415;15947;21194;4217;17625;668;3869;21747;19283;12986;30304;29074;21117;2406;9248;28734;26354;8666;17283;6422;5027;29019;29322;22698;32562;32526;27283;22123;30876;19980;4642;20320;14107;11704;23520;2330;20811;25681;5860;28905;12171;26563;5170;15184;32166;6339;17793;6071;24499;13338;14658;19552;28217;28225;6109;20124;15767;27951;1598;11071;29859;5231;
4496;21329;13970;22389;2120;8454;25624;1586;25702;10480;30671;18406;10999;11124;477;14390;25823;14971;1746;23166;5333;26473;17871;22376;20143;3411;10733;14526;21472;2925;27356;6012;22847;961;8395;28714;23050;29223;20360;4456;7210;12145;11497;22731;18872;13542;9834;12775;17345;13298;27159;2989;4678;22043;30381;14328;5511;14647;30460;26978;23682;31708;27791;17244;17590;28185;28047;12414;18220;14947;31205;29467;5816;6866;11167;9241;29565;28302;18069;5119;22447;17284;27468;16976;24989;10333;28954;24344;7918;23216;11147;2756;7466;9590;7940;18486;25469;959;26790;21785;
14776;23460;23925;23666;24729;25981;9402;14200;8012;4948;20902;12454;18993;3225;16439;32014;9952;4630;14688;24560;20843;24102;8804;11403;1763;21794;15235;6707;31005;6685;12760;7844;4021;23505;2178;17046;14932;28120;7426;9362;14383;544;19172;7683;30928;5785;29346;16016;31257;27440;26565;4521;18310;5121;2637;25184;32434;31688;3923;29051;32029;27289;15597;20935;6956;25810;7506;24239;6257;30285;27966;268;7469;15834;18840;13887;29971;19692;24659;3454;26447;12178;10386;3947;20423;12457;26127;17387;23969;11857;31677;18997;6917;4765;20908;14121;8740;17551;21037;11748;
9081;9539;16952;26257;8526;28010;30986;6017;1155;32506;15122;29823;28299;32548;15374;14429;27831;19591;3186;27859;28855;9635;30217;25738;12894;5008;3038;7027;24229;27887;29021;29021;14323;1314;7350;29383;2971;23480;6274;9202;8358;24619;2217;571;980;7630;30339;12200;21725;25601;10301;31937;30972;16039;1919;17569;22190;21210;23371;20300;32440;29661;22825;11843;26215;1105;20865;18262;5915;30636;31560;442;30471;2024;8926;18779;3890;29560;16439;23667;29377;22400;14394;5980;11129;31301;19814;12963;20352;6627;955;10077;9315;4926;31704;11710;29533;30010;2401;2535;
29399;21551;2211;6912;26923;29079;14203;24711;27821;3082;5491;27111;25836;27501;3887;25677;12597;32102;30984;15031;6233;5650;7414;31822;26032;10491;24499;31989;22366;3652;16669;25634;16853;10279;15325;7660;3228;31906;18502;25190;27726;5996;1663;18220;32229;18478;21477;3899;10040;4336;20395;11526;24771;22737;4803;10950;19623;14076;7938;27921;16113;27095;18815;942;6943;20094;9276;31912;10977;27759;11016;28065;21020;27015;14243;10089;17460;31277;292;18383;7819;8653;10904;7607;3141;22408;9452;4973;22351;25385;26637;4921;2719;1627;18253;6708;2493;17946;25865;27993;
16770;26728;2440;9439;22047;31297;24871;455;29282;29136;26035;16817;7221;16611;30487;25843;12904;27549;26423;6892;30640;30570;32027;18582;20207;17976;13136;23899;3253;12773;13707;27178;519;31731;24976;11977;9312;25987;20306;4461;30454;897;9308;13448;6462;8988;13935;7906;7858;21113;16749;10731;5074;25000;13429;10832;21609;28631;23120;1740;5905;22725;24844;12609;20985;5754;1254;13831;23782;27446;25198;21891;29816;26535;13285;23548;687;8542;32234;11179;20653;11652;28502;11537;1470;13257;30820;6542;6037;11678;23829;21550;4057;9636;18130;17606;19168;2916;6483;26944;
5050;28480;3777;4403;16753;15017;24343;30647;14735;14483;30414;12151;31713;550;185;5383;7035;9143;18222;15224;18684;3574;12390;1834;21011;10089;23078;27362;14914;4633;6303;31516;20706;31115;23700;19363;26728;31985;17594;19294;4838;2466;24164;4717;2005;14792;22879;22133;5905;2904;13083;31031;19749;840;7436;25960;11465;4348;8784;11708;8617;17921;20626;8773;4200;13821;26670;20475;10213;4838;22422;7836;22461;22899;1524;182;4113;8656;12561;27137;11913;26774;25205;32755;15512;25594;16336;14479;25346;14661;15000;23422;13980;9860;25332;6496;16979;29824;25049;11620;
29296;17648;24178;15638;17691;4334;21190;27257;25629;27560;5013;19542;3050;23896;3970;16595;25566;27254;2424;20039;11207;6955;21062;1613;25252;5898;17804;7960;19116;10491;3547;14086;28306;16247;29720;30327;3080;15611;15905;991;1922;11446;24755;32282;19772;12165;2188;28928;17278;13602;16076;30778;12831;21913;11425;1108;17224;24315;16931;30226;378;27477;17533;1032;30418;4835;1870;7781;20876;3714;21839;17680;12743;24164;19509;1014;1159;18695;12249;2466;4096;18024;30870;3086;5394;11124;8434;28600;10768;10687;30337;25849;12997;30584;29191;28562;6585;13213;23261;3208;
11952;23147;14742;27187;20084;24089;24033;26257;14292;14277;31665;18400;12781;1199;9116;25451;26536;933;6785;9892;7300;1726;21614;13939;7830;11595;5825;6350;6606;31243;1421;7306;12411;6558;8255;29552;32017;27964;29057;12948;24874;11687;30302;11490;17868;14942;167;23546;12522;26900;6294;19262;21549;26976;8626;14632;30964;4278;18162;25314;28057;8854;29221;11792;22518;26883;21137;9456;4391;12599;14043;30886;28306;149;15911;32209;7205;5599;9343;22370;27615;2729;11897;17326;16018;10510;30740;16322;27111;18849;10980;29942;16290;19878;24431;9413;6695;2435;11734;1755;
4669;13169;12728;19824;16915;10871;1363;17365;14721;10649;30700;15180;1935;15181;881;14877;32059;302;17758;8422;3447;9204;32477;14899;28274;32676;24625;26702;24600;24580;9044;25945;15324;24914;14815;18841;12725;18741;4651;19477;22118;27636;14262;29024;26371;29158;21192;7347;26033;4394;19286;14142;29613;3991;4902;25024;3216;8438;23348;25686;1745;30063;14421;20624;32139;3138;31514;2506;1920;7864;16119;10170;24415;14168;29860;26437;24898;18781;27588;7575;379;23656;8133;24946;8336;8307;19463;24262;24708;32262;2880;2179;24408;30381;1567;7339;31442;27049;29999;11947;
381;4326;31231;11243;29937;18989;4992;3748;16724;155;12718;13042;3617;19026;11378;554;3112;3694;8647;26733;25815;18235;32541;18557;11959;13477;14842;25040;2873;4847;31719;23779;20915;10664;17802;29137;27558;18139;19728;23844;17986;31367;7118;5867;32044;9806;12071;13;8830;13681;8368;31196;18448;4348;6546;7149;11766;9278;5424;31784;14921;1404;14090;15643;7723;5863;14305;22163;19461;13258;11805;19566;8979;15880;13675;18347;29731;8134;14762;17859;17305;5477;26888;21052;27831;21427;4456;32379;2587;24162;27912;3034;18313;8889;8800;31738;235;10889;31565;31579;
21142;31587;5998;23081;32463;30216;7630;1881;19598;18977;12740;16885;17282;21040;12056;29876;26964;27591;29031;28622;25648;8184;10953;29966;9858;12300;3504;18985;2045;23159;19988;17742;28642;27660;15821;2046;29823;29038;2112;23582;5110;7367;20797;26443;27199;13244;15144;10349;2160;6560;6231;29583;20796;18919;19388;24558;32442;22238;7364;23631;13672;16538;638;23958;18544;14382;10752;23445;4906;8994;15367;4130;3041;29472;9693;11372;29658;9711;27008;30863;18578;422;14592;4453;23112;24857;24873;14495;11195;9368;18274;27413;32565;6873;32469;12635;13512;30258;14544;24213;
24024;8715;5227;12684;10714;3220;4460;3073;4186;14515;10855;13377;23619;11329;23082;21753;31835;3701;4184;12108;15629;2720;22867;13091;20331;19227;15711;29124;16755;8318;6917;7847;19345;10515;182;4740;5990;3211;18865;1201;25544;8175;551;28331;10762;1497;22172;19955;10365;7907;4752;14363;30262;24160;29279;29984;1042;22346;19558;5114;12024;5500;21863;11634;18270;5921;1070;18740;12815;31341;22645;6437;1579;13195;2310;32502;19567;24278;23839;4090;17334;843;13594;2868;20160;22846;1613;30133;28467;26957;20016;20773;29151;6035;16573;8351;12358;28446;13853;12226;
2908;16802;7040;20484;907;28526;27469;74;4602;27552;28795;12982;9999;20629;22846;9408;29235;6308;23783;32137;22229;20236;30981;9835;12977;19754;2513;4565;22866;22512;16841;25686;26837;12690;17562;13303;23537;29570;26947;20942;32052;17567;26488;20944;8079;16298;29764;17639;16405;7673;4595;22853;29952;31343;5935;21751;19957;16555;12649;7869;2441;7296;26235;18713;17411;32165;22923;21414;867;942;22322;5803;17572;26171;27869;3312;28223;11632;3956;28624;19440;20133;5434;22928;30652;350;1781;25071;21555;24701;3150;26878;31731;11190;30586;1074;19053;15684;13338;16824;
25068;2010;7520;13832;21203;12509;32628;1981;18469;6864;18454;28068;23883;29712;10884;21267;274;7617;15006;5756;2548;32520;17224;5697;24472;6266;23568;32714;23964;27605;529;5334;21393;3054;14358;23310;17991;26859;29187;27104;22091;11442;20337;19082;28591;15266;27033;7797;9993;11648;14451;32709;26558;21172;21279;20526;22401;6581;3971;27145;4886;26818;17718;26535;10332;16339;14236;29925;29066;14031;27475;24320;13753;11263;27342;22187;12963;14019;15936;6239;29610;12931;6844;28403;6684;30185;3226;17516;31413;2637;8476;13590;13413;30577;21330;22740;9300;30575;16442;14004;
23332;9967;26156;5830;30582;1437;29557;9775;2479;23259;26691;8569;25852;21170;4033;31021;403;26383;5250;9380;21564;26924;13347;5914;16144;16204;22060;2820;32641;10923;2616;6051;15771;10677;12630;17626;8330;19062;22190;4413;3163;338;31592;7786;27911;22518;22985;30620;12973;2190;25503;9853;25375;22840;32736;2620;25760;19385;19342;9440;26092;30064;25053;21212;1913;5000;28568;8419;10749;12145;5569;13309;1584;26512;24440;30683;29139;12341;20253;1895;30193;8398;18105;928;6757;8539;20378;19621;2716;3106;1342;20751;30620;6052;10099;26500;23365;7375;6075;26250;
215;3445;17909;28312;30389;12029;20538;6771;19817;27993;23046;2488;18407;23096;24216;31156;24854;11388;667;24700;19084;21486;10501;15930;18585;30000;20288;6342;3976;25076;29832;21878;1569;24940;4244;25910;4467;23809;23928;30427;19920;17736;30922;9140;22808;17202;8195;19042;4667;2435;3113;3050;29177;23173;12459;7945;24812;5629;24973;28104;11977;25438;9412;12623;3811;19517;13028;32766;15856;23301;27384;442;13584;4588;15793;16005;3595;20005;21444;15186;31962;27479;29581;22807;618;15183;27128;10787;15516;9714;31393;12722;30608;1397;6970;16831;25635;4816;32302;27417;
6070;30319;12419;13241;14642;20779;20229;1875;32584;20858;5793;5675;25598;10466;21519;5674;12647;30132;30388;6705;19377;29942;19142;29613;23654;4257;7857;21100;17131;7693;22457;5807;28237;24745;14817;2432;1084;9455;26380;28485;31064;1943;22883;10390;32428;15627;23798;21836;26744;27932;19622;11738;29236;30451;5698;1761;977;12618;18928;13054;23618;31452;14543;14055;17723;12057;26330;950;13369;21279;21520;11140;31938;3814;24786;17466;30702;18106;20876;27812;17702;26863;13719;10183;2092;17360;13662;629;18523;30680;3008;14110;21809;23077;11958;17385;21514;23337;27446;9987;
23342;17827;30807;13623;15886;27085;17845;16064;28363;2263;2327;30299;6392;5269;20303;20128;22945;6005;5218;16785;14476;22707;9961;13940;18110;4304;23223;31198;1601;16960;20156;31761;32549;2659;18985;18823;9669;32438;29909;29135;30284;27211;28384;20632;26999;32630;2966;27916;9884;20938;13206;25439;5867;11331;12851;3239;15860;6085;29210;22766;31593;9669;27957;3973;6693;21318;21456;27036;20590;6152;12027;15120;5495;30204;559;7556;28713;7418;12340;20915;8995;30390;10049;19204;23040;12017;6246;6496;15320;3052;15911;9536;1801;11042;30314;29194;6711;30262;13203;23197;
3729;25643;2285;31786;18262;23251;22092;17223;6808;17546;22256;20286;30529;11812;6061;8107;11347;291;6217;16454;13684;11821;7206;26365;12457;23486;28192;14406;24930;27931;7097;9651;25783;30087;27508;6854;31473;27576;4734;27656;2636;12684;28051;15445;16123;17401;16672;19578;27757;10050;17573;26882;5071;25457;32094;27212;13266;9473;11298;31457;17838;21979;21131;6149;2919;17028;4951;140;4942;8084;29198;1519;5324;874;13797;29599;2651;10270;29667;153;11477;2487;1090;32571;13297;13470;26392;16214;10;22611;23607;22148;4387;29279;12881;17084;28457;9610;4448;6947;
26487;4429;17476;17189;17312;15754;17838;21445;23912;28283;5182;12081;13331;29929;4584;29338;26339;20126;29340;14914;14556;11036;32294;27607;458;10383;10579;31487;12421;23809;19029;23604;17012;32717;27752;6610;21584;18262;1718;16238;12330;20216;6776;3946;31920;6463;31839;14022;29100;599;19762;29497;13773;14020;26040;24449;18858;595;14808;23031;9220;2897;30463;14694;25419;19962;25026;17437;14436;27700;14021;7491;28330;9598;4827;7275;13619;2851;9838;17256;3412;17587;14370;18019;615;30899;15029;23083;3787;11668;31274;15563;21037;14050;9254;11362;32006;702;12186;16431;
5477;23438;26530;22508;30959;29171;7597;5469;16420;17148;18143;5160;26340;11929;2227;21479;24113;21074;30949;2172;27446;31800;5263;17572;30600;18972;12946;13008;13997;18688;30007;20528;17627;10443;32534;24080;8961;22593;28471;32103;13324;7473;26744;10413;8035;31984;10286;32750;15539;2311;28687;6941;27890;25641;18256;22186;1182;4968;22282;20054;11078;28584;26082;31303;21580;19283;14057;8791;13545;8270;20417;7090;23409;23084;27138;1184;19417;4258;5083;29343;17782;17979;17405;18101;5639;32589;25780;7172;7670;17708;6743;1183;27099;27037;18659;2204;1346;7822;7395;7019;
27310;13828;7059;31590;13534;7764;32324;12200;30030;28310;23810;6179;21505;5975;27765;17389;23678;2958;21253;475;7193;30161;22849;24401;30067;19913;31106;2392;19780;25060;4811;17393;29784;10569;17140;27562;29400;29201;11272;13678;6347;16308;10475;8353;30684;28097;13632;20333;10846;27347;3209;14678;2957;8128;17552;27669;17687;22291;26375;20131;21979;14525;20075;6804;30192;11783;18990;32678;31721;16843;19988;9626;10071;20708;12510;66;29840;7907;15910;10716;23983;8963;8074;14238;11484;8544;24844;15506;17358;25699;5305;28324;31885;10881;22921;8698;1917;7205;18823;3715;
27288;24042;4913;5075;1531;4878;16930;28462;16804;25636;31470;6114;18554;24072;11854;13786;29837;15640;1917;26225;20640;30881;6625;17284;21221;8856;4590;24779;13575;28555;27976;13161;3437;31446;32295;6081;3518;6938;15872;27020;2720;23275;13154;25128;12486;27081;28446;12595;2857;6482;25770;857;16021;15029;8647;27498;7784;28778;10594;25008;32407;18465;30136;19839;26353;12536;26046;19725;2984;8688;6592;12164;12045;1186;840;21846;20635;14382;11329;27345;19767;16501;31068;12531;21686;30088;27571;18559;22688;18271;9645;13136;22579;27087;14113;32750;11691;31926;29886;21343;
16577;1145;24234;17728;17010;18096;23145;16916;22017;24351;17409;26587;19263;8425;6747;4327;19978;6144;19181;235;12052;16096;24726;26709;10726;15485;6601;12765;19492;15993;10734;20062;25106;17307;10757;29413;3159;27261;31885;32008;25345;6276;10404;29050;18890;3349;28783;18652;22937;13574;9916;32469;844;21075;2022;5988;20405;19475;6649;3701;24802;15018;22551;26035;6306;1087;11547;17566;2116;7537;379;24285;3490;16965;24691;5333;16735;15203;30816;634;6764;899;31338;28773;27345;24866;7525;23336;6570;18553;18425;1246;15983;6575;9729;17670;377;3918;11570;2705;
26050;28916;21757;17465;24557;24139;1462;8981;24198;17978;757;27498;10122;24157;21821;18373;12074;11955;30427;21062;19404;1431;18449;18495;27475;26610;3700;7166;11680;20910;915;22758;2136;23150;14041;3525;22504;4732;18101;12641;455;11266;13559;13652;3067;17534;23166;15130;19935;25200;15888;8041;7715;31573;21129;20416;8724;5593;24632;7747;8734;23625;7558;1990;1935;13127;15064;8232;26525;10433;26039;6370;16299;20260;1839;5599;18120;22732;16756;17551;30841;1984;28876;26935;15544;17820;13224;22155;20796;30670;15892;894;22523;25605;31826;13145;12014;14567;18626;25610;
29972;3843;14598;30399;24761;30214;18018;18100;19192;25137;21865;8777;5247;3594;24790;23128;18322;9298;19384;23493;6995;17976;7890;1879;15424;16844;13633;15302;32253;3254;7263;17941;23124;22312;10984;11297;24954;19217;4955;1403;32659;19348;30115;22131;15225;18616;13303;8565;21177;31585;3839;8857;22239;7551;19768;26997;12276;29317;29081;17718;10308;13341;17783;14063;25957;14105;14758;24112;29300;23725;25313;5083;16290;9180;5483;10035;15087;28465;25591;28982;26166;21167;1478;12845;3690;32266;26639;28033;2079;5912;28323;14288;5452;6274;10193;11072;22607;2239;30599;30227;
30769;7491;32187;14204;23084;7667;15369;7857;5226;7389;16030;66;32272;22054;19540;21929;123;19523;25118;23330;3529;29804;32167;16317;24732;1870;31542;7089;26906;18945;2773;8435;2873;25401;178;14855;4665;4288;1221;2839;32114;20772;26035;2370;2639;21933;4851;7222;8091;20625;559;32257;32251;29547;1005;19748;22972;12778;19310;1257;16847;7366;11734;20471;30738;26873;23694;26916;7890;30507;7911;32394;24461;28526;20224;19165;28412;17707;7657;22780;4688;14172;25352;9669;2493;8444;31420;5166;1077;11708;30785;26513;118;18168;11988;14408;16198;19689;22039;5754;
11005;28700;19894;20276;22597;16163;17483;1980;1054;15498;17791;8994;13093;4365;29554;9751;22037;11783;28510;3330;6030;29742;13687;18513;14101;12926;28693;21261;5469;4467;1556;6066;21956;15995;26747;5949;14625;27563;25437;1670;5565;30641;30205;21968;4255;21002;30261;22175;31757;28533;793;29642;32591;25255;2775;12240;27574;27968;26594;23919;25309;7422;22863;18035;12847;18736;23167;13517;1961;1134;7678;4580;25569;22152;12203;4144;27976;21180;537;4868;2220;24108;27446;18603;23297;14991;21546;10935;6240;10534;8322;22678;17488;14833;4238;102;18245;6948;8967;18954;
32102;31957;14837;30846;8851;23799;1744;13671;16295;20363;486;15087;31994;5909;28924;20431;32299;8525;16696;18861;11036;15384;14399;2473;2621;5814;16538;10035;4110;25405;21854;15647;2015;11334;20748;3323;31194;13030;9142;27808;12868;26848;13411;12807;19968;23320;29109;4446;28757;8267;21961;8539;1521;8190;24927;31185;14637;17844;21051;8321;31634;29796;6347;14386;18588;20010;20745;9732;1471;9277;17059;8449;9128;8993;11353;24565;25797;3870;24231;22911;27911;9456;27045;19049;32487;29376;25131;30261;2471;15699;568;22008;27866;17794;10389;10604;5414;490;31669;7744;
22089;8420;13280;434;9818;26296;20625;12384;7761;15373;15644;14427;25546;164;10387;24958;24582;30278;5355;4094;26675;22523;24923;13633;15085;29053;21509;17140;30468;19180;26328;21592;28544;15555;23477;476;226;11;23504;4849;19373;3791;9818;538;30757;26831;4701;1858;26455;4216;26599;7251;30041;21524;21610;12292;12499;14143;32355;31475;11198;4250;31802;10995;18796;12227;12905;22695;11721;8068;23777;31568;12768;22602;18345;20195;417;30425;31433;24671;18145;19263;23910;13405;1442;21510;5166;15336;3477;31150;7927;2960;9437;7771;31138;2234;20502;21962;17478;314;
23446;22921;13963;24868;2546;3432;25171;31454;3012;10283;2464;5498;9388;21633;2994;13635;8597;24122;11631;21142;1082;16308;16648;29428;2024;9110;28890;22612;25477;11969;12690;15038;27857;9860;8085;16405;236;18191;19359;9781;22041;24107;15017;21310;6849;32296;7441;16430;1467;23830;245;29110;15306;13368;991;29510;11879;13237;18344;2155;22465;24209;11926;2138;30723;25308;8904;6093;14293;16937;27860;13581;21541;24130;23982;19024;14119;15898;20428;14918;8858;7939;17287;6895;20302;9761;6853;4783;9699;17951;14293;2980;29907;11552;922;12599;18355;20217;7916;27633;
17333;24477;17211;20369;11634;20952;5749;12123;31718;11841;30250;19634;7356;22122;32239;21481;19916;2137;19712;6999;12259;13884;20265;22697;30402;1624;3302;16508;23145;3907;18121;17452;11669;9299;24604;25062;15751;18006;23752;15109;24327;3203;30325;25755;19625;6577;3315;9805;14927;29127;30168;7013;16879;17268;28523;27170;3478;31264;15041;1362;25261;11298;8486;11299;29308;14643;26815;7223;5100;11554;31853;10742;19089;15050;19187;13096;16103;25410;8540;8131;3036;7507;1175;25857;1423;4399;20069;16054;23896;15455;4469;4833;18184;4606;2252;13185;882;27429;5739;29354;
29738;23462;5420;15575;7308;16125;494;11650;13312;4483;16369;20978;11645;27109;31875;3669;22604;9941;30173;22798;32271;9471;10568;16464;8705;4415;11396;28140;17791;11025;13929;7527;21960;2889;6863;14416;9985;17156;15788;3280;8316;26334;16764;21123;32313;23141;29926;29062;19373;28622;17308;16338;31683;12263;11907;10440;16929;24141;3860;29452;4524;3551;10754;6295;25678;22898;21788;25864;12279;5319;13430;20027;11489;2490;21187;15133;20761;5563;6406;11455;9531;15234;26986;32169;22140;31999;24941;11120;10734;4496;1860;24203;13568;19575;26235;9314;32580;18315;24541;4008;
29046;9773;12435;13035;13753;1150;29840;10601;27939;26320;10284;8742;24188;15706;27918;8507;579;20527;5712;27505;4082;10097;16350;20494;28804;17345;29983;17647;14899;15099;10968;2263;6534;3360;4173;16391;19339;17812;31657;16143;3425;15498;30111;30691;9466;3260;10322;15665;26399;4447;13682;20466;24245;86;14248;27456;31038;29862;29493;16999;23715;32042;31190;9534;18992;904;17898;16056;13024;8035;4310;8630;24795;10706;26793;6175;23101;9489;18684;26675;24857;19575;15133;1052;13502;24744;16748;22470;30776;1036;4612;10481;25114;15232;25758;15749;6523;26443;22451;15397;
25663;18515;12513;31494;2712;26001;31888;12546;5067;26050;20693;15592;16440;12639;14231;30487;25749;28880;1008;16715;2682;15069;5845;18614;31266;1893;22266;11859;4464;14930;24560;2423;3120;23244;11408;30889;8608;19117;16541;13491;6958;4661;5541;23033;18564;5120;20264;23562;29890;15668;31229;22389;16650;1535;23280;13790;2114;22081;4272;22608;12309;8837;3305;15317;2875;21814;10413;19524;12539;22544;22552;22875;28142;20948;16692;25101;12805;27712;14874;10781;8141;13886;29274;19948;8434;30300;19357;18576;9219;380;9609;8229;26484;27084;8421;11368;30185;6649;7678;11138;
14258;12448;31305;6433;15761;12294;20809;31693;10436;22024;17587;7290;21567;12373;4049;23641;9018;16602;27172;7412;6379;18046;32077;28282;7573;32272;29230;30807;5313;28541;22860;20488;10443;6983;29303;12846;28577;7218;6062;20961;19656;4417;20285;12870;13472;25568;18728;15972;13544;15971;19404;4915;26244;18095;21444;12278;11390;28983;27402;203;25676;43;31582;30593;27473;747;8172;9897;7590;27074;14889;4848;12825;465;19966;11948;6006;27977;26920;13236;14086;27614;6623;20341;16470;1912;14517;21826;25145;31019;2498;27372;5392;23145;30974;25491;23113;30326;30190;15547;
5414;20509;12931;29090;24768;12194;18751;6354;1867;19703;3737;32754;32411;27186;4515;14817;3559;29247;4074;21254;206;28626;24733;8161;2967;28832;6898;23014;17597;10447;31686;32396;22443;27307;20100;9377;21700;18074;23879;15328;17062;26450;11331;27333;21680;32329;1121;32416;27330;21613;4393;8681;15939;21270;5605;19667;24681;6457;32259;9251;28084;28894;19644;14915;6844;14548;12275;26258;32301;5795;14944;9983;15376;1218;2285;16342;30284;4362;22368;3545;9836;24427;18491;16019;17570;17630;25568;25321;24588;3738;4857;4082;3127;18827;6167;521;18402;7680;19609;30240;
16644;5028;9424;11607;6672;20911;16225;20173;5239;12125;1002;7093;17518;10400;5352;10669;12787;2833;6360;5964;2826;28461;7836;28410;19277;20926;8481;11269;31907;24983;28223;5617;30032;21892;29920;26127;14126;24193;15973;27473;21561;2602;5957;8284;31825;10611;10999;26591;6204;3993;5907;25379;5611;15705;14772;5860;18942;19551;16160;21088;2698;12033;12971;3245;26393;6189;5848;11343;8690;8096;18626;27914;20123;30297;12986;22517;14749;16206;4658;464;32135;24669;21722;919;26933;24453;20744;24919;6994;8278;23901;21313;30492;5542;2982;9469;22119;15238;2816;8001;
7397;28021;30016;12193;4260;27859;2961;17065;7128;11160;9823;1065;23515;12101;23668;31184;8562;8219;9569;11260;18002;22667;31520;20689;31715;2287;16119;11657;30531;17271;26015;8714;7822;1126;11942;4798;7005;2686;27410;9375;30348;5048;5959;32657;8513;21049;19499;2805;3881;11650;19335;22651;17925;9191;11185;12599;1638;24642;26216;30968;29108;22504;20223;23509;20853;1244;13246;31240;25548;4163;11909;1536;20800;280;26802;2225;12223;17185;22085;16431;14051;6690;11330;19579;2420;21840;5719;7836;14381;22280;28607;24050;25027;17601;870;14280;5155;29504;5966;19752;
21243;25355;18225;13043;26493;24863;29288;14385;23904;8165;16651;26277;20775;23651;1114;29092;29605;25519;30299;1832;26305;3242;7365;14113;22391;31210;21277;25867;31007;14328;16415;30661;17906;3004;14943;15265;10442;1333;24624;10936;29737;10862;26309;3968;19069;20141;25750;13728;23458;27117;6917;7426;7081;1166;834;25386;22232;2892;8812;22215;18161;8046;26873;27016;3512;14143;8535;29745;14511;8898;12755;238;12836;18594;13755;4071;17261;12136;12735;2580;3187;9968;26525;22099;5229;9758;3326;17592;22510;12493;27034;17444;30754;23048;8355;5657;28500;13949;10593;29900;
28340;21294;15130;24444;18776;1130;12340;259;4224;8444;9373;25771;17694;32162;21355;27970;17046;15553;30656;17009;18114;18006;13553;10313;15161;31792;18919;29983;9169;32349;5061;6554;22114;5090;9162;28426;24525;2991;27770;16379;14909;10705;18936;16139;14509;29930;27063;24568;19371;30686;21841;18173;859;19408;9399;16991;29374;32333;7051;579;22580;10182;13770;706;12096;17988;26542;23615;3980;12375;5331;28152;32045;13391;664;5852;3623;14255;18888;28829;2356;27359;2938;16645;25025;25889;27957;5517;13626;15558;8280;15660;11655;28578;30905;5229;27863;12221;22157;22468;
26268;26699;26504;28706;18902;3807;837;28103;24725;5339;9959;9560;2233;3371;21505;9009;10749;23091;22195;26876;19764;30725;14102;10626;14546;14040;23002;30402;13997;31158;5166;5696;26373;19828;14048;28576;17602;27623;21702;18803;16126;32597;18524;18513;3011;14890;15534;25640;6166;5868;15737;18387;14644;21617;4749;20207;795;592;27253;5610;26700;12693;6234;20572;1744;7609;26917;22939;18041;25041;21476;13194;11370;3589;2415;26545;2009;12612;10059;32403;23572;11062;4558;315;11202;23154;14724;14617;2412;31474;20434;8716;4412;18627;11993;17088;12292;15105;30877;24378;
23425;27395;12647;14769;8162;31699;22888;21920;9860;5601;18846;28953;6656;19192;22524;10332;2919;30320;1733;30632;15564;28070;17209;3921;29955;5289;30579;11795;16553;11062;29586;30118;17508;26087;29207;28050;1132;10151;15246;10309;17739;28521;11633;15971;27105;19994;10313;5213;29354;30931;10518;7749;580;19284;4593;5601;2859;20142;26096;22270;2760;6207;31818;22022;30122;5347;28347;25813;14611;5225;18218;14793;30134;10564;12426;27928;22463;12419;12030;24679;12308;5636;9024;17560;13018;10468;7491;12771;32572;5177;16919;1576;21607;20484;18702;32131;6105;7777;21533;14626;
4316;26881;10116;10323;32077;4826;1201;2017;25506;4637;11362;27553;17964;26217;19467;1608;7064;16190;23159;9087;12476;26292;10161;2106;22417;17517;9253;11589;1915;3272;8963;2079;21201;28759;7140;22028;21913;24468;12208;7526;403;14031;29887;22836;27514;26219;20030;766;32134;27466;21205;28383;13109;11142;1670;11739;16971;2914;27609;27251;21783;20096;12342;29559;14841;6484;30610;26908;11297;9944;2894;16462;6553;1665;28763;4167;2694;30322;10403;24161;3499;11761;9124;23592;20014;11287;8798;19380;13983;24267;4720;32310;17718;13809;9342;8400;30044;30430;8661;19370;
25197;25615;17746;1858;1981;3355;7040;15363;16857;23271;11776;16410;29967;11289;32302;30597;32048;5583;4865;14956;19092;7312;7731;30133;20575;31107;31906;14803;10243;16350;5623;11230;3590;30370;24453;3305;7174;31366;1652;19344;25594;15408;1310;21456;20666;11947;10169;4380;28610;31254;17463;22188;2098;18073;10602;8729;8986;13214;2412;27687;26869;20285;25406;31713;30835;8695;12207;28652;6780;8872;21887;29205;30577;9911;10437;18732;12725;8848;31118;15637;2412;20052;30151;284;28034;718;25181;6281;7663;25258;28578;26996;17210;9185;11507;29147;7996;3448;24472;21234;
15143;32106;16619;9914;14023;2787;26556;21461;7431;6318;24821;21401;25014;27633;15226;7779;27787;6936;2899;12846;21863;26895;10253;26468;13787;24756;10845;2035;13290;17548;27911;23716;10768;9908;5374;9385;4227;15643;25805;11124;3000;17903;24373;28880;17449;4181;32024;5930;27478;32093;31382;3119;4617;3381;32629;8093;13279;19613;9926;31826;7172;13978;10693;14250;1854;24175;12802;27399;10029;30153;5822;2993;27345;826;2456;29921;12364;23784;30313;22552;17385;15239;6764;1973;20574;31108;5794;20423;9294;21123;372;20768;28946;14092;15259;4779;26297;2177;3133;15615;
20813;20820;18520;13363;7000;19830;2404;1012;22951;22291;14132;20950;17486;2940;26910;18920;16621;15461;25179;14731;25137;336;11696;19588;157;32073;7246;8271;20618;11476;11256;8630;6508;20516;6243;26787;29272;17805;7138;1587;10179;26684;9027;30987;11917;18214;30963;15343;18494;18494;11113;8849;15503;3051;12994;30886;19500;9401;6569;5951;16568;30543;11642;25687;15889;22177;31143;28840;14550;12390;4698;10180;13863;24013;29276;18016;14508;27755;28725;2803;32473;29560;3733;21632;30320;18748;11250;9135;2375;11460;21875;12835;10059;14297;16653;5128;12741;11571;13036;6123;
11228;30441;21012;22735;21595;26924;12360;13949;3253;7477;2346;10267;12615;30844;31909;7424;18140;13355;18568;24519;8566;30930;17779;12194;26700;25180;10999;1009;6927;66;24313;11796;31857;9726;21591;19837;1512;8131;15567;18953;18607;8043;4636;18576;24591;30129;14945;19899;22748;27552;19403;789;12866;20555;13170;21093;23490;3775;17281;19260;21623;24630;27799;1738;20382;28301;9837;32245;597;31480;19384;1453;32419;23797;27985;25977;16313;28030;24723;15446;19319;12931;3332;10178;3378;24215;15672;24852;19893;30954;30451;17678;27781;16759;7822;31157;15978;9598;27036;9824;
13610;22581;25805;29200;13464;25531;4370;15359;14541;17997;23553;17020;12726;28604;30588;11253;14287;13086;21645;9814;32301;196;17813;4242;9666;31853;2982;25214;21981;17337;21293;18150;15856;30945;25556;7131;25750;26020;1958;19786;26580;19077;28020;15827;4767;11827;2680;12759;27551;16713;16185;28883;8499;10807;17326;4333;30389;19840;7846;8397;5887;26151;11368;9134;28718;611;30870;5045;31910;14490;28503;24193;7510;10381;10676;4099;26941;7377;22851;8080;5676;24702;5891;4916;24270;7467;6536;27978;2535;21785;5720;6217;30425;19886;21140;17633;21356;32293;9947;28231;
24270;22149;31339;30925;24025;29391;31113;7861;9365;3708;2852;8007;22782;19494;18869;25633;21255;9606;873;4303;15838;6046;1410;12443;24178;24375;14074;30374;9011;22926;18026;17464;24856;23883;28459;26965;25063;8114;6587;21393;10161;31261;23394;7973;2459;9130;6421;15937;3557;13105;20890;10916;9508;32121;21229;21867;10962;9131;24291;18726;20233;26118;781;12849;19852;3797;10207;16706;5639;2462;6929;7230;18840;31389;6470;20817;12685;27248;6892;61;4976;23060;26723;11762;1601;21264;14689;30304;11522;18416;25493;4233;31353;22773;23690;22746;25137;20747;4815;21947;
6850;28411;25173;27237;21842;20194;10264;11251;3676;2018;14593;3260;23472;21015;16395;20961;23483;18637;18342;1826;10761;7408;29273;25846;32008;19395;9898;23770;20751;11733;12866;16361;17566;29234;10317;13229;2536;22998;32544;26933;4494;18279;12574;19047;21166;30499;25820;4504;21532;29463;24707;32602;23279;6033;19574;8853;25152;15321;2357;26330;16430;21276;7298;23795;7205;6569;31170;29119;6753;8800;10661;1853;24749;22630;5385;9190;22641;18718;30492;11328;20971;19029;15041;23216;27837;20669;18230;27023;27048;2717;32755;9089;18839;4806;31701;19970;24031;20425;14203;8770;
11717;21351;18161;18483;21825;20041;19083;2016;16641;27634;11028;9472;27569;10993;24872;6347;122;1371;19423;7692;1736;32120;23212;17272;31569;25277;3716;30782;31315;25338;5698;18143;24348;15317;2634;12864;31952;8311;2924;26878;21607;10117;18700;17153;27637;21842;12928;15700;11054;5715;22458;26675;24873;15827;15655;31590;22372;23783;9942;1230;5641;1445;7901;25918;15727;20113;15097;3980;6372;10840;25972;15847;20138;26561;11596;4458;20799;28128;24977;20466;30177;2189;31759;13357;21586;22804;7981;1012;21465;16174;11029;24795;2441;20016;11797;1798;19397;8835;13381;28222;
7940;11092;14955;323;24530;15500;18459;24420;19992;32003;29987;23630;23964;1264;24102;12834;28619;16549;19590;6602;23223;27513;5511;15756;24924;14085;29874;14815;295;29331;25976;8318;14521;18131;16408;12732;11240;22992;7619;16407;18694;28451;18429;29199;21350;22630;14150;22073;30493;18924;25850;32143;18950;26543;29814;4106;24073;7818;30588;3955;18588;7593;20953;15478;17289;1085;68;20984;19186;6004;18058;2730;23699;5288;2280;9438;15432;29655;21688;22682;25039;11859;23633;29675;29646;23994;27176;4476;29720;18217;3899;7527;300;9901;4271;7243;20735;20218;22711;26783;
18683;29024;28345;23110;22343;8698;15020;3171;29001;27689;6085;13678;23401;2880;31314;17800;7704;7041;11494;16139;19473;22345;26806;32102;32223;13447;19779;24104;9888;30322;31545;90;9736;1916;22167;3602;15273;12161;13329;17477;16241;31301;30131;11485;17268;25117;23238;16139;747;4844;1783;23007;17021;22865;1206;19734;1470;4639;18141;25651;15862;11790;28050;10193;22051;7600;21102;18743;16449;14758;8159;27693;26568;31507;30666;17166;11639;6225;28021;12575;20560;23011;22181;26399;26596;15275;14339;11807;21456;11869;20676;21652;17544;3380;2441;29099;16723;7140;19076;29404;
20375;8399;31965;10178;8023;28539;15188;16426;24826;30532;30247;28778;10318;10830;3638;12276;204;20670;11109;17962;5918;7210;21058;6516;7134;3917;31976;29840;17313;3584;15139;13866;2100;10598;7636;7853;3877;31846;29079;12376;22917;11358;3236;21908;8429;25109;13299;16773;1471;20210;23460;16095;29358;4716;18077;24827;22913;5058;18805;19242;11539;9196;13457;585;15519;31697;10636;31893;21562;27322;24540;25537;18081;18695;7347;15686;17461;801;25124;27899;9028;20655;6535;17893;32138;27661;15646;7504;18168;24057;17657;5150;16820;12688;23318;2656;29536;9338;6861;28963;
32671;10081;24427;28300;3029;17063;26142;2088;4143;13144;18193;18301;14820;21597;2519;3301;17082;10227;22797;1180;25035;5468;6459;29207;14729;11988;26364;17815;26368;5063;16479;12287;5723;17217;23948;10466;16554;29350;31915;6881;30434;15523;9473;10804;24101;15460;9564;18822;16708;26888;20914;4358;23427;17746;17413;3003;16540;14241;9353;28439;1542;7714;15625;28880;4470;29508;23431;12011;12455;5740;18467;24090;24151;3307;21054;12871;22674;20269;14558;13681;27698;30258;29268;183;6567;23874;5917;2994;30452;3037;29703;1544;29434;31730;1940;28478;24057;4177;28323;24782;
23380;20321;1101;15994;8340;13846;14606;16607;9648;14110;25893;3661;10892;14939;6717;21974;13759;12438;14412;8357;28825;3954;18876;19858;1125;18846;27337;27379;23787;5967;16426;25268;29753;8942;16627;11434;2979;28173;22458;31524;30217;672;7928;5571;22360;17514;15539;22156;32083;30389;8538;32060;13716;19014;11761;19675;17613;1936;1389;10132;25428;10536;3426;7364;25311;31353;25051;7505;24972;3769;16521;19005;11812;9244;12065;4475;16800;18247;24831;3329;29164;19207;8207;22558;16876;26691;15597;20238;29373;6703;19019;27852;14909;2755;10132;15143;17101;9068;7886;2328;
22613;5633;6597;23379;26249;29176;12902;19228;11371;6618;8809;18268;18705;11508;22067;27636;1449;14672;9978;25425;186;18915;42;1600;7853;9480;29703;11780;25483;20269;916;27815;6664;9676;7604;8077;27585;9886;6544;4175;20162;14091;12344;6086;27723;32740;14733;30565;25812;12628;12382;23756;5454;17172;16849;17307;16812;1247;27653;10628;18594;4902;28661;18597;17580;1028;6816;19476;15955;24692;10599;12987;21420;15810;19894;21606;31009;2879;5094;15642;14195;26681;12642;21161;2816;5674;32265;30851;18498;23344;7380;9679;10649;26813;6073;8634;27210;6800;29391;23055;
4807;8676;31410;2057;23089;28903;21033;5989;16667;31341;774;954;18833;6630;5710;8205;28760;14221;30618;31904;19320;31971;10173;24332;29176;11612;679;143;4329;30552;7306;1703;20902;20820;31291;27104;30041;14178;10458;16106;18881;23766;30901;5614;23347;9795;24426;25634;2015;32678;17740;11164;22613;25312;16904;21860;16712;8810;3209;29132;12945;19524;8728;21252;6006;14638;26824;13801;11309;7195;20753;27934;19612;9699;15035;16990;8291;4408;8445;528;18460;10971;20967;25884;28641;10767;13565;19710;27407;27983;25893;1561;15690;28476;8643;1101;13506;2009;23330;19915;
31156;19962;24086;2088;14131;11514;25311;23473;16680;685;849;8447;23448;22933;23602;3275;1829;4953;24036;19971;30424;6002;4163;21020;4893;23080;19921;9131;11791;20413;14865;5935;19702;8168;30512;14897;11022;11653;24298;14480;22923;18058;17068;11286;8409;4157;30454;2638;1832;932;11780;9370;8232;3645;26029;28288;2577;10992;27787;32325;15335;1858;16988;31677;2300;2251;22440;29025;32182;18154;28837;13218;31122;19639;12119;21117;10857;14137;2299;18768;19699;986;10918;24812;22153;8983;4394;30699;27695;9084;22585;9540;19153;2256;1229;26908;1229;9101;20166;24543;
14514;31891;11733;11152;9543;10524;11674;1885;16080;6899;19721;14711;10636;16609;27922;22304;15746;2920;4737;3846;30590;10676;32547;28111;31574;4815;26154;20725;2929;12052;16338;31700;6538;13798;69;769;21682;5026;13756;478;22676;27601;20968;20075;25085;2979;8848;8031;11420;24729;15739;22648;24070;18305;25488;28943;8700;18343;7996;10479;23537;3658;8724;32615;4551;15949;9660;8350;29658;26671;21511;15655;9791;15933;31327;32725;12110;22790;3176;5585;12125;8208;14816;31977;17871;10953;7114;3115;18254;11712;15563;27315;10580;18453;212;26817;18160;17711;12289;28431;
25287;9900;10433;30817;2649;2718;32056;18781;16005;16884;32737;23197;1359;11062;888;10499;18658;9590;21015;24652;10193;12163;8095;5096;6818;1887;31577;31241;4749;24051;1245;23803;30081;29442;26675;14003;7016;11612;25913;10922;12460;852;26180;20972;8698;18291;27146;3435;30022;11630;17600;21146;13327;6998;31871;9783;19172;6927;17644;14696;551;3;24088;23818;29713;5399;23205;16198;9206;26335;4395;10085;6858;32269;15577;9189;11493;7728;4448;24268;19715;23707;17932;3132;4239;9122;23604;10056;18721;30221;9429;28934;22341;1734;18810;26085;6782;30933;23647;7489;
8842;23438;13269;18229;1512;14089;5352;15537;408;15571;28992;21964;17954;28899;15429;31323;5593;24272;7047;8386;6241;12097;30300;12042;1903;12708;10443;29236;6352;11811;23976;8141;18861;5075;21505;5571;28429;22319;5049;19575;12187;5318;21875;12051;19114;19504;8625;19998;20598;18246;27453;8270;12204;403;10441;17821;15405;9221;12754;158;4879;26856;25290;23058;32741;31765;19573;8887;18241;11111;29332;18272;31351;31599;24001;11082;14499;29801;1178;31918;237;15214;20513;14227;31243;19435;16227;19174;21256;25937;28248;5068;8516;270;1035;9015;24509;25789;19450;440;
29580;9369;32448;26004;22963;10808;32241;3865;25109;4982;1862;16178;7110;32175;8954;31802;22149;4401;20851;6414;23943;24816;15397;12902;20343;29308;28084;5733;14266;561;21848;19054;19703;22445;6534;9018;30935;16008;32205;8999;3337;30527;24574;4819;18826;13424;4239;2026;6179;30797;2625;20028;8499;26187;19713;26387;7598;23834;24588;4803;2662;27866;16215;6274;8329;32140;14382;16506;14187;14790;31003;13341;29574;4523;22793;14521;26304;27163;6569;30796;1516;19495;10517;19609;6034;10440;9908;16507;32755;1232;12125;15226;3656;8480;13503;2972;12107;29468;25600;16765;
10488;348;24484;4770;17301;30884;20657;13835;1008;3351;4880;28423;23272;31655;311;14925;28206;16336;8965;20807;24141;20870;17389;30641;11752;32620;13399;18275;11843;14662;14915;28267;5382;24241;30000;4959;7997;26130;14652;21490;26018;28620;9612;4548;17951;6582;31214;383;1679;9932;28605;12319;5317;20260;6662;29329;1999;19492;4328;29568;18043;29939;27713;21356;30491;32557;20871;3836;7302;14299;6387;8085;1119;18594;19941;2603;27290;23866;3716;20567;30267;15650;3748;30634;29537;11666;16878;6978;28292;12210;28986;15258;5371;28425;16192;16550;32449;29752;24688;25120;
17784;28648;2590;27165;3246;12801;23778;1507;24416;8476;20031;6398;1724;17980;21890;18065;15915;16568;24557;9451;26767;13948;20501;20314;10953;5234;3209;19012;3967;13114;25012;28019;6172;13345;15109;18609;24344;10833;30541;13973;12153;25669;23656;4508;13722;27008;28191;16251;11563;127;11341;1716;12409;20716;31809;25192;3311;30228;16740;18540;16605;5531;26907;5535;1657;20078;28143;5242;4132;5114;5612;20968;23022;18844;28742;13400;13403;12888;22083;2321;27752;2253;29524;31686;13513;21352;6277;11371;13429;18649;24344;22343;24164;22723;24173;17225;30359;11448;31014;27295;
26714;13668;1416;4485;20934;6152;21795;16219;26761;4139;24501;19963;7146;6540;5452;841;6151;30298;7083;26892;3681;26023;31471;22268;26523;7707;32114;25371;17023;24805;18160;11337;25666;14583;26344;13075;32265;14963;27205;13517;27563;22112;12350;15584;20409;5794;1659;24676;12476;22057;20601;22514;31677;18792;15919;27571;4107;27401;22002;26045;14392;8415;21910;32416;13413;11548;11990;30779;14783;16324;8949;23253;2890;15457;16806;2153;4062;2041;20266;6720;2415;29501;21944;15557;20881;5379;26145;32150;16186;10486;19380;16343;6602;18060;14175;19147;15690;1081;9752;9893;
21489;23267;1659;15259;18669;23957;25013;26429;22624;6519;2976;31749;24744;12798;7727;24367;22755;3424;17421;14538;4274;9547;5761;27152;7486;20438;4757;15859;6009;5304;26999;2040;4007;25271;12319;9544;23068;14692;12850;5125;6471;6918;27687;5338;10479;23252;28840;2774;20157;7015;15675;3450;21499;4462;16929;24848;27803;24228;8574;18751;3963;6399;27067;27101;9191;21034;20265;10756;10336;13110;10471;19816;13979;141;13573;14311;2253;6695;26601;3938;25638;19456;19186;12236;3227;713;11868;9600;9705;14557;12900;8664;9687;12152;27564;7675;15291;18467;9952;8182;
20799;4723;3994;22031;2149;25075;16003;31829;23241;95;29372;16508;15911;20499;31356;6120;29212;29378;3834;15368;23345;18539;10125;16613;3861;23177;2065;31227;30250;1931;3726;8519;9795;643;1044;29857;23213;31522;29929;15692;11628;484;21479;30156;30150;31880;27935;503;28678;16067;27586;11599;4730;6965;30530;25487;13246;156;11188;22404;26172;30536;29049;3102;11508;4815;30749;29639;28025;11265;22655;6643;17212;30494;8754;2809;6157;19015;22564;28193;9695;10291;8317;1534;17868;25379;11210;2814;12377;27672;5979;5183;4858;8771;20201;676;7897;14013;12669;8745;
29907;30840;32140;30067;4803;7286;18535;24492;9732;22072;1235;8333;26417;21626;23795;22204;25391;30237;25455;31833;21870;19301;24527;4563;30571;14180;14888;27393;27002;17846;18939;21102;6338;2159;3162;30452;18057;4690;1356;22412;5298;24900;20595;8548;15235;19712;9452;13362;19628;19979;20599;16585;10117;12523;28120;13801;664;2452;23165;28508;11871;31523;12128;23358;30031;10190;16687;2461;15637;23835;27563;23106;19743;20561;11342;15565;24158;32556;20528;14088;22602;2261;14635;9589;24359;4881;32317;27177;6023;4025;27439;32221;17169;30314;9076;5955;6784;18045;27732;23702;
2287;25914;25162;21365;11347;11336;7594;753;16201;15464;2694;31717;20498;26724;30675;15238;26843;19521;8648;7226;3394;25788;15239;18606;12567;15093;15359;25890;3167;30821;29201;25352;28831;30485;9201;13006;855;8722;15824;18424;460;14876;21432;9073;29194;21150;31415;22563;25898;6883;15679;15813;11985;18310;11981;17908;13817;12330;25289;10118;17140;30060;19117;21531;28333;17174;16234;27636;5938;661;14856;9225;32111;4526;32652;21077;28732;20844;17438;5237;10395;8541;2411;17521;15162;6910;15433;12250;17216;8563;21913;17685;10822;6523;626;10998;12706;23972;6012;30353;
8428;17083;21401;29516;15803;16519;13771;12601;28848;4791;27218;19875;15286;26136;4884;10727;25991;26123;28482;1157;32371;15927;9785;10359;8797;25723;14758;9922;7174;16166;25326;20042;19854;31595;24525;21994;567;10255;29245;27844;3437;26725;6041;9430;23299;21372;15106;27599;21696;21399;26370;1568;16666;6621;14959;16469;32577;31314;9362;19110;17503;17414;11401;29385;15902;27021;18410;12299;15980;3502;1193;13727;21627;18527;2620;32566;30475;14322;13820;3024;9195;12937;22223;15057;6333;11215;19460;32599;2299;8938;2942;24011;30007;11435;21269;26550;1959;28168;2361;10710;
6624;6861;4312;16498;18402;19598;5250;1514;13397;17888;3276;3986;25106;30153;1522;27840;18149;20340;26816;23588;31633;18985;19122;27480;11541;7549;2394;13496;13102;3526;13570;12148;28701;23762;3731;17892;23978;13017;7349;9755;27497;5039;7224;190;4668;13374;20403;10775;16665;17460;29290;20837;1806;32761;21109;17014;7810;7908;22047;25976;15805;29102;28813;28941;20651;17703;18848;669;32732;23847;7451;4336;10448;7112;5385;27900;11122;10450;9049;17659;12514;11639;7884;24001;20343;30785;10001;30285;12293;7496;5166;2462;6235;26280;29985;25288;32528;10546;25031;14150;
3200;20834;9214;15250;11537;15505;31750;26099;6331;12908;1070;21398;29639;4773;30636;993;27862;2793;24780;24068;31782;26897;29261;13521;10257;23964;4103;15565;29398;16989;19154;10375;21916;14705;21412;24360;27828;14452;10745;332;14623;21492;2424;12304;6992;24358;23251;19052;27442;13272;11247;5316;20845;13991;29509;32441;17894;27506;8840;31557;22404;11791;19591;7943;8506;25404;25174;30939;4162;13784;19368;22702;24486;13395;24192;30865;27909;25187;31241;15371;19092;4856;18625;31156;12899;7795;28125;767;16098;18706;8682;24152;3235;28079;688;26479;10593;16555;6747;18899;
29762;16165;25053;2498;21337;7791;17038;3904;25199;20418;23317;26470;32515;27696;2956;12285;21903;7387;3295;24907;21517;21349;6005;27181;9658;26279;23827;21094;7194;26534;23037;22327;10556;17090;16734;13872;20287;305;2281;6725;10517;16044;22465;24356;28807;10088;23702;7878;9593;4680;20241;15684;14960;2897;8307;26349;27217;25182;8057;13461;7020;4629;4994;27183;29624;4889;4851;927;608;28545;6363;969;8831;10890;7635;14830;31528;20616;14377;28984;16554;17187;1853;16019;6930;5567;28202;24767;22001;3644;25001;26275;15711;7648;19763;4069;19519;26257;21350;7095;
4037;8264;28074;31220;25654;29378;12052;4715;28399;6009;11915;5755;31145;22482;23593;4320;4859;15256;17891;10188;6176;31657;3949;17721;3067;3311;8536;6526;24408;22418;21374;11297;3701;28268;5791;28397;14273;23230;24908;1860;4067;20513;25604;16822;22270;23743;18590;25554;13108;27074;230;20539;5225;8205;26763;12543;1353;1322;15929;7205;3468;25732;14338;26245;2424;22743;14082;6365;6824;2532;24131;15136;5645;29289;4318;27153;4914;16976;7011;27409;196;12583;3195;12853;25169;21712;204;3740;6992;20602;26141;28928;27490;28624;31163;138;32727;623;1563;29163;
15988;2974;9152;21672;11635;6713;351;19125;7372;23791;30530;24134;29875;18094;27114;27106;19810;22362;16376;18105;13336;23749;28494;13623;16738;16348;25969;13273;25753;12830;20273;14400;2220;20307;909;32388;30239;1914;5585;25290;5716;25859;21249;31001;31754;830;11898;22377;21795;18708;25047;17917;10666;15349;17426;18931;3092;32529;7147;15898;7878;21195;29070;28163;4824;10346;9072;26459;1049;7698;17018;30071;22099;30452;31081;31537;30672;25537;885;7923;11548;12132;30256;32017;18957;9200;25266;21596;31745;15319;4595;24820;2407;29534;24696;22877;10881;20045;32050;16853;
24423;26091;4003;2533;26448;4905;2370;10295;15629;2334;9761;10407;15574;29619;24781;24732;22345;28320;23925;15769;30128;26775;4175;25103;29571;18110;9016;1142;20782;23651;24219;17563;1043;2796;6547;27452;2003;7692;30036;18386;5321;14397;26567;8366;8152;25450;22900;26951;1895;6635;23205;13011;4521;23479;13256;2836;8226;9173;21782;15733;15463;21012;26994;10837;25125;23804;4244;10403;10852;24580;1126;9643;15373;23046;11694;30511;9642;12271;27630;5050;1134;18363;5256;9521;7285;20385;27942;10667;17996;1418;9561;5762;21940;4808;4993;12715;23971;20485;14572;5442;
30092;1401;20802;4457;25568;31585;28960;24659;20949;28332;30723;24732;27750;15863;22888;18908;5787;25275;305;3963;4362;2757;22347;26055;15006;26087;9870;7491;20119;31726;27364;18498;17362;7891;19118;24245;12619;19766;16227;21570;23520;6407;12666;21654;20824;26247;2955;6651;13475;5999;2225;4653;8035;30318;16946;17769;15532;30425;16482;13256;264;7327;4804;7371;9151;8315;13171;25911;15701;9325;14784;3875;12115;3178;8221;30799;14667;20307;8506;21175;24342;21540;28781;2920;1120;12142;20823;5011;24935;21767;21189;16352;13567;4607;12500;12804;22490;25303;8793;150;
5382;31214;5503;4382;27575;2620;8114;22640;7751;10818;9404;30008;12923;25409;31022;22741;18184;16555;1026;29291;25173;29655;9086;4147;7811;24568;22876;27414;22187;8784;551;4219;14694;27297;7144;7773;25747;14309;24578;1440;28244;19774;13403;18085;32602;29488;14268;23580;25187;22798;28027;18457;11520;10930;19543;30570;26012;11889;13475;28457;19130;32591;4519;30861;8062;14190;10819;16133;8559;7885;25813;5256;2939;12847;605;20518;19004;5720;5343;31460;17785;19327;13577;16070;25328;13569;15126;19501;9810;18771;32498;10595;4752;32314;25503;8309;12373;17726;12759;16193;
24019;11356;1523;7631;19395;30459;21771;24293;19367;17185;19807;7893;21331;3815;5621;17562;22955;12842;12676;26915;28846;8324;2193;18671;16564;1914;24280;29658;18675;7415;14317;12087;2376;12794;28451;15902;31029;23947;1709;1031;28710;21491;29187;13720;25336;15916;24456;3004;6843;9623;17769;11509;18615;18413;13768;16627;7086;26488;15898;25189;14945;27523;21965;25359;18261;25871;8238;5661;20951;19399;1419;5303;22590;1846;26516;12501;16240;6200;29959;2645;25512;30382;24717;31307;9846;30582;32479;18584;7687;20123;4140;24510;18854;456;14527;29426;28547;24323;27869;19059;
1971;19351;21484;10779;22649;32594;26331;1587;10180;32753;19901;31372;9720;28889;16567;14283;30193;2824;28701;23301;30278;20810;14296;25484;12234;21680;8715;15112;3417;7486;31990;969;16593;2788;2074;8539;31070;17072;31901;12123;20219;31809;29937;23178;1845;17279;30641;20512;5938;649;10699;14179;1779;26607;27620;26999;6614;32034;26360;23416;24671;296;19521;28358;5943;23444;19547;7072;30581;15286;2469;10741;23581;14351;2538;27766;24806;519;27457;12784;24129;483;24625;24793;26262;28401;14105;28969;10449;14341;28879;14443;23581;20521;10888;15379;6383;13201;24312;32274;
17223;14541;17082;30632;27187;578;16369;13945;16532;9179;21808;20452;4900;20732;23447;7824;24504;9912;30783;32327;29123;26179;15577;31240;10268;13226;15249;8279;18433;11457;4665;29144;347;27741;12451;7708;2115;19908;24142;699;26566;1122;17221;8355;29157;23486;30789;31663;28896;13228;25118;6268;32181;3267;23643;3192;8163;14609;30501;21563;6771;1294;19557;25627;2617;27855;12329;9978;14680;12668;16457;24419;19460;25348;5962;7894;10892;12815;9858;18271;19607;7733;31613;19309;18861;21613;29856;8162;21242;20936;10508;5223;31311;7775;1990;1538;27242;13449;29204;8170;
29815;26706;21802;7834;5847;25385;1797;18724;24863;2009;27288;5320;22884;21179;7974;9925;18102;2601;16111;10351;1258;21301;28942;8578;17821;32411;21154;19638;25205;8693;31532;6803;9386;20782;8248;22151;9669;3129;7232;8758;11688;13571;23757;15121;12751;8614;31711;15914;22997;7903;2191;24134;11578;30402;17139;16436;20067;20396;20290;29022;26338;30586;9272;11422;10488;28408;14524;24915;2648;18844;13505;12467;7214;13685;10602;21859;9312;16222;5233;10565;23572;10103;13001;15761;30578;22998;26242;14631;23211;24441;13294;28963;8250;23423;6658;28594;21610;26776;18942;23845;
2584;27323;593;32580;11450;10519;4278;17125;13216;17483;16292;957;6778;23769;13029;1653;17179;32216;30596;22784;9340;8170;19181;3373;27396;22638;23888;376;28166;2295;4934;11302;7820;8956;2743;7313;21331;21457;26363;9920;5654;11477;10303;27962;22031;7150;4651;15644;9148;18482;26050;28778;23007;9959;29321;19107;22472;23726;17131;920;12502;16123;26588;29821;30012;2504;10173;6977;30721;7563;5247;26651;13899;22885;19724;2406;17372;26012;28130;10670;24797;587;29953;21515;7386;11864;7432;29357;11023;15015;29595;7097;19426;7565;12039;8276;28592;6792;1833;4604;
30412;4653;5516;12831;12997;3681;209;32742;3304;24268;30548;22610;30214;22923;15628;23691;888;5157;20659;4725;23903;10433;27687;29571;25136;23446;25617;24016;9073;13474;10948;7020;8125;24991;31336;29683;24078;29747;27223;31845;20028;20583;29639;6449;4800;24410;10666;26259;6078;23095;10194;31520;6979;16740;32089;14496;2763;21500;5696;7963;23046;7040;26710;22071;14043;24521;26459;24769;16046;5953;1126;11913;6366;10067;15492;115;6802;2336;31394;21195;22454;9844;20653;16857;17728;760;19447;7349;20664;1449;26845;6749;4343;30344;27047;25861;29743;1171;5295;28590;
3883;26613;7622;18938;29144;29818;16083;26175;9477;12357;17341;1498;13671;17093;3467;16326;28640;20453;20682;21869;13056;4995;4911;18877;31181;20772;11390;28287;959;27622;20138;23524;15887;15030;22846;1633;21042;27842;31739;26301;32160;4657;27843;26729;5849;7442;13494;4623;25514;28307;22682;7277;9388;17524;24704;27492;31247;6843;676;7500;1429;21928;30102;9355;28129;18411;11671;8038;9970;26901;2374;25111;9195;20557;12668;26399;22037;18244;12404;6621;7462;2411;1071;12128;3268;867;12310;378;11077;9908;4578;8213;3513;9667;32185;3274;29994;11262;26009;21680;
20770;26202;4090;31858;19310;28671;8623;29349;16674;30529;32526;31832;19677;11987;18512;20460;17998;24375;30011;21030;23287;11385;21502;10626;9265;25629;28508;7114;24177;26454;8204;27112;9673;1401;19808;7673;23474;23216;8486;32674;6664;1779;13004;8871;22358;20788;28103;17337;8276;2778;14132;26512;2734;18289;5824;28730;17671;15520;26310;7347;26686;24155;20408;9909;28144;2905;4800;29393;28734;24009;26535;1727;5840;29761;29173;14835;21785;18167;4442;21616;24029;23859;4428;4065;28657;30468;31730;12006;24643;32563;5185;7852;1306;22901;15205;22208;26270;24804;17762;27429;
22682;10928;251;1188;24961;24850;30419;13155;4783;19074;9170;20409;13810;20778;13002;23873;29769;7834;31066;9261;23019;8125;15379;29917;23435;1292;32218;18865;16603;4865;24205;15131;6223;22223;19690;31224;6179;4944;4012;17440;4255;31295;27126;1851;21402;1447;24309;9687;13629;1435;22722;4792;2569;13864;13957;13935;17947;29064;1504;21295;8623;21144;27531;23259;26340;23437;32571;27491;19647;29922;7881;25937;881;22676;31888;20639;21981;15762;27927;972;1109;22383;14320;16687;15524;32347;28639;16010;21330;4945;5695;19170;8739;29842;3490;1678;12257;5713;8120;24975;
1371;5040;6770;21535;21422;19435;18534;1420;20419;24531;18550;21831;26393;9087;2220;31288;12741;22590;26729;11349;17847;17103;17855;3187;20286;29141;31259;15964;4815;18565;2599;26913;15362;8610;3310;4530;7645;7851;3650;939;18517;30547;28762;15473;5906;23857;4288;3198;7539;18361;13419;25337;5074;15467;32551;30602;10761;26442;31294;18028;25396;6032;28241;4804;24249;29856;5255;25393;12934;32572;25322;11428;15002;13048;30733;8050;455;23534;27122;19111;10166;29876;31788;2462;26667;8331;321;28622;10122;5593;27474;9959;10395;3290;20478;29470;20362;1682;25475;20932;
5682;6;12070;26142;5530;26027;1750;10353;18624;23327;524;2908;27798;11031;31733;2922;8523;29593;24275;23784;12491;25195;16033;11252;7817;5579;1781;8919;25724;30048;16427;10901;359;6001;12224;6594;15454;1621;22524;17814;16774;31274;6868;10564;31772;23242;1038;6024;20921;7675;32422;10879;8916;21990;31089;26044;13448;971;16128;16024;26519;754;1223;32457;24752;8165;30078;13623;1517;12252;15048;10507;30112;15481;18963;776;23119;6069;30911;8478;16381;27675;7042;18492;20139;7476;13579;10343;3615;3138;30693;26377;5860;5424;8095;9099;21650;22474;25898;10789;
15696;8490;4738;18677;8854;2418;31120;31567;32568;6593;21072;24405;26272;3679;17455;10695;31066;2363;7863;3100;727;18584;1389;16593;9322;13827;4858;12801;12695;24968;14218;28214;8589;15653;22130;24447;14833;11391;26389;30914;22237;15572;7432;19796;29737;6449;23412;18119;23529;3813;30652;27907;7734;13877;3936;29848;13874;4945;29986;1875;70;17287;31079;31504;26030;2743;4575;27342;24888;21767;9320;26121;16712;215;31024;10820;19232;1272;6170;6885;9054;18200;5476;27461;8134;13953;4486;12040;26178;32516;28765;17578;32039;26671;2952;20059;12474;13511;25619;11533;
29171;5746;5970;12747;4737;2483;6928;31052;525;11803;1258;9672;28867;28350;24821;27402;31503;3813;23463;8391;17060;28418;17140;20270;6339;7657;8887;27072;7610;2620;84;11362;31147;26663;31131;20144;4750;8014;19184;405;25465;21764;169;27416;22815;26302;22456;5241;22424;26823;4490;32381;19808;32053;16175;20486;30625;5915;18362;21222;15285;32256;11755;13045;14822;9616;22795;13154;32121;11666;25880;20038;28140;7706;15906;29311;25979;13312;2805;21435;4329;20880;11000;211;31868;26499;19285;13403;29258;27183;22362;4983;3507;9978;18464;20207;10287;3604;5994;23174;
842;17510;22991;11912;21484;4549;17436;18339;4830;32620;8180;22775;13962;15017;29625;25712;14850;4054;25008;11604;5444;4491;607;14616;2749;16402;15930;21112;28171;17691;27263;17095;18439;6065;11615;13699;31747;7277;27998;31276;21072;5610;20476;6230;3076;31096;2965;27134;25593;31765;4230;12314;8473;27545;19857;21875;7641;10288;4995;21431;26884;21005;23571;28362;25530;32605;30734;14942;184;3706;26801;7619;2266;26722;26710;18944;2269;18279;26196;22050;19562;22056;31264;30164;2640;15039;4536;32304;9746;25148;24385;11477;10913;8275;18926;25914;25194;30545;26149;22594;
12435;7252;14557;18960;3970;3004;19019;27164;22688;16861;19389;29062;14684;27638;21702;31659;31090;9575;31643;19703;30317;5406;19645;31738;30826;32595;26072;12477;17440;8053;14315;28246;3613;24164;13482;6842;13138;14560;27425;14547;23250;27202;22425;2258;25815;12137;27327;711;19206;13816;3075;24430;22004;3007;6975;9036;19432;8822;13721;24571;31971;15281;16810;8131;20445;20752;1760;12138;13650;19638;21536;14924;8957;9725;31152;27822;31972;13928;6741;4175;3988;23258;6072;22336;32686;13573;7694;18678;21154;8484;4856;1438;29883;13293;27560;21424;24668;21697;11846;11207;
19081;18471;8850;14000;30888;15992;30154;29120;9097;15068;21966;28011;2981;26228;18306;23059;8867;9177;15476;22302;28193;30406;11199;14411;1968;5137;12847;13638;24096;11744;32165;14202;7167;20505;1981;14886;22364;24858;25519;28851;28368;6827;9075;10053;14272;3888;6185;4496;25052;3876;29111;31725;13291;706;436;4780;1483;3077;9605;13228;7091;1235;7109;32298;18108;11637;18667;5335;28320;8011;12070;17965;26817;22462;7564;3842;16493;28533;23156;11102;21600;20940;19744;10634;28042;2178;27296;13161;13075;28593;27122;523;8093;26116;878;12160;23497;19748;16226;23274;
8700;28275;6137;21206;3939;6141;29281;14797;1588;1452;13100;22821;1335;27323;29175;5661;6278;12140;4170;15658;18321;14078;14272;6027;9316;16857;872;32547;24621;16397;22634;25736;2296;10234;12782;31576;21694;9552;25657;204;7582;13371;6937;20623;29546;31959;6020;15312;26213;746;28796;22166;28491;32210;23349;12115;6290;27836;15994;9405;19696;15127;5453;19929;28445;2377;25806;10328;7898;28064;18782;295;20274;16779;24323;19266;4608;20234;2318;22729;15537;29283;23804;10837;19019;1047;13467;18572;7854;7956;11118;23539;3867;5932;2897;30468;21490;13254;27744;18049;
18368;723;3094;7175;6008;22532;8114;1766;18433;19514;9695;28464;13553;20799;31635;26384;27801;11699;14392;9821;3393;30025;5386;25711;1972;20787;25536;1074;27392;11482;22638;18040;7543;6867;10922;30356;9977;1550;20974;17700;28790;849;24893;17710;7342;22245;17929;16239;24123;656;28245;20463;28370;28611;6679;473;3014;2579;23520;23946;7117;24045;3262;7400;25095;3974;14178;31221;25148;15890;15998;19364;23142;10038;17009;25835;30063;7871;2598;27161;6971;11924;29497;4202;489;29417;11612;31704;25686;1718;17658;12085;483;5224;16666;17015;19321;24278;22661;21331;
25034;22134;555;25613;18649;3793;25795;7310;29884;10292;27058;8631;5024;425;30510;30453;14607;18213;5539;7701;20078;12291;1109;26970;27850;433;328;13261;980;10922;18525;29653;29225;2468;3517;23559;29399;13578;30586;32319;1053;22188;23156;9456;11123;28598;15994;22200;15050;6366;28082;14392;31509;4834;4923;16418;24584;15154;11536;29075;10528;14569;21808;4260;5091;30210;9724;1340;873;14537;15840;24616;16667;29071;9781;13933;15035;4258;8550;18140;24997;30845;9298;7656;3924;24635;32498;11189;4903;14930;30780;113;19813;29565;24903;8935;31616;7674;25519;13649;
6550;23798;3899;23662;32061;9286;27325;7381;3456;8279;3130;8841;15397;23144;31819;9933;9266;27894;26819;26682;29103;23672;27282;26894;30380;26701;25322;26567;4486;26611;13216;17905;18535;2169;22228;20796;15884;32311;6612;8913;25547;32444;32574;2278;3284;5896;3173;11920;18103;12796;1526;30169;6950;25358;24540;14355;7932;18753;25696;24684;29311;7765;22165;5314;5858;17978;5107;24760;15631;29387;31042;5897;29091;12217;3770;23836;19001;27333;16232;5337;30699;19507;8147;6332;25366;29563;2016;32295;13406;27713;1011;20989;28402;28551;24919;876;17;17698;23008;28938;
26574;22890;8910;19492;24336;23350;25333;18002;7900;30216;21531;15695;11479;31876;5026;22792;20742;5927;26215;20467;6361;19253;29673;17826;2920;28147;15534;30616;29436;22551;20450;11355;24529;28029;1090;6347;18458;19739;14392;12209;26950;15671;23879;3995;20098;10199;21162;744;8319;15226;21304;17951;8821;1029;31371;2181;104;4096;9569;23278;21162;30210;12610;211;31393;20074;24420;22437;15562;30032;24267;18529;15358;10428;16820;30565;14836;22293;25140;9858;16648;12764;31261;32082;6970;22682;29217;11211;14970;12310;11322;6933;30243;14796;19785;8345;16837;32667;18941;26459;
16679;26558;15094;905;23948;1277;15402;25684;16438;14116;23432;6142;22057;12213;23260;5684;16689;11994;18675;1183;23078;3229;13823;10678;10351;25179;1852;470;29381;26742;11732;10900;19769;23627;17665;6226;18553;612;23409;18960;9807;6382;27630;28549;14186;20077;18750;13678;18017;4270;328;11303;13301;18429;31609;31864;10391;21145;22118;24241;32554;21605;18611;2041;19721;12000;2355;483;11084;13655;592;8258;9543;29018;21678;2367;28756;2924;27915;936;20691;11262;12650;32651;20590;26783;2416;3332;10658;4461;17934;13651;3194;29391;11360;27185;8350;24422;10197;32613;
26765;5696;26513;25234;27175;22863;27407;1363;16494;18458;16907;11657;31373;21171;927;8180;27674;22761;16556;22785;21144;18878;30075;18403;29760;22300;16036;16357;7169;4547;21807;5119;5829;390;5626;4263;5622;3511;6234;18409;6976;18912;6149;25530;20889;31411;13872;29322;30591;26436;22004;25112;16001;19062;6134;7306;17409;30899;14663;31677;1848;3553;22921;1754;123;14225;27732;11818;15804;28537;23000;31019;10323;14884;4803;23267;22527;15848;7013;8308;5927;17945;21009;11761;31846;1660;29895;32112;15687;13054;10769;5216;7757;16294;4395;25373;9271;23753;7526;17090;
27265;893;16590;1343;17198;9807;10763;19371;965;23097;6533;5851;9114;3022;4556;17971;3918;5304;26422;30908;21913;17764;29386;1143;4423;14076;27740;30705;13441;31126;12282;23064;6478;29355;29319;7245;31578;32714;10662;29370;16117;12685;10970;1766;10590;13005;17899;14470;28226;12306;24203;24727;13952;21325;18745;19113;1071;10186;28518;22654;6114;31328;32470;979;15146;2539;10314;12926;5213;7164;12636;4281;26518;18894;23978;26046;26877;6524;29494;5780;1097;14194;24077;19240;15747;25633;14119;27039;3852;27128;12943;23531;26849;12175;14531;21404;13598;14885;12126;32761;
1473;13388;13556;27216;20401;19683;21566;27786;22271;581;29303;30210;12395;11712;32005;4760;31786;25417;6748;26625;15846;31085;25120;7521;30215;19851;24713;24859;24625;6209;26892;231;31501;26148;31800;18470;15693;2228;17630;6259;7146;5007;28788;28795;17840;14820;26299;21774;14333;8235;9376;20598;4294;30227;15968;31751;16858;27836;19696;18423;2411;23847;19100;30064;21450;13035;8942;30436;27250;28457;31185;10913;5192;22465;28150;9125;2849;9926;23159;29875;27269;20016;23483;12710;31667;9169;7065;6918;740;2443;10432;10201;29140;26047;23894;25019;9087;8;6367;18225;
1320;5674;20833;10299;20640;15685;16325;12584;15301;25423;11137;6062;16713;1216;6516;7738;26293;27279;25105;24965;9133;1118;29376;9320;20085;13042;16001;3569;12724;5861;8659;3510;12152;14239;15828;23145;5499;5762;3753;16045;1701;613;16672;10280;7633;16196;2964;11482;11732;22069;3602;31405;17083;8606;32185;25933;18517;27046;8039;1593;31218;9449;21906;8987;32617;12656;17779;20053;23392;6624;22378;30172;3783;15089;5790;21577;5542;23842;13284;30765;8473;5804;12258;21925;12952;2484;28788;5679;31868;21188;17742;6844;11199;15228;8163;25607;32516;1413;646;21796;
20183;25031;27343;1116;27445;26588;15169;3640;29263;8644;26665;7900;1163;32730;27593;9622;31180;18694;17846;26295;31731;23349;2431;24482;10918;20486;16527;12578;11344;22982;9045;1025;20584;27807;28066;7126;9975;2060;21074;3102;12628;13456;21038;17294;4146;2472;31249;25000;21213;20478;19530;2701;19393;5087;22850;11538;3628;15343;19295;28437;31061;30748;27175;13330;29852;7376;22697;29169;16659;15979;4888;18466;1086;8432;28602;3308;28695;20478;9984;17666;11349;29443;9975;14680;25838;12716;13791;7988;8667;15520;10264;1672;19483;20077;11590;639;1018;14530;30893;16470;
11411;20960;18653;109;20628;22091;4756;9630;17473;4805;21216;20173;10428;27260;19588;11968;13443;3459;13469;5681;25914;29567;4741;25634;32427;28323;22264;20593;31499;27358;28277;17580;20606;11602;21223;14118;12254;10249;24709;15435;8376;13795;29175;16944;7832;21203;1978;10863;7047;9291;32453;13873;3025;26101;6765;30860;24332;3748;25990;17168;2645;16778;11979;16540;2013;24491;9344;12918;28581;19857;21333;923;3461;16706;3214;9812;6259;11375;30561;28682;28418;5870;20895;26459;32041;32107;9111;14446;12102;2138;27448;17283;5730;12079;629;31182;8631;7122;17646;31877;
4463;25165;14540;12856;1711;24776;16108;18017;21716;23480;3649;18236;30717;10835;32371;21976;21705;1863;26060;7278;9570;22955;3669;32499;14266;2614;1596;14825;24852;14511;20345;25466;19143;26020;12977;711;31806;25695;14683;12670;17988;10518;4897;31658;29566;18274;27273;29136;25145;13554;27860;8503;27495;9345;2343;26247;15075;3333;10984;20118;31997;12586;29547;31102;1330;15102;14030;13299;21051;16366;16417;15059;4938;16625;8394;23807;4752;31491;3880;28522;10498;7125;6263;18287;8029;11971;10740;12136;8295;22022;13633;2428;8312;9259;29706;5304;24122;10691;3817;2145;
24749;2909;11143;31113;5742;13233;9733;16097;31288;30238;31130;18126;24747;13655;7293;5055;21324;25177;21253;21181;7374;26528;15886;16452;27280;21658;10400;20305;10086;23900;22731;18108;29596;660;26581;18632;24120;30142;26008;30969;17280;3483;19237;13349;29884;24287;173;3790;3389;19754;31394;3503;6302;10298;12825;19605;28234;10591;31859;1904;26174;25903;1596;14762;19217;1402;30035;18359;11569;24449;30283;26350;31599;14946;14610;14231;1214;22999;8400;17733;18231;8480;11026;24934;12385;25150;21032;3096;12976;11618;28363;24382;21579;13477;23812;12243;6930;6137;26697;22911;
31200;11616;17128;26728;8973;6492;3241;5451;25656;19366;11438;18379;28483;13346;671;4873;13470;17427;13060;24692;13001;3980;4850;15587;24340;8999;30442;31713;2986;25080;26878;9543;28365;32708;2613;24849;12131;27503;9009;21866;6834;15796;10255;11017;26472;25;13199;11200;10718;24609;15733;12114;23965;8899;4143;19078;10274;27675;16823;29817;14558;12128;13243;5688;27265;23318;24316;14478;2424;5508;28148;17435;25524;7529;27323;1958;1454;8939;1067;30901;18600;11472;11843;25178;5685;24048;8649;30287;1275;12010;32563;29765;12984;28695;6344;23418;32643;10172;10243;23178;
3669;8324;29240;29063;11975;15405;8313;31307;5149;24193;20155;2829;32132;1160;5685;26419;13208;23548;5897;29287;32553;28413;17702;23021;32063;14342;31853;26676;29787;12832;8211;13995;3840;14677;18758;12757;8050;20328;18707;9120;20670;6339;391;14323;26874;9649;23060;12166;206;23501;21303;13558;21556;5051;32088;2073;4219;16149;22258;29583;17298;10920;22003;16537;20611;12513;8294;7470;3390;28802;14415;10316;28056;23449;7894;6285;24467;12979;12968;12538;15584;16461;19867;30755;30114;26763;26001;25968;22645;24877;13470;30898;7087;9662;11373;28669;3046;31758;14559;4026;
946;7395;5622;12536;4275;21740;15602;2563;27094;12790;11449;25912;6869;4194;4476;14871;2301;7383;3992;23706;13620;7732;13754;14021;24378;7113;23111;16511;28207;13254;26619;10656;16982;13811;24016;27211;21528;22178;1569;11646;17484;3555;10511;18919;16821;30454;15908;15610;26572;17414;24886;23616;31424;6676;3726;12530;9404;26929;27210;12742;6248;5360;5888;20233;15538;283;24484;1262;17870;22181;14508;26662;24443;5344;23665;24752;19593;17136;1753;1779;8088;21888;5171;22282;28962;7347;1890;11871;14012;20061;15166;18299;8088;116;17207;10268;6735;10177;16188;13704;
26589;28379;9947;25378;24557;31062;20393;12091;19032;26424;13028;25130;29160;11436;13911;17311;21601;4603;31870;14900;5058;28599;32747;2373;3272;31546;32232;8450;14004;14159;29790;13506;12366;23854;14069;2971;7722;20910;24445;16175;15914;31414;7565;23752;21572;2292;10601;7336;21637;2514;24105;9114;28246;21926;16152;717;23807;11817;27739;27106;8553;8491;19155;16196;2344;901;25412;4792;9912;6222;15542;7733;7943;14418;13851;18677;28724;3519;9011;24780;5527;14370;12461;32185;11521;27794;21391;17339;325;26155;18391;30437;7671;15039;25186;5557;20595;26567;14862;28066;
14881;11168;27676;24052;22520;32500;32728;15576;9025;17014;11643;4788;12190;29906;3152;8120;27210;1251;27670;24502;24226;5159;23974;51;9189;15729;11989;31934;22584;13278;23964;21888;19693;19978;18038;5141;18436;20868;4618;4762;32498;4735;9738;14599;11938;15306;7515;9407;29882;21250;2934;28262;19999;19718;3854;499;24251;18091;30707;15622;26238;13745;1078;18299;1954;9718;30862;23103;16948;22250;6138;26722;18640;19779;16040;24174;4780;11506;9238;27640;20183;28501;2167;2932;7363;18862;20824;15438;11778;22484;22915;9014;13645;24360;30755;1211;18122;15819;810;19995;
3471;23054;20720;8281;31330;9770;32028;4497;20418;3122;29896;6281;12076;22085;3552;22152;2967;26376;11723;13163;9537;22099;17230;32757;29357;17963;6061;4711;6892;1009;15123;4432;25885;18904;4147;24743;16688;13469;15152;25879;19951;16754;30650;4506;62;26683;6779;29513;20385;9724;16817;12147;3072;2962;31004;10220;16551;9378;21786;14759;18577;19152;18705;18823;30694;14641;15629;4979;32450;29698;9898;28585;26936;22682;10549;596;24727;27037;270;2400;4587;11123;15952;15501;24007;9464;4788;29634;13634;22645;14003;1957;18496;18640;10731;8296;26867;24319;21188;26341;
18593;17346;16723;19438;29095;402;6527;23006;8894;724;26722;17524;28541;16467;26866;10978;18975;13293;31712;16416;23175;25485;22208;19846;18049;6233;11883;17306;20299;5676;24737;19751;26708;26438;24819;6287;11075;4162;27872;19297;19771;16457;19263;21550;31069;20870;6877;3737;13455;11737;29798;28078;11900;27600;25481;8309;9180;14291;31575;25798;13814;23966;2540;31838;23395;1525;12114;30771;19988;31890;23458;19973;6807;4707;30828;27702;13461;28658;16729;16347;13472;27685;4111;24851;9003;15143;8021;22936;29914;2470;2424;14739;7165;22591;1517;28341;21335;11062;10807;4483;
1571;25195;12812;7409;31065;19849;4787;17459;6701;20609;23984;23248;5592;11319;13987;760;7836;16250;24686;5655;514;21562;9622;31658;29799;19701;8172;25170;13750;18035;9068;3878;29559;435;20581;14158;3081;10789;4314;6094;5931;19482;1320;16287;22466;3960;9194;16388;31446;2738;4378;14107;18397;16887;28793;26802;9788;9898;14128;22877;7179;11027;16567;8133;10776;15956;10998;24643;10543;17566;15786;9902;3225;24484;24843;4721;11747;6992;26540;2272;1505;21173;12194;25036;30449;24902;24296;16980;3204;29765;16130;6655;21467;4222;31713;30216;12815;8244;18951;7929;
23380;7516;14315;13435;20350;11273;11935;15213;32709;14632;26032;21043;453;29037;20046;32593;29641;9357;14764;20024;30280;26798;16042;11871;24240;4635;8882;18582;1891;21309;18911;16024;24831;6343;29285;2271;10467;30256;16173;26300;26863;13926;21951;5286;9354;25793;4965;15571;22250;25141;7565;22021;9872;23245;20848;25767;29201;12116;22257;21016;6684;10069;23240;20039;11449;32583;13279;28544;21967;9985;30716;1157;14569;17524;17313;19681;6201;20120;14641;2937;27870;21671;31571;10084;21602;17802;9883;20220;30599;19344;3688;20789;20035;4198;16648;8494;25865;32068;5923;14342;
1866;19300;21078;18673;29500;30904;3870;31627;31450;29916;3576;8300;13868;6730;6086;5116;10952;18381;373;17288;3225;11832;4829;2198;31711;9815;21736;20086;25719;8998;2807;13850;25181;5185;23425;11304;20335;19612;27645;9548;24179;16756;29699;29907;26460;13701;2990;29046;18633;9342;14660;23667;719;690;537;16099;28408;9488;688;12615;14731;25941;21028;16740;14;22144;13510;27217;14602;7558;25096;21198;18702;16968;24986;17879;26870;3266;17362;6521;16749;17029;14673;30693;24497;22631;19940;16067;26519;27769;19112;26824;9934;7225;882;13707;28007;2825;4973;916;
20373;11488;19717;4278;13490;10560;24836;5280;22403;27240;251;27054;7101;11466;228;14341;23752;8895;15365;22238;6594;122;16664;22562;8903;1082;2472;29240;11120;20164;16574;15386;26265;8209;23741;28591;3944;19524;4235;9813;907;31967;22513;17340;21184;4661;9029;763;26523;14627;26182;23005;11652;2299;3655;9852;22527;15809;9104;23314;12080;25242;6657;7179;1438;129;5368;1119;15159;9532;8821;1054;29076;22158;12668;3405;21887;17839;18363;752;8626;22265;14957;7784;16098;20964;28286;16127;9468;19764;25584;22466;25007;11121;4221;28559;26666;15256;19838;26478;
3623;21008;23819;31524;23080;28127;19044;12294;1792;15902;10639;9740;24726;7082;31299;32550;24038;19229;12805;20691;7240;6909;12689;21487;8181;12851;10619;18124;32199;8894;12822;13701;21056;5288;6805;7311;10702;7481;13168;6545;15949;5740;6154;7798;11726;2719;15248;23232;3735;2190;15652;20255;1131;29570;18235;16194;15115;9158;32323;30189;27132;27483;17034;3916;17803;21228;18779;15751;271;8964;20842;15254;18030;3455;30321;25175;18146;2879;26652;5085;18685;16928;2083;28939;22507;1837;13237;3426;30712;20756;15389;5400;1105;11991;21152;6506;6671;5829;27556;30515;
13425;8617;23832;3004;24169;1601;15375;11222;7515;26865;15790;4390;31009;21433;8009;12737;17746;27237;22985;13817;4036;12035;9297;118;22607;27290;2593;31880;30164;3609;6074;9915;19582;8078;25410;940;14664;1944;29739;31004;22208;21279;19984;15683;32522;15682;8927;20582;12071;5521;28733;13484;12152;22141;3110;22574;9597;12;25812;25933;29411;2770;30691;27976;1470;1820;17586;8462;32275;15470;15884;3152;19609;23856;32520;1755;11968;8868;18221;20517;11251;25883;474;2341;30746;1129;23781;104;24420;13462;12931;1122;8003;726;19048;12290;20664;9915;13871;25993;
18384;29610;19707;27547;3183;32396;2655;24726;20556;19397;21627;30756;1597;6506;28008;14092;32437;6574;5079;8526;11658;12702;5876;3694;31996;4111;24977;6160;20980;12500;16512;22213;9609;8244;26688;24869;22472;4763;32221;16670;8117;9359;10001;21387;15501;22246;26031;17928;19534;6966;16961;9989;27513;1166;2544;15386;535;28771;9125;4762;25082;15309;16494;32363;6725;22772;27427;31509;9263;22724;15177;8984;19715;15593;12086;12675;363;9719;29046;16834;24047;12776;3438;16824;10425;7884;22335;18958;6299;1468;2798;20682;3411;16912;26305;27171;7437;22738;17644;2963;
6953;29810;30828;1327;31807;18618;28980;9524;15200;29445;27527;14818;9375;10924;11941;25997;10448;21954;7849;30961;7824;22017;9650;18374;5254;8707;14401;11156;6376;32438;30946;10441;6720;27914;16143;27145;17776;8172;1361;1477;1267;3704;680;16911;1383;30314;29485;19116;25416;25302;21494;3435;26111;2842;5690;12470;27675;7696;3509;22631;27870;19848;7758;11485;13051;11765;27896;22606;13470;15974;6102;28254;11437;11448;14754;29169;22861;10762;15439;27966;937;25458;16109;20518;13551;29422;4814;2243;15514;23710;5095;2627;27639;27696;24696;13815;10978;1691;13296;23207;
18897;17424;26891;15913;13589;26157;26429;25905;27996;32373;32595;3435;27001;22781;31576;3527;17768;32615;26037;4373;25228;26644;19357;24273;23868;9622;32424;9792;31614;10852;6590;32700;30994;29906;19767;6219;21683;14144;13888;15223;665;20625;17793;12122;10306;10463;30973;5881;17778;18028;27961;20179;28281;11996;2464;30649;31668;26786;19494;9183;21078;12473;30764;23092;10856;14484;11427;25583;30223;87;9589;6250;19982;8519;11296;6964;1931;7295;31652;16482;22294;486;7072;2853;9447;861;30392;31394;30311;18493;12345;6397;4339;5376;32000;183;14812;6974;920;19515;
14258;1500;1954;9139;30914;5504;25722;23840;733;24903;6935;25258;4187;4027;30515;21300;32352;7167;4012;4404;28766;31565;9771;13250;19675;13987;10755;3567;30581;19640;25180;16471;27683;28725;912;2298;8125;30242;13269;17735;18879;2206;17181;23162;31562;29140;6714;30760;10091;4906;9542;26904;160;23739;15682;26197;20376;22792;21757;8321;10043;8426;27959;29548;6634;19404;5127;30694;21512;12310;29562;26577;16313;2028;13181;2170;5609;19993;13053;3881;145;26438;23628;13302;12853;27504;6343;26335;5810;9113;10166;23320;310;4029;23667;23714;31632;2311;1999;9247;
6826;21573;4273;7397;31827;14490;0;20817;21058;28274;963;29021;7768;31419;11655;10101;1062;19027;28673;12167;21423;8636;8181;25690;12655;13591;31831;14112;32668;31824;431;17742;27819;6038;3266;171;19222;22542;4206;7591;5725;16584;25302;15343;18763;5106;26047;32062;27002;16459;3642;32374;27673;17115;3972;26351;22509;20706;11562;527;18582;24078;30832;5915;14100;21232;31988;29516;11145;1969;8335;23078;15424;22273;14972;20485;32239;23889;9660;29433;18745;14402;21176;21971;31095;23133;7209;4480;2232;18180;25397;150;11526;19112;14042;22829;23276;829;2704;6384;
20789;19691;16426;30580;4597;26375;2302;21192;27854;25921;25157;19021;32364;16671;12485;31687;18770;8106;16301;5813;19417;8039;9920;14814;14197;17032;23477;20269;11579;18788;29406;22974;9120;4389;21257;27193;22916;19136;24740;11615;31343;7723;25636;18658;22554;3530;12199;31354;23857;11818;18391;11573;7511;1521;5138;30991;9835;10773;22985;16578;30473;27213;1830;25055;15956;8645;4338;11038;18675;22;26549;3314;16218;24181;18463;14433;6475;29994;27302;8211;27292;1349;22129;4009;27962;19084;23413;19792;27758;18871;30686;31125;30047;20192;11440;8571;28889;12341;1454;14026;
2636;10480;22651;25259;2072;24713;32511;26226;30983;29225;4364;32443;23323;2147;24897;31928;8075;24863;16687;2505;12296;19926;20667;18765;22852;1029;23747;19641;16053;20955;4357;3559;15255;2869;316;25520;21808;17101;19851;9404;8791;9134;26143;27801;19511;32492;12817;14091;3153;24977;7561;17827;19392;18138;21289;915;18369;15012;9385;23489;24434;33;26302;13594;28378;4303;17473;2345;23338;1963;19597;18664;13378;19618;16681;982;3959;5192;26279;1353;32660;1996;23755;23558;19998;10540;16880;15;23005;18341;9640;2748;16023;6254;3747;13581;10783;18341;6098;4159;
655;5514;26827;11421;16849;21483;3440;8857;10852;22495;28875;12827;14684;13239;32573;27673;31147;19762;13272;6760;7328;9200;5385;22994;31661;23593;25722;6760;26477;24991;1590;31257;26597;14033;25359;11652;21003;17522;19005;27403;22148;15641;5703;3113;28082;26938;6439;22789;17646;28501;5033;12871;4370;27757;15380;3370;27195;28860;6156;30162;5325;13477;11703;3041;23479;6634;20511;11589;24568;19743;2775;17235;354;7007;28898;26138;17565;20541;21200;18929;23152;12285;8234;11091;11324;25093;30736;11501;4553;24462;11553;23540;5189;15007;16539;20156;25226;20796;6339;4487;
23200;16603;30344;21915;19587;11799;28259;5783;23078;13480;26753;10758;6327;5011;27684;27957;22309;27038;14919;1346;11744;5639;31617;25974;15328;4469;1323;4052;13544;21295;31173;17394;9484;5772;18582;4104;3441;5291;20627;30791;15956;1635;10882;10348;4685;637;24159;25492;28373;3105;2047;9810;11783;25999;12019;12031;21923;31504;21935;24657;16216;31275;1004;12847;5699;26907;20554;9412;19891;21121;11578;27091;29999;22871;32027;14410;3514;18725;12707;32281;17493;30327;31361;25668;13766;910;18240;22839;8088;23894;8303;5467;8803;1176;7167;19942;31053;30577;28908;2551;
19153;20227;28192;19938;30399;25962;22676;4296;1412;6129;29880;12396;7340;31110;16149;22337;7333;2412;6192;2248;19398;16944;26546;18456;12943;5342;31431;3262;3379;9332;8644;31176;30291;21911;20748;2845;12045;1669;18740;11536;10293;843;2661;29236;12514;2616;5890;23409;28205;29841;18827;26199;53;22406;16834;21939;30823;12645;11532;26720;1276;30478;28185;29280;30146;5543;26567;3115;32288;15505;28484;19527;22612;922;10611;16153;11776;16756;22418;4347;27109;9830;22297;7823;22254;28481;22757;24402;12400;17558;5013;24180;1968;6694;30005;13799;8870;8858;6170;16310;
14336;11124;32524;29080;11370;30022;23723;5829;13581;23585;27147;23560;853;25681;4258;25109;24056;32583;27492;18974;19252;7383;25388;28833;12376;23716;27230;19076;2693;29656;7114;6243;9398;6936;16596;25641;28414;6327;722;31965;23313;15145;19382;25791;25094;22459;6637;26004;5979;8578;19335;16190;27962;27793;9367;9359;3578;12655;5341;31327;28393;25801;162;3292;73;30563;4324;12066;7832;4692;20147;30988;10517;25459;3547;5961;24959;3597;27331;25010;31008;5081;24469;11226;28426;18989;13471;999;9121;12145;20474;21409;17753;13525;10345;6089;31425;20543;24451;8620;
28097;27271;18197;5880;7199;32231;21954;9165;4424;30893;20204;4887;27982;14387;8664;16668;23853;12305;17420;7249;26706;4497;2812;10354;14174;1892;18662;14289;14375;22931;12539;20207;17151;3512;18111;26185;9530;22381;23730;32372;13546;27909;26160;14956;20973;5242;8342;29738;30762;31911;22438;32628;18199;14007;18733;3833;8831;25566;27618;28573;20610;27463;7570;3602;14557;19533;31866;31400;10603;24813;28661;24422;17388;9339;9303;7257;30982;21141;32280;32300;13449;29270;18485;17145;7927;8651;8659;24927;6212;13739;28453;17877;20442;322;20881;31293;7648;23215;27406;27581;
444;12111;28881;17098;27094;15481;20776;389;10399;16492;28838;23627;15059;14213;17024;135;17147;31158;16439;15819;24117;19507;1143;17696;13879;15214;3392;29338;29842;20806;26947;21807;31540;31611;21647;26824;1585;13926;2156;13977;6851;20455;17031;20398;26511;22174;18256;21959;31273;2398;25505;1638;28123;23262;12704;31782;30626;23986;9446;6734;29562;11386;8673;22182;22235;8794;9334;21898;11396;30634;14827;3132;32119;5870;20997;23935;19269;15880;11117;25697;32651;16300;24408;24920;29885;30997;20583;32144;31778;20470;204;22660;1312;19636;5039;5068;18874;9426;32208;20789;
9303;18861;10605;22295;29381;20329;4454;20195;10877;16427;6047;20988;553;12168;6822;14536;21603;8766;3734;24582;8128;7714;7483;22626;18445;30298;4470;13382;31960;10188;4579;26612;26931;22998;28346;28626;4276;22336;1779;12548;32192;4975;2222;18496;9481;4059;4305;15070;8790;13763;28147;15919;12931;30751;2681;2320;3784;20950;16894;25535;3390;29745;9721;27117;10910;14735;30105;13076;24908;12379;19700;21770;29077;21052;20321;29911;32565;15243;20770;22980;10269;30474;17479;14004;30835;12755;27854;7607;24537;27534;8207;20957;3058;30439;4952;27464;19490;24128;32212;389;
25238;162;4529;20509;26245;31482;4225;2406;7093;12674;32481;19359;25408;3453;15193;27708;10648;17191;31876;3455;30153;13292;31345;12872;32254;16600;18248;17454;25927;8527;6961;16334;1689;4606;6001;31587;28951;28689;17622;15256;31119;5286;20822;2714;1352;1154;20723;1392;29179;18435;1506;5007;16159;32598;29675;15529;23657;1770;17171;4295;16788;16421;13689;22167;13150;21077;13438;29703;22995;30697;14632;17682;3021;11233;5065;21722;29628;19331;22235;11512;29091;80;26927;12048;24163;1590;839;11432;5180;8711;7168;12602;24721;23594;2163;12935;17131;21393;21278;6959;
7489;15594;3647;25471;14711;25114;9601;11402;18468;13799;29402;4475;15512;20468;6836;9001;10782;25843;29515;16876;1662;3862;31574;18864;30150;31430;9193;17479;842;19352;29082;5636;27626;19837;14563;22661;23955;17977;31175;22480;20489;31510;7864;26018;23267;16089;8889;30467;11479;7157;25280;16414;2103;28415;7774;16976;26812;1378;27553;127;13955;5204;8762;19885;10837;7176;475;27084;18219;2853;6115;24788;3313;13944;10301;24596;18571;30949;7557;30149;9494;4004;17517;28389;25200;1706;22112;18243;21754;18788;5989;24534;4764;11179;2885;28498;28938;32501;1520;24829;
14662;1992;6941;5567;13415;26485;12593;15225;30104;19970;15202;11928;1379;2152;24348;6634;21040;16127;2211;18608;2568;30774;13051;24308;16799;13191;26373;27677;3218;12458;13802;3008;27373;14089;12988;2233;12272;29045;12123;13947;17939;12823;16534;29860;29767;12969;19859;4309;2175;9446;11889;31424;2927;10046;7723;32386;24979;29135;960;31028;32116;20369;22161;15292;1831;14288;8714;4073;7446;7136;27780;5056;4611;15628;1386;24336;19529;7887;32411;10061;10853;26951;21776;21914;4278;20454;3263;17192;1153;20587;17343;4031;30776;24080;172;18074;11516;19717;16461;17784;
19808;4638;1652;6640;9584;10953;30246;18693;7154;16706;13564;13562;20715;24842;7625;5480;1381;20373;1661;13709;12400;23874;7498;27879;25959;17041;8453;1537;28532;23953;30926;1934;18006;25495;28403;5044;16482;23349;4882;20906;9672;29290;1918;5509;2328;1303;15844;14927;2309;26546;26415;25178;24424;19006;6824;4563;24968;18299;30818;22426;21912;29786;19157;30801;16769;947;27593;20404;5858;21050;28790;23592;24661;28336;24809;10390;21493;29270;32425;2169;28445;15783;24219;23094;32626;27974;23075;17325;15651;6966;7052;7437;23151;16457;18858;32236;11368;18907;5821;8343;
20727;14271;13977;4006;30241;22138;4;20948;9864;27055;15712;2062;16181;23259;28810;12746;29332;16451;3585;2970;31936;20522;29515;15361;27905;5190;7316;17029;10388;29045;23961;23813;2730;22445;8644;22349;17842;11825;30616;30952;27099;20491;27472;1333;13525;11446;29891;446;3800;24859;31883;14020;22760;23743;15462;7711;28759;26426;32476;13381;2955;6635;547;24488;21506;8682;575;25157;24978;24126;11885;2425;31478;11856;3522;4119;16262;1184;5904;26297;7750;4535;9;22099;15906;7005;1959;12558;15224;21515;16331;1363;24279;18083;6692;1829;12551;10847;15442;9141;
4169;13063;24395;29488;10975;12648;15870;31964;719;6145;22327;355;24293;14335;1731;16239;19703;19052;14804;26230;6508;6563;17063;11224;24575;24327;3939;13863;6593;10484;18501;21189;19549;23798;6394;10677;16032;10809;10572;25515;22073;65;2305;30309;701;24027;4864;2878;23022;3156;2998;13313;18748;6888;32440;25083;140;11901;8106;21332;31289;31122;12895;27295;17496;28786;15937;9391;28481;3501;4340;8364;17739;15048;21558;28263;12246;12596;15114;5867;28047;26493;2581;4949;32239;24260;32584;9701;26117;25711;23743;18772;12918;7199;6889;10856;23234;26082;1514;24519;
27080;29867;19005;21513;3981;10495;13470;5648;57;1008;10535;924;17506;17999;5561;538;24205;4126;25501;14781;27122;5188;11371;1744;5760;13444;13867;5451;9761;6576;31419;23204;20287;7194;15985;25063;10375;4172;31232;7689;493;19449;7072;13946;20208;30515;25449;505;1567;32221;24320;9132;6620;13668;18550;32368;28256;2730;19565;29294;28927;19523;31613;6383;13485;25828;27350;29297;14274;6680;18470;15097;14074;9013;25789;22700;12736;11407;31727;6297;940;6891;14521;11738;14154;9015;16040;9947;30237;2680;14839;19705;14819;8707;15095;8783;8987;21488;24756;29132;
6341;21452;5846;9609;5481;18318;27333;22362;17754;31948;15377;20388;23100;32303;19472;26222;14276;7461;28873;31418;23999;17365;28432;29717;13142;9048;16371;621;6032;4646;17749;4131;23320;11982;12761;6753;1857;6891;10242;25518;5703;25171;21656;13503;216;25233;2125;8080;17618;18070;5280;30900;18767;27307;28674;31466;17375;15530;25911;18672;788;27758;20992;16796;16964;136;14583;23080;27274;9011;10938;29390;25870;15243;19019;22932;25222;9977;28855;28522;15357;9970;13302;9074;20691;22241;21779;14495;1542;15969;22925;2433;19119;21424;21500;15967;17872;608;8183;10631;
4428;2640;5430;15842;9783;19163;30196;21451;24144;20047;7319;12321;11980;10657;11411;411;86;1119;19084;18524;18515;23781;8123;23496;18282;23764;11410;661;4420;20928;11939;20773;16784;7721;7614;16915;587;13997;1113;15628;18238;32635;14133;32736;25288;7691;12351;7640;22493;4877;4277;2379;3407;12447;3721;23404;17996;16578;20746;20070;1065;28687;193;7595;13661;20646;3737;16520;21969;2408;30276;13054;25687;1382;32729;16589;20855;14232;17602;1745;19314;18131;31701;7825;2945;13813;20673;10262;2142;23651;19116;9721;12805;17077;1562;24512;6844;14255;17937;15979;
12625;12659;8315;22345;28835;20214;18891;6416;10339;3505;17379;20269;17180;1945;29749;28505;11633;19792;25897;25965;17063;12445;14015;20855;25187;4890;630;27661;5044;3372;13932;1249;22867;312;11206;20374;6954;28436;31826;29394;18708;7100;23403;3477;6884;24903;30238;9929;4520;15129;7819;15130;7727;25177;18061;23815;4296;3750;3485;6969;13901;12037;26099;8468;18016;12062;5359;17805;1781;7337;4792;31803;18705;16675;3363;23728;8912;965;4566;13321;2733;10166;9133;21700;14334;14976;16220;6354;27838;18113;4950;18925;3215;7971;28398;25644;9471;21901;11452;26325;
19211;12955;7235;10098;29154;16716;11984;23335;7915;17147;27557;19010;7944;8081;28503;25108;8477;9720;31349;6400;22988;12499;21354;22737;5251;876;32677;25424;21945;29421;6135;25879;29300;12244;15420;10912;16655;17313;27197;11169;18234;5841;15317;24732;2370;4880;20563;5809;24211;13739;25888;13752;28539;9796;24994;11404;16432;9673;23135;30633;27925;27047;20326;30202;31801;14138;10731;32748;26656;21384;15665;29895;18375;6960;20141;12862;14306;22173;26984;10821;26984;7807;165;2850;31057;25724;9668;11719;30111;29730;21862;15967;13211;33;8146;21287;23393;4023;12439;25983;
19614;24683;31091;24897;16537;4094;1140;15953;19824;8863;12637;22645;11940;14686;25163;31079;30424;3299;23448;18729;3798;96;23296;6297;9683;24772;10754;14917;30452;9266;12169;23936;2065;15793;17612;8118;17848;22821;20851;18428;8309;4990;29435;24811;3920;815;13147;9391;7064;9441;4840;28507;23007;105;26998;11135;29766;6648;25280;27901;10747;914;6666;11800;26623;8898;6404;25294;24365;32395;15858;22120;15224;10657;19722;1871;24692;7386;12573;29985;20248;5599;12154;5380;6338;20007;4880;24635;891;7718;4818;12535;17276;24769;30560;24943;28146;11014;17379;24882;
2303;11290;26168;13500;23809;18802;12882;4936;27414;19270;11481;5862;11488;11587;26903;13005;389;26497;32277;25586;27642;17332;22273;20442;1666;4774;25299;17836;20337;21989;26417;21898;13110;12728;31375;29217;30616;15192;27034;20607;27712;30557;3031;31269;1144;7287;19335;17758;15922;28254;25807;10191;31308;17676;8213;5966;10770;5161;2989;27896;30213;1735;30901;32381;16859;847;16189;25023;12742;11195;3500;3740;5369;11782;18270;21255;22889;30945;13970;19806;27856;10408;5508;24823;12024;16532;13014;22781;22838;1074;13620;11642;32564;1300;16952;7860;3316;14534;3211;6845;
26130;11011;3406;8518;2634;8233;27832;6580;25401;15339;24064;20342;8040;70;29309;2197;16006;14518;10252;27276;13045;9641;14002;8539;15497;31796;24962;31959;24716;3589;20161;30788;8965;11673;11081;24613;25913;8879;7467;2643;3443;17148;18840;21581;23553;800;29186;23503;4479;5081;27774;9638;19032;24438;31597;9922;13193;31631;18523;25485;31912;25332;1575;6523;11045;3043;32356;9954;13009;11902;3584;9485;30620;20347;21795;26764;7331;25374;7770;23501;17514;7268;16629;26609;9829;15490;686;24536;7614;30349;15499;8574;5458;15227;18181;24971;29949;586;29033;21797;
29719;24703;2175;11785;30014;1746;12394;7386;20310;30248;5583;19896;10191;193;14905;4885;16934;27571;24508;12996;26799;17559;22489;2387;21137;16258;14754;30619;11026;12599;17182;20117;7701;31130;27119;11632;3552;29288;24370;1504;22051;13862;2727;15032;16438;21335;16658;3259;3235;16370;14817;18863;13796;8467;2062;29108;20590;15089;6727;18132;11246;7440;1613;31451;6610;24248;9114;28521;32011;32677;14662;15429;1809;16640;17195;28660;17960;2702;4680;16011;26851;12328;19555;4801;23270;11115;3826;13640;7919;7600;14652;32350;2584;11838;8636;17823;17494;6335;15046;1053;
12870;32753;27245;23730;11305;22686;6563;32405;9772;206;16034;5676;11758;22331;26251;16417;24892;26373;589;12984;16927;31655;31433;4448;3096;12586;20532;7816;28330;21657;18620;16307;20761;10420;29294;1999;882;25320;31831;15298;203;29823;10985;1351;9932;29717;27553;18424;1646;15179;19431;19627;12803;3263;22326;14082;11383;22075;8316;31038;24021;25388;31428;14932;12556;4950;9490;25155;16116;27079;28046;16548;10892;2057;4069;387;4742;27036;21229;25709;15365;29603;10632;27082;23205;11486;23242;27246;6588;12760;30046;19818;19167;14690;4645;20520;23976;15679;10785;5303;
1207;6945;914;27235;11255;16853;31326;1161;9250;16058;10166;5033;10120;16247;11511;29885;7180;23533;9678;27337;13935;15467;1440;5812;25297;28705;25641;8534;5748;2008;32099;19410;28356;18656;26793;23078;16788;3145;19228;3072;683;7766;2374;6100;8831;12846;15357;23595;19008;15829;27786;15166;6424;21083;23563;21699;18098;17491;23062;4615;20217;14471;28319;14397;2850;26858;23324;29973;23532;13774;14054;6545;18726;22359;10979;30485;14962;17200;4194;4797;11594;6780;30534;8946;3136;13328;22375;2880;2954;5855;28981;19042;11965;30901;8607;3743;23513;5417;11571;25690;
8070;28877;18054;13028;1693;23719;21462;31636;12522;19941;14318;3866;305;24012;8778;11536;3694;1522;10876;16850;14945;27821;15054;13968;4426;21963;3625;1953;22258;2947;17717;5402;25834;21420;22210;24992;15895;17709;24423;13178;31599;4533;5224;19434;30205;6060;24029;10430;21035;20585;23569;1058;20544;28325;23593;1720;1576;16687;6;24555;26228;11746;7532;14464;14497;22741;6243;13165;26269;19409;15581;28911;17287;12808;23450;18391;12214;31747;11849;10532;15870;32733;18160;25047;15918;27055;3725;12035;20701;4171;5886;22564;26727;557;17438;17329;23346;24238;4145;14837;
27446;20347;28546;18970;26300;13894;5962;1415;18021;25275;11220;1388;27759;25782;6623;28314;26932;20147;8004;26521;26867;31878;18136;13556;11987;12876;23444;28632;16677;10145;5875;2781;10986;21267;3740;6436;30357;2519;9537;2978;17938;18363;711;22715;11270;13148;22439;16915;10841;12953;28564;11425;31218;9031;22366;16133;32705;3110;6678;14875;4867;23060;22899;16336;30913;32129;17780;31796;14490;31779;14151;25809;11971;19179;29546;572;32588;1079;22288;30697;20133;20041;29894;15939;25440;1528;25686;17148;5432;421;18923;25506;11603;113;22647;30324;7108;6573;21330;21875;
9812;16531;21284;8124;29826;12339;20996;9492;7368;21423;17121;12229;5920;32427;14369;8361;14535;2560;23945;4484;7489;10416;18781;29078;8349;2335;26824;20593;20218;5760;2941;19209;27978;28301;21151;20234;32598;24443;1759;10350;28419;557;6628;3406;14547;17576;22255;7160;16814;30919;1727;32579;14819;15151;2738;11551;12650;18054;13102;29552;16748;1760;21823;18205;28420;378;25473;2403;11080;25771;3649;14192;5251;21527;11999;14381;23749;17702;630;15451;31134;32693;30655;25825;294;5899;5171;9060;22592;28430;13424;2329;5664;8630;11230;30679;16651;22723;1938;26993;
18526;28587;30835;16706;24530;29143;10395;23561;8190;18702;0;20984;4126;12338;7251;7943;32018;15914;40;9614;16810;7455;15704;16147;25632;16875;7843;20320;11494;14286;5274;3545;6818;21603;27069;30989;22392;26579;480;10379;4999;15689;10451;28919;26806;32678;13377;3677;11184;22133;31961;18628;20013;20257;29356;18183;13940;26213;20694;992;12317;17925;13409;6470;23068;2748;6758;22009;13819;9845;2421;20827;15463;12990;27191;29057;6894;18297;21330;6026;32519;10708;19597;26159;4691;26492;19765;22172;3106;12814;31167;3966;31801;3791;25774;12894;13011;11932;22200;4909;
27109;548;25124;3616;5030;24148;17782;28606;29263;17683;24910;9015;23839;9776;17806;6903;22179;11416;6587;10107;22580;27597;25766;12387;30401;403;30539;969;17615;32749;32505;12242;5565;13127;691;6786;1613;6389;20439;19413;28256;6620;6653;7691;8193;23919;21026;18499;6053;18654;30982;30539;433;32393;28882;26807;14653;29115;4606;15408;9240;25237;1906;28431;4108;22088;13803;13867;30051;24456;12961;10734;17065;19261;3367;30895;5556;1403;28818;4923;1506;19124;24541;1973;25506;31020;4492;32417;4406;5806;11920;3643;22711;24190;30827;22541;25433;27534;6804;9408;
13808;21236;11037;29235;22195;17052;7827;10186;64;30778;13094;25865;1505;9347;5897;7777;19726;3741;19996;31817;51;3028;6857;12433;24243;8078;28203;13811;20012;22401;9078;11756;4349;14371;2707;20682;17925;19810;1546;9221;5550;13206;16421;27346;12330;11444;15187;1270;253;5572;16842;12248;15292;20629;30832;24027;9748;30127;6396;6122;17165;25225;5976;7509;17296;30716;13898;13787;24616;7416;20308;27144;5;22902;20953;5569;20806;7597;15744;2333;13944;2441;7134;11126;11609;18521;15695;21696;4834;21704;15652;20762;26757;14606;4356;17059;32436;8039;10124;21903;
10402;18116;23097;31354;23885;12225;13960;6907;27068;5592;25179;31869;6277;2260;8095;17738;29331;14984;13100;22505;32038;21696;13036;30890;6427;27512;32576;29055;26478;24396;27551;10253;22269;17456;23169;23043;16271;8289;20603;29611;11796;6044;17067;13503;17967;22157;9302;6013;23793;21130;30672;11773;12520;12673;26268;27075;25432;28207;9429;401;5832;3219;9164;27006;22208;29347;22515;4428;11474;14653;5626;23799;1751;2400;19255;2954;21115;22940;5451;54;29180;8135;32003;8613;28206;19186;22652;17292;2499;6555;6283;20096;6601;8229;1371;6666;18292;4997;11864;11517;
7966;11325;4428;22535;4236;13710;15560;24199;17523;7401;29126;8606;27450;5544;2188;393;26882;9467;7380;26926;740;10789;17705;14324;29049;14056;22932;32216;31904;19517;3448;15806;1147;20297;24763;10756;7099;19085;11302;3933;5918;20317;19727;25053;13877;2963;13365;8272;18795;26500;23531;464;31043;16435;27001;8599;4833;4549;32191;7441;32204;9781;31003;22581;16114;7241;13965;23574;11501;23237;537;949;14724;17374;20077;27418;29813;15601;28100;21667;11122;24181;21002;30875;19305;24623;6209;29454;26376;5540;25379;17372;1665;3796;18697;5389;9354;12581;22795;15204;
31912;23710;31593;9527;3758;29013;12586;11134;31616;18731;30466;31017;7965;31158;20345;31927;3037;29311;14410;6148;19191;19310;3849;610;1605;22402;10505;4332;32588;20421;8829;22807;30583;10880;10461;24970;28067;29355;17548;21808;21728;13223;26039;27787;10358;19760;14464;331;295;17293;1116;31;4020;24585;6841;11467;8355;13735;6373;27771;3390;24082;299;2646;15839;723;28479;10839;8555;1734;27612;24152;15901;25551;9131;4464;16261;4297;1383;15743;9680;959;2879;7943;31305;9311;13179;23358;11552;17067;27747;19553;106;26098;30556;26698;9322;2047;1877;30021;
26895;4240;7777;288;10429;9482;28325;20097;20561;8298;17013;11388;10335;18303;12218;27749;17341;3415;6807;27107;14150;31735;19276;22854;32472;5454;7002;20507;13215;16492;32232;15357;30614;5872;26469;15278;14922;9919;22639;3686;15074;31740;4083;3434;27484;1844;10390;25569;6425;13272;9556;30947;32412;17137;12647;16340;8847;15887;5995;25328;10246;5762;13247;31782;29704;17613;26158;20522;19532;31832;18127;16326;21312;18277;8745;25457;1359;8005;155;1314;7012;21708;15612;27750;30378;23810;28286;12465;31127;22043;10712;1521;29224;22698;23972;14185;31086;26897;19973;17597;
27721;7484;29582;21833;24948;19087;16735;30135;16577;20508;5777;21457;24486;20762;24277;27795;18169;29586;9815;24709;1528;30556;9449;25160;13964;14666;1117;29550;5839;30371;26162;25487;23499;25811;27764;17816;8581;29024;18909;20327;7226;15904;7488;22421;28392;11690;7208;26003;19216;5130;20668;2041;15802;24505;28389;25882;19899;20172;1203;14812;20275;1131;2557;15047;4185;4741;4936;2907;17275;19394;11242;16295;19008;29113;7024;7191;17969;4964;6716;1934;4727;12240;14707;25524;2790;28953;534;16274;17467;5014;3950;6236;6562;19793;10414;7309;13180;18874;7636;9529;
27486;3484;27600;22943;12637;22351;27624;12543;22153;20272;4699;18091;24759;7246;68;13407;19332;12646;27842;26325;23190;26130;10582;8341;24869;12349;17804;7947;8890;4570;5598;5595;12599;3797;8661;29817;27672;16202;15729;10740;1272;20982;20939;23314;11607;4843;6393;16034;20890;19079;20786;5134;1363;2214;11058;26672;1219;12311;30688;7270;28574;22093;22831;25577;8461;19287;31298;11098;18681;24083;4819;7838;10887;12446;14805;16620;9183;12558;19288;19236;25394;2660;26030;17507;27899;8636;16844;2260;22405;29639;27378;13001;24493;26235;6543;6666;15081;25353;13663;23916;
19081;19472;17110;10918;5181;9232;16321;14433;9176;30753;13099;9870;14931;25317;29821;14588;28181;15291;28138;8234;8305;17973;24074;17498;27761;30157;23749;18150;29394;6611;10099;11735;10063;1450;30785;28084;803;2356;27863;17816;16585;19851;16440;8583;1286;27122;23529;30466;6441;17675;1109;20441;6802;5706;9328;30529;17265;7081;31899;32038;12496;22429;14536;963;18900;27465;12766;2927;11327;24818;24159;12474;16954;31412;13896;4280;25938;22899;3640;18333;12992;4116;11733;15754;29933;30444;9579;13735;17973;21368;9943;21362;20715;10319;26020;2647;20638;16726;17011;11136;
14491;20531;17824;1518;9139;11524;11554;19657;28991;3920;4531;14324;13153;21309;26418;4837;21132;7940;23621;11700;2630;31907;23874;25713;9004;15314;15952;12475;3639;12343;20681;31118;17727;8157;26595;5469;5309;30179;4240;12897;13013;3441;162;6448;18324;10480;307;32145;19062;27003;22596;20879;22827;23184;30116;20172;27546;26124;26388;10776;2343;17494;22440;9538;25393;15578;7792;29486;30943;19129;8280;8744;10269;31166;2381;120;20449;3989;8353;12087;26547;21815;15537;22369;12396;5289;6597;13611;25150;7910;6199;28054;31732;28186;9688;25156;6011;14352;22159;30602;
26530;1262;28739;200;17182;7712;28155;18165;24785;27026;15940;23934;10572;1314;16596;14673;16786;13909;18284;15924;13086;584;7683;13916;21800;490;24096;26683;23333;18025;4488;16025;11405;25066;26649;14054;27104;26749;1270;2511;17131;32080;9956;16911;584;16419;12276;13704;29220;12027;20579;5266;32324;20507;22718;915;14154;14384;30537;29392;6965;16588;25762;10370;18216;789;17314;12589;30316;27327;14468;10797;29367;30007;31561;6801;22959;28961;26970;20013;23466;20997;23152;26347;22456;27717;15537;6242;30947;11603;15388;16810;14517;9248;31014;22894;27387;28120;4773;24642;
14025;23244;1774;19767;8382;24496;12346;10413;2697;9990;24655;18793;19372;22234;24412;26600;18304;24240;21028;31730;9338;25019;19294;6258;2220;4431;3164;14724;32655;2969;14572;14544;27903;4750;636;23575;12679;12065;3713;12811;25567;5305;7193;12644;17331;22754;11502;20016;18854;21314;13662;31082;30871;14800;6106;16079;21539;19776;28556;29933;8299;10689;28221;13181;20247;4075;20853;1010;15771;14835;13028;82;10424;4386;14336;21573;31046;22405;25840;21612;20018;6629;5801;8179;26563;32249;26711;106;22561;16603;2046;31696;7447;31161;15969;19697;1816;29901;11811;13811;
4480;14991;3628;24875;4125;5929;25422;17461;21998;13867;32040;14659;14634;9856;14923;17077;6276;23201;22428;11498;17838;30984;20218;598;31004;4328;2336;1493;13066;1819;26316;10047;11712;20315;25889;9789;17685;17846;24905;22363;30514;15420;16224;16222;25240;4347;30861;30935;25957;24621;21618;6136;16850;9903;20935;167;27649;26805;577;25297;25846;12477;23993;20737;18147;31425;20618;9521;26280;24497;2363;10208;11930;5408;18782;11620;5763;5438;15799;7554;23787;774;8609;6460;26006;7864;12718;13034;24910;24202;12686;27788;8931;32666;2354;28767;17775;9000;15664;14254;
2014;19458;18026;5099;430;20543;3307;19966;5364;4912;2577;20445;16800;7060;22001;3165;15873;23051;9207;6472;30860;13262;29389;12207;26329;9628;29566;1665;17902;4856;27612;15197;12224;5521;6175;15781;10743;24834;20430;28628;4594;3771;29155;29457;2571;26175;23594;20740;19484;30097;29162;30696;1346;3560;30151;15585;7904;30890;15079;22672;6375;30872;29012;4581;22869;27462;4513;2869;5372;7887;11217;25997;13701;12230;7540;11845;24756;880;29459;19160;1262;12848;30926;22259;3832;30274;15940;10443;11521;29356;4531;28596;17123;26226;13920;8432;29606;8202;23098;9924;
25669;17679;3770;1489;7093;16954;18701;27810;9252;30605;11637;24962;20863;29905;10733;656;20790;23107;9228;3093;26435;12683;15915;6420;31849;21229;30666;21027;25017;10947;11568;32378;27995;29483;14930;11082;21643;13821;17654;23888;26338;11008;29208;169;3799;18013;2701;2792;15237;2899;21222;870;6063;30509;6807;26073;12801;6257;18009;4904;31384;9819;22988;17534;14789;11401;17505;13470;25614;7928;30071;29558;28534;27183;31684;6134;3583;21434;13303;17442;29036;16090;19099;12134;31819;10619;5439;11050;1075;30054;1748;21927;2379;20920;17238;28409;1803;22675;5807;1141;
16967;13587;21208;26172;14441;25988;22849;6928;5118;28114;21363;18023;19060;3648;24308;13502;18209;21085;12394;560;18312;3125;29188;3911;19672;4036;24854;14354;18102;17072;28419;376;23356;21559;26976;12491;28738;12645;27990;417;23004;2443;10824;28127;21027;30446;14262;15382;7737;8124;610;18451;1159;25412;5297;14769;30793;26469;15955;7666;7757;6727;24358;5710;3831;31818;22872;4683;31113;17980;28365;18254;3233;16335;3520;23217;18436;23114;20652;29205;7065;25470;13677;7674;30649;25852;20386;21133;12966;901;31319;25280;26456;29378;19681;12704;12672;20789;22280;3556;
27335;112;26732;27585;19798;19845;26401;28934;8092;32189;31133;1892;19787;5005;2004;26893;4516;24517;22433;23426;5877;13067;18536;3237;12128;17288;29178;17942;2781;6881;10936;27324;3714;8297;14588;29346;12547;5013;13236;22789;117;2736;22096;12459;13655;18895;19423;21110;30418;1544;13684;23096;13376;26847;28623;26057;14316;26625;23609;19031;22296;17717;12464;13310;25413;19087;4932;25496;16558;5862;1217;32471;17942;3721;24206;9873;18883;17454;26581;18266;32715;28203;17892;22616;3470;15337;19412;31827;30340;8085;28008;14604;17977;24600;22839;14544;7061;1866;32270;19020;
31073;98;32656;4771;7;31410;24095;9662;29849;25745;22016;30948;14613;4760;14777;25482;6632;26385;19390;8812;5296;3500;23373;4316;31814;8052;10391;3162;7676;17154;21536;13926;19491;7408;23912;2194;29137;9361;29899;28379;5089;12511;9382;23609;25402;20917;5563;3445;17493;18751;29399;28219;28665;14766;12210;21616;4425;23344;14102;1477;1281;19999;17475;15245;7677;23928;27539;6348;4859;17808;5722;18064;31137;21250;30224;10884;29378;28140;12978;27586;27613;25947;22629;14825;6630;3843;18525;2671;4425;3892;12541;16441;7981;23817;20799;29033;18421;22243;2903;16248;
3853;31509;2707;30084;27619;6369;134;24811;4147;3492;15717;6168;25480;25165;10161;9117;22528;23827;22294;15746;31823;23400;22164;6877;28422;2088;20956;29603;5910;16919;12797;15550;17807;18058;27967;18528;9390;29796;3663;16534;6167;15172;13981;12320;29279;2813;8195;3456;9165;22343;24999;31825;18018;948;31778;14554;11030;19429;28898;25059;19557;31741;26828;5319;18954;3414;11814;4043;21003;31603;32181;20142;6901;25910;29474;21890;21353;20051;5283;7610;10967;5381;16855;22915;22410;28672;2545;344;15845;2214;11544;24528;7404;1405;19726;4027;25606;6369;4368;8302;
5632;26614;16638;21595;23894;24033;7100;11749;13742;16184;27864;15986;20134;4534;9581;27585;3023;11316;31815;8062;17913;724;22855;5395;12722;896;4105;14786;3849;5779;11717;21232;1688;6101;24179;24260;22465;23469;11571;25329;15415;5266;9195;7632;9408;11459;3634;19890;13114;26680;25453;628;5596;25304;7223;11604;10175;16108;30471;25346;31389;6100;28684;1019;11736;3320;28764;16146;14014;30978;30798;8783;32267;10571;18724;11773;30383;10642;20974;7679;4562;30708;25515;23907;13334;13592;28848;22586;4124;9387;23374;8102;2633;4620;6063;5172;2506;27976;9473;2668;
23253;13384;8662;7591;1586;31817;32715;9505;16891;12173;6760;32591;24480;21328;13640;10099;23341;27134;9594;18797;28624;17827;10790;18388;21910;24227;14452;26693;3189;683;16041;6651;22671;28647;8852;2720;21429;12406;32552;32099;14378;18971;25962;6219;18602;5685;9358;7115;31147;22001;23900;14486;16355;22206;25817;30644;10250;15105;14884;26838;7137;15114;5022;2791;30835;29255;18253;8931;22939;3256;4739;29932;16070;26787;1210;5019;27898;137;4547;14740;12824;12632;3872;24925;27998;12514;8366;3952;303;18574;22663;654;4631;10318;3622;15959;14090;26065;12492;9240;
32492;31737;6435;3556;28503;24207;7713;8166;24728;30262;28976;17397;23290;6301;1420;873;22856;20729;1772;13101;5261;3251;9060;9750;15646;93;11402;22899;17626;22763;21464;20454;7857;3360;1617;3698;5987;25414;11111;28628;11146;32546;19229;16919;32475;3111;24425;25187;22697;22506;21724;19222;18858;28886;32388;18453;24318;7457;274;17765;1645;15870;31032;27637;2033;29461;24917;190;14452;4656;31316;14862;18906;18231;15313;32545;23618;28766;3966;17906;13449;2717;23494;848;15376;16993;8624;24884;11712;31873;12805;12114;5195;27507;15797;16878;32180;1216;17783;13041;
2065;27317;11440;14652;11152;7771;29590;2620;26040;3498;23701;31167;10737;20986;242;19462;15175;12986;6318;28187;21355;16484;31149;2149;15098;7088;4631;8057;14082;15625;25087;14131;28611;20541;14402;11270;13490;30840;14002;13968;16836;4211;24948;19825;27112;15081;15783;22878;19157;22347;17222;28529;28167;11956;9808;1475;31492;27935;15142;22077;24292;15064;31284;25515;3344;2608;26323;21778;15690;28021;23918;6980;19182;2337;3300;5297;6519;30290;7982;9088;8772;10618;21826;27103;3997;12632;6711;8343;2289;25127;20905;15331;5217;16661;25951;21122;12675;17398;22059;31499;
4447;14650;21522;4993;4030;27676;8621;10023;20901;22813;18127;26261;11548;1713;22121;26124;15923;22072;19370;5639;19783;24879;17002;10770;27266;13992;3784;25055;25249;3319;30738;26775;28922;15279;6886;15982;21181;4557;13975;24698;8058;23602;27090;8901;2787;12375;8834;28833;29652;20284;17648;26427;25744;13473;20015;32371;26702;9849;30135;13291;23028;22684;4688;27742;4130;30908;17970;32564;2674;13978;13930;8275;1022;7289;20863;7223;3875;19411;26966;6725;7813;29260;9299;22876;8019;2788;2497;6830;2253;16240;11636;11982;1283;32331;16044;22793;5855;6217;32317;31994;
24933;31468;24557;19033;29754;23259;23326;23316;16739;25231;11949;30625;8272;14672;7193;30098;537;30304;24040;25706;15111;21622;23878;31919;1366;14701;27376;1344;8505;26174;32592;8937;13855;25388;17897;17973;22837;31806;30710;11139;23852;25074;19022;8540;20284;16944;29323;2308;17769;28029;1899;17743;25093;23665;16503;2998;12406;10603;22754;19370;16185;21123;6579;8233;6951;22464;20263;32654;4087;2444;11600;7597;20997;7012;26627;13343;30033;20180;497;9435;21963;19107;5908;11014;21710;29259;9805;3597;4074;20907;7755;2800;29926;28928;12718;26593;22277;9490;13932;26125;
27017;12203;5236;1466;17270;17485;1938;20626;20632;17700;14483;7742;21447;19514;29097;1847;24170;21738;29201;31193;24890;6551;9458;9658;14921;31134;16265;12601;25666;31624;2691;27994;10994;16261;23210;31697;2311;30230;31940;7004;4888;12041;6328;3670;5094;5290;20467;20362;15842;26424;6922;2373;5615;19606;10913;687;31592;18499;20363;30554;29029;28556;11827;3356;3386;11776;16698;23578;11841;11813;28513;15654;25306;14953;14506;21067;7855;10843;16058;32165;9789;12315;11394;14966;21392;6671;16670;3191;6221;23768;509;31084;24822;31109;22595;16635;15722;5126;7531;18110;
29355;19939;23345;25239;23012;14638;17071;2884;12459;30646;7878;3891;16003;23165;17855;20375;29605;5484;20018;12731;25856;23366;2855;14998;18814;30171;4988;2209;23689;11902;22663;8165;18894;6840;4091;15448;1600;8510;29968;7785;14944;19233;9438;1498;8636;13637;6666;20174;950;13844;2981;25891;10631;2931;13137;513;30084;9461;16038;26547;32671;24143;28628;4022;23344;15885;12681;32528;27126;3203;8725;13539;24664;22277;22988;26434;24305;13147;28843;579;17740;22383;1855;7510;8684;22857;22211;23253;25488;11069;3209;26076;12213;10339;29851;602;603;17736;14241;25448;
31500;14563;12293;15322;31515;12747;6742;15636;31018;27559;9450;30752;11758;14565;8904;21757;32311;21679;26052;5177;17962;4378;1004;3778;27089;13729;3107;10233;20183;8659;28172;9736;9100;2120;6442;25717;5935;21977;5957;5368;26477;6416;9743;650;26405;32222;5127;2751;25198;12684;25758;16725;987;17140;32664;29197;7934;21233;28598;29881;1066;10516;29842;1943;16765;153;27594;9181;29982;8601;21856;149;5316;6785;30561;14251;20088;11714;25797;16709;26267;18378;27543;14674;14122;4404;11862;9062;13377;28987;27802;8389;6622;5237;16122;19646;9960;19390;18990;13114;
2416;22385;11633;5524;24630;29407;12329;29099;30063;13305;29386;32566;5829;4944;9976;5976;11936;12352;4844;14965;676;9575;25624;10307;15227;348;5390;15908;6612;14238;27294;4019;31915;7627;19518;28060;7371;18707;31664;20146;8594;24555;28638;20283;29429;13318;22281;14990;27843;14465;1058;21217;22318;10334;19320;19292;18567;28979;4756;10354;21577;13859;5985;31344;11097;32526;12945;9814;4492;26629;6459;12519;19562;25857;25033;16380;28466;28116;20497;17949;10270;9823;11458;3154;29415;22278;11266;3639;21644;18785;10069;23631;1104;23860;11969;30874;9729;27042;13616;24938;
31104;16029;23573;15986;9086;23201;8786;25632;29572;10402;31322;8493;19254;23107;2962;2674;2776;12872;8958;14589;10001;21326;5913;11876;19439;26297;8964;21337;12588;12271;31971;17535;944;24516;11141;24956;2134;15412;24387;21072;23539;28760;21034;30437;29845;6291;29532;29926;18440;24333;25011;22485;15263;15458;31144;30552;16688;12443;31347;6100;17761;2141;1652;31037;21282;608;722;18477;4219;26915;6754;9523;30856;29918;26570;13933;30402;2489;2790;30553;18303;9787;11626;15080;16829;5637;15049;5076;28187;15552;20310;5940;3880;3412;8873;11598;32480;346;28997;25772;
1396;9429;10616;31602;3402;2588;24450;4846;22597;14875;19705;16753;6726;29883;24427;30301;7411;21919;6726;25728;20663;12561;20469;26272;28425;15676;30284;4695;4594;23451;6694;27938;25801;5809;13900;30644;21058;10235;29081;912;21415;6691;2140;1750;17764;23414;25854;25181;25801;21656;11237;19971;23308;22390;16023;24385;31117;31357;31267;24067;2910;13322;13501;23478;24579;18977;16040;16546;29558;27233;27225;17274;22383;32311;24537;32561;16865;3923;16235;6928;25800;20568;22383;14598;29474;7640;29062;7743;30523;2943;31479;18935;24110;20878;3153;28305;23721;11915;5202;227;
4336;4407;10760;20949;1573;7873;18998;26154;31942;26937;1017;157;7287;27207;22699;4656;29442;5661;21256;1217;25756;6826;6543;5086;29034;7953;43;10202;29763;5977;23827;26400;16056;102;9455;29128;13905;6184;4668;31592;22298;26130;23537;14125;16222;10190;16227;18986;10419;30255;24934;14319;29238;13927;19125;32094;8216;11130;916;19898;29786;15346;4787;9729;1236;16341;25430;10876;29308;27348;22195;660;9701;9925;1179;9959;13574;29267;28509;21915;22077;6132;12008;8434;1172;20764;22319;19487;14658;10673;7634;27225;24181;14270;762;29741;24398;31595;388;18200;
31021;31533;2659;17237;12848;28730;20287;31732;6390;5952;8290;11564;12713;31062;25045;27890;13371;16691;23494;18890;32751;28829;27181;19422;26652;2597;20400;3149;15918;786;12227;22213;15597;4507;29715;2388;14594;11097;8485;9851;15030;18427;24122;19845;25854;15420;13431;3350;19893;16658;18754;17415;11048;31528;6127;1137;31447;5775;28316;11528;1402;19121;12889;11435;25667;23174;11917;9273;27491;25866;29589;23205;7631;6638;2221;14157;3652;9869;29972;13959;20872;28451;25707;3197;26100;26681;27230;27196;13359;9316;10631;6407;3388;27183;24975;24561;18871;26198;10391;26539;
28251;20021;21462;4250;31176;1663;21379;28460;16259;8755;1525;25197;29759;19916;17929;30933;20315;31417;14532;5988;26027;24332;7737;5874;8571;7542;10669;19392;31697;10611;9466;11090;23283;15298;25393;1153;14889;27416;18051;32204;32452;15637;23906;19951;7775;17271;23267;25271;31333;6542;28263;27156;5332;22000;15994;29040;576;17517;2811;3903;15642;31813;14974;19159;15922;9881;22254;13954;32379;2336;15735;28626;17934;10523;1442;31285;27762;6795;25538;10185;28187;20385;2704;1138;31536;31862;20498;30505;25490;25340;6593;3479;1049;6965;21482;9698;6433;11170;30805;27335;
6725;1535;26661;21993;874;15405;7423;11368;12032;368;30062;10678;9604;19418;8326;19622;1609;10759;27848;31430;28025;8459;32326;28143;31574;9897;12296;8218;24774;3014;9389;10613;5391;27420;19029;17591;6367;28723;21951;28080;27279;2701;30895;20004;4008;24865;22419;27865;22439;6668;613;21231;15357;19074;29907;7024;346;8970;24990;8488;32299;11243;19776;16055;10850;9697;15313;21732;23669;25365;30251;2868;22441;11340;10829;32444;3984;1631;27389;21299;17616;27627;21170;23115;24359;20297;19888;17729;10412;30913;20341;5299;20056;5370;30548;15027;18884;1973;26720;8985;
6196;22203;22667;5661;25301;16660;6927;10533;31811;22138;10765;12763;22350;8974;29556;28547;23294;17225;27941;24204;14293;29748;13397;27236;8787;29660;15410;29073;5824;17920;20425;20478;2597;12558;27431;25490;11420;1870;12222;16135;8393;4188;30731;32506;19625;9947;20086;30014;10122;24168;19322;7798;10587;17869;7941;5603;16166;6519;18722;31610;26843;31275;17877;58;25679;31732;12358;3260;2436;8544;8482;13836;15403;5867;19519;29879;5735;17084;8575;21029;12500;31887;29942;41;11208;499;29263;3799;24025;31413;24427;13462;19359;8604;29260;23670;19643;25942;15922;28355;
535;5555;31747;2010;368;28945;12784;4411;23058;9752;32342;28896;22243;7591;2530;17101;8611;8461;25849;20713;11122;12413;21591;15628;32403;7612;20726;4441;23919;16157;16177;10958;21213;20143;8489;12825;6048;18869;18536;5805;28977;25686;19140;16406;28096;26006;16006;27017;8565;32645;460;23488;18683;30646;4396;30981;30015;13299;12698;20364;9333;32559;29068;9733;27741;6844;17756;13938;6596;28607;17133;2870;26957;29920;16529;12911;15729;7238;23338;15238;30149;24002;10128;13061;19323;12618;4915;4264;22316;3498;14338;19382;9173;16246;10123;2449;29471;11331;29027;6796;
5859;22038;26824;14590;1005;13085;28037;16021;512;11677;15382;17388;7451;24620;2317;24159;15355;25120;27572;28702;32737;14407;23540;16000;20885;15833;18293;17050;16299;6570;519;26641;4613;5028;5441;11820;13977;24181;13159;24365;27508;10629;20881;20962;18943;3883;11530;26999;6018;13088;16375;18318;32486;9524;26937;25745;6079;23615;19348;583;24202;23899;10256;11430;562;25424;14239;15593;10970;6736;18433;4834;7638;17381;8165;30864;25338;22311;28241;25588;20248;28978;18755;2849;6084;10711;32665;32403;21594;8338;16942;15809;4163;21948;26694;31221;21107;9218;21292;31580;
15926;28182;13593;23641;12589;21668;16216;3871;659;2184;31656;24959;18373;3390;21730;29438;16898;32666;4827;20779;22895;13497;19852;11824;18782;17719;7024;26022;25039;22690;32558;17326;567;17711;22648;16957;12673;22444;23603;12471;30547;22454;22488;31168;23186;7212;17434;31567;10536;17380;27337;9475;27909;26268;9206;20667;12899;21043;28248;2401;847;10265;26350;13318;15461;28420;25574;20276;7899;27876;14014;15487;17345;23834;22953;18526;21638;22244;3124;25657;11455;30748;9001;18115;18724;10275;4019;26250;10203;1816;25028;717;32250;23885;18868;11917;26183;7931;23851;4582;
27970;22580;9024;21920;7781;5402;11234;27906;30378;6735;13943;12774;24654;428;11204;1811;7124;3894;28429;29894;14926;21069;19069;29586;3288;26407;31432;22890;11621;27773;7694;7421;1214;388;2563;25410;29127;24607;19789;2899;30212;26451;24621;11390;2909;10747;18530;15001;1822;21949;13386;17559;11842;1596;20811;345;24305;22671;24945;7878;29511;21235;21592;1822;16727;29884;26445;4235;23664;658;4272;19194;31647;25305;15004;24616;10612;7793;4299;14848;8457;22944;26035;25380;31809;22860;29429;21962;5966;26734;30968;11465;19830;12739;465;27379;29462;25029;19303;19622;
12519;9433;7380;22430;9344;21962;2830;7437;27164;28790;28870;25070;29598;7367;7568;8598;20690;26085;69;7820;19702;29098;20645;30106;1401;19543;31809;26404;24066;7301;23193;19129;30132;21342;27777;24808;433;11532;10953;30549;12508;5490;10268;4876;31972;17690;2601;5396;3198;10863;7681;3400;2801;29485;3008;12130;6360;18965;28016;7769;14883;7397;19754;493;25952;32391;20094;6783;6201;31113;1814;18215;5437;26317;19093;12801;12003;7298;28101;5831;17355;2386;17650;22437;20552;4061;24977;21576;14620;13927;21286;14137;13186;32461;28516;11625;28274;31422;26005;15373;
24864;28711;8508;10411;25286;8687;16377;10101;28579;4325;7854;17367;16195;18679;16864;14156;4098;3748;7520;8821;19404;180;32554;23660;27174;550;8589;19542;13170;106;10380;311;18798;27088;3717;31755;6399;26689;17424;24594;6445;13357;1834;32107;31598;5060;13715;27108;12583;23145;7796;7185;27248;31843;5957;15515;29208;2774;22510;8667;2792;11250;25132;10663;12844;25451;30775;25964;27504;16169;26274;19581;31112;15424;9602;26795;10451;30754;5330;12566;3776;532;22550;1859;25232;24798;5439;2670;21342;8391;6863;13601;32605;32192;12605;30981;28770;32224;7067;19705;
16802;4112;2934;24929;21180;776;3070;28352;11258;26746;10342;21130;30675;14476;20878;28211;13749;18828;18144;31884;2562;28639;1656;20815;20313;23099;2183;14072;19734;32279;18937;24279;14108;10335;27221;5988;23250;1643;24805;15570;7531;15154;3352;6119;12139;21691;9764;7946;6502;13781;19951;19870;1547;18440;19248;1422;28002;2507;11985;12073;1362;19703;26777;2865;7014;14716;3847;27438;15313;26707;24193;17416;18863;10932;13230;20181;27789;20872;1312;11248;30508;2337;8246;15435;11138;7465;11584;9478;2;14552;16101;12608;18973;30570;28866;1581;29193;22737;22868;23912;
5057;28327;21272;14731;12621;21862;24816;18686;23107;19931;12745;27404;27790;2776;1915;2876;21102;1834;1264;18142;25024;30666;10121;4324;16512;11864;28605;18419;29324;32708;32004;29370;29866;847;8435;5763;2253;15794;11688;23559;6036;3228;872;30343;19220;26210;8583;280;18135;16882;16008;17983;8484;15114;11142;9661;385;18087;1747;3244;2167;3007;478;13259;25749;13362;15962;6167;14520;18943;1692;24987;14217;29875;25925;11400;6214;11048;24610;26760;18630;11627;23120;16976;183;23294;24996;19316;6699;14656;27465;21632;21331;15913;17323;11588;23945;13114;13716;16239;
23956;17588;11413;14176;16680;4361;22184;12088;3501;19600;2323;4148;3137;19836;27792;7738;30464;5135;13482;25009;2947;8971;26218;25494;9894;15466;29235;28620;19855;22094;9451;20916;18412;23611;13403;16126;12155;4228;27353;25791;6352;8707;13860;19139;14675;18957;7567;292;11912;1701;25442;19483;19091;17648;21885;16919;2555;4074;4414;4108;5806;5974;16037;22542;31813;8955;1718;24094;29066;17933;18719;30532;23351;26346;21787;28382;27649;28423;10646;22071;1493;14121;146;29275;16482;984;10697;15402;14551;9744;30868;9900;3822;5179;18699;8100;13097;3932;24686;32360;
27227;10381;11460;21743;10859;15019;10177;22316;13397;11344;24813;19610;3953;3585;29443;16409;18936;26793;26775;25080;8900;20550;21500;20563;87;3811;7781;14751;22815;31686;21066;3459;28921;21226;25870;12265;4083;8368;17374;25174;5718;5585;10204;22390;4580;22423;30077;9468;14430;8269;11055;1961;27465;17396;9024;11689;10482;27959;11515;31526;3760;9889;16660;32024;20585;1038;21830;32346;18775;95;4922;29443;2572;25458;30379;11763;1972;17490;5832;5292;20635;31658;7897;17764;27119;6784;14886;25432;15046;14623;30484;32098;10338;12885;26002;17102;18356;7903;29875;31338;
18464;9506;21404;28636;31616;28956;22945;19256;8043;26777;14763;1746;19383;28586;1245;30545;10812;20819;16503;6661;23515;8324;4858;7547;11968;9546;19597;22606;2531;10823;20127;8767;12757;15968;5838;17288;19129;16053;28935;28270;15248;15574;5359;30486;22203;5428;12930;15769;27578;18901;12794;32346;9786;30028;10995;31896;24143;27113;22220;15167;15870;20781;592;14340;24574;24448;17046;23728;19391;28710;28965;6844;29356;7536;13148;25887;4782;10543;4370;31844;8689;18798;24185;16639;10218;11617;32072;32737;10137;20120;14617;27978;32523;25208;17167;16863;24612;32748;4285;11772;
18075;19800;8771;5963;3910;19151;29626;21654;5272;3205;7635;23513;29800;31111;27066;5788;25331;25257;23617;20607;12069;1472;31802;29719;23572;20754;22564;2552;29646;31499;3851;11795;30548;16946;24745;28483;4070;26971;2257;19746;25985;17437;27150;18465;16039;26502;19335;14296;19806;21262;11813;23450;19835;9674;31992;22861;22560;13282;7383;7800;4228;4165;8007;22430;3570;24219;7327;29131;10005;380;31081;23148;626;30943;6922;29027;4150;1237;20390;24923;20786;24695;27966;21081;3876;10524;27675;10900;27192;17872;112;20871;24526;25346;30523;10564;11902;22141;23148;12811;
15193;32666;8265;3099;23666;30643;27153;19400;11422;9946;5599;21454;19575;4299;10194;10725;13479;28192;20075;31126;32099;26052;1590;14668;16181;31402;8365;9646;28927;447;12889;1836;26429;13341;11322;30168;22666;12673;9321;3960;2918;1791;4604;21465;4406;3572;42;7014;12940;14141;31920;23544;28841;5798;17778;12272;16448;17061;31078;21380;24957;23625;20654;3158;31046;21357;8196;12107;20417;15153;11099;14490;22550;17067;3011;10787;25974;9689;11406;9219;12636;10970;9137;27493;5906;32606;26989;21402;10360;2652;13102;15725;1;1539;30131;8368;29694;30194;21103;21531;
3871;19883;29743;1879;29238;23365;7934;9045;831;19042;30533;1252;3486;21345;17463;17795;14247;27349;12652;1651;29027;1333;21452;29201;16529;17109;30127;26467;3564;6164;28227;1009;22444;17879;2093;32726;27983;13879;15219;4118;6297;4471;16025;17202;22490;7993;13066;3066;3439;18417;28858;28323;18571;19097;13578;1049;2872;31399;14572;18326;12696;6716;29255;25204;24177;9374;1181;27200;4328;7400;9451;17679;18317;13568;29904;10261;21656;24778;6386;25715;18290;10651;3742;30289;3960;22001;1198;2605;15355;14689;15280;27762;32139;16592;12612;5965;19573;3814;6854;21180;
22666;15552;29485;6888;9762;4837;8243;16564;31841;20092;29367;30870;2233;18108;1631;19366;23472;1699;17537;7924;8932;12011;3652;17695;17484;13370;20994;20003;16064;19865;4081;2419;29628;10023;4611;28232;15969;11534;23306;24120;31676;695;4384;30218;26699;31290;26438;24777;30397;8217;19019;24855;1018;12077;21744;1220;3171;224;20297;13983;18011;19869;15718;8844;17926;20869;16691;8151;3664;10596;21405;5576;13106;31715;6390;3704;28977;17151;21659;27618;24103;18873;16340;29501;5957;12815;18427;8842;4185;5932;30689;1129;26701;8156;4205;30256;26352;5442;5254;5182;
2042;20941;19507;16525;14154;7272;769;30599;8817;17393;1446;26395;17268;3821;8931;31759;2254;21370;13231;22936;16053;19332;28305;28456;7582;31036;2638;8327;8707;12230;29636;13349;4452;5170;6934;31663;20620;10926;7177;27360;28437;17402;17838;4250;3118;24348;17730;9781;30876;21332;30802;10519;14847;22098;10786;12932;21335;12967;16464;440;30406;17018;6837;27699;1176;636;10892;10325;31616;20766;1238;9770;15908;11777;29693;27271;20956;3501;19639;8278;31415;5511;2605;21550;22720;21501;30045;3623;27263;18692;23484;15852;6338;21188;6432;11537;12189;21137;30942;27559;
26799;7710;12847;27406;27303;4333;985;15115;25095;21002;13067;7450;5928;8697;29064;25094;9598;17645;28423;17846;14366;23867;6618;15690;28541;18957;21199;27495;21627;24155;6228;11982;31904;1047;27870;32564;17317;8104;31883;3150;15926;18330;17926;21291;18934;9364;19115;7622;24260;3466;2539;8412;1341;13363;19442;11259;5761;30142;32648;8156;10554;9153;12085;7922;20443;22898;20905;11331;3110;12569;31066;11383;7153;28101;10095;32046;809;27966;17885;5783;30487;30268;3280;27455;3810;14038;22348;31270;23894;1853;11028;18200;22499;17578;30667;11578;12009;22677;20825;16356;
31539;16424;10640;11694;25793;10227;19728;22990;9930;28641;10087;8097;5377;11115;4733;29831;1560;29195;13616;23540;18306;5108;13627;25028;32382;1792;16476;3791;6737;8170;12470;3006;15314;27581;20596;26141;13868;15756;175;11185;3296;17508;18321;20491;4873;15743;2491;4189;4068;5818;29413;18829;3215;5449;20932;29832;12049;21674;27441;15577;18075;12759;2183;25978;27918;30400;17741;28649;25020;23032;24597;14719;371;9903;4771;766;32696;8416;13650;5737;17744;31179;12724;32536;6149;26790;2169;2059;28582;15248;28306;29823;7248;29894;17814;9919;8684;18457;29540;10557;
27897;3232;23818;19937;17548;30378;2277;22433;7572;11766;11274;25170;13155;5159;9957;31933;2410;20338;13600;10486;14916;28058;21702;14057;14327;13086;10409;11574;24950;27313;23041;13375;4458;18666;15701;14206;2609;14397;16031;12573;25383;8490;22699;21440;23333;692;7104;1702;13384;28437;1922;26608;31988;16560;15383;18752;27160;6983;18057;23174;9907;3438;3179;30487;15511;26175;6848;18688;31341;4944;23576;13977;31481;6882;31228;20061;12703;1627;28044;9464;8230;20727;871;22946;6589;11962;22219;13484;14139;16297;2046;5208;24747;825;12780;7150;4104;8200;25361;22796;
12613;21451;7577;21310;17296;8071;8902;14798;8152;1029;3475;9182;2189;25216;151;5811;26279;21920;27435;18004;22505;5804;10703;17492;29287;17147;1482;4332;24902;5547;22545;16973;16067;27030;21354;13875;20342;6018;14801;446;728;1176;283;4990;23812;29976;10969;15308;11706;30538;21375;3937;14505;31416;15558;22561;13038;26522;22350;2104;14808;19090;3976;25448;9966;26777;25043;21153;25907;20281;31205;5587;11176;13566;24941;18432;16659;15911;502;27029;11519;31136;32271;25850;31236;10805;9641;16744;27976;12288;2496;30715;22342;9763;29502;7944;25038;2237;16668;24496;
32589;30486;29130;27061;24399;26141;23505;22925;3138;22293;22967;17589;5757;26251;27938;24648;28801;18315;7489;30160;24702;32531;5224;6748;11033;29640;16634;23507;23404;9704;32140;22663;19534;9088;1095;29965;22229;3295;12686;9293;18970;15690;23009;30165;4156;27633;14082;24179;9384;22818;12374;28418;16279;23485;653;28036;23256;25320;2694;1137;29647;16387;14188;31823;11966;19679;26662;13187;16195;16938;14318;18535;14882;21038;32319;10652;13381;23484;1525;162;21249;18786;16304;10917;12699;28900;29561;13210;16395;1770;13736;1931;32511;31479;8964;20015;15651;20378;10285;9406;
14752;17128;22583;10755;20450;23337;5784;4275;4255;11218;6212;11261;27669;26292;22;10850;20883;3442;6770;29383;26682;22328;31785;22473;17669;7850;2204;5456;16903;27675;8997;19559;23284;28672;4018;29003;13027;420;18099;24513;10066;30237;16439;2477;5227;25470;31313;29665;11910;9294;16065;30003;5358;12089;27600;27602;488;5894;17532;23770;15345;18121;3029;12837;11336;20058;28583;2661;16044;21253;1625;20335;28263;30851;25621;1754;9355;22057;2858;4297;19324;19552;15278;18693;15278;20053;26215;15951;26032;29682;18156;29684;23914;26636;26887;24993;10915;1758;7518;9593;
710;16566;8530;7269;20453;5358;32296;21675;10494;14622;25446;3779;8061;16528;128;16486;1539;22516;8628;19943;5222;26965;5171;28102;3321;15436;5505;27267;18189;26228;21022;14000;17079;8221;14182;1866;10708;20805;7350;26697;25163;27332;2000;32630;5522;24518;4225;29053;20852;21374;10113;7491;9745;20249;17562;8569;25894;5105;16396;24690;26254;24068;23345;30257;30217;10916;15453;21703;20029;22384;25096;31452;17658;11650;20783;30859;3266;11498;759;13939;12169;11355;21908;13066;9913;8485;1129;10805;13433;9059;27504;23318;25135;630;6621;24613;18499;32178;30718;19843;
807;30038;1126;2443;31124;10178;27722;5033;22550;20196;811;11631;26058;12788;23989;6629;5734;32609;5096;26401;32123;779;28277;30232;1783;3250;875;13492;6382;6830;1554;15911;666;7393;19991;21886;23712;25579;23018;28281;16020;4252;20581;14490;28096;6063;17838;24700;26913;11701;18270;31590;30387;12111;29667;20768;5615;22944;8483;30725;31633;26370;22113;30554;31390;25592;7525;25566;32422;20581;28375;10914;31558;24827;15853;32283;29938;29941;26438;6518;1777;5129;1813;20011;2729;2200;31361;4053;17437;27177;4172;29249;14260;11285;11443;19909;3388;1155;25750;32211;
9262;16279;21465;28109;15668;21223;13066;26651;23784;17711;28740;23420;19423;15941;20307;2713;22502;21327;21784;23008;14987;25395;559;12175;18656;5967;8400;6671;20603;23659;10739;12420;17857;26603;1464;24994;10085;7497;11013;9410;15147;26563;25201;16693;2034;23633;12385;8152;12529;14298;10864;23272;5697;3495;15381;24;24219;14872;7808;14561;20068;28054;1988;19738;4070;25544;21819;13256;20705;6922;13606;9783;22850;8219;5013;26954;32562;16917;20103;16655;7250;17059;30033;17046;26693;22126;5956;30724;23664;2520;25994;2787;1277;24045;11345;26812;25382;12694;26412;5608;
17584;19216;29877;8867;13493;5533;11640;30306;27047;26490;25100;25959;21650;25616;1155;17554;13729;20078;261;28538;23012;24567;2487;29884;26192;30552;23009;23699;21512;13246;13393;15785;475;20549;8442;5165;32525;21427;11745;3878;29530;26726;14138;18439;18488;28811;31437;6275;30557;10897;31391;674;8833;31197;29391;24341;22629;10176;26302;17863;11028;12454;2418;25780;31592;29072;1341;14590;7633;18884;26265;24125;15442;1218;11863;26647;6604;8315;20217;31250;6783;17342;6492;4517;13774;30963;23706;13973;13634;267;15662;1407;25810;21175;1881;18608;6242;6616;197;4925;
10889;19255;32105;4689;22679;8311;15276;2241;8151;4168;19405;10470;17;5853;1666;16555;18259;25247;22239;27621;19185;14627;23418;16611;12747;10329;8909;11078;13262;22535;1755;26899;29374;3958;27671;24071;20530;17260;26497;12587;25824;16473;4114;26792;32026;17621;32602;30683;16025;8266;17768;29612;23418;10734;21482;24860;30342;9205;9365;21022;7350;24324;7879;17576;30710;12776;107;30729;7978;6536;19998;11389;10095;5400;3727;255;23203;4752;21804;25438;14119;32605;24571;18067;7395;20822;19653;4946;19339;7153;10618;1759;5665;1463;25553;29731;28604;12789;23599;6911;
13703;29365;8138;2528;23052;22252;3598;15764;21939;26869;27968;29532;133;12606;12897;24898;14646;20802;85;18604;32099;19127;8772;5938;22296;18184;1345;2477;17301;29445;29993;1424;30546;17114;8398;7292;9024;12861;10581;28174;8018;21740;16605;23548;7740;19287;7266;17504;20091;28569;15584;13907;3221;20141;21435;21694;2722;16863;18014;23405;4363;15488;5410;31333;15506;8670;10610;31608;23954;14196;20270;26134;23688;1885;23884;5478;18387;18191;20933;29845;28344;5701;25775;21871;11689;10813;22182;5420;20423;14628;32369;908;10661;14799;23011;16422;20815;19371;9726;508;
6027;23287;16991;32084;9822;21808;25558;23491;26834;461;23124;31371;8183;21293;28170;25383;18728;17358;6095;12835;14735;5055;6338;24625;4844;31320;13617;8570;30097;8232;5818;20274;5041;29999;6576;3951;2523;14157;2497;12091;8386;15611;4565;25319;23615;22585;25400;24739;31641;26055;22524;2380;20227;23704;5273;4997;1638;29060;27863;27913;23905;9021;4078;17984;18575;17028;16363;31760;2056;19101;6229;21493;17194;7680;10257;15956;4505;31569;25219;4876;5508;16018;11254;31823;2858;17048;1342;944;29085;30395;6811;30076;12486;31954;14817;3662;24746;25439;29654;9950;
5611;20486;27868;21018;22418;11844;8400;8568;8715;13917;7729;906;7025;24726;31877;28883;23821;6309;4600;23257;30233;17766;11335;4475;3017;30927;20700;4741;14988;23590;18491;30594;7311;11377;30876;30161;6530;23343;21465;9467;25504;10053;23691;32580;17897;16955;1648;20608;10162;21928;30225;1832;26976;31979;25505;7085;32369;1820;9511;524;26812;5443;9184;22947;30969;26823;16606;20291;30851;30249;27894;25990;8285;4081;30681;5987;371;15849;23169;2303;16931;5258;207;15046;21756;8372;22130;29371;3270;15266;6922;20492;12738;23324;16781;15594;31795;12782;24298;12951;
6172;13466;27629;961;5708;22090;24163;8462;28312;4616;23934;3064;30568;5169;5499;27611;30325;6183;28289;31052;11984;20039;10957;13229;4135;24091;12300;5374;27460;22736;8;14326;20438;12266;9351;9299;30580;1078;4720;13678;25055;24832;18480;20242;1671;14215;11100;21646;16209;11950;27032;5641;20632;6900;24759;10262;12914;12966;21028;22921;32564;21076;25984;15240;11064;25985;16012;28645;27101;18334;10826;12715;25552;12602;10079;19446;8842;1395;19900;29448;21786;5040;22909;13210;21029;8594;23825;27760;31531;20775;24220;1584;25867;14177;25753;23924;27082;14023;13764;4894;
1936;29291;20535;14060;12531;27932;23507;76;29304;10460;7137;2417;4439;23189;9209;16550;1919;1543;21539;994;218;5637;24637;6813;15826;17633;26269;483;32532;26917;23031;16039;24212;31363;17024;10841;14801;25359;6739;28091;4442;28844;18708;7664;401;31428;724;12245;14511;4157;3637;13717;3592;16808;13775;6776;7825;23483;26834;20732;4767;9729;20204;10023;28913;31184;21357;13595;8945;17788;27561;6635;3639;20426;7325;31405;26447;20391;982;30673;8636;11290;26511;3249;8508;30840;4634;3432;4174;215;31873;14056;32754;31428;3180;1351;13488;11833;26949;17498;
17627;10953;11419;3717;27671;23838;29124;11729;14361;6309;2247;4927;29358;27016;20601;22621;27903;17117;31717;32534;4115;23837;18161;25550;22165;22743;24127;5551;5080;31141;32338;2365;11288;3424;3570;22833;8707;21392;14289;2436;7543;31014;18286;202;20366;31854;19770;11201;22488;3391;19962;32554;3815;15733;364;19415;23057;5536;25645;6406;27761;25086;8410;30957;6447;19367;5237;2966;6913;4616;29195;9197;29938;30866;18836;17176;20579;15539;30235;24070;31823;10246;14111;8523;29139;4807;31032;10027;493;27273;4606;21492;4228;4395;29478;19602;168;10248;6382;15197;
13852;7022;14268;22325;20497;594;27905;24785;309;9793;30564;2644;10476;18330;14877;32033;4573;29179;3998;29169;31153;29945;12153;3875;17943;21780;11134;339;2828;18665;18467;557;18009;5802;13354;16771;29789;26060;25469;25758;25100;22783;4445;4050;24632;1123;11707;11861;15376;5113;14822;27730;8422;13912;22631;5944;18229;8097;5161;22616;5346;14516;8926;32175;4802;20132;9885;17664;23389;22121;13008;23847;26353;6357;6221;4521;22714;23242;15555;21647;12657;21929;344;6773;2835;5133;31888;15582;16867;1722;2929;22218;11954;26064;32229;20363;22110;12869;25183;2004;
12953;27537;13505;23827;30699;19883;29822;30464;31994;11061;26107;4982;9994;14323;828;17539;32704;22402;24508;21691;22571;17479;924;17873;7429;8869;512;7528;16437;21619;20151;29734;23449;8365;5914;31498;28931;873;8758;27392;27521;14861;31789;4787;17890;24512;28889;30371;31349;11806;6579;14199;8212;13872;755;12948;22625;9627;11257;4334;29520;27671;26348;14366;27622;21795;23457;20918;8768;27128;12734;23761;30422;12219;9759;32238;11009;5622;3960;254;10939;10569;5692;16827;9126;24157;9150;28220;3409;2330;19607;22470;1718;21530;14919;17894;11527;19549;22559;32700;
20394;21822;18270;32666;9602;6309;24218;1230;26480;18303;14433;30651;29721;15979;5409;21551;24810;25270;5189;3568;7258;19338;2209;9112;1391;2914;27664;21411;7300;11713;13915;10183;12617;15652;7005;19076;12811;25909;29797;23291;54;1345;22748;13059;28184;18156;10792;21370;18919;3364;5839;27353;6662;20307;22752;10763;28292;13529;13199;23424;27622;1209;29727;28797;29478;15762;31237;30902;2811;27090;2634;14366;28251;1062;29233;20222;25662;53;15642;10308;17574;19341;422;8734;20188;23261;2588;9416;13564;5990;23563;7075;179;16556;25393;1158;13640;5745;17308;2392;
21209;24291;5903;22495;7912;7445;6567;11219;22038;2988;2494;16183;11053;12251;16144;5353;14180;6289;15644;20855;16351;7664;17614;5684;29814;13570;10586;4747;2999;11175;27755;16276;24622;24786;25981;31205;29412;19701;30855;28075;30501;28346;8158;2297;19334;28660;19798;26719;1063;5845;26282;29119;27190;22369;24862;4444;5300;6434;16482;19764;32380;1310;31930;8848;15745;28678;5212;25049;16215;13488;19481;31917;12021;4807;25408;31282;26553;26050;16064;1450;6572;18450;20364;19272;776;30368;14404;5954;25335;2166;30225;27432;2462;20156;4305;32116;10586;28903;5748;22370;
19785;6445;26021;1282;6413;17724;2989;2955;13772;3883;14741;6642;4219;689;5259;10171;19805;21141;25992;30224;5318;613;27695;10000;7461;22635;22775;24425;5697;11229;12940;9769;22979;25428;10867;30417;1269;14207;9453;14763;24521;3609;30751;5726;13597;280;9839;21696;61;26152;6193;16363;5034;27223;6275;16275;7450;5650;6517;7063;10943;19792;878;7637;5580;8205;5067;1603;30262;32506;3784;1340;951;10355;18596;12311;2073;25009;18944;9214;18097;20545;5001;19197;32042;1972;17622;30554;24964;8089;10899;18725;16731;26024;30688;4623;9837;64;12020;11136;
9303;5396;32006;29411;13215;18465;3437;24645;15863;9955;6150;27422;16320;21448;11990;12654;8910;1509;3824;5388;13931;12519;30873;17211;26782;26957;21163;23167;9389;22741;7479;8879;31456;22324;30574;2890;30088;31498;15554;25614;16192;14101;32072;967;32371;22437;21857;20838;2590;29776;26777;25426;23511;10726;975;10499;25359;12456;10903;21196;7572;8884;5084;27640;6489;1732;22986;23321;17274;29464;24810;15517;10363;23729;14991;19362;2513;26304;1650;19724;27811;18014;6041;12500;1489;3709;24701;23970;10038;30751;27243;23199;4650;31430;23595;19332;21323;18731;21472;29432;
2942;1586;6191;12056;18992;17950;25763;9303;23778;12289;21840;2696;14308;21367;13751;20537;23648;1684;14058;2115;24475;24603;20721;21919;30584;8689;21355;18811;12350;10193;27000;26509;12186;11840;5335;17576;10472;1476;25676;29581;26286;1617;26949;13315;3433;22276;12476;6186;31629;24084;17247;5132;27335;27909;28911;11125;13957;32030;27366;12805;27576;4126;29276;20867;1496;2347;7467;19060;32041;4619;30290;8940;2622;24726;32151;14245;17083;28779;19057;25422;29535;1251;22052;12325;23361;1859;12590;18376;11353;5430;10210;5448;30019;21370;6739;19840;22592;22745;2931;20901;
13182;17755;11132;8222;7833;22970;24975;18325;24929;8982;6299;4174;18398;3818;21377;20407;30609;31551;19574;6721;10749;5919;9128;18287;28774;10061;24868;31788;25817;819;19959;12130;27756;24092;26771;23752;28359;12451;30837;23036;9955;22123;1285;465;28946;13329;13246;10730;14912;31071;20878;5768;29816;21443;2944;24736;13482;9471;6808;561;23979;4641;26366;31956;31869;32438;26208;20117;14801;18491;14737;10497;1226;21972;19830;7808;23300;20545;802;14821;20949;5645;9024;13380;17618;16392;8369;15619;19861;18936;28279;2100;26814;13196;27858;5922;27704;11665;12712;28458;
12990;10088;12330;13005;8349;20664;949;20739;26043;25440;25078;16081;8408;18864;30802;28445;18452;29912;14469;31938;31409;30624;22665;15072;8219;14682;2489;8053;30757;21781;11062;15410;150;30996;31626;14727;21476;23167;3467;2049;25919;4439;1154;15317;15825;28847;23437;18109;8005;12058;15426;1026;12166;29536;10389;19162;4553;6517;31740;31477;4301;17323;2001;14163;15969;3110;20215;17240;11304;27280;9408;13858;8601;8719;13070;30746;29513;19316;11193;16073;24429;20406;10545;31470;5018;26270;613;27853;16336;28099;5603;21193;23223;11193;20544;26165;31528;21382;29114;6760;
27375;23637;22300;21007;22224;367;18914;32456;16328;32358;7070;24300;4500;23443;4250;19883;632;24259;23999;22879;8249;29742;15797;5146;11883;9129;24908;21121;14835;26140;16155;19678;1476;28469;1639;22128;13548;16222;14662;7942;21972;4589;12803;13004;12995;31643;6085;11364;2981;19768;1644;19768;7435;3741;28092;28687;6258;9697;27581;2527;29128;32464;9825;11490;9772;18072;26728;16876;24566;4038;1409;27644;7159;29297;18866;18961;13314;31925;30713;2879;29354;1892;7220;2305;5198;17143;13374;23505;22867;4299;29787;7670;3505;31882;10966;20638;10673;27110;1768;5932;
28661;19086;18140;15571;11448;28762;4465;14436;31319;20425;32384;8804;12048;18094;4830;20834;22538;15142;13188;4231;26006;9933;21485;9327;27829;25138;25536;4663;8666;17544;16303;23768;28913;27550;10655;11443;22175;16401;3081;5485;24268;2496;3232;28156;27743;10368;12852;28418;11848;17681;8662;2906;26052;3665;14141;14065;25052;22192;31848;4056;21551;9700;17541;7575;25330;4830;28178;6851;7221;31228;4162;31955;11880;25472;6050;11823;2589;11841;5628;11914;20752;21152;18811;3442;13924;20926;7953;29477;13359;9452;13334;11175;14905;16739;6962;26641;14849;1078;26748;10796;
13313;6788;18659;3646;10803;14834;10446;26404;7124;15704;11775;24737;28264;31163;2237;7158;26622;24444;24626;31411;7861;15310;24082;3020;383;11885;7549;20207;24101;10126;295;16917;2188;529;13494;27992;1846;3582;23915;24836;26891;7983;15877;23024;10330;29770;20962;15;16155;2547;9064;29506;20599;11839;24995;6768;2954;26731;31023;26841;11111;2254;13401;3495;14428;29964;9857;16838;28280;1165;26307;10230;27979;301;24022;29471;5357;8245;11059;18148;13378;1931;25978;1658;27771;13093;14866;1467;28128;20163;12304;20598;29133;22494;4699;31754;5627;7131;17677;14131;
32001;26245;2588;3107;22555;29882;31033;2261;15913;32612;12024;16798;29691;29356;30514;25093;2507;9578;30376;16340;29195;9439;6120;9327;30050;26790;16245;16485;10225;744;2850;32069;17370;8400;8383;8627;3331;28478;20471;31674;8727;14272;2937;1380;24270;18878;32086;14216;13167;1012;15018;32484;5523;4645;23167;1899;28203;13070;29678;20960;10436;6810;18311;18340;18442;17492;6132;16589;9099;18977;30168;12407;12990;4911;765;27487;2372;28457;28847;15534;26733;29101;15715;15634;2558;8703;30109;8211;2098;21247;31760;27557;1790;14168;7430;19961;665;1531;28930;1433;
26428;17100;21156;4020;22055;32666;27598;4278;15332;10581;7685;11036;7119;13691;18970;14471;13526;17364;15113;6415;25470;2143;14369;3289;25894;4492;613;19436;24720;16043;16691;20544;22429;31397;8739;1560;26200;3818;12338;22162;29494;8874;9760;16509;13469;14920;16406;29546;12194;19212;20620;8454;5143;14104;7274;30887;6597;17821;17005;292;17142;27470;12749;17642;10295;30485;29725;1100;12635;30469;20082;25115;24515;27025;32199;15991;3549;3835;4768;13284;18411;28431;12270;27297;8710;26384;12595;13877;12130;21491;31718;12618;32467;11467;25;19390;16528;8581;11353;32504;
31032;4565;22742;7288;26130;28784;28100;27314;30361;26236;18688;1053;32568;19268;9975;11399;2386;17457;4804;4267;25733;8438;8600;9221;23856;18442;32095;4325;15410;18267;672;28355;29685;23873;30117;13010;7852;3504;4829;3799;12760;6067;32382;12860;2833;24341;22382;8544;14851;7777;29028;5938;11191;29966;31307;9470;6932;9715;3815;1159;27301;6657;698;20565;19356;31536;24361;5712;22039;31674;24027;30862;30371;7560;25186;20586;21758;3561;14109;2006;6178;27018;4444;7410;11134;31907;8390;989;27015;21358;11768;23242;20335;11997;3183;9303;7732;12684;25512;31771;
3293;22773;4997;31102;28673;5859;14323;13518;31368;7977;4042;8847;31669;15763;19189;14610;15973;18461;978;5193;28049;355;26587;3033;8730;32601;21383;28529;32198;27196;25963;23898;30597;10184;19621;26448;15610;18092;22138;31121;19766;15931;32574;14387;12487;22116;2676;18106;29425;19428;26167;11754;16443;1210;24025;21466;20014;26843;24521;14922;28761;13096;23226;30518;32408;20125;30209;7084;28822;5067;10559;31962;21137;31368;30529;4971;30557;5093;20516;25876;2988;24672;24253;11369;28300;22107;17720;13046;29489;11469;3326;4491;28661;15928;19933;19159;16029;6107;20579;29752;
4574;2344;12170;24786;17440;18296;15771;735;897;31230;12364;30533;32541;16889;22571;28526;31117;4910;26432;27988;25773;28822;2798;1499;27298;24916;23835;7524;2076;12777;28817;21151;7129;21931;31907;2976;3947;31860;27667;22838;32058;12439;21299;9336;30668;4376;4427;23200;22084;31772;8507;2845;10793;15774;23905;11235;17001;5732;15037;30726;24478;12081;16211;7303;32143;19517;14289;10094;22010;21730;28786;27928;145;920;29986;22483;21570;21027;7395;21928;28091;30219;25711;22648;32558;333;23583;7243;19793;31568;11531;10212;32170;1562;31091;15257;6665;25540;7262;8801;
27990;28715;3200;6447;7564;25321;26209;16510;9990;28036;25020;19501;7418;2532;13861;25998;21315;3339;13039;29626;21859;20992;3661;15911;20168;4364;12215;7548;18510;14121;31120;11939;24326;20920;22021;15392;22582;25202;2872;20898;13984;12193;6814;11736;13575;25744;12197;1670;18928;5696;24987;21208;6310;92;19659;4086;29568;3695;18153;13272;21350;1365;12976;16988;26770;24816;14025;14486;10388;14876;23535;16999;32153;18660;22097;28241;31468;22262;32311;21385;15037;13908;15337;24142;18722;4173;27341;13946;16475;8364;30671;29783;31322;12591;16133;6067;31619;26938;27795;30007;
31408;17869;25805;3572;10872;19892;30620;1343;10161;22013;25379;10431;12595;27311;27042;16068;3295;12217;32410;3802;15840;20009;20274;22687;28721;16798;10713;11473;15711;6656;2349;23723;11921;1390;17947;29554;8133;13944;13640;28235;26716;31375;13232;9807;27865;5305;26254;8417;32230;12426;12923;14911;10392;335;11737;24152;23539;24972;4722;17374;1969;1705;29277;23963;6207;7400;13346;30216;29705;24474;6685;10524;24055;403;22824;12386;24887;31195;628;13646;10814;2214;17592;7633;28937;2182;18574;1835;22697;24544;11289;25345;26622;9885;25068;27311;32707;21537;30503;23775;
29130;2433;1251;14683;7561;19440;20689;28447;13782;17275;24861;12467;5103;20983;1945;25271;15293;5687;10263;22719;30042;12162;15894;21602;8144;21827;26018;31374;8484;5891;27509;13086;6035;22677;10338;9903;12315;24208;11252;20143;17981;32515;31314;19382;12546;19043;24933;30234;24892;16584;10557;23742;13582;26457;9137;9770;9390;20997;24390;2017;11370;30069;339;18414;6121;21822;2914;31937;4788;25178;4056;32569;8692;7641;6617;17154;27518;21460;19558;2337;28172;675;31944;8397;3789;16975;19506;10881;8225;16458;1186;4431;17821;9054;15624;11895;22870;27620;2218;19256;
13916;9270;13767;29926;3204;30055;24442;22333;8555;29745;22242;4341;8887;14894;10112;13974;28064;8011;15072;30606;28592;10107;24444;6529;1222;30888;14045;15840;30305;27887;20227;9661;27;5388;27399;26590;32116;16147;16127;19728;9425;21858;8994;18109;29637;10707;557;13249;12430;310;1797;26490;9443;29438;19869;10014;30189;28986;6938;4434;15763;3271;24885;9208;18682;18884;4321;21576;8268;6215;46;27938;15289;17742;26478;10146;2492;30713;14742;12790;10912;3830;23527;6252;1346;29244;205;17615;6424;11516;10759;2036;12658;25556;5640;24976;24064;31559;7325;31308;
21653;618;16081;1052;8234;13791;28174;29900;16678;12039;20100;20188;8925;4980;30926;27789;2646;22685;32467;316;25169;28630;14315;17647;2184;28287;6212;32302;54;1659;6019;24084;11734;25316;27310;25253;45;15612;5449;13154;10890;15719;5567;11291;21581;32152;12548;2565;24998;15754;8569;28428;14751;8624;11536;12138;11613;3374;26288;7545;25762;27721;7899;18373;29591;796;18318;23910;32201;5261;20328;11405;2673;30080;14351;28508;28152;24651;27600;23291;27834;7273;5765;9448;31499;20082;1468;29326;15991;1098;21525;26394;13390;20889;25580;17290;8545;4220;27960;19718;
12038;6779;8883;28020;22882;3514;12860;16967;4839;29299;9337;3479;16667;21667;24512;15735;30363;9732;21048;32131;3680;31804;1851;1720;3138;32596;11263;8585;26298;7275;18294;3630;7660;20652;10610;18240;17381;8317;21773;21123;23073;3833;27208;5123;10320;10657;21234;22370;28761;31822;14028;880;9120;363;31466;11260;32133;25184;20572;30186;10029;7249;5646;390;18564;23817;4589;20248;10882;11313;17739;20921;20142;13510;24709;9316;8161;17098;6627;5456;8269;18745;27583;31613;14525;1086;32234;2701;3358;2983;15947;6358;31295;27031;27849;2997;8405;2426;7788;24101;
8642;4926;31678;30096;28567;1729;15992;14565;22871;11141;12890;7658;12926;10411;15707;8404;15425;22815;13058;23061;13336;12304;30484;9845;11130;16803;13167;5476;3303;17384;9526;4494;29228;7181;17710;30641;12259;19409;20328;4011;14905;21308;28193;7128;18164;23181;3046;29338;20660;14453;4348;22073;24440;10370;4094;32494;14949;17886;9672;2874;26307;7737;4244;19068;6217;28932;16995;5571;30362;28384;29343;10977;23567;3414;29438;15809;29111;17096;19369;13306;19612;16039;25246;16035;28744;29159;12882;18026;23176;31664;21403;24032;31856;20055;24270;11799;17567;8332;26660;4463;
7877;32469;7011;20653;3170;4411;15034;13901;15056;26946;1260;27674;14979;27679;18097;22267;15248;11558;7001;25872;29548;19586;8370;509;4086;11816;8748;9606;23480;7438;32571;12381;30570;11927;20733;2871;19640;31314;4893;15397;7750;31205;21495;26146;22768;9540;12284;26344;2646;7975;7256;1801;8344;1466;17619;28730;22366;15254;245;24050;30236;15600;9326;15412;17300;21776;11957;10408;21148;18437;7662;2545;3105;17560;26897;12603;6764;12926;25929;14867;6564;12498;6810;7292;12692;22722;19399;9535;31919;6280;13683;18562;24657;15004;18566;668;14920;27943;25554;15144;
1939;23995;20727;24152;26729;15682;2179;8333;9598;16437;350;8228;6785;28431;3942;22930;10729;23296;5462;8627;7665;2789;3564;6751;6881;13432;12363;21823;1680;5572;13214;6366;2343;733;30206;31747;2855;31693;2710;19263;21678;24273;29444;27842;12790;2758;2051;13938;16670;1502;21831;27199;19757;31895;27817;19632;23124;11502;29828;2498;18291;4559;30047;23539;10463;25297;10956;10650;16483;15392;23439;3193;13956;698;32003;30613;30985;22751;9658;28486;25275;14018;4964;1930;4202;31621;18418;7326;1840;2660;507;31184;4090;18481;5214;25231;27715;3328;24873;12740;
18467;24099;31673;869;3465;1113;13859;7238;31940;21058;7635;1075;11849;12054;11123;1597;25008;14743;10767;2897;15871;5956;6518;783;26411;17360;4067;20184;3292;29906;24284;25385;22129;26046;32603;4904;20548;8212;2348;14973;15919;5079;14742;14691;30543;5185;19773;30463;12039;3253;12615;24048;20296;501;20414;1831;18448;13205;31541;1785;30769;29104;15791;4210;4948;31449;3772;25325;10557;30292;13541;13793;12881;24199;22090;5886;17749;28587;31882;28281;23160;28359;4067;7588;16276;23775;3483;27585;8625;27240;32158;13592;20427;16128;27496;4167;6869;26972;26149;24026;
30461;2946;19479;30235;16946;5944;25913;26923;21475;11964;4386;1362;14858;32181;3115;6036;18282;7786;4052;6789;22292;24370;21092;18270;26928;31787;10704;15695;31994;8495;21982;13079;19467;18436;13706;26323;19162;18131;27561;16403;4738;8924;14028;22579;6086;31591;103;23785;21330;8446;26419;282;16195;11481;18640;28658;19946;11418;3759;30259;15821;13883;16943;21965;28399;30788;11270;30640;7506;6721;739;28638;9401;371;27986;1988;12722;19910;23263;17098;980;8963;30846;4393;9542;4679;17450;9468;15233;14260;973;7579;21846;24678;9056;32036;23090;19624;15955;7258;
32417;25192;22575;4275;25105;25577;2170;14508;14809;32440;7643;25184;11641;18145;31870;16473;18467;29282;15290;8358;9083;26848;18161;6701;12188;31641;1464;9283;15451;22938;20280;19578;10191;5170;11476;32442;22033;18342;12301;5012;22080;15398;24482;6354;22728;4864;32763;2131;23268;21524;15047;24854;11106;28552;27109;22164;11431;1981;2432;2643;30706;6017;5503;952;17893;18566;22044;23069;16449;3602;24530;17699;8433;22521;19069;1865;16970;29129;25533;26302;1169;25156;24731;10356;11453;24339;21103;16758;8319;10424;25345;12923;9088;25285;7150;16827;31210;15435;15693;1793;
5161;31894;26515;32258;10227;18455;7348;4845;23173;12706;23691;23875;24624;27610;24700;31977;13589;12009;14936;19836;21293;9844;23168;25572;2444;31693;16718;2604;22758;20587;24496;11664;31058;15512;27414;29400;27982;9834;10383;25829;17923;1268;29486;29066;31947;25533;435;10397;1521;14962;12135;29005;184;27863;19528;10677;10398;1795;14438;25778;27617;2509;20109;14834;19267;23426;25124;23630;26378;12505;21589;27226;23884;552;1135;11578;23913;24791;8072;14775;5337;16661;4966;10130;22824;3019;10400;21271;13118;3278;2048;23798;12260;4441;12076;23631;6532;19130;6277;30476;
32560;18763;6736;21619;11494;9124;16660;7675;30995;7695;10562;607;2901;26173;7195;28402;133;14135;29647;29490;4085;31126;2786;671;5622;13303;15060;2254;10142;24490;11777;953;5064;30122;2246;6233;30043;18386;11749;21879;15056;31309;8747;6335;18158;12623;21328;18966;3800;18178;17950;24877;22858;7620;28629;26966;800;25231;16079;30615;27928;21432;5728;18173;30424;24541;16896;28467;11059;12569;9132;26963;424;30841;8585;22268;22827;3508;5835;16293;4137;14102;19413;14385;24006;11710;14753;10435;20585;12809;7267;9427;5498;17486;6505;2434;28266;21964;31814;22058;
30452;1504;20271;29498;8355;16252;21157;23361;1941;19156;6229;23112;1150;10074;17724;22373;8175;16877;16142;23693;19161;23373;18649;20650;77;13011;21221;6125;13445;18783;480;3686;13608;20625;12599;4306;24266;6716;29895;1972;19378;7191;23989;10407;24545;23478;1690;25074;22096;22201;10980;9309;13176;15172;19833;32579;16663;1199;12957;17129;30514;20606;12565;7438;30294;32659;7820;25539;30500;30626;23351;637;21261;6374;16565;15721;2649;15378;30777;16127;27502;19595;31722;9178;16207;21204;18314;30919;8035;841;31830;24348;22648;9489;31790;19275;32519;25934;16374;4534;
6329;27286;27964;13765;32555;15527;28443;12086;24558;21590;5727;6581;32211;26569;1257;685;5989;18150;26710;18781;5814;23563;18395;17710;28255;9472;26995;9796;18370;14378;4669;17491;26258;10753;9759;20404;26006;26308;27312;6328;12457;21611;29013;24892;24582;20701;27818;27773;22722;24675;29987;16686;22170;8284;243;20936;17135;21043;4908;32546;32015;4751;26152;10561;30646;4297;5417;17009;20437;23203;2364;6292;16529;4151;11619;18619;6287;5165;11762;4339;5231;3121;18234;29794;17046;17828;26469;26002;21553;21138;10145;27404;32630;29413;24705;29225;22317;7640;23967;17445;
15216;16302;29831;20853;18351;32675;720;18266;25079;8739;6028;9143;20339;23354;19427;15136;29235;9548;3834;25907;5164;28678;26906;17195;25472;15252;31246;21682;1024;29716;14028;20215;23023;8523;10840;27137;29193;16023;15846;6211;10948;20261;19519;23664;726;612;1125;12688;12535;31930;24442;14676;26856;6261;11742;9382;29108;13060;32664;2693;28982;23143;27639;8464;4315;28388;31864;3296;24490;3324;16107;15003;5505;21405;17106;30406;7073;23193;1546;14299;32364;27991;5293;20124;11374;24009;24630;28838;9883;925;4582;20809;1495;15288;23655;15511;31164;31712;4272;26811;
9367;20152;31272;29069;30899;19442;17934;12899;31451;24768;31256;29225;3610;31883;15962;5556;11461;30184;32362;19539;12987;15304;9666;27303;7404;9966;31589;26549;25112;32679;24774;12346;18649;2997;30693;17470;24292;14476;29883;21228;30092;13761;7640;18593;18312;5055;16459;835;11253;15036;6850;8404;31391;19947;1010;7239;1404;20211;20537;11410;19321;5537;14978;6660;18553;28633;21610;32217;1691;32211;16801;8204;21692;7812;17042;26476;17982;89;21062;4082;24583;10795;23429;6994;5836;4208;18751;12240;655;2734;30251;22869;27494;15670;16302;24770;4991;19214;16382;11652;
25185;25647;29575;25961;21876;1008;19854;16049;22980;29635;20;14441;29442;26143;31485;11508;21452;15805;26225;29419;19245;21767;7299;39;11112;22990;26128;17179;3569;4411;32490;9831;6333;6152;9526;29355;10427;29423;14355;665;1443;867;10621;32079;750;13439;18288;2787;12837;29756;8272;14143;2655;19686;1672;30511;10502;13009;30578;952;4057;23112;26999;32684;1079;10694;17783;7035;29594;7273;3946;11084;354;10403;584;25420;8660;32563;8999;11846;26210;13907;4003;21109;24364;13619;2947;22678;13768;29607;4506;26944;25918;25116;27626;5240;13143;3537;5904;14209;
20248;21828;29916;29937;14473;16618;4671;29450;21947;21538;1130;21574;22792;27244;8500;7732;23709;29910;5820;643;22326;11192;9808;15964;20009;2209;1678;1014;26790;7313;12489;8804;18493;5737;7599;24497;19104;3487;13608;14638;6315;25910;30081;32267;9889;23278;5577;30757;2489;5816;10107;5919;18137;20076;31582;20916;32417;20926;19882;12619;6827;4719;32108;15308;24593;31936;21291;12211;2864;13356;6860;18019;22700;2134;5299;28860;8117;13889;555;16879;24968;18879;20744;31889;29240;13100;10891;30191;7854;25947;27013;17314;29678;4049;15295;26467;2973;18737;29338;27936;
448;15864;18163;12111;30663;14186;5193;13698;18634;3789;20258;24891;21266;24788;15018;23810;31451;5470;8606;438;19032;3937;5736;9761;21240;6432;32396;3278;13288;24741;27970;25631;27097;6251;4452;3226;19459;4187;14987;6532;23146;23289;14710;16305;16736;21216;8107;9882;13899;5228;8800;20400;4520;16310;9371;2032;19024;5829;11417;6072;13818;19458;18541;9433;13058;5357;9705;31469;8041;21775;25025;11755;16668;29999;20974;19192;889;15049;20305;2944;11791;13244;17049;16006;30885;2627;30822;23608;8318;21798;174;30663;25308;14386;7521;885;195;26854;1096;6896;
12287;27503;30771;18398;7529;7127;32083;29881;25701;22393;11493;477;8111;23224;27664;12511;30552;9968;2577;23073;20491;1197;2453;8355;32661;30235;6502;6172;10916;11710;74;4426;12239;23907;41;134;17367;29015;29805;12955;9005;3030;12206;17368;31924;21702;23695;3428;31175;29094;26083;31954;1918;14785;10773;2549;17709;31399;32198;16118;15406;24797;16823;1699;17633;22740;4074;13578;15600;31768;17412;32327;29400;24266;25334;20378;27301;20816;9692;16061;24572;27211;11301;884;10591;27849;6389;12133;24749;24253;8135;6186;29928;25516;17495;10149;2363;12200;20927;1683;
17724;9858;19680;21860;31342;31548;26115;26443;17162;25533;11712;13201;32255;13512;4384;28974;19511;31279;24830;4250;29468;24388;26803;2017;18523;31633;22514;9462;2791;22473;1008;23113;19778;16126;17352;14747;21752;12307;27679;4369;4972;885;11779;24200;7126;6406;23833;3369;14989;8794;24824;12605;4482;23846;21968;13890;24077;20981;8271;13118;19437;27421;30917;22867;31114;30706;12678;12436;4476;28729;15504;5911;7505;3040;13421;13899;30091;748;27739;25228;29417;2482;19371;6389;17640;23882;30823;3958;4488;29761;5431;2854;16979;10126;5765;28890;8860;26567;29408;17398;
13061;21141;12958;1923;22084;15462;8902;13698;15142;609;12077;16512;10195;14495;10206;21355;2645;2200;30143;17316;29268;21467;626;26965;22563;28419;22394;20997;21761;2278;14495;362;12440;4623;15763;13438;26570;14447;11989;23253;4269;19279;10710;14893;16340;7049;20571;28743;21201;11256;1826;18165;17399;17965;1992;3701;27493;18275;18922;29181;20800;14773;1931;31383;30015;3471;24757;13359;12141;1891;25187;10474;3626;13725;29855;9914;21875;728;29672;816;868;14418;31190;20881;32251;1181;6401;16171;19999;23192;4126;2537;3041;15518;14443;17702;24577;18429;13134;24767;
16052;5290;6968;9836;16292;15667;15312;8528;14137;8948;5454;9166;29975;17038;12068;24479;19432;11413;32228;17441;18011;30345;24670;5874;11628;14344;30728;31422;17383;26689;24740;22613;23335;12204;2844;24065;9508;505;16305;2326;26541;5190;2900;28106;29937;916;7252;12615;3396;16252;21050;27135;3616;3358;1266;23104;4714;13915;18219;14600;26615;14660;10239;32026;32335;3025;14295;24145;12977;18391;21641;309;7511;21300;196;204;17402;22604;19118;19123;21913;8890;1483;364;21367;13375;23585;22778;19299;9726;31386;8619;1851;10732;23721;30006;21939;16514;31536;14853;
20563;30389;25250;28884;17087;16423;29797;123;5947;16799;22394;29704;27758;8119;23647;24337;14438;9684;22580;23625;7389;22875;15134;23120;20667;19746;26089;10960;17116;18725;753;1989;23058;6779;26178;796;30318;8072;14590;5248;6075;25715;29695;14705;19788;25562;28094;23446;21240;16325;32627;29012;32610;1753;1406;3231;26494;22991;16134;19472;23376;1316;20704;25144;8183;25361;28594;10037;2795;6589;30040;26754;25219;2482;25990;27412;10170;141;9647;21410;11570;1018;27686;26948;8057;18656;10884;26175;25228;10969;30537;19231;26777;14309;15046;26631;26121;9311;9018;4166;
1726;15152;9275;11306;2201;7746;1367;7449;24384;27448;17404;10205;17694;6236;19605;22848;23979;7640;20214;6361;19693;16170;12794;24101;26687;2258;27242;15322;25681;22093;14625;13687;9328;29767;5230;4896;3847;13069;16570;10153;2918;32065;23659;15601;3267;18129;25352;6769;20094;26665;27549;23060;9642;14760;9825;32585;3016;849;23958;1111;18133;5316;32177;20978;21128;6508;26811;21771;28373;31993;6391;9964;30645;29713;22213;31619;27177;32066;1478;18942;14972;28220;19777;25497;24521;24893;8133;27828;14526;5836;26128;27689;11679;8106;20784;25820;13198;25350;6120;11668;
5385;21744;9045;31497;9140;28944;28369;20542;14169;19864;7960;18704;7725;23159;5290;29455;25173;8400;32112;10382;2216;5802;10657;8694;11447;23273;10215;12640;7690;28029;27838;23650;25261;14297;2333;18472;17132;31142;13401;11207;16986;28089;11590;15567;10776;15171;13983;18975;2131;1864;12968;30974;18703;14931;8721;22631;19491;20071;2590;16035;7301;14648;1541;9502;11464;18075;1944;30323;15587;30524;2851;713;19764;14223;17048;3682;17093;777;31721;11889;8397;18319;18102;26668;31610;7471;7464;17955;2029;9742;5149;22480;28039;10913;22149;20335;15459;17952;28683;12816;
11555;14136;11001;19946;3568;10497;1365;27378;188;2095;336;27052;28362;14476;21730;17473;21873;16038;15534;9683;20509;12740;30251;3085;918;2591;9477;9982;20101;8015;10177;27431;25396;27396;8097;2514;11925;25590;12231;17318;12422;1311;14236;18809;10579;21799;3187;8037;16508;544;30314;13854;2233;25971;29841;11906;1340;1050;3151;31602;5174;24336;10241;21985;25244;10246;18659;14122;19755;11864;4148;19879;21162;6207;25493;8063;31599;15432;12467;20415;23076;12037;5157;14765;2507;22786;26520;22105;19712;10490;31529;8308;12926;13899;32274;27237;25317;26536;23177;23194;
31675;29198;2277;540;7088;17401;7683;16743;1062;12503;6376;28536;29680;28861;13223;30503;8026;18521;15237;24247;26986;27944;13404;28076;16998;31208;19261;25820;20374;1873;23641;31945;16459;15616;4130;7726;29729;28340;21421;2264;22144;6588;12379;23735;4969;22192;18104;14645;2415;4960;28835;26310;7427;10506;20144;16065;20725;8912;17610;17774;18488;18536;10781;10848;5350;16662;12339;8965;30851;25303;17756;21371;31110;479;30292;14757;29205;21574;4896;20095;31761;15871;6969;20910;24146;6409;13548;29532;24372;19945;13313;20546;8274;20567;29595;29702;26513;21560;1887;21960;
31073;20172;2008;760;26687;6185;32282;27754;32126;16616;12966;2476;8008;28702;25486;18071;22496;23950;9690;28452;25129;15388;30249;3457;24428;10373;15516;28260;6742;28750;18415;16288;31552;17658;1001;31990;4532;12160;28407;7981;22316;22524;4884;16740;3868;30117;1515;12456;26675;31487;13376;6594;17118;21074;31884;18770;16655;15962;23783;12834;828;13120;14379;11700;13994;15305;30295;11037;22763;16078;1073;16406;21670;14572;30256;20561;23446;15996;21144;16137;8661;22981;18151;24285;24155;6513;19568;5086;13505;25406;70;23527;27723;24310;12891;12589;6182;3489;28649;31510;
5358;24825;3345;335;32628;26398;29123;5401;2237;24203;11741;25827;19278;17993;6295;11806;1446;15970;32542;16717;24077;19609;9855;3163;5004;22872;9415;7986;16445;30954;21864;24201;4293;21738;27871;22781;5406;18940;28564;29284;3738;3515;4098;22878;24356;28914;14359;31532;32201;4622;16862;27078;5240;5075;9051;26663;11014;11343;4535;4332;885;8204;24477;19229;2934;32138;6883;331;1836;11500;11629;20187;22835;10226;1358;6049;3041;28199;2097;15793;32716;2396;22008;26993;25484;13908;7842;6131;22722;1473;3954;25474;27225;2415;6989;14971;14347;25024;8805;30815;
31527;16216;15636;5413;18578;11545;11786;24277;13324;13906;16299;29010;14517;15667;4275;24695;2768;5509;5148;18534;14022;14232;18497;14365;12654;8060;26947;10827;15755;11379;8876;97;19095;5287;1106;13291;12479;16665;15999;12833;28206;9690;26958;5561;18830;27261;23384;13056;32204;30412;21392;10793;21276;14266;31340;29669;18750;12441;32326;7220;14079;11405;20225;8058;770;9281;15599;7637;22976;11224;32498;22702;1230;32039;25570;11918;18271;29217;13103;2355;25609;914;200;29156;12236;8209;30779;16385;22096;28463;25373;5598;13166;21749;28332;8145;26098;18830;29875;18826;
32671;22848;19374;23971;30324;24737;25135;17272;15150;22791;10624;20281;6414;18752;5002;22590;17116;11907;10229;2458;12588;29095;29841;8434;13792;15507;23797;3984;26862;17398;3430;12723;21092;22840;5370;4137;30121;22704;27388;24608;8709;18455;25491;13626;11363;14652;22431;6623;30294;17658;996;471;26203;12903;25450;19224;13662;7759;2339;16604;13695;14049;15567;21751;30229;24487;24349;872;26867;20924;22803;5166;27883;3129;6831;12125;24977;10480;27855;30576;10305;26973;6734;7649;13924;4057;13424;9719;7406;22801;30336;18912;10539;10679;3255;13823;700;17527;16992;3719;
27357;7213;23354;29513;233;5717;7198;30154;12319;20930;18145;13721;10918;17812;3452;5855;5583;19556;16490;18232;19355;28609;15442;1217;21885;2016;23270;23411;1120;911;27403;19631;18924;27755;29754;5401;14085;31571;18726;1194;17301;20764;11679;7425;17292;10118;5046;27130;11557;3695;13346;18562;5226;2375;1506;4010;32762;8388;22820;20474;31498;15575;6502;7431;2218;23262;31451;5447;23625;29723;5904;7205;31612;10341;15567;31313;11515;285;30532;22618;22764;24676;4190;18302;15973;28811;4728;19649;8748;10187;3385;8764;23233;13367;8632;8888;23966;25582;6628;4987;
12733;23957;3876;16482;27483;15621;25658;7728;5372;26688;5741;26406;10671;12458;10727;26068;1171;5238;13660;25134;27034;13406;20716;25826;2957;20887;27723;17641;13136;26628;20511;13148;27752;14506;20137;14730;23226;22628;26536;23879;7573;5847;25466;24455;25587;20905;10629;18731;5628;2030;21973;14874;14284;16867;20998;11924;26998;8415;30053;11971;10313;11142;28754;7315;13650;10816;1769;5060;17697;10218;24289;4158;23760;27339;25779;20132;66;31177;3071;6955;5545;476;28460;685;8779;12228;4688;6649;17541;20983;19791;20334;3856;22238;8518;31432;10627;31552;32042;7993;
23065;15615;13740;5052;23733;26114;13408;1446;11043;17266;8735;2429;6817;23849;4266;11790;29342;16743;26511;17850;24769;14535;6225;23057;28205;30322;24003;32162;23044;6291;2741;28688;32041;3339;11218;18537;6987;11877;201;6580;17695;11532;4267;17865;12268;6331;23956;29286;9805;7734;31630;21630;30259;19768;3762;17876;41;31404;29841;22729;19420;4895;7378;24178;17882;29046;21788;4846;2714;3548;3126;25591;25277;6399;20588;1462;21651;22396;3381;18908;28385;20887;19476;27886;12513;11056;31932;19936;13195;14323;2167;17382;30739;8142;13512;1671;32691;10152;6479;23539;
4266;29264;11502;406;19589;19891;11818;749;31645;24659;27348;29337;12769;19188;10984;14770;12501;4760;17077;29021;10971;26286;4158;31393;19378;6023;26593;18550;10812;20745;13366;4127;1924;28071;19770;21434;32511;30097;19117;31510;3090;7719;21944;28356;2261;23988;15827;26993;2583;26457;21734;29555;15522;9031;22190;15521;10175;30513;24419;18536;30973;29442;13720;8219;15663;13771;27490;32651;10932;7935;6844;12248;24827;8162;16682;1158;16709;16703;32413;11987;17581;12633;15255;23368;29542;28197;31375;19855;24901;24502;22679;28292;21375;30457;316;142;29619;9378;6574;28208;
13355;15462;26401;26331;18783;6251;13426;15879;23738;4349;15118;16514;23713;7298;4880;29703;3506;11184;28329;29970;16713;5629;9413;26355;21833;10839;20203;10785;24857;14358;32357;19666;13292;9263;19618;27080;2118;24234;19160;26990;4284;19542;5357;22819;16891;30907;2968;19670;32267;9296;31172;32467;1237;750;10549;8668;19939;16005;10861;6524;12136;4622;21457;3224;30336;4288;15368;1607;21688;28039;13220;6372;18129;22194;516;14177;22721;14827;27000;14557;27387;1133;13991;14969;23792;13169;24366;21352;16598;18665;29578;20294;31912;30833;26680;25259;31854;8323;31258;3583;
22974;25578;12829;8848;7299;30585;19481;7649;30973;30716;1273;20294;12041;23663;5147;31661;28323;22638;21498;29631;26025;17133;24074;20520;23265;21801;7651;18482;31294;21982;8098;22169;13919;1211;7564;8347;25433;23059;4341;21326;28342;28373;19041;27446;22718;8382;21736;6679;21237;18125;10463;16136;10212;2552;29108;9417;20508;13853;27418;31318;22649;5947;6502;14780;32164;14050;24889;28972;8411;3560;16992;8782;31221;32350;14840;11223;10912;10690;4054;29022;5870;30582;4902;13676;10000;24433;2641;22994;22113;19765;23077;31295;13222;12033;10288;5393;13971;1351;31852;13932;
3730;1632;9762;22921;20161;10879;26632;29777;6969;13284;12204;24875;15254;1874;23574;6930;14004;26818;22441;32746;23478;28761;2379;3348;23629;19352;24774;19008;23607;7891;621;22146;6661;6884;22018;19369;5410;6944;31959;27596;21777;24458;29492;19749;13814;14151;24825;30754;24152;12114;23940;11194;16933;6513;10965;15358;22262;32616;11248;16112;23957;22124;6787;31639;25789;1754;16329;20307;26912;7209;13486;32111;13998;12574;27956;7413;28437;27710;4885;6342;22916;8329;29610;30185;24501;26213;1291;21540;23594;16601;18040;23753;7607;8955;32760;5075;17472;27052;9535;16177;
23236;7554;24533;22626;21146;4358;1141;15426;17403;12064;30644;3364;6081;3535;17891;31520;32366;6429;29237;26287;22640;27219;16677;4469;29604;8041;530;20829;16920;18112;7212;31211;28181;13076;25236;28622;28509;19372;29631;6837;1457;11475;10268;10596;15510;11404;21494;23559;23641;6018;24731;18630;27729;14910;190;20121;10852;2716;1050;10846;7116;1408;3672;25129;6939;5317;13619;31451;1917;4470;18906;11254;31038;13889;20885;1455;8076;5672;29100;15685;11133;27514;21125;5010;27732;21250;15884;2528;256;18302;32087;22781;17125;29011;14731;24210;19935;7806;25593;29872;
18820;30414;27021;26540;22442;16464;13673;32301;19498;18443;18125;18307;4579;17134;24122;9274;24833;15111;1495;15599;10879;23798;30995;23395;23786;14752;12172;22990;26216;20520;3888;7286;6138;29723;2465;18815;19966;25578;10462;13061;504;9118;20257;10088;10641;28615;11779;7143;1760;23733;14566;25969;19945;30187;5780;29623;17251;29137;22052;17030;14527;19881;27422;30036;2405;26052;13535;20761;32065;24054;5438;2144;13438;28231;23151;3485;145;26603;40;24513;20090;1653;3075;1292;1606;24903;2340;10274;985;4429;26395;2914;3306;24299;16395;18035;26703;3123;18956;543;
31355;3932;30671;9829;2885;20847;3201;11977;6379;17732;9969;6383;23638;27309;2036;8552;25247;4593;6153;17100;24531;29564;28729;11017;7923;28628;27201;6906;13119;3023;31731;25660;20148;32004;25050;31037;25044;23167;23837;17301;26789;17849;2213;13466;2300;8135;2434;17454;26107;7889;7819;20956;19673;22470;21317;7204;7905;4174;23047;16914;7358;27904;20827;790;30453;20438;30886;12559;18355;31453;6156;2217;22985;19249;8078;25577;24821;8233;16757;31494;1891;17103;3060;10107;29811;24979;17929;23898;12477;29760;5028;20195;2899;7214;9483;28245;25669;21690;30077;16900;
107;2035;23829;16044;19038;23446;31218;7173;9416;19005;13461;22423;12766;23763;25482;22992;13354;6219;21067;29012;27790;29585;12129;6292;6534;27073;9676;14754;31661;31896;9637;25668;899;15144;8194;10823;3181;8399;14874;5653;18685;24681;15274;28554;17524;28613;15511;17156;7557;26454;21972;24249;24156;2603;22918;14926;5599;2593;22118;31909;5684;23640;27239;5110;31875;12771;10394;5153;26109;26820;5710;20290;30237;2327;891;23686;4653;8845;16993;318;30221;7708;620;12338;1584;22517;21083;4920;743;5559;3489;21253;226;11490;14603;4418;19187;28046;4772;18659;
4374;9565;22742;2228;2223;20142;3281;15412;25106;16403;13361;30375;14152;28678;24026;29799;22545;8407;28199;18043;5925;2281;30277;23658;31935;19230;6873;24657;604;21392;19945;6452;15296;27778;24569;18322;4411;8086;11380;12348;28458;14144;25934;18791;3776;29818;16872;15871;15367;19641;5428;15166;15649;17440;3865;15486;16084;14324;11545;18763;27206;11601;7729;22973;2052;30747;7680;21764;21577;20022;2860;24133;26750;6906;15618;25509;24061;9953;23644;9123;3610;26499;17352;7338;4964;3013;10982;6886;28712;6221;8466;22616;32311;10297;6979;25381;3049;9744;6451;15924;
19042;4344;9665;28663;28948;8746;13971;29577;14981;26276;12031;16378;7763;8477;2604;23015;27765;2110;28788;9037;11715;13583;15373;23966;28089;21936;12521;4629;20856;30793;27610;21575;8205;579;19706;4860;8182;10169;24906;27452;28130;30505;3993;12717;12473;19824;3240;9756;20188;17909;23179;1369;2222;31524;22354;27976;7251;11038;7913;18229;22200;5294;17469;11368;13779;8320;9632;30969;44;10893;24687;230;30108;32730;10226;7011;32084;25698;899;30833;29986;13648;14323;29874;1520;31602;24617;24444;8590;491;30988;26412;3505;17704;25764;8125;8251;19989;10363;22425;
4284;19856;27466;11950;825;3102;30161;9157;12333;476;15111;3087;19918;10937;11123;10497;7825;27363;22490;20578;18672;6015;10010;23203;23659;30621;9046;19310;10189;20843;8787;26753;17584;22440;19746;12989;31811;2908;19200;30074;26955;26055;4986;24606;31592;24215;11221;24046;16282;8798;21420;8228;4611;3394;25819;3649;7407;15863;27292;4260;18705;21738;13296;26972;783;13247;25921;3899;31298;20734;19781;16171;15543;29705;293;14277;21625;27986;991;21280;18962;7882;31977;29415;12367;26781;16919;29359;7492;19996;14526;5255;13456;26362;21018;7120;9954;28860;9965;2639;
<end>;<end>;<end>;<end>;<end>;<end>;<end>;<end>;<end>;<end>;<end>;<end>;<end>;<end>;<end>;<end>;<end>;<end>;<end>;<end>;<end>;<end>;<end>;<end>;<end>;<end>;<end>;<end>;<end>;<end>;<end>;<end>;<end>;<end>;<end>;<end>;<end>;<end>;<end>;<end>;<end>;<end>;<end>;<end>;<end>;<end>;<end>;<end>;<end>;<end>;<end>;<end>;<end>;<end>;<end>;<end>;<end>;<end>;<end>;<end>;<end>;<end>;<end>;<end>;<end>;<end>;<end>;<end>;<end>;<end>;<end>;<end>;<end>;<end>;<end>;<end>;<end>;<end>;<end>;<end>;<end>;<end>;<end>;<end>;<end>;<end>;<end>;<end>;<end>;<end>;<end>;<end>;<end>;<end>;<end>;<end>;<end>;<end>;<end>;<end>;
